  0.000000    0.80472661925977    1.29421358538120    0.00000000000000    0.00000000000000  
  0.010000    0.80483904722212    1.29440307468523    0.04902068863370   -0.00065564455646  
  0.020000    0.80517593423492    1.29497076932145    0.09798859156565   -0.00262088806647  
  0.030000    0.80573609099537    1.29591435207214    0.14685102734884   -0.00589066546119  
  0.040000    0.80651753972696    1.29722996959776    0.19555552274869   -0.01045655297039  
  0.050000    0.80751752075400    1.29891224543776    0.24404991610758   -0.01630679507022  
  0.060000    0.80873250167022    1.30095429814357    0.29228245982251   -0.02342634207256  
  0.070000    0.81015818906632    1.30334776447594    0.34020192164515   -0.03179689821876  
  0.080000    0.81178954277112    1.30608282757995    0.38775768451804   -0.04139698010261  
  0.090000    0.81362079255147    1.30914825003231    0.43489984466591   -0.05220198520967  
  0.100000    0.81564545720672    1.31253141163773    0.48157930766740   -0.06418427032302  
  0.110000    0.81785636598440    1.31621835183314    0.52774788223994   -0.07731323951008  
  0.120000    0.82024568223489    1.32019381654189    0.57335837147865   -0.09155544136976  
  0.130000    0.82280492921474    1.32444130930337    0.61836466129930   -0.10687467518602  
  0.140000    0.82552501793979    1.32894314648790    0.66272180584577   -0.12323210560139  
  0.150000    0.82839627698222    1.33368051639181    0.70638610963281   -0.14058638539309  
  0.160000    0.83140848409802    1.33863354199360    0.74931520620715   -0.15889378590530  
  0.170000    0.83455089956520    1.34378134713874    0.79146813312204   -0.17810833466341  
  0.180000    0.83781230110660    1.34910212590850    0.83280540303362   -0.19818195967018  
  0.190000    0.84118102026577    1.35457321491691    0.87328907074127   -0.21906463986008  
  0.200000    0.84464498009961    1.36017116826974    0.91288279600820   -0.24070456116589  
  0.210000    0.84819173404654    1.36587183491015    0.95155190201378   -0.26304827763203  
  0.220000    0.85180850582579    1.37165043806770    0.98926342930386   -0.28604087699125  
  0.230000    0.85548223021990    1.37748165652043    1.02598618512143   -0.30962615010601  
  0.240000    0.85919959458998    1.38333970737407    1.06169078801576   -0.33374676366270  
  0.250000    0.86294708097160    1.38919843005775    1.09634970764431   -0.35834443549615  
  0.260000    0.86671100859773    1.39503137123235    1.12993729969837   -0.38336011191353  
  0.270000    0.87047757669467    1.40081187030548    1.16242983589956   -0.40873414638078  
  0.280000    0.87423290739686    1.40651314524609    1.19380552903134   -0.43440647893162  
  0.290000    0.87796308862729    1.41210837839206    1.22404455298575   -0.46031681565795  
  0.300000    0.88165421679135    1.41757080194574    1.25312905782256   -0.48640480764236  
  0.310000    0.88529243913394    1.42287378285500    1.28104317985398   -0.51261022869771  
  0.320000    0.88886399561242    1.42799090678128    1.30777304678444   -0.53887315128512  
  0.330000    0.89235526014068    1.43289606086140    1.33330677795054   -0.56513411999145  
  0.340000    0.89575278106370    1.43756351497592    1.35763447972212   -0.59133432195850  
  0.350000    0.89904332072602    1.44196800124427    1.38074823614018   -0.61741575367054  
  0.360000    0.90221389400227    1.44608479147544    1.40264209488217   -0.64332138352351  
  0.370000    0.90525180566337    1.44988977231224    1.42331204865949   -0.66899530961741  
  0.380000    0.90814468645747    1.45335951781792    1.44275601216522   -0.69438291223528  
  0.390000    0.91088052779128    1.45647135926510    1.46097379470351   -0.71943100049464  
  0.400000    0.91344771490343    1.45920345189948    1.47796706864422   -0.74408795268321  
  0.410000    0.91583505842923    1.46153483846390    1.49373933385791   -0.76830384981761  
  0.420000    0.91803182426272    1.46344550928228    1.50829587829748   -0.79203060199297  
  0.430000    0.92002776163014    1.46491645871760    1.52164373490265   -0.81522206712253  
  0.440000    0.92181312929639    1.46592973783356    1.53379163501293   -0.83783416169842  
  0.450000    0.92337871983447    1.46646850310531    1.54474995848331   -0.85982496323904  
  0.460000    0.92471588189590    1.46651706104117    1.55453068070447   -0.88115480412372  
  0.470000    0.92581654042880    1.46606090859412    1.56314731673611   -0.90178635655177  
  0.480000    0.92667321479873    1.46508676925911    1.57061486276819   -0.92168470840052  
  0.490000    0.92727903477605    1.46358262476969    1.57694973512951   -0.94081742979531  
  0.500000    0.92762775436222    1.46153774232543    1.58216970706752   -0.95915463024340  
  0.510000    0.92771376343620    1.45894269729920    1.58629384352652   -0.97666900622325  
  0.520000    0.92753209721049    1.45578939139165    1.58934243415342   -0.99333587916040  
  0.530000    0.92707844349523    1.45207106621792    1.59133692476211   -1.00913322376130  
  0.540000    0.92634914777687    1.44778231232964    1.59229984748780   -1.02404168671623  
  0.550000    0.92534121612628    1.44291907369286    1.59225474986250   -1.03804459582200  
  0.560000    0.92405231595952    1.43747864766006    1.59122612304160   -1.05112795961488  
  0.570000    0.92248077468173    1.43145968049140    1.58923932940968   -1.06328045764221  
  0.580000    0.92062557625295    1.42486215849725    1.58632052979061   -1.07449342153959  
  0.590000    0.91848635572136    1.41768739489010    1.58249661048375   -1.08476080711712  
  0.600000    0.91606339177682    1.40993801244996    1.57779511034356   -1.09407915769426  
  0.610000    0.91335759738425    1.40161792212218    1.57224414811479   -1.10244755895694  
  0.620000    0.91037050856238    1.39273229768141    1.56587235022999   -1.10986758564405  
  0.630000    0.90710427137986    1.38328754660888    1.55870877926937   -1.11634324040151  
  0.640000    0.90356162724587    1.37329127734352    1.55078286327623   -1.12188088517174  
  0.650000    0.89974589657752    1.36275226307938    1.54212432611362   -1.12648916551434  
  0.660000    0.89566096093132    1.35168040229310    1.53276311903971   -1.13017892827896  
  0.670000    0.89131124368990    1.34008667619586    1.52272935367096   -1.13296313307534  
  0.680000    0.88670168939920    1.32798310331340    1.51205323649294   -1.13485675800635  
  0.690000    0.88183774185443    1.31538269140629    1.50076500506946   -1.13587670014875  
  0.700000    0.87672532103636    1.30229938695017    1.48889486609096   -1.13604167128297  
  0.710000    0.87137079900138    1.28874802240208    1.47647293539295   -1.13537208938674  
  0.720000    0.86578097483114    1.27474426148423    1.46352918006513   -1.13388996641895  
  0.730000    0.85996304874874    1.26030454272126    1.45009336276138   -1.13161879292849  
  0.740000    0.85392459550951    1.24544602146976    1.43619498831021   -1.12858342002896  
  0.750000    0.84767353717493    1.23018651068157    1.42186325271456   -1.12480993928333  
  0.760000    0.84121811537820    1.21454442064311    1.40712699461896   -1.12032556104316  
  0.770000    0.83456686318984    1.19853869793306    1.39201464931175   -1.11515849178519  
  0.780000    0.82772857669039    1.18218876383995    1.37655420531864   -1.10933781098296  
  0.790000    0.82071228635653    1.16551445247880    1.36077316363408   -1.10289334804432  
  0.800000    0.81352722836497    1.14853594884336    1.34469849962568   -1.09585555983541  
  0.810000    0.80618281591638    1.13127372702584    1.32835662763713   -1.08825540929969  
  0.820000    0.79868861067944    1.11374848883177    1.31177336830465   -1.08012424566587  
  0.830000    0.79105429445200    1.09598110301095    1.29497391859216   -1.07149368672147  
  0.840000    0.78328964113349    1.07799254531922    1.27798282454095   -1.06239550360975  
  0.850000    0.77540448909903    1.05980383961796    1.26082395672000   -1.05286150858672  
  0.860000    0.76740871406212    1.04143600020956    1.24352048835448   -1.04292344615149  
  0.870000    0.75931220250875    1.02290997559847    1.22609487610117   -1.03261288793881  
  0.880000    0.75112482578149    1.00424659385702    1.20856884343140   -1.02196113173584  
  0.890000    0.74285641488775    0.98546650976524    1.19096336657447   -1.01099910495755  
  0.900000    0.73451673610150    0.96659015388237    1.17329866296690   -0.99975727288588  
  0.910000    0.72611546742330    0.94763768369674    1.15559418214631   -0.98826555194748  
  0.920000    0.71766217595814    0.92862893698830    1.13786859902204   -0.97655322827377  
  0.930000    0.70916629626562    0.90958338752578    1.12013980944896   -0.96464888175506  
  0.940000    0.70063710973202    0.89052010320808    1.10242492802523   -0.95258031576814  
  0.950000    0.69208372500812    0.87145770674611    1.08474028803014   -0.94037449272378  
  0.960000    0.68351505955183    0.85241433896863    1.06710144341339   -0.92805747554772  
  0.970000    0.67493982230884    0.83340762482202    1.04952317274365   -0.91565437517602  
  0.980000    0.66636649755972    0.81445464212101    1.03201948502057   -0.90318930411237  
  0.990000    0.65780332995615    0.79557189309388    1.01460362725153   -0.89068533606346  
  1.000000    0.64925831076396    0.77677527875266    0.99728809369225   -0.87816447163607  
  1.010000    0.64073916532550    0.75808007610571    0.98008463664819   -0.86564761004921  
  1.020000    0.63225334174862    0.73950091821735    0.96300427873251   -0.85315452678424  
  1.030000    0.62380800082473    0.72105177710663    0.94605732647524   -0.84070385706727  
  1.040000    0.61541000717348    0.70274594946515    0.92925338517796   -0.82831308505038  
  1.050000    0.60706592160692    0.68459604516200    0.91260137490824   -0.81599853853203  
  1.060000    0.59878199470153    0.66661397849243    0.89610954752845   -0.80377538903231  
  1.070000    0.59056416156210    0.64881096211606    0.87978550465435   -0.79165765701558  
  1.080000    0.58241803775728    0.63119750362005    0.86363621644031   -0.77965822203189  
  1.090000    0.57434891640270    0.61378340463265    0.84766804108914   -0.76778883752893  
  1.100000    0.56636176636380    0.59657776240359    0.83188674498705   -0.75606015006903  
  1.110000    0.55846123154712    0.57958897375911    0.81629752336596   -0.74448172266994  
  1.120000    0.55065163124525    0.56282474133138    0.80090502139835   -0.73306206197510  
  1.130000    0.54293696149793    0.54629208195516    0.78571335563253   -0.72180864894740  
  1.140000    0.53532089742884    0.52999733711781    0.77072613567940   -0.71072797277151  
  1.150000    0.52780679651509    0.51394618534318    0.75594648606499   -0.69982556764291  
  1.160000    0.52039770274419    0.49814365638487    0.74137706816695   -0.68910605211659  
  1.170000    0.51309635161139    0.48259414710005    0.72702010215648   -0.67857317068593  
  1.180000    0.50590517590813    0.46730143887174    0.71287738887148   -0.66822983726153  
  1.190000    0.49882631225154    0.45226871644454    0.69895033155055   -0.65807818022122  
  1.200000    0.49186160830294    0.43749858803706    0.68523995736176   -0.64811958870582  
  1.210000    0.48501263062283    0.42299310659290    0.67174693866406   -0.63835475984065  
  1.220000    0.47828067310910    0.40875379203175    0.65847161394410   -0.62878374657006  
  1.230000    0.47166676596438    0.39478165436241    0.64541400837480   -0.61940600580111  
  1.240000    0.46517168513867    0.38107721752040    0.63257385394718   -0.61022044656318  
  1.250000    0.45879596219309    0.36764054379463    0.61995060913068   -0.60122547790247  
  1.260000    0.45253989453095    0.35447125870977    0.60754347802200   -0.59241905624403  
  1.270000    0.44640355594285    0.34156857623404    0.59535142894651   -0.58379873196869  
  1.280000    0.44038680741297    0.32893132418545    0.58337321248069   -0.57536169496838  
  1.290000    0.43448930813500    0.31655796971382    0.57160737886820   -0.56710481896041  
  1.300000    0.42871052668673    0.30444664474028    0.56005229480617   -0.55902470435921  
  1.310000    0.42304975231395    0.29259517124119    0.54870615958236   -0.55111771952269  
  1.320000    0.41750610627562    0.28100108626871    0.53756702054771   -0.54338004020948  
  1.330000    0.41207855320378    0.26966166660645    0.52663278791235   -0.53580768710330  
  1.340000    0.40676591243340    0.25857395296445    0.51590124885689   -0.52839656128016  
  1.350000    0.40156686925944    0.24773477362459    0.50537008095406   -0.52114247751472  
  1.360000    0.39647998608005    0.23714076745415    0.49503686489921   -0.51404119534150  
  1.370000    0.39150371338722    0.22678840621235    0.48489909655088   -0.50708844780715  
  1.380000    0.38663640056817    0.21667401608164    0.47495419828607   -0.50027996786905  
  1.390000    0.38187630648324    0.20679379836295    0.46519952967695   -0.49361151241477  
  1.400000    0.37722160978812    0.19714384928141    0.45563239749877   -0.48707888389557  
  1.410000    0.37267041897102    0.18772017885627    0.44625006508070   -0.48067794958480  
  1.420000    0.36822078207747    0.17851872879621    0.43704976101370   -0.47440465848911  
  1.430000    0.36387069609814    0.16953538938840    0.42802868723121   -0.46825505595662  
  1.440000    0.35961811599757    0.16076601535685    0.41918402648039   -0.46222529604125  
  1.450000    0.35546096336401    0.15220644067253    0.41051294920318   -0.45631165169641  
  1.460000    0.35139713466338    0.14385249230470    0.40201261984760   -0.45051052288425  
  1.470000    0.34742450908266    0.13570000290922    0.39368020263110   -0.44481844269824  
  1.480000    0.34354095595036    0.12774482245626    0.38551286677876   -0.43923208160730  
  1.490000    0.33974434172464    0.11998282880560    0.37750779125963   -0.43374824993875  
  1.500000    0.33603253654142    0.11240993724365    0.36966216904570   -0.42836389872504  
  1.510000    0.33240342031757    0.10502210900163    0.36197321091784   -0.42307611904576  
  1.520000    0.32885488840651    0.09781535877936    0.35443814884389   -0.41788214000122  
  1.530000    0.32538485680546    0.09078576130391    0.34705423895387   -0.41277932545776  
  1.540000    0.32199126691606    0.08392945695644    0.33981876413755   -0.40776516970707  
  1.550000    0.31867208986190    0.07724265650465    0.33272903628935   -0.40283729218297  
  1.560000    0.31542533036845    0.07072164498143    0.32578239822535   -0.39799343137868  
  1.570000    0.31224903021268    0.06436278475363    0.31897622529689   -0.39323143810618  
  1.580000    0.30914127125165    0.05816251782718    0.31230792672466   -0.38854926823647  
  1.590000    0.30610017804058    0.05211736743705    0.30577494667664   -0.38394497505594  
  1.600000    0.30312392005261    0.04622393897250    0.29937476511276   -0.37941670136882  
  1.610000    0.30021071351397    0.04047892028888    0.29310489841807   -0.37496267147038  
  1.620000    0.29735882286927    0.03487908145867    0.28696289984576   -0.37058118310841  
  1.630000    0.29456656189300    0.02942127401458    0.28094635979029   -0.36627059954319  
  1.640000    0.29183229446412    0.02410242973785    0.27505290590995   -0.36202934180819  
  1.650000    0.28915443502178    0.01891955904435    0.26928020311732   -0.35785588126456  
  1.660000    0.28653144872073    0.01386974902082    0.26362595345499   -0.35374873253349  
  1.670000    0.28396185130572    0.00895016116224    0.25808789587294   -0.34970644688089  
  1.680000    0.28144420872477    0.00415802886028    0.25266380592282   -0.34572760611852  
  1.690000    0.27897713650135   -0.00050934530903    0.24735149538344   -0.34181081707614  
  1.700000    0.27655929888620   -0.00505459245184    0.24214881183047   -0.33795470668838  
  1.710000    0.27418940780901   -0.00948028033318    0.23705363816270   -0.33415791773021  
  1.720000    0.27186622165108   -0.01378891642169    0.23206389209561   -0.33041910522480  
  1.730000    0.26958854385905   -0.01798295096314    0.22717752563237   -0.32673693353727  
  1.740000    0.26735522142043   -0.02206478004597    0.22239252452123   -0.32311007415859  
  1.750000    0.26516514322086   -0.02603674862506    0.21770690770709   -0.31953720417456  
  1.760000    0.26301723830275   -0.02990115347275    0.21311872678448   -0.31601700540562  
  1.770000    0.26091047404467   -0.03366024602948    0.20862606545767   -0.31254816419570  
  1.780000    0.25884385427992   -0.03731623512907    0.20422703901332   -0.30912937181972  
  1.790000    0.25681641737244   -0.04087128957723    0.19991979380977   -0.30575932547315  
  1.800000    0.25482723426718   -0.04432754056476    0.19570250678653   -0.30243672980004  
  1.810000    0.25287540653149   -0.04768708390018    0.19157338499663   -0.29916029891071  
  1.820000    0.25096006440292   -0.05095198204946    0.18753066516386   -0.29592875883523  
  1.830000    0.24908036485841   -0.05412426597362    0.18357261326612   -0.29274085035482  
  1.840000    0.24723548971818   -0.05720593675801    0.17969752414579   -0.28959533215024  
  1.850000    0.24542464379734   -0.06019896702956    0.17590372114705   -0.28649098420335  
  1.860000    0.24364705311659   -0.06310530216140    0.17218955577997   -0.28342661138709  
  1.870000    0.24190196318282   -0.06592686126646    0.16855340741051   -0.28040104717779  
  1.880000    0.24018863734877   -0.06866553798418    0.16499368297516   -0.27741315742394  
  1.890000    0.23850635526044   -0.07132320106674    0.16150881671885   -0.27446184410657  
  1.900000    0.23685441139922   -0.07390169477308    0.15809726995407   -0.27154604902749  
  1.910000    0.23523211372496   -0.07640283908096    0.15475753083929   -0.26866475736438  
  1.920000    0.23363878242502   -0.07882842972895    0.15148811417429   -0.26581700103428  
  1.930000    0.23207374877321   -0.08118023810146    0.14828756120995   -0.26300186181081  
  1.940000    0.23053635410132   -0.08346001097146    0.14515443947007   -0.26021847414445  
  1.950000    0.22902594888527   -0.08566947011629    0.14208734258239   -0.25746602763988  
  1.960000    0.22754189194637   -0.08781031182282    0.13908489011646   -0.25474376914953  
  1.970000    0.22608354976774   -0.08988420629893    0.13614572742536   -0.25205100444775  
  1.980000    0.22465029592444   -0.09189279700841    0.13326852548904   -0.24938709945595  
  1.990000    0.22324151062550   -0.09383769994678    0.13045198075650   -0.24675148099506  
  2.000000    0.22185658036485   -0.09572050287546    0.12769481498449   -0.24414363704771  
  2.010000    0.22049489767734   -0.09754276453135    0.12499577507051   -0.24156311651898  
  2.020000    0.21915586099564   -0.09930601382870    0.12235363287777   -0.23900952849078  
  2.030000    0.21783887460274   -0.10101174906958    0.11976718505044   -0.23648254097116  
  2.040000    0.21654334867443   -0.10266143717832    0.11723525281708   -0.23398187914628  
  2.050000    0.21526869940548   -0.10425651297481    0.11475668178096   -0.23150732314831  
  2.060000    0.21401434921280   -0.10579837850022    0.11233034169567   -0.22905870535879  
  2.070000    0.21277972700846   -0.10728840240789    0.10995512622505   -0.22663590727204  
  2.080000    0.21156426853515   -0.10872791943079    0.10762995268638   -0.22423885594869  
  2.090000    0.21036741675621   -0.11011822993572    0.10535376177621   -0.22186752009371  
  2.100000    0.20918862229254   -0.11146059957307    0.10312551727835   -0.21952190579800  
  2.110000    0.20802734389811   -0.11275625902969    0.10094420575370   -0.21720205198618  
  2.120000    0.20688304896616   -0.11400640389080    0.09880883621203   -0.21490802561641  
  2.130000    0.20575521405783   -0.11521219461551    0.09671843976580   -0.21263991668104  
  2.140000    0.20464332544539   -0.11637475662922    0.09467206926639   -0.21039783305885  
  2.150000    0.20354687966203   -0.11749518053444    0.09266879892349   -0.20818189527125  
  2.160000    0.20246538405064   -0.11857452244037    0.09070772390828   -0.20599223119582  
  2.170000    0.20139835730410   -0.11961380441018    0.08878795994140   -0.20382897079088  
  2.180000    0.20034532998996   -0.12061401502343    0.08690864286687   -0.20169224088470  
  2.190000    0.19930584505289   -0.12157611005015    0.08506892821316   -0.19958216008187  
  2.200000    0.19827945828829   -0.12250101323143    0.08326799074283   -0.19749883383835  
  2.210000    0.19726573878145   -0.12338961716071    0.08150502399226   -0.19544234975439  
  2.220000    0.19626426930664   -0.12424278425870    0.07977923980295   -0.19341277313238  
  2.230000    0.19527464668130   -0.12506134783394    0.07808986784627   -0.19141014284360  
  2.240000    0.19429648207100   -0.12584611322035    0.07643615514315   -0.18943446754433  
  2.250000    0.19332940124134   -0.12659785898224    0.07481736558066   -0.18748572227825  
  2.260000    0.19237304475358   -0.12731733817683    0.07323277942726   -0.18556384549757  
  2.270000    0.19142706810148   -0.12800527966367    0.07168169284834   -0.18366873653104  
  2.280000    0.19049114178722   -0.12866238945033    0.07016341742417   -0.18180025352204  
  2.290000    0.18956495133519   -0.12928935206304    0.06867727967170   -0.17995821185509  
  2.300000    0.18864819724271   -0.12988683193140    0.06722262057216   -0.17814238308390  
  2.310000    0.18774059486760   -0.13045547477579    0.06579879510609   -0.17635249436869  
  2.320000    0.18684187425305   -0.13099590898664    0.06440517179727   -0.17458822842552  
  2.330000    0.18595177989062   -0.13150874698474    0.06304113226728   -0.17284922398453  
  2.340000    0.18507007042319   -0.13199458655214    0.06170607080197   -0.17113507674932  
  2.350000    0.18419651828969   -0.13245401212375    0.06039939393125   -0.16944534084408  
  2.360000    0.18333090931432   -0.13288759603029    0.05912052002326   -0.16777953073037  
  2.370000    0.18247304224328   -0.13329589968363    0.05786887889423   -0.16613712357059  
  2.380000    0.18162272823258   -0.13367947469664    0.05664391143485   -0.16451756201073  
  2.390000    0.18077979029067   -0.13403886393020    0.05544506925391   -0.16292025735086  
  2.400000    0.17994406268032   -0.13437460246090    0.05427181434003   -0.16134459306779  
  2.410000    0.17911539028412   -0.13468721846391    0.05312361874200   -0.15978992865128  
  2.420000    0.17829362793867   -0.13497723400639    0.05199996426802   -0.15825560371166  
  2.430000    0.17747863974231   -0.13524516574780    0.05090034220416   -0.15674094231474  
  2.440000    0.17667029834172   -0.13549152554437    0.04982425305219   -0.15524525749722  
  2.450000    0.17586848420278   -0.13571682095607    0.04877120628668   -0.15376785591476  
  2.460000    0.17507308487109   -0.13592155565540    0.04774072013118   -0.15230804257334  
  2.470000    0.17428399422770   -0.13610622973823    0.04673232135326   -0.15086512559422  
  2.480000    0.17350111174538   -0.13627133993791    0.04574554507789   -0.14943842096278  
  2.490000    0.17272434175103   -0.13641737974487    0.04477993461863   -0.14802725721170  
  2.500000    0.17195359269935   -0.13654483943469    0.04383504132597   -0.14663097999030  
  2.510000    0.17118877646301   -0.13665420600857    0.04291042445203   -0.14524895647289  
  2.520000    0.17042980764425   -0.13674596305088    0.04200565103070   -0.14388057956131  
  2.530000    0.16967660291264   -0.13682059050913    0.04112029577232   -0.14252527183886  
  2.540000    0.16892908037340   -0.13687856440257    0.04025394097181   -0.14118248923586  
  2.550000    0.16818715897044   -0.13692035646596    0.03940617642914   -0.13985172437021  
  2.560000    0.16745075792796   -0.13694643373568    0.03857659938099   -0.13853250952974  
  2.570000    0.16671979623396   -0.13695725808587    0.03776481444231   -0.13722441926720  
  2.580000    0.16599419216875   -0.13695328572244    0.03697043355665   -0.13592707258270  
  2.590000    0.16527386288109   -0.13693496664328    0.03619307595388   -0.13464013467301  
  2.600000    0.16455872401412   -0.13690274407293    0.03543236811401   -0.13336331823126  
  2.610000    0.16384868938283   -0.13685705388022    0.03468794373595   -0.13209638428589  
  2.620000    0.16314367070440   -0.13679832398739    0.03395944370974   -0.13083914257184  
  2.630000    0.16244357738221   -0.13672697377903    0.03324651609117   -0.12959145143226  
  2.640000    0.16174831634390   -0.13664341351906    0.03254881607742   -0.12835321725364  
  2.650000    0.16105779193337   -0.13654804378369    0.03186600598270   -0.12712439344195  
  2.660000    0.16037190585622   -0.13644125491803    0.03119775521257   -0.12590497895220  
  2.670000    0.15969055717760   -0.13632342652363    0.03054374023600   -0.12469501638821  
  2.680000    0.15901364237111   -0.13619492698359    0.02990364455415   -0.12349458969363  
  2.690000    0.15834105541680   -0.13605611303167    0.02927715866490   -0.12230382145945  
  2.700000    0.15767268794622   -0.13590732937093    0.02866398002230   -0.12112286987684  
  2.710000    0.15700842943177   -0.13574890834704    0.02806381299017   -0.11995192536782  
  2.720000    0.15634816741754   -0.13558116968057    0.02747636878923   -0.11879120692907  
  2.730000    0.15569178778826   -0.13540442026198    0.02690136543713   -0.11764095822727  
  2.740000    0.15503917507302   -0.13521895401225    0.02633852768095   -0.11650144348638  
  2.750000    0.15439021277979   -0.13502505181134    0.02578758692176   -0.11537294320932  
  2.760000    0.15374478375689   -0.13482298149591    0.02524828113101   -0.11425574977792  
  2.770000    0.15310277057720   -0.13461299792700    0.02472035475859   -0.11315016297601  
  2.780000    0.15246405594084   -0.13439534312760    0.02420355863246   -0.11205648548106  
  2.790000    0.15182852309187   -0.13417024648922    0.02369764984991   -0.11097501836981  
  2.800000    0.15119605624469   -0.13393792504602    0.02320239166059   -0.10990605668303  
  2.810000    0.15056654101550   -0.13369858381419    0.02271755334158   -0.10884988509355  
  2.820000    0.14993986485452   -0.13345241619360    0.02224291006471   -0.10780677372064  
  2.830000    0.14931591747454   -0.13319960442836    0.02177824275672   -0.10677697413178  
  2.840000    0.14869459127145   -0.13294032012193    0.02132333795256   -0.10576071557106  
  2.850000    0.14807578173275   -0.13267472480233    0.02087798764256   -0.10475820145074  
  2.860000    0.14745938782989   -0.13240297053224    0.02044198911399   -0.10376960613961  
  2.870000    0.14684531239074   -0.13212520055830    0.02001514478780   -0.10279507207880  
  2.880000    0.14623346244874   -0.13184154999400    0.01959726205118   -0.10183470725193  
  2.890000    0.14562374956524   -0.13155214652959    0.01918815308691   -0.10088858303295  
  2.900000    0.14501609012221   -0.13125711116292    0.01878763470010   -0.09995673243104  
  2.910000    0.14441040558262   -0.13095655894434    0.01839552814342   -0.09903914874772  
  2.920000    0.14380662271605   -0.13065059972920    0.01801165894155   -0.09813578465708  
  2.930000    0.14320467378767   -0.13033933893109    0.01763585671575   -0.09724655171593  
  2.940000    0.14260449670882   -0.13002287826929    0.01726795500960   -0.09637132030581  
  2.950000    0.14200603514807   -0.12970131650380    0.01690779111656   -0.09550992000496  
  2.960000    0.14140923860182   -0.12937475015169    0.01655520591042   -0.09466214038360  
  2.970000    0.14081406242390   -0.12904327417862    0.01621004367946   -0.09382773221182  
  2.980000    0.14022046781421   -0.12870698265965    0.01587215196506   -0.09300640906527  
  2.990000    0.13962842176655   -0.12836596940405    0.01554138140560   -0.09219784930986  
  3.000000    0.13903789697639   -0.12802032853889    0.01521758558643   -0.09140169844283  
  3.010000    0.13844887170955   -0.12767015504700    0.01490062089653   -0.09061757176445  
  3.020000    0.13786132963318   -0.12731554525503    0.01459034639254   -0.08984505735096  
  3.030000    0.13727525961083   -0.12695659726819    0.01428662367068   -0.08908371929682  
  3.040000    0.13669065546348   -0.12659341134862    0.01398931674709   -0.08833310119162  
  3.050000    0.13610751569909   -0.12622609023492    0.01369829194705   -0.08759272979495  
  3.060000    0.13552584321304   -0.12585473940118    0.01341341780334   -0.08686211887064  
  3.070000    0.13494564496252   -0.12547946725413    0.01313456496410   -0.08614077314047  
  3.080000    0.13436693161773   -0.12510038526805    0.01286160611036   -0.08542819231643  
  3.090000    0.13378971719336   -0.12471760805724    0.01259441588323   -0.08472387517005  
  3.100000    0.13321401866358   -0.12433125338695    0.01233287082107   -0.08402732359729  
  3.110000    0.13263985556417   -0.12394144212390    0.01207684930621   -0.08333804663760  
  3.120000    0.13206724958538   -0.12354829812824    0.01182623152142   -0.08265556440663  
  3.130000    0.13149622415920   -0.12315194808940    0.01158089941566   -0.08197941190303  
  3.140000    0.13092680404471   -0.12275252130872    0.01134073667899   -0.08130914265150  
  3.150000    0.13035901491526   -0.12235014943224    0.01110562872621   -0.08064433214586  
  3.160000    0.12979288295099   -0.12194496613768    0.01087546268880   -0.07998458105842  
  3.170000    0.12922843444043   -0.12153710677966    0.01065012741463   -0.07932951818424  
  3.180000    0.12866569539435   -0.12112670799795    0.01042951347496   -0.07867880309202  
  3.190000    0.12810469117542   -0.12071390729373    0.01021351317802   -0.07803212845622  
  3.200000    0.12754544614661   -0.12029884257894    0.01000202058865   -0.07738922204859  
  3.210000    0.12698798334137   -0.11988165170422    0.00979493155310   -0.07674984837083  
  3.220000    0.12643232415813   -0.11946247197103    0.00959214372841   -0.07611380991370  
  3.230000    0.12587848808174   -0.11904143963352    0.00939355661556   -0.07548094803208  
  3.240000    0.12532649243382   -0.11861868939591    0.00919907159559   -0.07485114342909  
  3.250000    0.12477635215408   -0.11819435391095    0.00900859196787   -0.07422431624665  
  3.260000    0.12422807961401   -0.11776856328518    0.00882202298974   -0.07360042576373  
  3.270000    0.12368168446431   -0.11734144459631    0.00863927191673   -0.07297946970759  
  3.280000    0.12313717351693   -0.11691312142797    0.00846024804250   -0.07236148318715  
  3.290000    0.12259455066233   -0.11648371342694    0.00828486273780   -0.07174653726148  
  3.300000    0.12205381682215   -0.11605333588751    0.00811302948760   -0.07113473715994  
  3.310000    0.12151496993733   -0.11562209936735    0.00794466392576   -0.07052622017409  
  3.320000    0.12097800499114   -0.11519010933896    0.00777968386642   -0.06992115324452  
  3.330000    0.12044291406642   -0.11475746588022    0.00761800933162   -0.06931973026891  
  3.340000    0.11990968643598   -0.11432426340734    0.00745956257436   -0.06872216916018  
  3.350000    0.11937830868480   -0.11389059045267    0.00730426809672   -0.06812870868603  
  3.360000    0.11884876486224   -0.11345652948986    0.00715205266246   -0.06753960512320  
  3.370000    0.11832103666255   -0.11302215680776    0.00700284530364   -0.06695512876150  
  3.380000    0.11779510363130   -0.11258754243445    0.00685657732099   -0.06637556029394  
  3.390000    0.11727094339531   -0.11215275011188    0.00671318227762   -0.06580118713033  
  3.400000    0.11674853191360   -0.11171783732133    0.00657259598598   -0.06523229967217  
  3.410000    0.11622784374639   -0.11128285535913    0.00643475648774   -0.06466918758703  
  3.420000    0.11570885233925   -0.11084784946186    0.00629960402669   -0.06411213612019  
  3.430000    0.11519153031929   -0.11041285897942    0.00616708101448   -0.06356142248086  
  3.440000    0.11467584980022   -0.10997791759414    0.00603713198944   -0.06301731233936  
  3.450000    0.11416178269299   -0.10954305358344    0.00590970356843   -0.06248005647023  
  3.460000    0.11364930101875   -0.10910829012336    0.00578474439207   -0.06194988757458  
  3.470000    0.11313837722083   -0.10867364562952    0.00566220506355   -0.06142701731311  
  3.480000    0.11262898447250   -0.10823913413208    0.00554203808135   -0.06091163357865  
  3.490000    0.11212109697724   -0.10780476568073    0.00542419776634   -0.06040389803489  
  3.500000    0.11161469025852   -0.10737054677550    0.00530864018357   -0.05990394394461  
  3.510000    0.11110974143595   -0.10693648081887    0.00519532305944   -0.05941187430817  
  3.520000    0.11060622948514   -0.10650256858479    0.00508420569462   -0.05892776032934  
  3.530000    0.11010413547842   -0.10606880869950    0.00497524887343   -0.05845164022236  
  3.540000    0.10960344280402   -0.10563519812958    0.00486841477027   -0.05798351837045  
  3.550000    0.10910413736150   -0.10520173267213    0.00476366685370   -0.05752336484258  
  3.560000    0.10860620773131   -0.10476840744234    0.00466096978898   -0.05707111527120  
  3.570000    0.10810964531687   -0.10433521735342    0.00456028933958   -0.05662667109052  
  3.580000    0.10761444445751   -0.10390215758434    0.00446159226858   -0.05618990013060  
  3.590000    0.10712060251126   -0.10346922403065    0.00436484624043   -0.05576063755966  
  3.600000    0.10662811990649   -0.10303641373416    0.00427001972394   -0.05533868716274  
  3.610000    0.10613700016180   -0.10260372528710    0.00417708189714   -0.05492382294209  
  3.620000    0.10564724987401   -0.10217115920724    0.00408600255470   -0.05451579102122  
  3.630000    0.10515887867411   -0.10173871828005    0.00399675201842   -0.05411431183137  
  3.640000    0.10467189915170   -0.10130640786507    0.00390930105167   -0.05371908255687  
  3.650000    0.10418632674845   -0.10087423616345    0.00382362077813   -0.05332977981272  
  3.660000    0.10370217962154   -0.10044221444438    0.00373968260546   -0.05294606252614  
  3.670000    0.10321947847843   -0.10001035722847    0.00365745815441   -0.05256757499132  
  3.680000    0.10273824638437   -0.09957868242647    0.00357691919381   -0.05219395006547  
  3.690000    0.10225850854451   -0.09914721143241    0.00349803758178   -0.05182481247257  
  3.700000    0.10178029206258   -0.09871596917053    0.00342078521357   -0.05145978218073  
  3.710000    0.10130362567845   -0.09828498409587    0.00334513397625   -0.05109847781805  
  3.720000    0.10082853948705   -0.09785428814896    0.00327105571051   -0.05074052009200  
  3.730000    0.10035506464118   -0.09742391666535    0.00319852217958   -0.05038553517727  
  3.740000    0.09988323304111   -0.09699390824139    0.00312750504563   -0.05003315803767  
  3.750000    0.09941307701391   -0.09656430455787    0.00305797585331   -0.04968303564834  
  3.760000    0.09894462898541   -0.09613515016378    0.00298990602065   -0.04933483008596  
  3.770000    0.09847792114800   -0.09570649222259    0.00292326683711   -0.04898822145580  
  3.780000    0.09801298512737   -0.09527838022413    0.00285802946857   -0.04864291062670  
  3.790000    0.09754985165133   -0.09485086566517    0.00279416496905   -0.04829862174674  
  3.800000    0.09708855022383   -0.09442400170235    0.00273164429888   -0.04795510451505  
  3.810000    0.09662910880736   -0.09399784278118    0.00267043834891   -0.04761213618766  
  3.820000    0.09617155351658   -0.09357244424527    0.00261051797041   -0.04726952329813  
  3.830000    0.09571590832622   -0.09314786192988    0.00255185401014   -0.04692710307666  
  3.840000    0.09526219479603   -0.09272415174427    0.00249441735016   -0.04658474455477  
  3.850000    0.09481043181522   -0.09230136924719    0.00243817895178   -0.04624234934546  
  3.860000    0.09436063536915   -0.09187956922020    0.00238310990311   -0.04589985209258  
  3.870000    0.09391281833013   -0.09145880524306    0.00232918146958   -0.04555722058631  
  3.880000    0.09346699027468   -0.09103912927599    0.00227636514689   -0.04521445554500  
  3.890000    0.09302315732880   -0.09062059125291    0.00222463271567   -0.04487159006729  
  3.900000    0.09258132204282   -0.09020323869008    0.00217395629714   -0.04452868876141  
  3.910000    0.09214148329710   -0.08978711631423    0.00212430840937   -0.04418584656229  
  3.920000    0.09170363623952   -0.08937226571392    0.00207566202319   -0.04384318724968  
  3.930000    0.09126777225539   -0.08895872501801    0.00202799061734   -0.04350086168402  
  3.940000    0.09083387897012   -0.08854652860425    0.00198126823210   -0.04315904577919  
  3.950000    0.09040194028484   -0.08813570684142    0.00193546952088   -0.04281793823409  
  3.960000    0.08997193644454   -0.08772628586735    0.00189056979912   -0.04247775804734  
  3.970000    0.08954384413834   -0.08731828740532    0.00184654509006   -0.04213874184132  
  3.980000    0.08911763663100   -0.08691172862078    0.00180337216676   -0.04180114102384  
  3.990000    0.08869328392448   -0.08650662201981    0.00176102858997   -0.04146521881713  
  4.000000    0.08827075294829   -0.08610297539044    0.00171949274140   -0.04113124718500  
  4.010000    0.08785000777688   -0.08570079178749    0.00167874385210   -0.04079950369010  
  4.020000    0.08743100987214   -0.08530006956124    0.00163876202548   -0.04047026831352  
  4.030000    0.08701371834898   -0.08490080242949    0.00159952825486   -0.04014382026951  
  4.040000    0.08659809026151   -0.08450297959261    0.00156102443526   -0.03982043484784  
  4.050000    0.08618408090746   -0.08410658589027    0.00152323336929   -0.03950038031573  
  4.060000    0.08577164414794   -0.08371160199857    0.00148613876712   -0.03918391491094  
  4.070000    0.08536073273993   -0.08331800466547    0.00144972524045   -0.03887128395615  
  4.080000    0.08495129867834   -0.08292576698237    0.00141397829046   -0.03856271712360  
  4.090000    0.08454329354481   -0.08253485868923    0.00137888428999   -0.03825842587721  
  4.100000    0.08413666886004   -0.08214524651015    0.00134443046001   -0.03795860111753  
  4.110000    0.08373137643655   -0.08175689451633    0.00131060484057   -0.03766341105262  
  4.120000    0.08332736872882   -0.08136976451268    0.00127739625654   -0.03737299931562  
  4.130000    0.08292459917768   -0.08098381644463    0.00124479427849   -0.03708748334706  
  4.140000    0.08252302254589   -0.08059900882086    0.00121278917900   -0.03680695305736  
  4.150000    0.08212259524212   -0.08021529914820    0.00118137188489   -0.03653146978179  
  4.160000    0.08172327563027   -0.07983264437425    0.00115053392573   -0.03626106553728  
  4.170000    0.08132502432163   -0.07945100133362    0.00112026737925   -0.03599574258748  
  4.180000    0.08092780444732   -0.07907032719341    0.00109056481403   -0.03573547331882  
  4.190000    0.08053158190854   -0.07869057989375    0.00106141923011   -0.03548020042777  
  4.200000    0.08013632560264   -0.07831171857906    0.00103282399802   -0.03522983741572  
  4.210000    0.07974200762309   -0.07793370401610    0.00100477279689   -0.03498426938525  
  4.220000    0.07934860343151   -0.07755649899459    0.00097725955209   -0.03474335412812  
  4.230000    0.07895609200056   -0.07718006870691    0.00095027837314   -0.03450692349268  
  4.240000    0.07856445592641   -0.07680438110300    0.00092382349241   -0.03427478501537  
  4.250000    0.07817368151001   -0.07642940721741    0.00089788920513   -0.03404672379851  
  4.260000    0.07778375880647   -0.07605512146518    0.00087246981135   -0.03382250461399  
  4.270000    0.07739468164238   -0.07568150190409    0.00084755956039   -0.03360187421033  
  4.280000    0.07700644760099   -0.07530853046063    0.00082315259826   -0.03338456379864  
  4.290000    0.07661905797557   -0.07493619311788    0.00079924291851   -0.03317029169116  
  4.300000    0.07623251769159   -0.07456448006343    0.00077582431705   -0.03295876606462  
  4.310000    0.07584683519847   -0.07419338579620    0.00075289035131   -0.03274968781973  
  4.320000    0.07546202233211   -0.07382290919133    0.00073043430400   -0.03254275350678  
  4.330000    0.07507809414965   -0.07345305352248    0.00070844915203   -0.03233765828734  
  4.340000    0.07469506873796   -0.07308382644179    0.00068692754059   -0.03213409890130  
  4.350000    0.07431296699785   -0.07271523991761    0.00066586176282   -0.03193177660885  
  4.360000    0.07393181240616   -0.07234731013096    0.00064524374510   -0.03173040007733  
  4.370000    0.07355163075777   -0.07198005733184    0.00062506503816   -0.03152968818352  
  4.380000    0.07317244989027   -0.07161350565688    0.00060531681398   -0.03132937270282  
  4.390000    0.07279429939370   -0.07124768291046    0.00058598986851   -0.03112920085835  
  4.400000    0.07241721030819   -0.07088262031133    0.00056707463019   -0.03092893770421  
  4.410000    0.07204121481230   -0.07051835220760    0.00054856117406   -0.03072836831907  
  4.420000    0.07166634590495   -0.07015491576282    0.00053043924133   -0.03052729978834  
  4.430000    0.07129263708391   -0.06979235061637    0.00051269826419   -0.03032556295537  
  4.440000    0.07092012202377   -0.06943069852170    0.00049532739562   -0.03012301392449  
  4.450000    0.07054883425642   -0.06907000296583    0.00047831554370   -0.02991953530150  
  4.460000    0.07017880685687   -0.06871030877407    0.00046165141030   -0.02971503715971  
  4.470000    0.06981007213730   -0.06835166170380    0.00044532353352   -0.02950945772275  
  4.480000    0.06944266135208   -0.06799410803132    0.00042932033353   -0.02930276375802  
  4.490000    0.06907660441646   -0.06763769413580    0.00041363016133   -0.02909495067794  
  4.500000    0.06871192964136   -0.06728246608449    0.00039824134987   -0.02888604234884  
  4.510000    0.06834866348658   -0.06692846922311    0.00038314226707   -0.02867609061058  
  4.520000    0.06798683033472   -0.06657574777547    0.00036832137008   -0.02846517451281  
  4.530000    0.06762645228757   -0.06622434445612    0.00035376726032   -0.02825339927672  
  4.540000    0.06726754898688   -0.06587430009979    0.00033946873866   -0.02804089499374  
  4.550000    0.06691013746085   -0.06552565331120    0.00032541486027   -0.02782781507563  
  4.560000    0.06655423199768   -0.06517844013839    0.00031159498842   -0.02761433447248  
  4.570000    0.06619984404716   -0.06483269377288    0.00029799884677   -0.02740064767787  
  4.580000    0.06584698215088   -0.06448844427926    0.00028461656966   -0.02718696654213  
  4.590000    0.06549565190172   -0.06414571835679    0.00027143874977   -0.02697351791688  
  4.600000    0.06514585593258   -0.06380453913521    0.00025845648270   -0.02676054115551  
  4.610000    0.06479759393436   -0.06346492600655    0.00024566140802   -0.02654828549556  
  4.620000    0.06445086270270   -0.06312689449437    0.00023304574638   -0.02633700735035  
  4.630000    0.06410565621296   -0.06279045616159    0.00022060233227   -0.02612696753768  
  4.640000    0.06376196572229   -0.06245561855755    0.00020832464200   -0.02591842847427  
  4.650000    0.06341977989787   -0.06212238520466    0.00019620681681   -0.02571165136473  
  4.660000    0.06307908496970   -0.06179075562455    0.00018424368065   -0.02550689341375  
  4.670000    0.06273986490634   -0.06146072540324    0.00017243075251   -0.02530440508998  
  4.680000    0.06240210161185   -0.06113228629445    0.00016076425320   -0.02510442746932  
  4.690000    0.06206577514166   -0.06080542635995    0.00014924110646   -0.02490718968463  
  4.700000    0.06173086393538   -0.06048013014514    0.00013785893428   -0.02471290650733  
  4.710000    0.06139734506398   -0.06015637888823    0.00012661604660   -0.02452177608532  
  4.720000    0.06106519448899   -0.05983415076047    0.00011551142534   -0.02433397785974  
  4.730000    0.06073438733097   -0.05951342113509    0.00010454470300   -0.02414967068119  
  4.740000    0.06040489814465   -0.05919416288204    0.00009371613585   -0.02396899114395  
  4.750000    0.06007670119804   -0.05887634668543    0.00008302657217   -0.02379205215455  
  4.760000    0.05974977075264   -0.05855994138050    0.00007247741560   -0.02361894174829  
  4.770000    0.05942408134200   -0.05824491430652    0.00006207058412   -0.02344972216519  
  4.780000    0.05909960804603   -0.05793123167212    0.00005180846485   -0.02328442919361  
  4.790000    0.05877632675815   -0.05761885892925    0.00004169386524   -0.02312307178753  
  4.800000    0.05845421444288   -0.05730776115208    0.00003172996105   -0.02296563196025  
  4.810000    0.05813324938125   -0.05699790341685    0.00002192024147   -0.02281206495469  
  4.820000    0.05781341140164   -0.05668925117909    0.00001226845217   -0.02266229968759  
  4.830000    0.05749468209391   -0.05638177064412    0.00000277853643   -0.02251623946196  
  4.840000    0.05717704500465   -0.05607542912748   -0.00000654542475   -0.02237376293963  
  4.850000    0.05686048581177   -0.05577019540133   -0.00001569927327   -0.02223472536304  
  4.860000    0.05654499247673   -0.05546604002375   -0.00002467883457   -0.02209896001276  
  4.870000    0.05623055537286   -0.05516293564738   -0.00003347997781   -0.02196627988506  
  4.880000    0.05591716738880   -0.05486085730455   -0.00004209867503   -0.02183647957158  
  4.890000    0.05560482400584   -0.05455978266601   -0.00005053105870   -0.02170933732108  
  4.900000    0.05529352334859   -0.05425969227081   -0.00005877347721   -0.02158461726152  
  4.910000    0.05498326620848   -0.05396056972502   -0.00006682254773   -0.02146207175927  
  4.920000    0.05467405603999   -0.05366240186748   -0.00007467520601   -0.02134144389050  
  4.930000    0.05436589892951   -0.05336517890087   -0.00008232875265   -0.02122246999945  
  4.940000    0.05405880353733   -0.05306889448709   -0.00008978089542   -0.02110488231664  
  4.950000    0.05375278101336   -0.05277354580579   -0.00009702978732   -0.02098841161035  
  4.960000    0.05344784488732   -0.05247913357587   -0.00010407405991   -0.02087278984377  
  4.970000    0.05314401093456   -0.05218566203956   -0.00011091285177   -0.02075775281084  
  4.980000    0.05284129701896   -0.05189313890958   -0.00011754583181   -0.02064304272360  
  4.990000    0.05253972291423   -0.05160157527973   -0.00012397321720   -0.02052841072487  
  5.000000    0.05223931010559   -0.05131098550014   -0.00013019578575   -0.02041361930066  
  5.010000    0.05194008157368   -0.05102138701840   -0.00013621488283   -0.02029844456799  
  5.020000    0.05164206156282   -0.05073280018823   -0.00014203242260   -0.02018267841496  
  5.030000    0.05134527533588   -0.05044524804770   -0.00014765088368   -0.02006613047184  
  5.040000    0.05104974891820   -0.05015875606938   -0.00015307329931   -0.01994862989330  
  5.050000    0.05075550883308   -0.04987335188486   -0.00015830324216   -0.01983002693439  
  5.060000    0.05046258183125   -0.04958906498655   -0.00016334480392   -0.01971019430459  
  5.070000    0.05017099461718   -0.04930592640975   -0.00016820256991   -0.01958902828693  
  5.080000    0.04988077357469   -0.04902396839831   -0.00017288158907   -0.01946644961143  
  5.090000    0.04959194449472   -0.04874322405720   -0.00017738733949   -0.01934240407479  
  5.100000    0.04930453230767   -0.04846372699546   -0.00018172569000   -0.01921686290071  
  5.110000    0.04901856082311   -0.04818551096339   -0.00018590285815   -0.01908982283821  
  5.120000    0.04873405247929   -0.04790860948727   -0.00018992536495   -0.01896130599761  
  5.130000    0.04845102810484   -0.04763305550563   -0.00019379998701   -0.01883135942685  
  5.140000    0.04816950669504   -0.04735888101055   -0.00019753370634   -0.01870005443342  
  5.150000    0.04788950520483   -0.04708611669765   -0.00020113365846   -0.01856748565954  
  5.160000    0.04761103836045   -0.04681479162828   -0.00020460707936   -0.01843376992110  
  5.170000    0.04733411849165   -0.04654493290734   -0.00020796125168   -0.01829904482297  
  5.180000    0.04705875538607   -0.04627656537984   -0.00021120345081   -0.01816346716568  
  5.190000    0.04678495616712   -0.04600971134946   -0.00021434089138   -0.01802721116049  
  5.200000    0.04651272519668   -0.04574439032173   -0.00021738067462   -0.01789046647190  
  5.210000    0.04624206400340   -0.04548061877445   -0.00022032973718   -0.01775343610826  
  5.220000    0.04597297123745   -0.04521840995776   -0.00022319480181   -0.01761633418263  
  5.230000    0.04570544265204   -0.04495777372570   -0.00022598233054   -0.01747938356744  
  5.240000    0.04543947111202   -0.04469871640112   -0.00022869848060   -0.01734281346725  
  5.250000    0.04517504662932   -0.04444124067509   -0.00023134906366   -0.01720685693511  
  5.260000    0.04491215642511   -0.04418534554205   -0.00023393950875   -0.01707174835796  
  5.270000    0.04465078501787   -0.04393102627119   -0.00023647482910   -0.01693772093730  
  5.280000    0.04439091433670   -0.04367827441440   -0.00023895959338   -0.01680500419094  
  5.290000    0.04413252385875   -0.04342707785077   -0.00024139790145   -0.01667382150158  
  5.300000    0.04387559076941   -0.04317742086718   -0.00024379336490   -0.01654438773728  
  5.310000    0.04362009014379   -0.04292928427411   -0.00024614909262   -0.01641690696806  
  5.320000    0.04336599514776   -0.04268264555575   -0.00024846768134   -0.01629157030201  
  5.330000    0.04311327725659   -0.04243747905266   -0.00025075121140   -0.01616855386274  
  5.340000    0.04286190648920   -0.04219375617540   -0.00025300124763   -0.01604801692855  
  5.350000    0.04261185165563   -0.04195144564694   -0.00025521884538   -0.01593010025224  
  5.360000    0.04236308061562   -0.04171051377146   -0.00025740456156   -0.01581492457805  
  5.370000    0.04211556054554   -0.04147092472689   -0.00025955847065   -0.01570258937074  
  5.380000    0.04186925821136   -0.04123264087834   -0.00026168018533   -0.01559317176911  
  5.390000    0.04162414024503   -0.04099562310933   -0.00026376888165   -0.01548672577421  
  5.400000    0.04138017342148   -0.04075983116751   -0.00026582332844   -0.01538328167996  
  5.410000    0.04113732493384   -0.04052522402149   -0.00026784192055   -0.01528284575132  
  5.420000    0.04089556266407   -0.04029176022535   -0.00026982271565   -0.01518540015274  
  5.430000    0.04065485544657   -0.04005939828708   -0.00027176347425   -0.01509090312687  
  5.440000    0.04041517332215   -0.03982809703742   -0.00027366170233   -0.01499928942113  
  5.450000    0.04017648778004   -0.03959781599556   -0.00027551469637   -0.01491047095695  
  5.460000    0.03993877198567   -0.03936851572783   -0.00027731959014   -0.01482433773423  
  5.470000    0.03970200099190   -0.03914015819618   -0.00027907340283   -0.01474075896117  
  5.480000    0.03946615193190   -0.03891270709280   -0.00028077308808   -0.01465958439702  
  5.490000    0.03923120419177   -0.03868612815763   -0.00028241558325   -0.01458064589362  
  5.500000    0.03899713956124   -0.03846038947572   -0.00028399785865   -0.01450375911916  
  5.510000    0.03876394236113   -0.03823546175142   -0.00028551696599   -0.01442872544602  
  5.520000    0.03853159954629   -0.03801131855679   -0.00028697008572   -0.01435533398285  
  5.530000    0.03830010078313   -0.03778793655170   -0.00028835457276   -0.01428336372951  
  5.540000    0.03806943850094   -0.03756529567355   -0.00028966800009   -0.01421258583246  
  5.550000    0.03783960791670   -0.03734337929472   -0.00029090819977   -0.01414276591703  
  5.560000    0.03761060703298   -0.03712217434611   -0.00029207330109   -0.01407366647242  
  5.570000    0.03738243660911   -0.03690167140578   -0.00029316176529   -0.01400504926471  
  5.580000    0.03715510010590   -0.03668186475158   -0.00029417241662   -0.01393667775291  
  5.590000    0.03692860360444   -0.03646275237739   -0.00029510446944   -0.01386831948327  
  5.600000    0.03670295569983   -0.03624433597288   -0.00029595755101   -0.01379974843706  
  5.610000    0.03647816737089   -0.03602662086677   -0.00029673171977   -0.01373074730787  
  5.620000    0.03625425182704   -0.03580961593442   -0.00029742747896   -0.01366110968513  
  5.630000    0.03603122433401   -0.03559333347047   -0.00029804578546   -0.01359064212146  
  5.640000    0.03580910201994   -0.03537778902786   -0.00029858805369   -0.01351916606297  
  5.650000    0.03558790366378   -0.03516300122487   -0.00029905615460   -0.01344651962279  
  5.660000    0.03536764946820   -0.03494899152194   -0.00029945240974   -0.01337255918000  
  5.670000    0.03514836081893   -0.03473578397068   -0.00029977958049   -0.01329716078783  
  5.680000    0.03493006003316   -0.03452340493728   -0.00030004085253   -0.01322022137708  
  5.690000    0.03471277009923   -0.03431188280330   -0.00030023981578   -0.01314165974280  
  5.700000    0.03449651441030   -0.03410124764664   -0.00030038043991   -0.01306141730442  
  5.710000    0.03428131649439   -0.03389153090582   -0.00030046704577   -0.01297945863222  
  5.720000    0.03406719974361   -0.03368276503103   -0.00030050427301   -0.01289577173498  
  5.730000    0.03385418714503   -0.03347498312512   -0.00030049704415   -0.01281036810645  
  5.740000    0.03364230101597   -0.03326821857842   -0.00030045052558   -0.01272328253065  
  5.750000    0.03343156274606   -0.03306250470059   -0.00030037008577   -0.01263457264847  
  5.760000    0.03322199254875   -0.03285787435347   -0.00030026125125   -0.01254431829061  
  5.770000    0.03301360922464   -0.03265435958833   -0.00030012966061   -0.01245262058397  
  5.780000    0.03280642993888   -0.03245199129118   -0.00029998101726   -0.01235960084142  
  5.790000    0.03260047001475   -0.03225079883964   -0.00029982104111   -0.01226539924660  
  5.800000    0.03239574274562   -0.03205080977465   -0.00029965541993   -0.01217017334772  
  5.810000    0.03219225922686   -0.03185204949044   -0.00029948976077   -0.01207409637632  
  5.820000    0.03199002820955   -0.03165454094564   -0.00029932954187   -0.01197735540845  
  5.830000    0.03178905597732   -0.03145830439844   -0.00029918006567   -0.01188014938762  
  5.840000    0.03158934624744   -0.03126335716848   -0.00029904641333   -0.01178268703009  
  5.850000    0.03139090009729   -0.03106971342770   -0.00029893340120   -0.01168518463415  
  5.860000    0.03119371591688   -0.03087738402232   -0.00029884553974   -0.01158786381622  
  5.870000    0.03099778938777   -0.03068637632765   -0.00029878699525   -0.01149094919705  
  5.880000    0.03080311348876   -0.03049669413721   -0.00029876155488   -0.01139466606204  
  5.890000    0.03060967852828   -0.03030833758720   -0.00029877259508   -0.01129923801951  
  5.900000    0.03041747220305   -0.03012130311717   -0.00029882305411   -0.01120488468126  
  5.910000    0.03022647968265   -0.02993558346721   -0.00029891540862   -0.01111181938895  
  5.920000    0.03003668371905   -0.02975116771172   -0.00029905165467   -0.01102024700975  
  5.930000    0.02984806478008   -0.02956804132944   -0.00029923329336   -0.01093036182354  
  5.940000    0.02966060120563   -0.02938618630914   -0.00029946132120   -0.01084234552338  
  5.950000    0.02947426938498   -0.02920558128975   -0.00029973622539   -0.01075636534943  
  5.960000    0.02928904395359   -0.02902620173382   -0.00030005798389   -0.01067257237518  
  5.970000    0.02910489800752   -0.02884802013238   -0.00030042607052   -0.01059109996339  
  5.980000    0.02892180333329   -0.02867100623937   -0.00030083946484   -0.01051206240715  
  5.990000    0.02873973065103   -0.02849512733324   -0.00030129666684   -0.01043555376969  
  6.000000    0.02855864986856   -0.02832034850317   -0.00030179571620   -0.01036164693434  
  6.010000    0.02837853034396   -0.02814663295715   -0.00030233421603   -0.01029039287415  
  6.020000    0.02819934115397   -0.02797394234887   -0.00030290936076   -0.01022182014803  
  6.030000    0.02802105136580   -0.02780223712016   -0.00030351796800   -0.01015593462821  
  6.040000    0.02784363030954   -0.02763147685568   -0.00030415651394   -0.01009271946134  
  6.050000    0.02766704784857   -0.02746162064634   -0.00030482117203   -0.01003213526310  
  6.060000    0.02749127464536   -0.02729262745785   -0.00030550785456   -0.00997412054389  
  6.070000    0.02731628242008   -0.02712445650080   -0.00030621225660   -0.00991859236062  
  6.080000    0.02714204419934   -0.02695706759863   -0.00030692990202   -0.00986544718770  
  6.090000    0.02696853455283   -0.02679042154977   -0.00030765619109   -0.00981456199744  
  6.100000    0.02679572981539   -0.02662448048049   -0.00030838644903   -0.00976579553867  
  6.110000    0.02662360829231   -0.02645920818485   -0.00030911597530   -0.00971898979981  
  6.120000    0.02645215044589   -0.02629457044853   -0.00030984009287   -0.00967397164105  
  6.130000    0.02628133906143   -0.02613053535310   -0.00031055419717   -0.00963055457844  
  6.140000    0.02611115939085   -0.02596707355797   -0.00031125380413   -0.00958854070132  
  6.150000    0.02594159927260   -0.02580415855699   -0.00031193459683   -0.00954772270296  
  6.160000    0.02577264922662   -0.02564176690730   -0.00031259247035   -0.00950788600347  
  6.170000    0.02560430252335   -0.02547987842794   -0.00031322357430   -0.00946881094266  
  6.180000    0.02543655522600   -0.02531847636650   -0.00031382435267   -0.00943027502052  
  6.190000    0.02526940620574   -0.02515754753187   -0.00031439158054   -0.00939205516170  
  6.200000    0.02510285712936   -0.02499708239182   -0.00031492239732   -0.00935392998112  
  6.210000    0.02493691241972   -0.02483707513445   -0.00031541433613   -0.00931568202691  
  6.220000    0.02477157918902   -0.02467752369280   -0.00031586534914   -0.00927709997800  
  6.230000    0.02460686714568   -0.02451842973231   -0.00031627382846   -0.00923798077356  
  6.240000    0.02444278847551   -0.02435979860123   -0.00031663862245   -0.00919813165262  
  6.250000    0.02427935769828   -0.02420163924437   -0.00031695904733   -0.00915737208300  
  6.260000    0.02411659150107   -0.02404396408109   -0.00031723489382   -0.00911553555981  
  6.270000    0.02395450854980   -0.02388678884845   -0.00031746642891   -0.00907247125542  
  6.280000    0.02379312928080   -0.02373013241130   -0.00031765439264   -0.00902804550393  
  6.290000    0.02363247567439   -0.02357401654090   -0.00031779998988   -0.00898214310538  
  6.300000    0.02347257101247   -0.02341846566425   -0.00031790487731   -0.00893466843642  
  6.310000    0.02331343962252   -0.02326350658664   -0.00031797114563   -0.00888554635648  
  6.320000    0.02315510661039   -0.02310916818997   -0.00031800129717   -0.00883472290039  
  6.330000    0.02299759758441   -0.02295548110989   -0.00031799821921   -0.00878216575072  
  6.340000    0.02284093837348   -0.02280247739482   -0.00031796515316   -0.00872786448542  
  6.350000    0.02268515474180   -0.02265019015018   -0.00031790565997   -0.00867183059858  
  6.360000    0.02253027210297   -0.02249865317139   -0.00031782358208   -0.00861409729443  
  6.370000    0.02237631523627   -0.02234790056911   -0.00031772300236   -0.00855471905731  
  6.380000    0.02222330800774   -0.02219796639047   -0.00031760820031   -0.00849377100225  
  6.390000    0.02207127309890   -0.02204888424005   -0.00031748360610   -0.00843134801335  
  6.400000    0.02192023174559   -0.02190068690421   -0.00031735375280   -0.00836756367930  
  6.410000    0.02177020348961   -0.02175340598265   -0.00031722322737   -0.00830254903720  
  6.420000    0.02162120594546   -0.02160707153071   -0.00031709662081   -0.00823645113815  
  6.430000    0.02147325458463   -0.02146171171598   -0.00031697847803   -0.00816943144975  
  6.440000    0.02132636253935   -0.02131735249271   -0.00031687324793   -0.00810166411215  
  6.450000    0.02118054042800   -0.02117401729724   -0.00031678523414   -0.00803333406603  
  6.460000    0.02103579620371   -0.02103172676739   -0.00031671854706   -0.00796463507214  
  6.470000    0.02089213502783   -0.02089049848877   -0.00031667705747   -0.00789576764291  
  6.480000    0.02074955916952   -0.02075034677060   -0.00031666435240   -0.00782693690775  
  6.490000    0.02060806793244   -0.02061128245309   -0.00031668369353   -0.00775835043425  
  6.500000    0.02046765760955   -0.02047331274867   -0.00031673797868   -0.00769021602792  
  6.510000    0.02032832146628   -0.02033644111849   -0.00031682970668   -0.00762273953313  
  6.520000    0.02019004975255   -0.02020066718558   -0.00031696094604   -0.00755612265826  
  6.530000    0.02005282974355   -0.02006598668572   -0.00031713330775   -0.00749056084730  
  6.540000    0.01991664580895   -0.01993239145636   -0.00031734792248   -0.00742624122011  
  6.550000    0.01978147951013   -0.01979986946418   -0.00031760542237   -0.00736334060236  
  6.560000    0.01964730972439   -0.01966840487069   -0.00031790592771   -0.00730202366568  
  6.570000    0.01951411279531   -0.01953797813578   -0.00031824903861   -0.00724244119694  
  6.580000    0.01938186270766   -0.01940856615800   -0.00031863383170   -0.00718472851457  
  6.590000    0.01925053128553   -0.01928014245044   -0.00031905886204   -0.00712900404813  
  6.600000    0.01912008841170   -0.01915267735059   -0.00031952217009   -0.00707536809556  
  6.610000    0.01899050226633   -0.01902613826221   -0.00032002129388   -0.00702390177104  
  6.620000    0.01886173958274   -0.01890048992697   -0.00032055328604   -0.00697466615381  
  6.630000    0.01873376591792   -0.01877569472323   -0.00032111473573   -0.00692770164691  
  6.640000    0.01860654593527   -0.01865171298924   -0.00032170179525   -0.00688302755201  
  6.650000    0.01848004369687   -0.01852850336751   -0.00032231021098   -0.00684064186468  
  6.660000    0.01835422296260   -0.01840602316729   -0.00032293535842   -0.00680052129198  
  6.670000    0.01822904749330   -0.01828422874137   -0.00032357228110   -0.00676262149193  
  6.680000    0.01810448135500   -0.01816307587385   -0.00032421573279   -0.00672687753221  
  6.690000    0.01798048922146   -0.01804252017499   -0.00032486022282   -0.00669320456326  
  6.700000    0.01785703667213   -0.01792251747930   -0.00032550006388   -0.00666149869843  
  6.710000    0.01773409048253   -0.01780302424304   -0.00032612942206   -0.00663163809203  
  6.720000    0.01761161890452   -0.01768399793722   -0.00032674236846   -0.00660348420395  
  6.730000    0.01748959193352   -0.01756539743229   -0.00032733293194   -0.00657688323756  
  6.740000    0.01736798156029   -0.01744718337071   -0.00032789515256   -0.00655166773587  
  6.750000    0.01724676200465   -0.01732931852367   -0.00032842313510   -0.00652765831938  
  6.760000    0.01712590992905   -0.01721176812858   -0.00032891110225   -0.00650466554739  
  6.770000    0.01700540462971   -0.01709450020382   -0.00032935344680   -0.00648249188350  
  6.780000    0.01688522820354   -0.01697748583769   -0.00032974478248   -0.00646093374484  
  6.790000    0.01676536568920   -0.01686069944858   -0.00033007999293   -0.00643978361376  
  6.800000    0.01664580518068   -0.01674411901386   -0.00033035427814   -0.00641883219003  
  6.810000    0.01652653791255   -0.01662772626502   -0.00033056319825   -0.00639787056124  
  6.820000    0.01640755831560   -0.01651150684704   -0.00033070271388   -0.00637669236889  
  6.830000    0.01628886404251   -0.01639545044046   -0.00033076922299   -0.00635509594779  
  6.840000    0.01617045596310   -0.01627955084462   -0.00033075959358   -0.00633288641646  
  6.850000    0.01605233812905   -0.01616380602129   -0.00033067119210   -0.00630987769703  
  6.860000    0.01593451770841   -0.01604821809803   -0.00033050190726   -0.00628589444370  
  6.870000    0.01581700489034   -0.01593279333113   -0.00033025016895   -0.00626077385967  
  6.880000    0.01569981276090   -0.01581754202834   -0.00032991496212   -0.00623436738396  
  6.890000    0.01558295715099   -0.01570247843196   -0.00032949583549   -0.00620654223050  
  6.900000    0.01546645645766   -0.01558762056334   -0.00032899290500   -0.00617718276358  
  6.910000    0.01535033144064   -0.01547299003012   -0.00032840685189   -0.00614619169559  
  6.920000    0.01523460499560   -0.01535861179793   -0.00032773891557   -0.00611349109444  
  6.930000    0.01511930190652   -0.01524451392863   -0.00032699088121   -0.00607902319040  
  6.940000    0.01500444857919   -0.01513072728759   -0.00032616506224   -0.00604275097400  
  6.950000    0.01489007275848   -0.01501728522261   -0.00032526427788   -0.00600465857867  
  6.960000    0.01477620323190   -0.01490422321754   -0.00032429182602   -0.00596475144434  
  6.970000    0.01466286952231   -0.01479157852391   -0.00032325145152   -0.00592305626015  
  6.980000    0.01455010157245   -0.01467938977401   -0.00032214731050   -0.00587962068696  
  6.990000    0.01443792942460   -0.01456769657912   -0.00032098393066   -0.00583451286237  
  7.000000    0.01432638289805   -0.01445653911668   -0.00031976616835   -0.00578782069351  
  7.010000    0.01421549126764   -0.01434595771045   -0.00031849916249   -0.00573965094473  
  7.020000    0.01410528294640   -0.01423599240770   -0.00031718828602   -0.00569012812973  
  7.030000    0.01399578517523   -0.01412668255740   -0.00031583909524   -0.00563939321943  
  7.040000    0.01388702372278   -0.01401806639363   -0.00031445727761   -0.00558760217897  
  7.050000    0.01377902259822   -0.01391018062829   -0.00031304859838   -0.00553492434893  
  7.060000    0.01367180377984   -0.01380306005695   -0.00031161884680   -0.00548154068744  
  7.070000    0.01356538696205   -0.01369673718186   -0.00031017378217   -0.00542764189127  
  7.080000    0.01345978932334   -0.01359124185583   -0.00030871908056   -0.00537342641542  
  7.090000    0.01335502531740   -0.01348660095045   -0.00030726028237   -0.00531909841152  
  7.100000    0.01325110648953   -0.01338283805203   -0.00030580274159   -0.00526486560632  
  7.110000    0.01314804132032   -0.01327997318834   -0.00030435157706   -0.00521093714229  
  7.120000    0.01304583509796   -0.01317802258884   -0.00030291162619   -0.00515752140249  
  7.130000    0.01294448982076   -0.01307699848104   -0.00030148740177   -0.00510482384223  
  7.140000    0.01284400413088   -0.01297690892497   -0.00030008305208   -0.00505304484999  
  7.150000    0.01274437327990   -0.01287775768756   -0.00029870232490   -0.00500237765955  
  7.160000    0.01264558912704   -0.01277954415842   -0.00029734853559   -0.00495300633511  
  7.170000    0.01254764016976   -0.01268226330797   -0.00029602453968   -0.00490510385011  
  7.180000    0.01245051160709   -0.01258590568842   -0.00029473271023   -0.00485883027964  
  7.190000    0.01235418543483   -0.01249045747802   -0.00029347492008   -0.00481433112532  
  7.200000    0.01225864057215   -0.01239590056815   -0.00029225252931   -0.00477173578975  
  7.210000    0.01216385301842   -0.01230221269266   -0.00029106637794   -0.00473115621669  
  7.220000    0.01206979603898   -0.01220936759849   -0.00028991678397   -0.00469268571079  
  7.230000    0.01197644037821   -0.01211733525602   -0.00028880354677   -0.00465639794944  
  7.240000    0.01188375449806   -0.01202608210740   -0.00028772595581   -0.00462234619683  
  7.250000    0.01179170483987   -0.01193557135054   -0.00028668280462   -0.00459056272863  
  7.260000    0.01170025610709   -0.01184576325623   -0.00028567240984   -0.00456105847327  
  7.270000    0.01160937156645   -0.01175661551563   -0.00028469263517   -0.00453382287378  
  7.280000    0.01151901336469   -0.01166808361459   -0.00028374092004   -0.00450882397157  
  7.290000    0.01142914285802   -0.01158012123174   -0.00028281431258   -0.00448600871168  
  7.300000    0.01133972095118   -0.01149268065623   -0.00028190950668   -0.00446530346636  
  7.310000    0.01125070844304   -0.01140571322146   -0.00028102288277   -0.00444661477180  
  7.320000    0.01116206637539   -0.01131916975059   -0.00028015055178   -0.00442983027055  
  7.330000    0.01107375638171   -0.01123300100951   -0.00027928840200   -0.00441481985006  
  7.340000    0.01098574103259   -0.01114715816313   -0.00027843214825   -0.00440143696583  
  7.350000    0.01089798417449   -0.01106159323034   -0.00027757738291   -0.00438952013550  
  7.360000    0.01081045125861   -0.01097625953353   -0.00027671962832   -0.00437889458881  
  7.370000    0.01072310965674   -0.01089111213801   -0.00027585438992   -0.00436937405635  
  7.380000    0.01063592896088   -0.01080610827725   -0.00027497720974   -0.00436076267894  
  7.390000    0.01054888126387   -0.01072120775965   -0.00027408371952   -0.00435285701784  
  7.400000    0.01046194141813   -0.01063637335276   -0.00027316969308   -0.00434544814530  
  7.410000    0.01037508726998   -0.01055157114130   -0.00027223109727   -0.00433832379388  
  7.420000    0.01028829986716   -0.01046677085510   -0.00027126414105   -0.00433127054239  
  7.430000    0.01020156363740   -0.01038194616388   -0.00027026532219   -0.00432407601591  
  7.440000    0.01011486653616   -0.01029707493560   -0.00026923147102   -0.00431653107724  
  7.450000    0.01002820016200   -0.01021213945589   -0.00026815979091   -0.00430843198703  
  7.460000    0.00994155983817   -0.01012712660594   -0.00026704789494   -0.00429958251039  
  7.470000    0.00985494465951   -0.01004202799717   -0.00026589383836   -0.00428979594795  
  7.480000    0.00976835750396   -0.00995684006083   -0.00026469614663   -0.00427889707048  
  7.490000    0.00968180500828   -0.00987156409154   -0.00026345383850   -0.00426672393683  
  7.500000    0.00959529750804   -0.00978620624407   -0.00026216644415   -0.00425312957626  
  7.510000    0.00950884894208   -0.00970077748293   -0.00026083401786   -0.00423798351769  
  7.520000    0.00942247672226   -0.00961529348511   -0.00025945714538   -0.00422117314965  
  7.530000    0.00933620156921   -0.00952977449644   -0.00025803694561   -0.00420260489685  
  7.540000    0.00925004731569   -0.00944424514273   -0.00025657506674   -0.00418220520066  
  7.550000    0.00916404067892   -0.00935873419719   -0.00025507367670   -0.00415992129335  
  7.560000    0.00907821100386   -0.00927327430596   -0.00025353544811   -0.00413572175747  
  7.570000    0.00899258997976   -0.00918790167419   -0.00025196353781   -0.00410959686440  
  7.580000    0.00890721133213   -0.00910265571533   -0.00025036156100   -0.00408155868809  
  7.590000    0.00882211049326   -0.00901757866673   -0.00024873356051   -0.00405164099244  
  7.600000    0.00873732425373   -0.00893271517503   -0.00024708397113   -0.00401989889307  
  7.610000    0.00865289039842   -0.00884811185497   -0.00024541757960   -0.00398640829646  
  7.620000    0.00856884733006   -0.00876381682580   -0.00024373948051   -0.00395126512189  
  7.630000    0.00848523368385   -0.00867987922934   -0.00024205502846   -0.00391458431378  
  7.640000    0.00840208793660   -0.00859634873434   -0.00024036978710   -0.00387649865403  
  7.650000    0.00831944801409   -0.00851327503167   -0.00023868947541   -0.00383715738644  
  7.660000    0.00823735090015   -0.00843070732499   -0.00023701991167   -0.00379672466676  
  7.670000    0.00815583225125   -0.00834869382191   -0.00023536695594   -0.00375537785410  
  7.680000    0.00807492602017   -0.00826728123026   -0.00023373645125   -0.00371330566094  
  7.690000    0.00799466409229   -0.00818651426453   -0.00023213416434   -0.00367070618046  
  7.700000    0.00791507593802   -0.00810643516696   -0.00023056572641   -0.00362778481129  
  7.710000    0.00783618828475   -0.00802708324822   -0.00022903657451   -0.00358475210075  
  7.720000    0.00775802481148   -0.00794849445196   -0.00022755189413   -0.00354182152867  
  7.730000    0.00768060586911   -0.00787070094770   -0.00022611656359   -0.00349920725452  
  7.740000    0.00760394822938   -0.00779373075607   -0.00022473510076   -0.00345712185090  
  7.750000    0.00752806486470   -0.00771760741020   -0.00022341161267   -0.00341577404669  
  7.760000    0.00745296476159   -0.00764234965678   -0.00022214974857   -0.00337536650323  
  7.770000    0.00737865276929   -0.00756797119993   -0.00022095265684   -0.00333609364652  
  7.780000    0.00730512948564   -0.00749448049064   -0.00021982294624   -0.00329813957782  
  7.790000    0.00723239118137   -0.00742188056417   -0.00021876265202   -0.00326167608454  
  7.800000    0.00716042976384   -0.00735016892736   -0.00021777320704   -0.00322686077208  
  7.810000    0.00708923278106   -0.00727933749721   -0.00021685541845   -0.00319383533626  
  7.820000    0.00701878346622   -0.00720937259195   -0.00021600945004   -0.00316272399467  
  7.830000    0.00694906082260   -0.00714025497499   -0.00021523481059   -0.00313363209329  
  7.840000    0.00688003974866   -0.00707195995179   -0.00021453034830   -0.00310664490366  
  7.850000    0.00681169120229   -0.00700445751934   -0.00021389425148   -0.00308182662326  
  7.860000    0.00674398240331   -0.00693771256716   -0.00021332405546   -0.00305921959034  
  7.870000    0.00667687707246   -0.00687168512850   -0.00021281665583   -0.00303884372175  
  7.880000    0.00661033570537   -0.00680633067979   -0.00021236832776   -0.00302069618058  
  7.890000    0.00654431587897   -0.00674160048602   -0.00021197475146   -0.00300475127767  
  7.900000    0.00647877258814   -0.00667744198925   -0.00021163104348   -0.00299096060894  
  7.910000    0.00641365860972   -0.00661379923694   -0.00021133179354   -0.00297925342802  
  7.920000    0.00634892489075   -0.00655061334662   -0.00021107110678   -0.00296953725120  
  7.930000    0.00628452095790   -0.00648782300284   -0.00021084265087   -0.00296169868944  
  7.940000    0.00622039534420   -0.00642536498208   -0.00021063970769   -0.00295560449989  
  7.950000    0.00615649602981   -0.00636317470108   -0.00021045522905   -0.00295110284682  
  7.960000    0.00609277089262   -0.00630118678370   -0.00021028189610   -0.00294802476014  
  7.970000    0.00602916816496   -0.00623933564125   -0.00021011218166   -0.00294618577736  
  7.980000    0.00596563689219   -0.00617755606109   -0.00020993841515   -0.00294538775281  
  7.990000    0.00590212738925   -0.00611578379814   -0.00020975284933   -0.00294542081659  
  8.000000    0.00583859169085   -0.00605395616389   -0.00020954772842   -0.00294606546381  
  8.010000    0.00577498399134   -0.00599201260748   -0.00020931535677   -0.00294709475325  
  8.020000    0.00571126107021   -0.00592989528348   -0.00020904816758   -0.00294827659373  
  8.030000    0.00564738269922   -0.00586754960098   -0.00020873879103   -0.00294937609510  
  8.040000    0.00558331202735   -0.00580492474881   -0.00020838012101   -0.00295015796035  
  8.050000    0.00551901594003   -0.00574197419195   -0.00020796538003   -0.00295038889451  
  8.060000    0.00545446538904   -0.00567865613421   -0.00020748818160   -0.00294984000609  
  8.070000    0.00538963568996   -0.00561493394265   -0.00020694258932   -0.00294828917651  
  8.080000    0.00532450678423   -0.00555077652968   -0.00020632317245   -0.00294552337328  
  8.090000    0.00525906346307   -0.00548615868868   -0.00020562505701   -0.00294134088329  
  8.100000    0.00519329555096   -0.00542106137992   -0.00020484397225   -0.00293555344295  
  8.110000    0.00512719804664   -0.00535547196352   -0.00020397629180   -0.00292798824328  
  8.120000    0.00506077122004   -0.00528938437695   -0.00020301906911   -0.00291848978882  
  8.130000    0.00499402066363   -0.00522279925483   -0.00020197006696   -0.00290692159092  
  8.140000    0.00492695729765   -0.00515572398947   -0.00020082778044   -0.00289316767726  
  8.150000    0.00485959732836   -0.00508817273097   -0.00019959145349   -0.00287713390152  
  8.160000    0.00479196215942   -0.00502016632631   -0.00019826108842   -0.00285874903877  
  8.170000    0.00472407825667   -0.00495173219737   -0.00019683744862   -0.00283796565443  
  8.180000    0.00465597696700   -0.00488290415841   -0.00019532205412   -0.00281476073666  
  8.190000    0.00458769429248   -0.00481372217396   -0.00019371717015   -0.00278913608471  
  8.200000    0.00451927062120   -0.00474423205878   -0.00019202578867   -0.00276111844761  
  8.210000    0.00445075041683   -0.00467448512195   -0.00019025160304   -0.00273075941071  
  8.220000    0.00438218186913   -0.00460453775773   -0.00018839897598   -0.00269813502937  
  8.230000    0.00431361650801   -0.00453445098627   -0.00018647290110   -0.00266334521234  
  8.240000    0.00424510878422   -0.00446428994775   -0.00018447895826   -0.00262651285925  
  8.250000    0.00417671561988   -0.00439412335399   -0.00018242326315   -0.00258778275936  
  8.260000    0.00410849593239   -0.00432402290191   -0.00018031241161   -0.00254732026132  
  8.270000    0.00404051013573   -0.00425406265370   -0.00017815341897   -0.00250530972557  
  8.280000    0.00397281962292   -0.00418431838873   -0.00017595365504   -0.00246195277352  
  8.290000    0.00390548623414   -0.00411486693273   -0.00017372077544   -0.00241746634974  
  8.300000    0.00383857171483   -0.00404578546973   -0.00017146264957   -0.00237208061505  
  8.310000    0.00377213716816   -0.00397715084279   -0.00016918728619   -0.00232603669053  
  8.320000    0.00370624250670   -0.00390903884934   -0.00016690275701   -0.00227958427366  
  8.330000    0.00364094590777   -0.00384152353740   -0.00016461711917   -0.00223297914946  
  8.340000    0.00357630327707   -0.00377467650849   -0.00016233833715   -0.00218648062048  
  8.350000    0.00351236772544   -0.00370856623373   -0.00016007420496   -0.00214034888039  
  8.360000    0.00344918906293   -0.00364325738879   -0.00015783226919   -0.00209484235676  
  8.370000    0.00338681331483   -0.00357881021379   -0.00015561975380   -0.00205021504878  
  8.380000    0.00332528226379   -0.00351527990378   -0.00015344348711   -0.00200671388610  
  8.390000    0.00326463302195   -0.00345271603526   -0.00015130983188   -0.00196457613467  
  8.400000    0.00320489763698   -0.00339116203386   -0.00014922461902   -0.00192402687521  
  8.410000    0.00314610273526   -0.00333065468796   -0.00014719308563   -0.00188527657925  
  8.420000    0.00308826920539   -0.00327122371243   -0.00014521981776   -0.00184851880694  
  8.430000    0.00303141192434   -0.00321289136627   -0.00014330869873   -0.00181392804933  
  8.440000    0.00297553952845   -0.00315567212711   -0.00014146286316   -0.00178165773674  
  8.450000    0.00292065423025   -0.00309957242472   -0.00013968465737   -0.00175183843289  
  8.460000    0.00286675168176   -0.00304459043470   -0.00013797560625   -0.00172457623236  
  8.470000    0.00281382088325   -0.00299071593214   -0.00013633638703   -0.00169995137659  
  8.480000    0.00276184413560   -0.00293793020356   -0.00013476680992   -0.00167801710084  
  8.490000    0.00271079703225   -0.00288620601339   -0.00013326580557   -0.00165879872107  
  8.500000    0.00266064848489   -0.00283550761875   -0.00013183141931   -0.00164229296594  
  8.510000    0.00261136077410   -0.00278579082343   -0.00013046081149   -0.00162846755441  
  8.520000    0.00256288961316   -0.00273700305799   -0.00012915026355   -0.00161726101413  
  8.530000    0.00251518420918   -0.00268908346879   -0.00012789518852   -0.00160858272914  
  8.540000    0.00246818730145   -0.00264196299345   -0.00012669014497   -0.00160231319807  
  8.550000    0.00242183515181   -0.00259556439482   -0.00012552885239   -0.00159830447504  
  8.560000    0.00237605745690   -0.00254980221934   -0.00012440420597   -0.00159638075553  
  8.570000    0.00233077714734   -0.00250458264039   -0.00012330828817   -0.00159633905839  
  8.580000    0.00228591003504   -0.00245980314195   -0.00012223237385   -0.00159794994375  
  8.590000    0.00224136426817   -0.00241535199622   -0.00012116692584   -0.00160095819555  
  8.600000    0.00219703955516   -0.00237110748916   -0.00012010157699   -0.00160508338831  
  8.610000    0.00215282612565   -0.00232693685554   -0.00011902509571   -0.00161002025314  
  8.620000    0.00210860341070   -0.00228269489918   -0.00011792533181   -0.00161543876007  
  8.630000    0.00206423844721   -0.00223822229930   -0.00011678914143   -0.00162098384754  
  8.640000    0.00201958404607   -0.00219334364117   -0.00011560229125   -0.00162627475782  
  8.650000    0.00197447680979   -0.00214786526095   -0.00011434934584   -0.00163090398593  
  8.660000    0.00192873514494   -0.00210157306115   -0.00011301354577   -0.00163443592089  
  8.670000    0.00188215748582   -0.00205423053356   -0.00011157668952   -0.00163640535624  
  8.680000    0.00183452102501   -0.00200557731705   -0.00011001903851   -0.00163631617055  
  8.690000    0.00178558132835   -0.00195532871268   -0.00010831927147   -0.00163364062419  
  8.700000    0.00173507328696   -0.00190317666650   -0.00010645452127   -0.00162781987621  
  8.710000    0.00168271391515   -0.00184879279954   -0.00010440053346   -0.00161826647939  
  8.720000    0.00162820752659   -0.00179183409659   -0.00010213198971   -0.00160436973825  
  8.730000    0.00157125379425   -0.00173195184256   -0.00009962304028   -0.00158550488665  
  8.740000    0.00151155910875   -0.00166880429864   -0.00009684808530   -0.00156104702337  
  8.750000    0.00144885147904   -0.00160207342429   -0.00009378283445   -0.00153039060331  
  8.760000    0.00138289896375   -0.00153148566506   -0.00009040565703   -0.00149297498814  
  8.770000    0.00131353127966   -0.00145683644096   -0.00008669920934   -0.00144831609579  
  8.780000    0.00124066382005   -0.00137801749785   -0.00008265229404   -0.00139604355181  
  8.790000    0.00116432285464   -0.00129504575446   -0.00007826186855   -0.00133594196281  
  8.800000    0.00108467021597   -0.00120809173531   -0.00007353507932   -0.00126799405596  
  8.810000    0.00100202535633   -0.00111750518544   -0.00006849116043   -0.00119242254267  
  8.820000    0.00091688234734   -0.00102383508875   -0.00006316300361   -0.00110972678183  
  8.830000    0.00082991925607   -0.00092784113270   -0.00005759818784   -0.00102070976570  
  8.840000    0.00074199742562   -0.00083049374970   -0.00005185925591   -0.00092649076429  
  8.850000    0.00065414856006   -0.00073296027148   -0.00004602304821   -0.00082849925708  
  8.860000    0.00056754818107   -0.00063657548343   -0.00004017895092   -0.00072844663403  
  8.870000    0.00048347497491   -0.00054279594758   -0.00003442598967   -0.00062827358199  
  8.880000    0.00040325672935   -0.00045313881765   -0.00002886879421   -0.00053007303240  
  8.890000    0.00032820488181   -0.00036910739427   -0.00002361256986   -0.00043599089675  
  8.900000    0.00025954103647   -0.00029210722010   -0.00001875732609   -0.00034810934067  
  8.910000    0.00019832001327   -0.00022335792127   -0.00001439171926   -0.00026831976983  
  8.920000    0.00014535491092   -0.00016380708539   -0.00001058695179   -0.00019819471123  
  8.930000    0.00010115015928   -0.00011405306021   -0.00000739122079   -0.00013886907175  
  8.940000    0.00006584849627   -0.00007428353541   -0.00000482521541   -0.00009094159204  
  8.950000    0.00003919717538   -0.00004423606452   -0.00000287911753   -0.00005440653441  
  8.960000    0.00002053750224   -0.00002318530451   -0.00000151146579   -0.00002862372187  
  8.970000    0.00000882009235   -0.00000995978753   -0.00000065010281   -0.00001233209983  
  8.980000    0.00000264618304   -0.00000298866160   -0.00000019525358   -0.00000370828381  
  8.990000    0.00000033311994   -0.00000037627510   -0.00000002459586   -0.00000046746281  
  9.000000    0.00000000000000    0.00000000000000    0.00000000000000    0.00000000000000  
