<Coefficient>
	 9 Total number of radial orbitals.
	Type	L	Zeta-Orbital
	  Pt 	0	    1
	  -0.11107281266542
	  -0.12528948726750
	  -0.09472071921452
	  -0.11572732815648
	  -0.12873047127980
	  -0.12739905182532
	  -0.11021647109345
	  -0.09007090232823
	  -0.06141438697780
	  -0.02910157960720
	   0.00281605853074
	   0.02787724797876
	   0.04606980031970
	   0.05700478019772
	   0.06252832370354
	   0.06310056343660
	   0.05937701750538
	   0.05285260773881
	   0.04447523917170
	   0.03626256007670
	   0.02779472516035
	   0.02075015490662
	   0.01371334864256
	   0.00913536685622
	   0.00500093750191
	   0.00316697159205
	   0.00075530295802
	   0.00066064120324
	  -0.00055623012661
	   0.00033687190845
	  -0.00069923123919
	Type	L	Zeta-Orbital
	  Pt 	0	    2
	   0.12311674656004
	   0.10796893464925
	  -0.00852936152115
	  -0.06682438067038
	  -0.10639568555935
	  -0.11983193060094
	  -0.11678206097639
	  -0.09288064692315
	  -0.06545840827165
	  -0.03763469378852
	  -0.01429049871671
	   0.00740166987665
	   0.02419101558333
	   0.03644118301152
	   0.04275294833363
	   0.04484512037345
	   0.04364821201829
	   0.04025383505647
	   0.03551886302977
	   0.02963911369949
	   0.02374763586432
	   0.01794692330277
	   0.01370120908155
	   0.00933764091430
	   0.00633858516435
	   0.00335715221246
	   0.00229000155218
	   0.00056453866554
	   0.00056597425647
	  -0.00052622369543
	   0.00024960165485
	Type	L	Zeta-Orbital
	  Pt 	0	    3
	   0.15636550209861
	  -0.23309458347398
	  -0.81390453611800
	  -0.30057540849307
	  -0.02358782373270
	   0.28584144795681
	   0.33180036461747
	   0.40120402400184
	   0.30945372411200
	   0.27939497808978
	   0.18580251836906
	   0.16501896840252
	   0.09849433965396
	   0.08011285963991
	   0.02537089522876
	   0.01692305468072
	  -0.02170990395016
	  -0.02091114241871
	  -0.04871056352567
	  -0.03395166015204
	  -0.05632820317600
	  -0.03949170142740
	  -0.05036499551906
	  -0.02531106617614
	  -0.03882912181301
	  -0.01192814490724
	  -0.02465353102075
	   0.00296303669145
	  -0.01560241659272
	   0.01354365827994
	  -0.01243157322978
	Type	L	Zeta-Orbital
	  Pt 	0	    4
	   0.39471944955716
	  -0.37639740793805
	  -0.59502706632619
	  -0.20666698254886
	   0.09930976384955
	   0.14213642289151
	   0.10566232652917
	   0.12471256863626
	   0.16361409786179
	   0.14633644174071
	   0.12248359600942
	   0.10160861296349
	   0.11014567396055
	   0.11224471934482
	   0.11300527946726
	   0.09044873104458
	   0.08092609341456
	   0.06017338946348
	   0.05389788167117
	   0.02506454164240
	   0.02009781984959
	  -0.00010605679652
	   0.00654458335026
	  -0.00938418191989
	  -0.00029397984005
	  -0.01610448940496
	   0.00167563923169
	  -0.01281241296565
	   0.00739079636369
	  -0.01067897085720
	   0.01404038102942
	Type	L	Zeta-Orbital
	  Pt 	1	    1
	  -0.16468248572978
	  -0.13034165395741
	  -0.14236206568574
	  -0.14009572808495
	  -0.14735763450276
	  -0.12966018405469
	  -0.12528547887422
	  -0.10355601481309
	  -0.08751462110564
	  -0.06524581545810
	  -0.05235885438153
	  -0.03113149509787
	  -0.02253263134569
	  -0.00803648495106
	  -0.00469963958917
	   0.00478524284949
	   0.00392167574212
	   0.01012555881529
	   0.00611054223322
	   0.00974288301419
	   0.00411704056690
	   0.00817786380317
	   0.00103963024017
	   0.00560251370168
	  -0.00164548802234
	   0.00428604953658
	  -0.00350673872538
	   0.00404081806901
	  -0.00483620982121
	   0.00535042050213
	  -0.00875263309548
	Type	L	Zeta-Orbital
	  Pt 	1	    2
	   0.58231724734013
	   0.31183640502221
	   0.13380469824176
	  -0.12670476883166
	  -0.31680371561069
	  -0.52376185652453
	  -0.59067121007541
	  -0.63839106446448
	  -0.59871316159895
	  -0.53961523425998
	  -0.42543813559988
	  -0.33937042008902
	  -0.21733942986118
	  -0.13847864307006
	  -0.04243078181777
	   0.00292149514513
	   0.06149545368388
	   0.07052892399317
	   0.09927248080859
	   0.08474094994254
	   0.09519573139982
	   0.06314822369894
	   0.07086654633611
	   0.03433828265724
	   0.04436536206454
	   0.00763734203240
	   0.02616294781551
	  -0.00985794837683
	   0.01914046881663
	  -0.02155429157178
	   0.03136056625739
	Type	L	Zeta-Orbital
	  Pt 	2	    1
	   0.04819467072049
	   0.13423965119878
	   0.21683437131072
	   0.28274079157426
	   0.32588074447006
	   0.34434111602585
	   0.34172654415466
	   0.32409578081962
	   0.29735800284729
	   0.26396423163696
	   0.22664133386091
	   0.18774395876614
	   0.15099041786091
	   0.11729616354720
	   0.08807523113593
	   0.06329636984237
	   0.04323139244679
	   0.02742470970225
	   0.01593627203375
	   0.00770273419534
	   0.00259641464680
	  -0.00079267049452
	  -0.00212287140135
	  -0.00261293842206
	  -0.00209017858421
	  -0.00174623430334
	  -0.00083283906898
	  -0.00048080631980
	   0.00023992484837
	   0.00012688724475
	   0.00091020303842
	Type	L	Zeta-Orbital
	  Pt 	2	    2
	   0.33129440836108
	   0.52337601426384
	   0.15454167006464
	  -0.14996036272756
	  -0.40166135428688
	  -0.55910313615764
	  -0.77092944504518
	  -0.74803379538697
	  -0.62148533307162
	  -0.49696520698279
	  -0.46048328367238
	  -0.40724446120141
	  -0.36555015551303
	  -0.26721038711054
	  -0.19569755767745
	  -0.12506113926685
	  -0.09945351729138
	  -0.05835753443173
	  -0.04501917431303
	  -0.00540629528512
	  -0.00130313997478
	   0.00988999477997
	  -0.00457164186704
	   0.01403635073468
	   0.00095683978399
	   0.01154040351404
	  -0.00586210976954
	   0.01069474285364
	  -0.01101614238010
	   0.01193917386786
	  -0.03414491436002
	Type	L	Zeta-Orbital
	  Pt 	3	    1
	   0.26428396163176
	   0.39480959105376
	   0.72671613401384
	   0.79281883249022
	   0.96981055239554
	   0.98680633396398
	   0.96825246511072
	   0.70240473540612
	   0.50836204916764
	   0.36310737091597
	   0.35475054158848
	   0.29847295459286
	   0.28958882522339
	   0.20075809881793
	   0.17554487953476
	   0.10342429846406
	   0.10396213726340
	   0.04741313143734
	   0.05691256960353
	  -0.00062822047338
	   0.02034551385163
	  -0.02569354213170
	   0.01187490994677
	  -0.02502305240294
	   0.02389432889722
	  -0.02035650548046
	   0.03128990302476
	  -0.02012757527831
	   0.03578060410589
	  -0.01913460191429
	   0.24486096162709
</Coefficient>
<Mkb>
Left spillage = 3.0161194597e-04
</Mkb>
