  0.000000   -0.99519700324871   -0.48740082682531    0.00000000000000  
  0.010000   -0.99516773248286   -0.48740244960397   -0.01107204459285  
  0.020000   -0.99507993873385   -0.48740723015362   -0.02214060404311  
  0.030000   -0.99493367752280   -0.48741490572035   -0.03320219514076  
  0.040000   -0.99472904097082   -0.48742504039313   -0.04425333853957  
  0.050000   -0.99446615718143   -0.48743702810575   -0.05529056068558  
  0.060000   -0.99414518938288   -0.48745009680683   -0.06631039574139  
  0.070000   -0.99376633483728   -0.48746331376577   -0.07730938750506  
  0.080000   -0.99332982352534   -0.48747559197342   -0.08828409132210  
  0.090000   -0.99283591661728   -0.48748569758811   -0.09923107598920  
  0.100000   -0.99228490474215   -0.48749225836948   -0.11014692564837  
  0.110000   -0.99167710606952   -0.48749377303504   -0.12102824167020  
  0.120000   -0.99101286421886   -0.48748862146738   -0.13187164452463  
  0.130000   -0.99029254601340   -0.48747507569356   -0.14267377563815  
  0.140000   -0.98951653909647   -0.48745131155236   -0.15343129923586  
  0.150000   -0.98868524942935   -0.48741542096000   -0.16414090416716  
  0.160000   -0.98779909869063   -0.48736542468062   -0.17479930571367  
  0.170000   -0.98685852159786   -0.48729928550423   -0.18540324737799  
  0.180000   -0.98586396317276   -0.48721492173181   -0.19594950265206  
  0.190000   -0.98481587597186   -0.48711022086569   -0.20643487676370  
  0.200000   -0.98371471730442   -0.48698305340169   -0.21685620840000  
  0.210000   -0.98256094645974   -0.48683128661961   -0.22721037140641  
  0.220000   -0.98135502196585   -0.48665279826873   -0.23749427645990  
  0.230000   -0.98009739890106   -0.48644549004690   -0.24770487271526  
  0.240000   -0.97878852627956   -0.48620730077328   -0.25783914942297  
  0.250000   -0.97742884453165   -0.48593621915838   -0.26789413751761  
  0.260000   -0.97601878309811   -0.48563029607832   -0.27786691117535  
  0.270000   -0.97455875815755   -0.48528765626496   -0.28775458933945  
  0.280000   -0.97304917050424   -0.48490650932860   -0.29755433721251  
  0.290000   -0.97149040359274   -0.48448516003567   -0.30726336771422  
  0.300000   -0.96988282176435   -0.48402201777057   -0.31687894290360  
  0.310000   -0.96822676866860   -0.48351560511732   -0.32639837536445  
  0.320000   -0.96652256589183   -0.48296456550445   -0.33581902955296  
  0.330000   -0.96477051180275   -0.48236766986432   -0.34513832310645  
  0.340000   -0.96297088062341   -0.48172382226619   -0.35435372811209  
  0.350000   -0.96112392173214   -0.48103206449107   -0.36346277233474  
  0.360000   -0.95922985920285   -0.48029157952477   -0.37246304040278  
  0.370000   -0.95728889158359   -0.47950169395467   -0.38135217495109  
  0.380000   -0.95530119191511   -0.47866187926462   -0.39012787772031  
  0.390000   -0.95326690798808   -0.47777175203103   -0.39878791061145  
  0.400000   -0.95118616283626   -0.47683107303242   -0.40733009669511  
  0.410000   -0.94905905546026   -0.47583974529295   -0.41575232117449  
  0.420000   -0.94688566177561   -0.47479781108906   -0.42405253230155  
  0.430000   -0.94466603577628   -0.47370544795663   -0.43222874224561  
  0.440000   -0.94240021090365   -0.47256296374343   -0.44027902791380  
  0.450000   -0.94008820160920   -0.47137079075933   -0.44820153172275  
  0.460000   -0.93773000509762   -0.47012947908335   -0.45599446232113  
  0.470000   -0.93532560323580   -0.46883968909306   -0.46365609526244  
  0.480000   -0.93287496461194   -0.46750218328741   -0.47118477362778  
  0.490000   -0.93037804672772   -0.46611781747938   -0.47857890859817  
  0.500000   -0.92783479830594   -0.46468753143880   -0.48583697997625  
  0.510000   -0.92524516169477   -0.46321233906997   -0.49295753665697  
  0.520000   -0.92260907534942   -0.46169331821107   -0.49993919704726  
  0.530000   -0.91992647637149   -0.46013160014499   -0.50678064943452  
  0.540000   -0.91719730308605   -0.45852835891238   -0.51348065230383  
  0.550000   -0.91442149763599   -0.45688480051862   -0.52003803460396  
  0.560000   -0.91159900857389   -0.45520215212587   -0.52645169596220  
  0.570000   -0.90872979343102   -0.45348165132112   -0.53272060684816  
  0.580000   -0.90581382124425   -0.45172453554887   -0.53884380868674  
  0.590000   -0.90285107502152   -0.44993203179514   -0.54482041392039  
  0.600000   -0.89984155412762   -0.44810534660624   -0.55064960602114  
  0.610000   -0.89678527657258   -0.44624565652207   -0.55633063945259  
  0.620000   -0.89368228118615   -0.44435409899917   -0.56186283958230  
  0.630000   -0.89053262966273   -0.44243176389397   -0.56724560254510  
  0.640000   -0.88733640846237   -0.44047968557097   -0.57247839505771  
  0.650000   -0.88409373055497   -0.43849883569455   -0.57756075418528  
  0.660000   -0.88080473699588   -0.43649011675674   -0.58249228706044  
  0.670000   -0.87746959832287   -0.43445435638638   -0.58727267055550  
  0.680000   -0.87408851576588   -0.43239230247773   -0.59190165090848  
  0.690000   -0.87066172226253   -0.43030461916945   -0.59637904330364  
  0.700000   -0.86718948327423   -0.42819188369695   -0.60070473140743  
  0.710000   -0.86367209739910   -0.42605458413367   -0.60487866686043  
  0.720000   -0.86010989678001   -0.42389311802852   -0.60890086872634  
  0.730000   -0.85650324730727   -0.42170779193963   -0.61277142289872  
  0.740000   -0.85285254861767   -0.41949882185618   -0.61649048146652  
  0.750000   -0.84915823389277   -0.41726633449283   -0.62005826203915  
  0.760000   -0.84542076946139   -0.41501036943398   -0.62347504703230  
  0.770000   -0.84164065421225   -0.41273088209768   -0.62674118291520  
  0.780000   -0.83781841882481   -0.41042774748266   -0.62985707942057  
  0.790000   -0.83395462482723   -0.40810076465525   -0.63282320871812  
  0.800000   -0.83004986349182   -0.40574966192713   -0.63564010455275  
  0.810000   -0.82610475457988   -0.40337410266961   -0.63830836134845  
  0.820000   -0.82211994494817   -0.40097369170482   -0.64082863327896  
  0.830000   -0.81809610703111   -0.39854798221030   -0.64320163330637  
  0.840000   -0.81403393721276   -0.39609648306940   -0.64542813218864  
  0.850000   -0.80993415410405   -0.39361866659695   -0.64750895745728  
  0.860000   -0.80579749674072   -0.39111397656714   -0.64944499236618  
  0.870000   -0.80162472271828   -0.38858183646885   -0.65123717481284  
  0.880000   -0.79741660628017   -0.38602165791234   -0.65288649623302  
  0.890000   -0.79317393637571   -0.38343284911106   -0.65439400047005  
  0.900000   -0.78889751470432   -0.38081482336229   -0.65576078261991  
  0.910000   -0.78458815376217   -0.37816700745133   -0.65698798785313  
  0.920000   -0.78024667490731   -0.37548884990566   -0.65807681021488  
  0.930000   -0.77587390645879   -0.37277982902740   -0.65902849140415  
  0.940000   -0.77147068184461   -0.37003946063535   -0.65984431953333  
  0.950000   -0.76703783781287   -0.36726730545128   -0.66052562786932  
  0.960000   -0.76257621271936   -0.36446297606900   -0.66107379355723  
  0.970000   -0.75808664490416   -0.36162614344910   -0.66149023632794  
  0.980000   -0.75356997116861   -0.35875654288720   -0.66177641719060  
  0.990000   -0.74902702536306   -0.35585397940885   -0.66193383711121  
  1.000000   -0.74445863709440   -0.35291833254966   -0.66196403567840  
  1.010000   -0.73986563056132   -0.34994956048545   -0.66186858975770  
  1.020000   -0.73524882352379   -0.34694770348324   -0.66164911213515  
  1.030000   -0.73060902641195   -0.34391288665019   -0.66130725015173  
  1.040000   -0.72594704157822   -0.34084532196436   -0.66084468432946  
  1.050000   -0.72126366269499   -0.33774530957743   -0.66026312699038  
  1.060000   -0.71655967429888   -0.33461323838650   -0.65956432086965  
  1.070000   -0.71183585148122   -0.33144958587808   -0.65875003772368  
  1.080000   -0.70709295972289   -0.32825491725450   -0.65782207693461  
  1.090000   -0.70233175487039   -0.32502988385862   -0.65678226411206  
  1.100000   -0.69755298324879   -0.32177522091913   -0.65563244969342  
  1.110000   -0.69275738190587   -0.31849174464451   -0.65437450754365  
  1.120000   -0.68794567898057   -0.31518034869896   -0.65301033355579  
  1.130000   -0.68311859418799   -0.31184200009907   -0.65154184425312  
  1.140000   -0.67827683941183   -0.30847773457427   -0.64997097539425  
  1.150000   -0.67342111939460   -0.30508865143872   -0.64829968058208  
  1.160000   -0.66855213251486   -0.30167590802598   -0.64652992987762  
  1.170000   -0.66367057164028   -0.29824071374081   -0.64466370842002  
  1.180000   -0.65877712504453   -0.29478432378559   -0.64270301505345  
  1.190000   -0.65387247737560   -0.29130803262068   -0.64064986096229  
  1.200000   -0.64895731066299   -0.28781316721992   -0.63850626831530  
  1.210000   -0.64403230535062   -0.28430108018324   -0.63627426892003  
  1.220000   -0.63909814134265   -0.28077314276906   -0.63395590288835  
  1.230000   -0.63415549904902   -0.27723073790889   -0.63155321731414  
  1.240000   -0.62920506041806   -0.27367525326588   -0.62906826496409  
  1.250000   -0.62424750994333   -0.27010807439787   -0.62650310298255  
  1.260000   -0.61928353563281   -0.26653057808365   -0.62385979161151  
  1.270000   -0.61431382992848   -0.26294412586891   -0.62114039292639  
  1.280000   -0.60933909056528   -0.25935005788549   -0.61834696958879  
  1.290000   -0.60436002135915   -0.25574968699429   -0.61548158361691  
  1.300000   -0.59937733291438   -0.25214429329867   -0.61254629517461  
  1.310000   -0.59439174324166   -0.24853511907083   -0.60954316137990  
  1.320000   -0.58940397827896   -0.24492336412964   -0.60647423513368  
  1.330000   -0.58441477230856   -0.24131018170316   -0.60334156396951  
  1.340000   -0.57942486826444   -0.23769667480473   -0.60014718892519  
  1.350000   -0.57443501792544   -0.23408389314583   -0.59689314343688  
  1.360000   -0.56944598199080   -0.23047283060381   -0.59358145225643  
  1.370000   -0.56445853003568   -0.22686442325726   -0.59021413039265  
  1.380000   -0.55947344034570   -0.22325954799608   -0.58679318207710  
  1.390000   -0.55449149963037   -0.21965902170799   -0.58332059975500  
  1.400000   -0.54951350261678   -0.21606360103765   -0.57979836310189  
  1.410000   -0.54454025152587   -0.21247398270951   -0.57622843806655  
  1.420000   -0.53957255543474   -0.20889080439990   -0.57261277594061  
  1.430000   -0.53461122952955   -0.20531464613929   -0.56895331245542  
  1.440000   -0.52965709425459   -0.20174603222057   -0.56525196690650  
  1.450000   -0.52471097436401   -0.19818543358508   -0.56151064130602  
  1.460000   -0.51977369788365   -0.19463327065359   -0.55773121956366  
  1.470000   -0.51484609499107   -0.19108991656593   -0.55391556669605  
  1.480000   -0.50992899682288   -0.18755570078946   -0.55006552806517  
  1.490000   -0.50502323421877   -0.18403091305363   -0.54618292864591  
  1.500000   -0.50012963641246   -0.18051580756518   -0.54226957232294  
  1.510000   -0.49524902968005   -0.17701060745668   -0.53832724121697  
  1.520000   -0.49038223595667   -0.17351550941938   -0.53435769504070  
  1.530000   -0.48553007143255   -0.17003068847012   -0.53036267048429  
  1.540000   -0.48069334513978   -0.16655630280157   -0.52634388063058  
  1.550000   -0.47587285754093   -0.16309249866491   -0.52230301439982  
  1.560000   -0.47106939913087   -0.15963941523418   -0.51824173602412  
  1.570000   -0.46628374906255   -0.15619718940279   -0.51416168455127  
  1.580000   -0.46151667380773   -0.15276596046340   -0.51006447337804  
  1.590000   -0.45676892586269   -0.14934587462463   -0.50595168981252  
  1.600000   -0.45204124250902   -0.14593708931999   -0.50182489466565  
  1.610000   -0.44733434463850   -0.14253977726689   -0.49768562187138  
  1.620000   -0.44264893565099   -0.13915413023685   -0.49353537813539  
  1.630000   -0.43798570043294   -0.13578036250090   -0.48937564261203  
  1.640000   -0.43334530442393   -0.13241871391833   -0.48520786660915  
  1.650000   -0.42872839277718   -0.12906945264010   -0.48103347332047  
  1.660000   -0.42413558961980   -0.12573287740303   -0.47685385758511  
  1.670000   -0.41956749741684   -0.12240931939472   -0.47267038567390  
  1.680000   -0.41502469644288   -0.11909914367376   -0.46848439510204  
  1.690000   -0.41050774436344   -0.11580275013439   -0.46429719446765  
  1.700000   -0.40601717592790   -0.11252057400922   -0.46011006331578  
  1.710000   -0.40155350277409   -0.10925308590841   -0.45592425202730  
  1.720000   -0.39711721334435   -0.10600079139832   -0.45174098173238  
  1.730000   -0.39270877291118   -0.10276423012678   -0.44756144424777  
  1.740000   -0.38832862371034   -0.09954397450731   -0.44338680203761  
  1.750000   -0.38397718517762   -0.09634062797790   -0.43921818819707  
  1.760000   -0.37965485428528   -0.09315482285494   -0.43505670645830  
  1.770000   -0.37536200597282   -0.08998721780600   -0.43090343121823  
  1.780000   -0.37109899366617   -0.08683849496920   -0.42675940758754  
  1.790000   -0.36686614987884   -0.08370935674986   -0.42262565146027  
  1.800000   -0.36266378688743   -0.08060052232817   -0.41850314960352  
  1.810000   -0.35849219747392   -0.07751272391431   -0.41439285976668  
  1.820000   -0.35435165572635   -0.07444670278932   -0.41029571080953  
  1.830000   -0.35024241788894   -0.07140320517230   -0.40621260284875  
  1.840000   -0.34616472325292   -0.06838297795534   -0.40214440742211  
  1.850000   -0.34211879507851   -0.06538676434926   -0.39809196766995  
  1.860000   -0.33810484153877   -0.06241529948306   -0.39405609853324  
  1.870000   -0.33412305667583   -0.05946930600075   -0.39003758696767  
  1.880000   -0.33017362136010   -0.05654948969860   -0.38603719217322  
  1.890000   -0.32625670424316   -0.05365653524516   -0.38205564583870  
  1.900000   -0.32237246269533   -0.05079110202552   -0.37809365240061  
  1.910000   -0.31852104371908   -0.04795382014949   -0.37415188931576  
  1.920000   -0.31470258483012   -0.04514528666176   -0.37023100734726  
  1.930000   -0.31091721489809   -0.04236606198975   -0.36633163086311  
  1.940000   -0.30716505493966   -0.03961666666233   -0.36245435814703  
  1.950000   -0.30344621885719   -0.03689757832971   -0.35859976172091  
  1.960000   -0.29976081411702   -0.03420922911186   -0.35476838867840  
  1.970000   -0.29610894236187   -0.03155200329907   -0.35096076102906  
  1.980000   -0.29249069995285   -0.02892623542526   -0.34717737605263  
  1.990000   -0.28890617843726   -0.02633220873034   -0.34341870666291  
  2.000000   -0.28535546493917   -0.02377015402447   -0.33968520178058  
  2.010000   -0.28183864247070   -0.02124024896292   -0.33597728671480  
  2.020000   -0.27835579016258   -0.01874261773628   -0.33229536355272  
  2.030000   -0.27490698341381   -0.01627733117678   -0.32863981155666  
  2.040000   -0.27149229396054   -0.01384440727736   -0.32501098756847  
  2.050000   -0.26811178986575   -0.01144381211642   -0.32140922642040  
  2.060000   -0.26476553543158   -0.00907546117705   -0.31783484135223  
  2.070000   -0.26145359103736   -0.00673922104613   -0.31428812443411  
  2.080000   -0.25817601290685   -0.00443491147500   -0.31076934699456  
  2.090000   -0.25493285280915   -0.00216230778010   -0.30727876005330  
  2.100000   -0.25172415769825    0.00007885644103   -0.30381659475836  
  2.110000   -0.24854996929678    0.00228888630591   -0.30038306282711  
  2.120000   -0.24541032363023    0.00446812238551   -0.29697835699062  
  2.130000   -0.24230525051813    0.00661693721694   -0.29360265144101  
  2.140000   -0.23923477302944    0.00873573162479   -0.29025610228134  
  2.150000   -0.23619890690932    0.01082493088663   -0.28693884797755  
  2.160000   -0.23319765998498    0.01288498077964   -0.28365100981200  
  2.170000   -0.23023103155857    0.01491634354602   -0.28039269233829  
  2.180000   -0.22729901179469    0.01691949381542   -0.27716398383675  
  2.190000   -0.22440158111087    0.01889491452244   -0.27396495677030  
  2.200000   -0.22153870957848    0.02084309285733   -0.27079566824029  
  2.210000   -0.21871035634208    0.02276451628715   -0.26765616044166  
  2.220000   -0.21591646906459    0.02465966868347   -0.26454646111738  
  2.230000   -0.21315698340556    0.02652902659183   -0.26146658401137  
  2.240000   -0.21043182253936    0.02837305567598   -0.25841652931977  
  2.250000   -0.20774089671973    0.03019220736819   -0.25539628414002  
  2.260000   -0.20508410289673    0.03198691575467   -0.25240582291746  
  2.270000   -0.20246132439133    0.03375759472249   -0.24944510788887  
  2.280000   -0.19987243063267    0.03550463539157   -0.24651408952286  
  2.290000   -0.19731727696192    0.03722840385253   -0.24361270695643  
  2.300000   -0.19479570450648    0.03892923922790   -0.24074088842758  
  2.310000   -0.19230754012716    0.04060745207076   -0.23789855170346  
  2.320000   -0.18985259644043    0.04226332311175   -0.23508560450379  
  2.330000   -0.18743067191710    0.04389710236166   -0.23230194491920  
  2.340000   -0.18504155105798    0.04550900857338   -0.22954746182412  
  2.350000   -0.18268500464624    0.04709922906343   -0.22682203528404  
  2.360000   -0.18036079007569    0.04866791988976   -0.22412553695664  
  2.370000   -0.17806865175307    0.05021520637907   -0.22145783048669  
  2.380000   -0.17580832157218    0.05174118399351   -0.21881877189430  
  2.390000   -0.17357951945656    0.05324591952343   -0.21620820995644  
  2.400000   -0.17138195396709    0.05472945258978   -0.21362598658123  
  2.410000   -0.16921532297008    0.05619179743675   -0.21107193717502  
  2.420000   -0.16707931436091    0.05763294499274   -0.20854589100190  
  2.430000   -0.16497360683780    0.05905286517514   -0.20604767153548  
  2.440000   -0.16289787071975    0.06045150941233   -0.20357709680278  
  2.450000   -0.16085176880230    0.06182881335440   -0.20113397971999  
  2.460000   -0.15883495724455    0.06318469974236   -0.19871812842006  
  2.470000   -0.15684708648029    0.06451908140453   -0.19632934657190  
  2.480000   -0.15488780214636    0.06583186434749   -0.19396743369112  
  2.490000   -0.15295674602066    0.06712295090878   -0.19163218544215  
  2.500000   -0.15105355696274    0.06839224293772   -0.18932339393177  
  2.510000   -0.14917787184945    0.06963964497104   -0.18704084799386  
  2.520000   -0.14732932649842    0.07086506737038   -0.18478433346543  
  2.530000   -0.14550755657231    0.07206842938905   -0.18255363345381  
  2.540000   -0.14371219845693    0.07324966213687   -0.18034852859503  
  2.550000   -0.14194289010647    0.07440871141270   -0.17816879730340  
  2.560000   -0.14019927184982    0.07554554037638   -0.17601421601231  
  2.570000   -0.13848098715186    0.07666013203307   -0.17388455940618  
  2.580000   -0.13678768332447    0.07775249150552   -0.17177960064380  
  2.590000   -0.13511901218220    0.07882264807189   -0.16969911157294  
  2.600000   -0.13347463063846    0.07987065694925   -0.16764286293639  
  2.610000   -0.13185420123813    0.08089660080570   -0.16561062456949  
  2.620000   -0.13025739262378    0.08190059098690   -0.16360216558932  
  2.630000   -0.12868387993267    0.08288276844558   -0.16161725457551  
  2.640000   -0.12713334512292    0.08384330436583   -0.15965565974296  
  2.650000   -0.12560547722755    0.08478240047714   -0.15771714910653  
  2.660000   -0.12409997253589    0.08570028905610   -0.15580149063777  
  2.670000   -0.12261653470265    0.08659723261698   -0.15390845241401  
  2.680000   -0.12115487478543    0.08747352329550   -0.15203780275979  
  2.690000   -0.11971471121224    0.08832948193304   -0.15018931038094  
  2.700000   -0.11829576968123    0.08916545687172   -0.14836274449138  
  2.710000   -0.11689778299533    0.08998182247336   -0.14655787493287  
  2.720000   -0.11552049083532    0.09077897737811   -0.14477447228795  
  2.730000   -0.11416363947509    0.09155734252123   -0.14301230798607  
  2.740000   -0.11282698144369    0.09231735892849   -0.14127115440335  
  2.750000   -0.11151027513886    0.09305948531297   -0.13955078495596  
  2.760000   -0.11021328439752    0.09378419549794   -0.13785097418745  
  2.770000   -0.10893577802878    0.09449197569178   -0.13617149785011  
  2.780000   -0.10767752931529    0.09518332164273   -0.13451213298075  
  2.790000   -0.10643831548935    0.09585873570179   -0.13287265797081  
  2.800000   -0.10521791718987    0.09651872382320   -0.13125285263133  
  2.810000   -0.10401611790674    0.09716379253231   -0.12965249825269  
  2.820000   -0.10283270341915    0.09779444589062   -0.12807137765952  
  2.830000   -0.10166746123409    0.09841118248806   -0.12650927526089  
  2.840000   -0.10052018003174    0.09901449249162   -0.12496597709594  
  2.850000   -0.09939064912368    0.09960485477912   -0.12344127087524  
  2.860000   -0.09827865793008    0.10018273418589   -0.12193494601799  
  2.870000   -0.09718399548160    0.10074857889048   -0.12044679368528  
  2.880000   -0.09610644995149    0.10130281796458   -0.11897660680959  
  2.890000   -0.09504580822276    0.10184585911007   -0.11752418012070  
  2.900000   -0.09400185549534    0.10237808660441   -0.11608931016819  
  2.910000   -0.09297437493711    0.10289985947333   -0.11467179534075  
  2.920000   -0.09196314738273    0.10341150990751   -0.11327143588230  
  2.930000   -0.09096795108324    0.10391334193718   -0.11188803390540  
  2.940000   -0.08998856150910    0.10440563037640   -0.11052139340172  
  2.950000   -0.08902475120864    0.10488862004547   -0.10917132025011  
  2.960000   -0.08807628972334    0.10536252527777   -0.10783762222207  
  2.970000   -0.08714294356072    0.10582752971381   -0.10652010898506  
  2.980000   -0.08622447622500    0.10628378638312   -0.10521859210363  
  2.990000   -0.08532064830523    0.10673141807105   -0.10393288503856  
  3.000000   -0.08443121761964    0.10717051796541   -0.10266280314408  
  3.010000   -0.08355593941492    0.10760115057466   -0.10140816366349  
  3.020000   -0.08269456661790    0.10802335290699   -0.10016878572303  
  3.030000   -0.08184685013725    0.10843713589699   -0.09894449032442  
  3.040000   -0.08101253921175    0.10884248606434   -0.09773510033589  
  3.050000   -0.08019138180159    0.10923936738665   -0.09654044048212  
  3.060000   -0.07938312501844    0.10962772336665   -0.09536033733296  
  3.070000   -0.07858751558998    0.11000747927197   -0.09419461929116  
  3.080000   -0.07780430035379    0.11037854452453   -0.09304311657922  
  3.090000   -0.07703322677569    0.11074081521468   -0.09190566122535  
  3.100000   -0.07627404348705    0.11109417671462   -0.09078208704886  
  3.110000   -0.07552650083550    0.11143850636454   -0.08967222964476  
  3.120000   -0.07479035144346    0.11177367620451   -0.08857592636798  
  3.130000   -0.07406535076867    0.11209955572454   -0.08749301631710  
  3.140000   -0.07335125766098    0.11241601460579   -0.08642334031773  
  3.150000   -0.07264783490977    0.11272292542542   -0.08536674090556  
  3.160000   -0.07195484977643    0.11302016629885   -0.08432306230937  
  3.170000   -0.07127207450631    0.11330762343327   -0.08329215043372  
  3.180000   -0.07059928681520    0.11358519356783   -0.08227385284174  
  3.190000   -0.06993627034519    0.11385278627690   -0.08126801873784  
  3.200000   -0.06928281508547    0.11411032611435   -0.08027449895053  
  3.210000   -0.06863871775368    0.11435775457852   -0.07929314591536  
  3.220000   -0.06800378213407    0.11459503187952   -0.07832381365803  
  3.230000   -0.06737781936907    0.11482213849239   -0.07736635777773  
  3.240000   -0.06676064820119    0.11503907648212   -0.07642063543078  
  3.250000   -0.06615209516310    0.11524587058853   -0.07548650531450  
  3.260000   -0.06555199471374    0.11544256906192   -0.07456382765156  
  3.270000   -0.06496018931917    0.11562924424249   -0.07365246417455  
  3.280000   -0.06437652947742    0.11580599287941   -0.07275227811111  
  3.290000   -0.06380087368702    0.11597293618789   -0.07186313416937  
  3.300000   -0.06323308835953    0.11613021964529   -0.07098489852390  
  3.310000   -0.06267304767686    0.11627801252985   -0.07011743880209  
  3.320000   -0.06212063339495    0.11641650720816   -0.06926062407101  
  3.330000   -0.06157573459552    0.11654591818011   -0.06841432482475  
  3.340000   -0.06103824738848    0.11666648089206   -0.06757841297221  
  3.350000   -0.06050807456780    0.11677845033173   -0.06675276182541  
  3.360000   -0.05998512522429    0.11688209941996   -0.06593724608817  
  3.370000   -0.05946931431891    0.11697771721666   -0.06513174184538  
  3.380000   -0.05896056222095    0.11706560695997   -0.06433612655258  
  3.390000   -0.05845879421536    0.11714608395933   -0.06355027902599  
  3.400000   -0.05796393998402    0.11721947336421   -0.06277407943305  
  3.410000   -0.05747593306610    0.11728610783169   -0.06200740928311  
  3.420000   -0.05699471030241    0.11734632511689   -0.06125015141872  
  3.430000   -0.05652021126932    0.11740046561063   -0.06050219000702  
  3.440000   -0.05605237770744    0.11744886984959   -0.05976341053152  
  3.450000   -0.05559115295057    0.11749187602388   -0.05903369978414  
  3.460000   -0.05513648136034    0.11752981750721   -0.05831294585739  
  3.470000   -0.05468830777172    0.11756302043420   -0.05760103813676  
  3.480000   -0.05424657695469    0.11759180134912   -0.05689786729327  
  3.490000   -0.05381123309713    0.11761646494902   -0.05620332527606  
  3.500000   -0.05338221931342    0.11763730194382   -0.05551730530508  
  3.510000   -0.05295947718357    0.11765458705385   -0.05483970186374  
  3.520000   -0.05254294632679    0.11766857716469   -0.05417041069163  
  3.530000   -0.05213256401348    0.11767950965677   -0.05350932877704  
  3.540000   -0.05172826481893    0.11768760092589   -0.05285635434951  
  3.550000   -0.05132998032175    0.11769304510847   -0.05221138687217  
  3.560000   -0.05093763884955    0.11769601302348   -0.05157432703391  
  3.570000   -0.05055116527400    0.11769665134068   -0.05094507674134  
  3.580000   -0.05017048085662    0.11769508198240   -0.05032353911056  
  3.590000   -0.04979550314655    0.11769140176397   -0.04970961845859  
  3.600000   -0.04942614593070    0.11768568227526   -0.04910322029459  
  3.610000   -0.04906231923632    0.11767797000349   -0.04850425131068  
  3.620000   -0.04870392938543    0.11766828669505   -0.04791261937252  
  3.630000   -0.04835087910018    0.11765662995178   -0.04732823350946  
  3.640000   -0.04800306765748    0.11764297405457   -0.04675100390436  
  3.650000   -0.04766039109099    0.11762727100529   -0.04618084188309  
  3.660000   -0.04732274243801    0.11760945177556   -0.04561765990356  
  3.670000   -0.04699001202828    0.11758942774924   -0.04506137154449  
  3.680000   -0.04666208781152    0.11756709234318   -0.04451189149366  
  3.690000   -0.04633885571989    0.11754232278951   -0.04396913553598  
  3.700000   -0.04602020006159    0.11751498206101   -0.04343302054105  
  3.710000   -0.04570600394110    0.11748492091970   -0.04290346445043  
  3.720000   -0.04539614970167    0.11745198006782   -0.04238038626465  
  3.730000   -0.04509051938534    0.11741599237929   -0.04186370602980  
  3.740000   -0.04478899520556    0.11737678518917   -0.04135334482394  
  3.750000   -0.04449146002746    0.11733418261805   -0.04084922474322  
  3.760000   -0.04419779785082    0.11728800790816   -0.04035126888777  
  3.770000   -0.04390789429064    0.11723808574793   -0.03985940134740  
  3.780000   -0.04362163705033    0.11718424456186   -0.03937354718720  
  3.790000   -0.04333891638279    0.11712631874324   -0.03889363243293  
  3.800000   -0.04305962553445    0.11706415080776   -0.03841958405639  
  3.810000   -0.04278366116792    0.11699759344690   -0.03795132996074  
  3.820000   -0.04251092375886    0.11692651146123   -0.03748879896581  
  3.830000   -0.04224131796311    0.11685078355507   -0.03703192079342  
  3.840000   -0.04197475295032    0.11677030397505   -0.03658062605284  
  3.850000   -0.04171114270081    0.11668498397741   -0.03613484622631  
  3.860000   -0.04145040626270    0.11659475310995   -0.03569451365474  
  3.870000   -0.04119246796664    0.11649956029692   -0.03525956152361  
  3.880000   -0.04093725759627    0.11639937471706   -0.03482992384912  
  3.890000   -0.04068471051251    0.11629418646701   -0.03440553546452  
  3.900000   -0.04043476773063    0.11618400700450   -0.03398633200689  
  3.910000   -0.04018737594942    0.11606886936815   -0.03357224990412  
  3.920000   -0.03994248753215    0.11594882817262   -0.03316322636234  
  3.930000   -0.03970006043962    0.11582395938049   -0.03275919935368  
  3.940000   -0.03946005811604    0.11569435985403   -0.03236010760449  
  3.950000   -0.03922244932905    0.11556014669273   -0.03196589058394  
  3.960000   -0.03898720796536    0.11542145636401   -0.03157648849315  
  3.970000   -0.03875431278425    0.11527844363703   -0.03119184225469  
  3.980000   -0.03852374713146    0.11513128033117   -0.03081189350259  
  3.990000   -0.03829549861629    0.11498015389273   -0.03043658457289  
  4.000000   -0.03806955875525    0.11482526581480   -0.03006585849451  
  4.010000   -0.03784592258581    0.11466682991710   -0.02969965898080  
  4.020000   -0.03762458825412    0.11450507050363   -0.02933793042138  
  4.030000   -0.03740555658087    0.11434022041726   -0.02898061787455  
  4.040000   -0.03718883060952    0.11417251901127   -0.02862766706012  
  4.050000   -0.03697441514147    0.11400221005865   -0.02827902435263  
  4.060000   -0.03676231626270    0.11382953962049   -0.02793463677511  
  4.070000   -0.03655254086657    0.11365475389502   -0.02759445199302  
  4.080000   -0.03634509617750    0.11347809706920   -0.02725841830880  
  4.090000   -0.03613998928005    0.11329980919422   -0.02692648465653  
  4.100000   -0.03593722665820    0.11312012410652   -0.02659860059706  
  4.110000   -0.03573681374908    0.11293926741480   -0.02627471631333  
  4.120000   -0.03553875451558    0.11275745457314   -0.02595478260596  
  4.130000   -0.03534305104193    0.11257488905939   -0.02563875088901  
  4.140000   -0.03514970315603    0.11239176067645   -0.02532657318593  
  4.150000   -0.03495870808222    0.11220824399345   -0.02501820212569  
  4.160000   -0.03477006012758    0.11202449694161   -0.02471359093884  
  4.170000   -0.03458375040492    0.11184065957861   -0.02441269345385  
  4.180000   -0.03439976659464    0.11165685303307   -0.02411546409324  
  4.190000   -0.03421809274801    0.11147317863924   -0.02382185786985  
  4.200000   -0.03403870913316    0.11128971726976   -0.02353183038298  
  4.210000   -0.03386159212540    0.11110652887260   -0.02324533781442  
  4.220000   -0.03368671414254    0.11092365221599   -0.02296233692444  
  4.230000   -0.03351404362558    0.11074110484335   -0.02268278504749  
  4.240000   -0.03334354506475    0.11055888323760   -0.02240664008788  
  4.250000   -0.03317517907038    0.11037696319290   -0.02213386051508  
  4.260000   -0.03300890248759    0.11019530038893   -0.02186440535890  
  4.270000   -0.03284466855344    0.11001383116160   -0.02159823420441  
  4.280000   -0.03268242709463    0.10983247346155   -0.02133530718649  
  4.290000   -0.03252212476367    0.10965112799034   -0.02107558498423  
  4.300000   -0.03236370531080    0.10946967950224   -0.02081902881491  
  4.310000   -0.03220710988879    0.10928799825799   -0.02056560042777  
  4.320000   -0.03205227738732    0.10910594161564   -0.02031526209744  
  4.330000   -0.03189914479348    0.10892335574179   -0.02006797661703  
  4.340000   -0.03174764757443    0.10874007742595   -0.01982370729095  
  4.350000   -0.03159772007849    0.10855593597936   -0.01958241792746  
  4.360000   -0.03144929595021    0.10837075519905   -0.01934407283088  
  4.370000   -0.03130230855538    0.10818435537726   -0.01910863679356  
  4.380000   -0.03115669141146    0.10799655533594   -0.01887607508758  
  4.390000   -0.03101237861911    0.10780717446603   -0.01864635345625  
  4.400000   -0.03086930529033    0.10761603475094   -0.01841943810535  
  4.410000   -0.03072740796900    0.10742296275422   -0.01819529569419  
  4.420000   -0.03058662503945    0.10722779155162   -0.01797389332659  
  4.430000   -0.03044689711901    0.10703036258843   -0.01775519854159  
  4.440000   -0.03030816743052    0.10683052744390   -0.01753917930417  
  4.450000   -0.03017038215125    0.10662814948525   -0.01732580399589  
  4.460000   -0.03003349073452    0.10642310539546   -0.01711504140543  
  4.470000   -0.02989744620104    0.10621528655969   -0.01690686071924  
  4.480000   -0.02976220539696    0.10600460029725   -0.01670123151209  
  4.490000   -0.02962772921622    0.10579097092730   -0.01649812373782  
  4.500000   -0.02949398278493    0.10557434065821   -0.01629750772011  
  4.510000   -0.02936093560613    0.10535467029236   -0.01609935414343  
  4.520000   -0.02922856166339    0.10513193974009   -0.01590363404412  
  4.530000   -0.02909683948254    0.10490614833828   -0.01571031880174  
  4.540000   -0.02896575215080    0.10467731497116   -0.01551938013059  
  4.550000   -0.02883528729332    0.10444547799291   -0.01533079007150  
  4.560000   -0.02870543700742    0.10421069495343   -0.01514452098395  
  4.570000   -0.02857619775531    0.10397304213102   -0.01496054553844  
  4.580000   -0.02844757021650    0.10373261387711   -0.01477883670925  
  4.590000   -0.02831955910132    0.10348952178042   -0.01459936776750  
  4.600000   -0.02819217292772    0.10324389365971   -0.01442211227462  
  4.610000   -0.02806542376347    0.10299587239560   -0.01424704407617  
  4.620000   -0.02793932693658    0.10274561461401   -0.01407413729605  
  4.630000   -0.02781390071677    0.10249328923484   -0.01390336633115  
  4.640000   -0.02768916597128    0.10223907590098   -0.01373470584629  
  4.650000   -0.02756514579861    0.10198316330379   -0.01356813076970  
  4.660000   -0.02744186514376    0.10172574742237   -0.01340361628880  
  4.670000   -0.02731935039885    0.10146702969440   -0.01324113784636  
  4.680000   -0.02719762899327    0.10120721513735   -0.01308067113713  
  4.690000   -0.02707672897731    0.10094651043894   -0.01292219210471  
  4.700000   -0.02695667860350    0.10068512203622   -0.01276567693891  
  4.710000   -0.02683750590980    0.10042325420262   -0.01261110207330  
  4.720000   -0.02671923830878    0.10016110716199   -0.01245844418319  
  4.730000   -0.02660190218685    0.09989887524870   -0.01230768018385  
  4.740000   -0.02648552251752    0.09963674513198   -0.01215878722896  
  4.750000   -0.02637012249233    0.09937489412209   -0.01201174270939  
  4.760000   -0.02625572317331    0.09911348857515   -0.01186652425210  
  4.770000   -0.02614234317011    0.09885268241229   -0.01172310971928  
  4.780000   -0.02602999834502    0.09859261576753   -0.01158147720763  
  4.790000   -0.02591870154875    0.09833341377768   -0.01144160504773  
  4.800000   -0.02580846238937    0.09807518552581   -0.01130347180354  
  4.810000   -0.02569928703669    0.09781802314851   -0.01116705627199  
  4.820000   -0.02559117806382    0.09756200111523   -0.01103233748249  
  4.830000   -0.02548413432734    0.09730717568655   -0.01089929469658  
  4.840000   -0.02537815088723    0.09705358455611   -0.01076790740742  
  4.850000   -0.02527321896705    0.09680124667924   -0.01063815533936  
  4.860000   -0.02516932595468    0.09655016228944   -0.01051001844732  
  4.870000   -0.02506645544346    0.09630031310191   -0.01038347691612  
  4.880000   -0.02496458731314    0.09605166270148   -0.01025851115967  
  4.890000   -0.02486369784967    0.09580415711053   -0.01013510182001  
  4.900000   -0.02476375990241    0.09555772553055   -0.01001322976622  
  4.910000   -0.02466474307719    0.09531228124938   -0.00989287609307  
  4.920000   -0.02456661396297    0.09506772270451   -0.00977402211959  
  4.930000   -0.02446933638975    0.09482393469126   -0.00965664938735  
  4.940000   -0.02437287171508    0.09458078970330   -0.00954073965856  
  4.950000   -0.02427717913606    0.09433814939155   -0.00942627491397  
  4.960000   -0.02418221602370    0.09409586612653   -0.00931323735056  
  4.970000   -0.02408793827610    0.09385378464817   -0.00920160937896  
  4.980000   -0.02399430068687    0.09361174378616   -0.00909137362079  
  4.990000   -0.02390125732499    0.09336957823339   -0.00898251290563  
  5.000000   -0.02380876192230    0.09312712035458   -0.00887501026795  
  5.010000   -0.02371676826456    0.09288420201175   -0.00876884894379  
  5.020000   -0.02362523058224    0.09264065638817   -0.00866401236727  
  5.030000   -0.02353410393706    0.09239631979252   -0.00856048416700  
  5.040000   -0.02344334460028    0.09215103342522   -0.00845824816233  
  5.050000   -0.02335291041919    0.09190464508916   -0.00835728835949  
  5.060000   -0.02326276116783    0.09165701082813   -0.00825758894769  
  5.070000   -0.02317285887870    0.09140799647635   -0.00815913429508  
  5.080000   -0.02308316815201    0.09115747910410   -0.00806190894479  
  5.090000   -0.02299365643948    0.09090534834512   -0.00796589761083  
  5.100000   -0.02290429429990    0.09065150759286   -0.00787108517412  
  5.110000   -0.02281505562386    0.09039587505382   -0.00777745667846  
  5.120000   -0.02272591782560    0.09013838464811   -0.00768499732670  
  5.130000   -0.02263686200007    0.08987898674830   -0.00759369247684  
  5.140000   -0.02254787304360    0.08961764874997   -0.00750352763837  
  5.150000   -0.02245893973730    0.08935435546838   -0.00741448846874  
  5.160000   -0.02237005479216    0.08908910935812   -0.00732656076992  
  5.170000   -0.02228121485575    0.08882193055376   -0.00723973048522  
  5.180000   -0.02219242048035    0.08855285673191   -0.00715398369631  
  5.190000   -0.02210367605302    0.08828194279628   -0.00706930662041  
  5.200000   -0.02201498968841    0.08800926038972   -0.00698568560779  
  5.210000   -0.02192637308546    0.08773489723845   -0.00690310713946  
  5.220000   -0.02183784134945    0.08745895633564   -0.00682155782519  
  5.230000   -0.02174941278142    0.08718155497296   -0.00674102440173  
  5.240000   -0.02166110863700    0.08690282363028   -0.00666149373137  
  5.250000   -0.02157295285724    0.08662290473519   -0.00658295280074  
  5.260000   -0.02148497177417    0.08634195130492   -0.00650538871993  
  5.270000   -0.02139719379411    0.08606012548494   -0.00642878872186  
  5.280000   -0.02130964906196    0.08577759699899   -0.00635314016193  
  5.290000   -0.02122236910989    0.08549454152654   -0.00627843051797  
  5.300000   -0.02113538649397    0.08521113902398   -0.00620464739041  
  5.310000   -0.02104873442240    0.08492757200683   -0.00613177850268  
  5.320000   -0.02096244637916    0.08464402381009   -0.00605981170192  
  5.330000   -0.02087655574675    0.08436067684443   -0.00598873495983  
  5.340000   -0.02079109543185    0.08407771086579   -0.00591853637372  
  5.350000   -0.02070609749771    0.08379530127550   -0.00584920416778  
  5.360000   -0.02062159280676    0.08351361746827   -0.00578072669442  
  5.370000   -0.02053761067716    0.08323282124420   -0.00571309243585  
  5.380000   -0.02045417855663    0.08295306530084   -0.00564629000564  
  5.390000   -0.02037132171669    0.08267449182008   -0.00558030815042  
  5.400000   -0.02028906297050    0.08239723116388   -0.00551513575162  
  5.410000   -0.02020742241685    0.08212140069163   -0.00545076182720  
  5.420000   -0.02012641721295    0.08184710371080   -0.00538717553343  
  5.430000   -0.02004606137811    0.08157442857084   -0.00532436616653  
  5.440000   -0.01996636563030    0.08130344790934   -0.00526232316438  
  5.450000   -0.01988733725696    0.08103421805739   -0.00520103610800  
  5.460000   -0.01980898002140    0.08076677860978   -0.00514049472305  
  5.470000   -0.01973129410563    0.08050115216401   -0.00508068888104  
  5.480000   -0.01965427608995    0.08023734423005   -0.00502160860054  
  5.490000   -0.01957791896952    0.07997534331161   -0.00496324404805  
  5.500000   -0.01950221220756    0.07971512115735   -0.00490558553877  
  5.510000   -0.01942714182464    0.07945663317929   -0.00484862353711  
  5.520000   -0.01935269052290    0.07919981903365   -0.00479234865696  
  5.530000   -0.01927883784395    0.07894460335786   -0.00473675166173  
  5.540000   -0.01920556035879    0.07869089665595   -0.00468182346407  
  5.550000   -0.01913283188766    0.07843859632307   -0.00462755512542  
  5.560000   -0.01906062374754    0.07818758779832   -0.00457393785519  
  5.570000   -0.01898890502477    0.07793774583417   -0.00452096300975  
  5.580000   -0.01891764286997    0.07768893586923   -0.00446862209103  
  5.590000   -0.01884680281215    0.07744101549036   -0.00441690674499  
  5.600000   -0.01877634908887    0.07719383596921   -0.00436580875970  
  5.610000   -0.01870624498906    0.07694724385746   -0.00431532006324  
  5.620000   -0.01863645320497    0.07670108262463   -0.00426543272130  
  5.630000   -0.01856693618969    0.07645519432184   -0.00421613893458  
  5.640000   -0.01849765651669    0.07620942125472   -0.00416743103597  
  5.650000   -0.01842857723763    0.07596360764859   -0.00411930148748  
  5.660000   -0.01835966223489    0.07571760128915   -0.00407174287707  
  5.670000   -0.01829087656530    0.07547125512233   -0.00402474791525  
  5.680000   -0.01822218679156    0.07522442879711   -0.00397830943158  
  5.690000   -0.01815356129810    0.07497699013615   -0.00393242037102  
  5.700000   -0.01808497058819    0.07472881651934   -0.00388707379024  
  5.710000   -0.01801638755933    0.07447979616677   -0.00384226285384  
  5.720000   -0.01794778775420    0.07422982930831   -0.00379798083053  
  5.730000   -0.01787914958480    0.07397882922837   -0.00375422108931  
  5.740000   -0.01781045452733    0.07372672317554   -0.00371097709566  
  5.750000   -0.01774168728616    0.07347345312833   -0.00366824240779  
  5.760000   -0.01767283592520    0.07321897640961   -0.00362601067296  
  5.770000   -0.01760389196539    0.07296326614391   -0.00358427562386  
  5.780000   -0.01753485044739    0.07270631155336   -0.00354303107515  
  5.790000   -0.01746570995900    0.07244811808964   -0.00350227092012  
  5.800000   -0.01739647262704    0.07218870740098   -0.00346198912756  
  5.810000   -0.01732714407384    0.07192811713492   -0.00342217973871  
  5.820000   -0.01725773333885    0.07166640057925   -0.00338283686454  
  5.830000   -0.01718825276627    0.07140362614497   -0.00334395468315  
  5.840000   -0.01711871785986    0.07113987669704   -0.00330552743744  
  5.850000   -0.01704914710652    0.07087524873972   -0.00326754943304  
  5.860000   -0.01697956177029    0.07060985146535   -0.00323001503646  
  5.870000   -0.01690998565924    0.07034380567614   -0.00319291867349  
  5.880000   -0.01684044486728    0.07007724259037   -0.00315625482792  
  5.890000   -0.01677096749382    0.06981030254512   -0.00312001804042  
  5.900000   -0.01670158334395    0.06954313360883   -0.00308420290784  
  5.910000   -0.01663232361235    0.06927589011796   -0.00304880408257  
  5.920000   -0.01656322055404    0.06900873115256   -0.00301381627231  
  5.930000   -0.01649430714533    0.06874181896627   -0.00297923424004  
  5.940000   -0.01642561673838    0.06847531738668   -0.00294505280414  
  5.950000   -0.01635718271298    0.06820939020222   -0.00291126683888  
  5.960000   -0.01628903812885    0.06794419955179   -0.00287787127493  
  5.970000   -0.01622121538211    0.06767990433355   -0.00284486110025  
  5.980000   -0.01615374586937    0.06741665864859   -0.00281223136097  
  5.990000   -0.01608665966263    0.06715461029533   -0.00277997716253  
  6.000000   -0.01601998519850    0.06689389932958   -0.00274809367089  
  6.010000   -0.01595374898461    0.06663465670471   -0.00271657611386  
  6.020000   -0.01588797532621    0.06637700300541   -0.00268541978250  
  6.030000   -0.01582268607574    0.06612104728768   -0.00265462003260  
  6.040000   -0.01575790040768    0.06586688603653   -0.00262417228609  
  6.050000   -0.01569363462107    0.06561460225154   -0.00259407203262  
  6.060000   -0.01562990197148    0.06536426466948   -0.00256431483092  
  6.070000   -0.01556671253420    0.06511592713135   -0.00253489631032  
  6.080000   -0.01550407309979    0.06486962810001   -0.00250581217200  
  6.090000   -0.01544198710315    0.06462539033305   -0.00247705819030  
  6.100000   -0.01538045458667    0.06438322071385   -0.00244863021384  
  6.110000   -0.01531947219774    0.06414311024216   -0.00242052416652  
  6.120000   -0.01525903322061    0.06390503418420   -0.00239273604839  
  6.130000   -0.01519912764226    0.06366895238026   -0.00236526193632  
  6.140000   -0.01513974225141    0.06343480970657   -0.00233809798446  
  6.150000   -0.01508086076978    0.06320253668648   -0.00231124042461  
  6.160000   -0.01502246401404    0.06297205024445   -0.00228468556625  
  6.170000   -0.01496453008690    0.06274325459511   -0.00225842979641  
  6.180000   -0.01490703459532    0.06251604225813   -0.00223246957938  
  6.190000   -0.01484995089350    0.06229029518848   -0.00220680145604  
  6.200000   -0.01479325034827    0.06206588601050   -0.00218142204311  
  6.210000   -0.01473690262416    0.06184267934321   -0.00215632803209  
  6.220000   -0.01468087598510    0.06162053320325   -0.00213151618799  
  6.230000   -0.01462513760983    0.06139930047133   -0.00210698334785  
  6.240000   -0.01456965391783    0.06117883040724   -0.00208272641904  
  6.250000   -0.01451439090222    0.06095897019808   -0.00205874237738  
  6.260000   -0.01445931446667    0.06073956652410   -0.00203502826502  
  6.270000   -0.01440439076246    0.06052046712640   -0.00201158118818  
  6.280000   -0.01434958652269    0.06030152236056   -0.00198839831478  
  6.290000   -0.01429486939002    0.06008258672081   -0.00196547687180  
  6.300000   -0.01424020823474    0.05986352031921   -0.00194281414265  
  6.310000   -0.01418557345996    0.05964419030526   -0.00192040746436  
  6.320000   -0.01413093729096    0.05942447221157   -0.00189825422471  
  6.330000   -0.01407627404559    0.05920425121230   -0.00187635185931  
  6.340000   -0.01402156038329    0.05898342328175   -0.00185469784864  
  6.350000   -0.01396677553005    0.05876189624170   -0.00183328971507  
  6.360000   -0.01391190147718    0.05853959068711   -0.00181212501988  
  6.370000   -0.01385692315193    0.05831644078105   -0.00179120136037  
  6.380000   -0.01380182855822    0.05809239491113   -0.00177051636695  
  6.390000   -0.01374660888622    0.05786741620098   -0.00175006770035  
  6.400000   -0.01369125858958    0.05764148287198   -0.00172985304892  
  6.410000   -0.01363577542973    0.05741458845173   -0.00170987012608  
  6.420000   -0.01358016048674    0.05718674182754   -0.00169011666787  
  6.430000   -0.01352441813676    0.05695796714454   -0.00167059043063  
  6.440000   -0.01346855599626    0.05672830354984   -0.00165128918898  
  6.450000   -0.01341258483374    0.05649780478538   -0.00163221073380  
  6.460000   -0.01335651844979    0.05626653863404   -0.00161335287057  
  6.470000   -0.01330037352683    0.05603458622461   -0.00159471341784  
  6.480000   -0.01324416944996    0.05580204120305   -0.00157629020595  
  6.490000   -0.01318792810096    0.05556900877845   -0.00155808107593  
  6.500000   -0.01313167362737    0.05533560465361   -0.00154008387867  
  6.510000   -0.01307543218912    0.05510195385111   -0.00152229647429  
  6.520000   -0.01301923168526    0.05486818944695   -0.00150471673179  
  6.530000   -0.01296310146361    0.05463445122462   -0.00148734252885  
  6.540000   -0.01290707201619    0.05440088426324   -0.00147017175186  
  6.550000   -0.01285117466361    0.05416763747424   -0.00145320229627  
  6.560000   -0.01279544123160    0.05393486210124   -0.00143643206698  
  6.570000   -0.01273990372289    0.05370271019842   -0.00141985897900  
  6.580000   -0.01268459398784    0.05347133310269   -0.00140348095836  
  6.590000   -0.01262954339702    0.05324087991515   -0.00138729594300  
  6.600000   -0.01257478251921    0.05301149600697   -0.00137130188400  
  6.610000   -0.01252034080788    0.05278332156489   -0.00135549674678  
  6.620000   -0.01246624629935    0.05255649019088   -0.00133987851254  
  6.630000   -0.01241252532577    0.05233112756991   -0.00132444517964  
  6.640000   -0.01235920224562    0.05210735021933   -0.00130919476521  
  6.650000   -0.01230629919446    0.05188526433219   -0.00129412530666  
  6.660000   -0.01225383585858    0.05166496472616   -0.00127923486331  
  6.670000   -0.01220182927352    0.05144653390836   -0.00126452151797  
  6.680000   -0.01215029364971    0.05123004126555   -0.00124998337850  
  6.690000   -0.01209924022676    0.05101554238745   -0.00123561857937  
  6.700000   -0.01204867715799    0.05080307853005   -0.00122142528312  
  6.710000   -0.01199860942618    0.05059267622396   -0.00120740168172  
  6.720000   -0.01194903879142    0.05038434703168   -0.00119354599788  
  6.730000   -0.01189996377158    0.05017808745594   -0.00117985648619  
  6.740000   -0.01185137965545    0.04997387899993   -0.00116633143414  
  6.750000   -0.01180327854847    0.04977168837852   -0.00115296916300  
  6.760000   -0.01175564945050    0.04957146787822   -0.00113976802854  
  6.770000   -0.01170847836478    0.04937315586207   -0.00112672642153  
  6.780000   -0.01166174843703    0.04917667741408   -0.00111384276806  
  6.790000   -0.01161544012317    0.04898194511669   -0.00110111552976  
  6.800000   -0.01156953138395    0.04878885995312   -0.00108854320367  
  6.810000   -0.01152399790451    0.04859731232550   -0.00107612432202  
  6.820000   -0.01147881333663    0.04840718317819   -0.00106385745177  
  6.830000   -0.01143394956117    0.04821834521501   -0.00105174119393  
  6.840000   -0.01138937696807    0.04803066419790   -0.00103977418270  
  6.850000   -0.01134506475102    0.04784400031386   -0.00102795508445  
  6.860000   -0.01130098121390    0.04765820959625   -0.00101628259639  
  6.870000   -0.01125709408572    0.04747314538613   -0.00100475544526  
  6.880000   -0.01121337084106    0.04728865981886   -0.00099337238565  
  6.890000   -0.01116977902269    0.04710460532082   -0.00098213219831  
  6.900000   -0.01112628656307    0.04692083610134   -0.00097103368827  
  6.910000   -0.01108286210160    0.04673720962459   -0.00096007568280  
  6.920000   -0.01103947529428    0.04655358804686   -0.00094925702938  
  6.930000   -0.01099609711285    0.04636983960446   -0.00093857659345  
  6.940000   -0.01095270013021    0.04618583993865   -0.00092803325618  
  6.950000   -0.01090925878941    0.04600147334402   -0.00091762591219  
  6.960000   -0.01086574965346    0.04581663392796   -0.00090735346720  
  6.970000   -0.01082215163339    0.04563122666958   -0.00089721483572  
  6.980000   -0.01077844619246    0.04544516836756   -0.00088720893873  
  6.990000   -0.01073461752425    0.04525838846737   -0.00087733470146  
  7.000000   -0.01069065270311    0.04507082975976   -0.00086759105110  
  7.010000   -0.01064654180526    0.04488244894357   -0.00085797691475  
  7.020000   -0.01060227799951    0.04469321704728   -0.00084849121736  
  7.030000   -0.01055785760661    0.04450311970520   -0.00083913287984  
  7.040000   -0.01051328012674    0.04431215728574   -0.00082990081726  
  7.050000   -0.01046854823480    0.04412034487053   -0.00082079393724  
  7.060000   -0.01042366774371    0.04392771208465   -0.00081181113851  
  7.070000   -0.01037864753596    0.04373430278011   -0.00080295130963  
  7.080000   -0.01033349946430    0.04354017457558   -0.00079421332789  
  7.090000   -0.01028823822241    0.04334539825733   -0.00078559605843  
  7.100000   -0.01024288118711    0.04315005704757   -0.00077709835357  
  7.110000   -0.01019744823348    0.04295424574753   -0.00076871905230  
  7.120000   -0.01015196152496    0.04275806976422   -0.00076045698011  
  7.130000   -0.01010644528050    0.04256164403061   -0.00075231094885  
  7.140000   -0.01006092552116    0.04236509183039   -0.00074427975697  
  7.150000   -0.01001542979861    0.04216854353906   -0.00073636218989  
  7.160000   -0.00996998690852    0.04197213529428   -0.00072855702057  
  7.170000   -0.00992462659146    0.04177600760888   -0.00072086301034  
  7.180000   -0.00987937922462    0.04158030394048   -0.00071327890984  
  7.190000   -0.00983427550718    0.04138516923239   -0.00070580346017  
  7.200000   -0.00978934614279    0.04119074844030   -0.00069843539426  
  7.210000   -0.00974462152211    0.04099718505981   -0.00069117343828  
  7.220000   -0.00970013140884    0.04080461966958   -0.00068401631328  
  7.230000   -0.00965590463217    0.04061318850468   -0.00067696273689  
  7.240000   -0.00961196878901    0.04042302207479   -0.00067001142514  
  7.250000   -0.00956834995870    0.04023424384082   -0.00066316109438  
  7.260000   -0.00952507243338    0.04004696896347   -0.00065641046320  
  7.270000   -0.00948215846646    0.03986130313632   -0.00064975825445  
  7.280000   -0.00943962804189    0.03967734151497   -0.00064320319724  
  7.290000   -0.00939749866646    0.03949516775319   -0.00063674402893  
  7.300000   -0.00935578518721    0.03931485315557   -0.00063037949718  
  7.310000   -0.00931449963584    0.03913645595525   -0.00062410836180  
  7.320000   -0.00927365110162    0.03896002072390   -0.00061792939671  
  7.330000   -0.00923324563404    0.03878557791976   -0.00061184139166  
  7.340000   -0.00919328617626    0.03861314357834   -0.00060584315398  
  7.350000   -0.00915377252987    0.03844271914868   -0.00059993351010  
  7.360000   -0.00911470135146    0.03827429147693   -0.00059411130704  
  7.370000   -0.00907606618091    0.03810783293704   -0.00058837541365  
  7.380000   -0.00903785750111    0.03794330170749   -0.00058272472174  
  7.390000   -0.00900006282849    0.03778064219097   -0.00057715814708  
  7.400000   -0.00896266683355    0.03761978557276   -0.00057167463010  
  7.410000   -0.00892565148990    0.03746065051216   -0.00056627313651  
  7.420000   -0.00888899625062    0.03730314395988   -0.00056095265768  
  7.430000   -0.00885267824983    0.03714716209309   -0.00055571221082  
  7.440000   -0.00881667252772    0.03699259135866   -0.00055055083894  
  7.450000   -0.00878095227648    0.03683930961404   -0.00054546761069  
  7.460000   -0.00874548910490    0.03668718735420   -0.00054046161988  
  7.470000   -0.00871025331880    0.03653608901222   -0.00053553198492  
  7.480000   -0.00867521421444    0.03638587432043   -0.00053067784800  
  7.490000   -0.00864034038216    0.03623639971831   -0.00052589837415  
  7.500000   -0.00860560001688    0.03608751979293   -0.00052119275009  
  7.510000   -0.00857096123257    0.03593908873743   -0.00051656018293  
  7.520000   -0.00853639237744    0.03579096181286   -0.00051199989873  
  7.530000   -0.00850186234662    0.03564299679851   -0.00050751114101  
  7.540000   -0.00846734088925    0.03549505541630   -0.00050309316898  
  7.550000   -0.00843279890690    0.03534700471467   -0.00049874525585  
  7.560000   -0.00839820874021    0.03519871839828   -0.00049446668699  
  7.570000   -0.00836354444100    0.03505007808987   -0.00049025675801  
  7.580000   -0.00832878202701    0.03490097451182   -0.00048611477286  
  7.590000   -0.00829389971679    0.03475130857537   -0.00048204004188  
  7.600000   -0.00825887814230    0.03460099236660   -0.00047803187983  
  7.610000   -0.00822370053714    0.03444995001928   -0.00047408960405  
  7.620000   -0.00818835289850    0.03429811846581   -0.00047021253251  
  7.630000   -0.00815282412124    0.03414544805870   -0.00046639998203  
  7.640000   -0.00811710610267    0.03399190305641   -0.00046265126655  
  7.650000   -0.00808119381713    0.03383746196860   -0.00045896569550  
  7.660000   -0.00804508535943    0.03368211775746   -0.00045534257226  
  7.670000   -0.00800878195693    0.03352587789305   -0.00045178119281  
  7.680000   -0.00797228794998    0.03336876426214   -0.00044828084442  
  7.690000   -0.00793561074104    0.03321081293152   -0.00044484080460  
  7.700000   -0.00789876071290    0.03305207376820   -0.00044146034018  
  7.710000   -0.00786175111695    0.03289260992031   -0.00043813870652  
  7.720000   -0.00782459793252    0.03273249716406   -0.00043487514695  
  7.730000   -0.00778731969876    0.03257182312329   -0.00043166889240  
  7.740000   -0.00774993732081    0.03241068636945   -0.00042851916120  
  7.750000   -0.00771247385213    0.03224919541131   -0.00042542515906  
  7.760000   -0.00767495425525    0.03208746758436   -0.00042238607927  
  7.770000   -0.00763740514332    0.03192562785130   -0.00041940110305  
  7.780000   -0.00759985450511    0.03176380752555   -0.00041646940015  
  7.790000   -0.00756233141623    0.03160214293088   -0.00041359012954  
  7.800000   -0.00752486573938    0.03144077401052   -0.00041076244035  
  7.810000   -0.00748748781684    0.03127984289973   -0.00040798547289  
  7.820000   -0.00745022815815    0.03111949247650   -0.00040525835988  
  7.830000   -0.00741311712620    0.03095986490467   -0.00040258022779  
  7.840000   -0.00737618462486    0.03080110018439   -0.00039995019829  
  7.850000   -0.00733945979133    0.03064333472441   -0.00039736738983  
  7.860000   -0.00730297069632    0.03048669995070   -0.00039483091928  
  7.870000   -0.00726674405499    0.03033132096537   -0.00039233990361  
  7.880000   -0.00723080495178    0.03017731526938   -0.00038989346175  
  7.890000   -0.00719517658162    0.03002479156204   -0.00038749071629  
  7.900000   -0.00715988001036    0.02987384862930   -0.00038513079538  
  7.910000   -0.00712493395672    0.02972457433210   -0.00038281283446  
  7.920000   -0.00709035459802    0.02957704470501   -0.00038053597813  
  7.930000   -0.00705615540163    0.02943132317415   -0.00037829938181  
  7.940000   -0.00702234698379    0.02928745990250   -0.00037610221345  
  7.950000   -0.00698893699733    0.02914549126898   -0.00037394365516  
  7.960000   -0.00695593004933    0.02900543948672   -0.00037182290465  
  7.970000   -0.00692332764963    0.02886731236434   -0.00036973917665  
  7.980000   -0.00689112819068    0.02873110321274   -0.00036769170419  
  7.990000   -0.00685932695890    0.02859679089824   -0.00036567973969  
  8.000000   -0.00682791617752    0.02846434004163   -0.00036370255593  
  8.010000   -0.00679688508039    0.02833370136121   -0.00036175944690  
  8.020000   -0.00676622001616    0.02820481215631   -0.00035984972839  
  8.030000   -0.00673590458157    0.02807759692642   -0.00035797273845  
  8.040000   -0.00670591978270    0.02795196811983   -0.00035612783771  
  8.050000   -0.00667624422255    0.02782782700421   -0.00035431440945  
  8.060000   -0.00664685431286    0.02770506465031   -0.00035253185948  
  8.070000   -0.00661772450838    0.02758356301903   -0.00035077961591  
  8.080000   -0.00658882756089    0.02746319614080   -0.00034905712862  
  8.090000   -0.00656013479065    0.02734383137550   -0.00034736386871  
  8.100000   -0.00653161637247    0.02722533074018   -0.00034569932758  
  8.110000   -0.00650324163346    0.02710755229121   -0.00034406301605  
  8.120000   -0.00647497935961    0.02699035154703   -0.00034245446317  
  8.130000   -0.00644679810795    0.02687358293698   -0.00034087321493  
  8.140000   -0.00641866652121    0.02675710126188   -0.00033931883292  
  8.150000   -0.00639055364189    0.02664076315128   -0.00033779089276  
  8.160000   -0.00636242922241    0.02652442850309   -0.00033628898247  
  8.170000   -0.00633426402832    0.02640796189063   -0.00033481270079  
  8.180000   -0.00630603013151    0.02629123392329   -0.00033336165541  
  8.190000   -0.00627770119039    0.02617412254673   -0.00033193546111  
  8.200000   -0.00624925271429    0.02605651426969   -0.00033053373792  
  8.210000   -0.00622066230930    0.02593830530493   -0.00032915610926  
  8.220000   -0.00619190990321    0.02581940261264   -0.00032780220006  
  8.230000   -0.00616297794707    0.02569972483592   -0.00032647163495  
  8.240000   -0.00613385159157    0.02557920311873   -0.00032516403641  
  8.250000   -0.00610451883616    0.02545778179796   -0.00032387902307  
  8.260000   -0.00607497064968    0.02533541896266   -0.00032261620804  
  8.270000   -0.00604520106104    0.02521208687455   -0.00032137519734  
  8.280000   -0.00601520721914    0.02508777224571   -0.00032015558843  
  8.290000   -0.00598498942129    0.02496247637028   -0.00031895696892  
  8.300000   -0.00595455111006    0.02483621510894   -0.00031777891528  
  8.310000   -0.00592389883820    0.02470901872613   -0.00031662099188  
  8.320000   -0.00589304220233    0.02458093158157   -0.00031548275005  
  8.330000   -0.00586199374580    0.02445201167906   -0.00031436372734  
  8.340000   -0.00583076883178    0.02432233007699   -0.00031326344699  
  8.350000   -0.00579938548777    0.02419197016644   -0.00031218141752  
  8.360000   -0.00576786422322    0.02406102682398   -0.00031111713257  
  8.370000   -0.00573622782183    0.02392960544766   -0.00031007007083  
  8.380000   -0.00570450111084    0.02379782088569   -0.00030903969625  
  8.390000   -0.00567271070951    0.02366579626875   -0.00030802545835  
  8.400000   -0.00564088475925    0.02353366175728   -0.00030702679273  
  8.410000   -0.00560905263825    0.02340155321663   -0.00030604312179  
  8.420000   -0.00557724466333    0.02326961083313   -0.00030507385554  
  8.430000   -0.00554549178207    0.02313797768500   -0.00030411839261  
  8.440000   -0.00551382525832    0.02300679828256   -0.00030317612136  
  8.450000   -0.00548227635421    0.02287621709234   -0.00030224642119  
  8.460000   -0.00545087601187    0.02274637705987   -0.00030132866389  
  8.470000   -0.00541965453812    0.02261741814616   -0.00030042221512  
  8.480000   -0.00538864129522    0.02248947589261   -0.00029952643596  
  8.490000   -0.00535786440087    0.02236268002863   -0.00029864068458  
  8.500000   -0.00532735044044    0.02223715313637   -0.00029776431791  
  8.510000   -0.00529712419439    0.02211300938573   -0.00029689669333  
  8.520000   -0.00526720838356    0.02199035335270   -0.00029603717044  
  8.530000   -0.00523762343505    0.02186927893287   -0.00029518511278  
  8.540000   -0.00520838727086    0.02174986836121   -0.00029433988955  
  8.550000   -0.00517951512170    0.02163219134810   -0.00029350087728  
  8.560000   -0.00515101936761    0.02151630434038   -0.00029266746146  
  8.570000   -0.00512290940725    0.02140224991512   -0.00029183903810  
  8.580000   -0.00509519155696    0.02129005631212   -0.00029101501521  
  8.590000   -0.00506786898096    0.02117973711030   -0.00029019481415  
  8.600000   -0.00504094165309    0.02107129105112   -0.00028937787088  
  8.610000   -0.00501440635073    0.02096470201115   -0.00028856363714  
  8.620000   -0.00498825668094    0.02085993912415   -0.00028775158141  
  8.630000   -0.00496248313851    0.02075695705164   -0.00028694118978  
  8.640000   -0.00493707319556    0.02065569639935   -0.00028613196662  
  8.650000   -0.00491201142156    0.02055608427558   -0.00028532343515  
  8.660000   -0.00488727963287    0.02045803498599   -0.00028451513781  
  8.670000   -0.00486285707011    0.02036145085800   -0.00028370663648  
  8.680000   -0.00483872060174    0.02026622318660   -0.00028289751246  
  8.690000   -0.00481484495173    0.02017223329223   -0.00028208736645  
  8.700000   -0.00479120294921    0.02007935368025   -0.00028127581816  
  8.710000   -0.00476776579737    0.01998744929039   -0.00028046250592  
  8.720000   -0.00474450335919    0.01989637882364   -0.00027964708605  
  8.730000   -0.00472138445691    0.01980599613354   -0.00027882923215  
  8.740000   -0.00469837718245    0.01971615166765   -0.00027800863416  
  8.750000   -0.00467544921547    0.01962669394494   -0.00027718499739  
  8.760000   -0.00465256814599    0.01953747105424   -0.00027635804136  
  8.770000   -0.00462970179832    0.01944833215852   -0.00027552749861  
  8.780000   -0.00460681855300    0.01935912899010   -0.00027469311335  
  8.790000   -0.00458388766349    0.01926971732151   -0.00027385464009  
  8.800000   -0.00456087956449    0.01917995839717   -0.00027301184221  
  8.810000   -0.00453776616866    0.01908972031155   -0.00027216449043  
  8.820000   -0.00451452114879    0.01899887931963   -0.00027131236134  
  8.830000   -0.00449112020259    0.01890732106647   -0.00027045523589  
  8.840000   -0.00446754129732    0.01881494172342   -0.00026959289785  
  8.850000   -0.00444376489181    0.01872164901926   -0.00026872513236  
  8.860000   -0.00441977413360    0.01862736315570   -0.00026785172451  
  8.870000   -0.00439555502915    0.01853201759804   -0.00026697245794  
  8.880000   -0.00437109658537    0.01843555973253   -0.00026608711356  
  8.890000   -0.00434639092101    0.01833795138376   -0.00026519546833  
  8.900000   -0.00432143334669    0.01823916918668   -0.00026429729418  
  8.910000   -0.00429622241279    0.01813920480905   -0.00026339235702  
  8.920000   -0.00427075992454    0.01803806502202   -0.00026248041587  
  8.930000   -0.00424505092425    0.01793577161784   -0.00026156122215  
  8.940000   -0.00421910364071    0.01783236117513   -0.00026063451911  
  8.950000   -0.00419292940616    0.01772788467395   -0.00025970004141  
  8.960000   -0.00416654254175    0.01762240696429   -0.00025875751487  
  8.970000   -0.00413996021250    0.01751600609298   -0.00025780665636  
  8.980000   -0.00411320225315    0.01740877249560   -0.00025684717388  
  8.990000   -0.00408629096664    0.01730080806132   -0.00025587876679  
  9.000000   -0.00405925089725    0.01719222507986   -0.00025490112622  
  9.010000   -0.00403210858049    0.01708314508096   -0.00025391393559  
  9.020000   -0.00400489227236    0.01697369757785   -0.00025291687138  
  9.030000   -0.00397763166068    0.01686401872727   -0.00025190960397  
  9.040000   -0.00395035756118    0.01675424991934   -0.00025089179864  
  9.050000   -0.00392310160167    0.01664453631146   -0.00024986311670  
  9.060000   -0.00389589589719    0.01653502532090   -0.00024882321678  
  9.070000   -0.00386877271956    0.01642586509111   -0.00024777175618  
  9.080000   -0.00384176416465    0.01631720294743   -0.00024670839231  
  9.090000   -0.00381490182061    0.01620918385759   -0.00024563278428  
  9.100000   -0.00378821644055    0.01610194891259   -0.00024454459449  
  9.110000   -0.00376173762294    0.01599563384352   -0.00024344349030  
  9.120000   -0.00373549350294    0.01589036758918   -0.00024232914569  
  9.130000   -0.00370951045784    0.01578627092930   -0.00024120124302  
  9.140000   -0.00368381282964    0.01568345519721   -0.00024005947473  
  9.150000   -0.00365842266762    0.01558202108529   -0.00023890354503  
  9.160000   -0.00363335949345    0.01548205755544   -0.00023773317155  
  9.170000   -0.00360864009147    0.01538364086589   -0.00023654808701  
  9.180000   -0.00358427832615    0.01528683372455   -0.00023534804070  
  9.190000   -0.00356028498870    0.01519168457776   -0.00023413279999  
  9.200000   -0.00353666767455    0.01509822704206   -0.00023290215171  
  9.210000   -0.00351343069291    0.01500647948512   -0.00023165590338  
  9.220000   -0.00349057500949    0.01491644476051   -0.00023039388440  
  9.230000   -0.00346809822299    0.01482811009947   -0.00022911594702  
  9.240000   -0.00344599457583    0.01474144716127   -0.00022782196725  
  9.250000   -0.00342425499896    0.01465641224207   -0.00022651184556  
  9.260000   -0.00340286719052    0.01457294664083   -0.00022518550744  
  9.270000   -0.00338181572762    0.01449097717893   -0.00022384290383  
  9.280000   -0.00336108221020    0.01441041686884   -0.00022248401134  
  9.290000   -0.00334064543569    0.01433116572563   -0.00022110883232  
  9.300000   -0.00332048160276    0.01425311171346   -0.00021971739479  
  9.310000   -0.00330056454218    0.01417613181819   -0.00021830975213  
  9.320000   -0.00328086597264    0.01410009323553   -0.00021688598273  
  9.330000   -0.00326135577897    0.01402485466327   -0.00021544618935  
  9.340000   -0.00324200231000    0.01395026768490   -0.00021399049841  
  9.350000   -0.00322277269329    0.01387617823100   -0.00021251905916  
  9.360000   -0.00320363316339    0.01380242810396   -0.00021103204258  
  9.370000   -0.00318454940058    0.01372885655091   -0.00020952964037  
  9.380000   -0.00316548687655    0.01365530186922   -0.00020801206361  
  9.390000   -0.00314641120370    0.01358160302837   -0.00020647954150  
  9.400000   -0.00312728848448    0.01350760129222   -0.00020493231992  
  9.410000   -0.00310808565721    0.01343314182499   -0.00020337065991  
  9.420000   -0.00308877083504    0.01335807526497   -0.00020179483620  
  9.430000   -0.00306931363439    0.01328225924994   -0.00020020513559  
  9.440000   -0.00304968548973    0.01320555987858   -0.00019860185538  
  9.450000   -0.00302985995136    0.01312785309324   -0.00019698530173  
  9.460000   -0.00300981296311    0.01304902596939   -0.00019535578815  
  9.470000   -0.00298952311714    0.01296897789883   -0.00019371363387  
  9.480000   -0.00296897188317    0.01288762165398   -0.00019205916239  
  9.490000   -0.00294814380970    0.01280488432212   -0.00019039269999  
  9.500000   -0.00292702669504    0.01272070809977   -0.00018871457434  
  9.510000   -0.00290561172641    0.01263505093831   -0.00018702511327  
  9.520000   -0.00288389358541    0.01254788703398   -0.00018532464353  
  9.530000   -0.00286187051878    0.01245920715640   -0.00018361348973  
  9.540000   -0.00283954437353    0.01236901881164   -0.00018189197340  
  9.550000   -0.00281692059587    0.01227734623751   -0.00018016041214  
  9.560000   -0.00279400819385    0.01218423023011   -0.00017841911896  
  9.570000   -0.00277081966389    0.01208972780279   -0.00017666840174  
  9.580000   -0.00274737088168    0.01199391167994   -0.00017490856282  
  9.590000   -0.00272368095855    0.01189686962996   -0.00017313989879  
  9.600000   -0.00269977206429    0.01179870364326   -0.00017136270038  
  9.610000   -0.00267566921839    0.01169952896272   -0.00016957725255  
  9.620000   -0.00265140005124    0.01159947297559   -0.00016778383467  
  9.630000   -0.00262699453782    0.01149867397714   -0.00016598272093  
  9.640000   -0.00260248470625    0.01139727981781   -0.00016417418079  
  9.650000   -0.00257790432401    0.01129544644671   -0.00016235847966  
  9.660000   -0.00255328856487    0.01119333636554   -0.00016053587959  
  9.670000   -0.00252867365969    0.01109111700778   -0.00015870664023  
  9.680000   -0.00250409653459    0.01098895905903   -0.00015687101971  
  9.690000   -0.00247959443988    0.01088703473481   -0.00015502927577  
  9.700000   -0.00245520457356    0.01078551603291   -0.00015318166685  
  9.710000   -0.00243096370300    0.01068457297738   -0.00015132845332  
  9.720000   -0.00240690778857    0.01058437187181   -0.00014946989869  
  9.730000   -0.00238307161305    0.01048507357913   -0.00014760627093  
  9.740000   -0.00235948842045    0.01038683184539   -0.00014573784372  
  9.750000   -0.00233618956797    0.01028979168437   -0.00014386489775  
  9.760000   -0.00231320419451    0.01019408783939   -0.00014198772199  
  9.770000   -0.00229055890933    0.01009984333818   -0.00014010661491  
  9.780000   -0.00226827750384    0.01000716815563   -0.00013822188569  
  9.790000   -0.00224638068972    0.00991615799841   -0.00013633385533  
  9.800000   -0.00222488586596    0.00982689322420   -0.00013444285764  
  9.810000   -0.00220380691745    0.00973943790718   -0.00013254924025  
  9.820000   -0.00218315404724    0.00965383905983   -0.00013065336538  
  9.830000   -0.00216293364436    0.00957012601992   -0.00012875561061  
  9.840000   -0.00214314818872    0.00948831000957   -0.00012685636940  
  9.850000   -0.00212379619427    0.00940838387206   -0.00012495605158  
  9.860000   -0.00210487219131    0.00933032199011   -0.00012305508360  
  9.870000   -0.00208636674824    0.00925408038750   -0.00012115390871  
  9.880000   -0.00206826653296    0.00917959701440   -0.00011925298689  
  9.890000   -0.00205055441337    0.00910679221480   -0.00011735279471  
  9.900000   -0.00203320959653    0.00903556937257   -0.00011545382493  
  9.910000   -0.00201620780507    0.00896581573113   -0.00011355658606  
  9.920000   -0.00199952148963    0.00889740337979   -0.00011166160159  
  9.930000   -0.00198312007527    0.00883019039823   -0.00010976940924  
  9.940000   -0.00196697023990    0.00876402214902   -0.00010788055992  
  9.950000   -0.00195103622198    0.00869873270645   -0.00010599561663  
  9.960000   -0.00193528015490    0.00863414640884   -0.00010411515320  
  9.970000   -0.00191966242476    0.00857007951968   -0.00010223975285  
  9.980000   -0.00190414204845    0.00850634198247   -0.00010037000676  
  9.990000   -0.00188867706822    0.00844273925251   -0.00009850651237  
 10.000000   -0.00187322495918    0.00837907418854   -0.00009664987179  
 10.010000   -0.00185774304588    0.00831514898599   -0.00009480068994  
 10.020000   -0.00184218892378    0.00825076713344   -0.00009295957278  
 10.030000   -0.00182652088173    0.00818573537344   -0.00009112712545  
 10.040000   -0.00181069832132    0.00811986564846   -0.00008930395035  
 10.050000   -0.00179468216891    0.00805297701317   -0.00008749064530  
 10.060000   -0.00177843527639    0.00798489749401   -0.00008568780162  
 10.070000   -0.00176192280666    0.00791546587782   -0.00008389600233  
 10.080000   -0.00174511259994    0.00784453341141   -0.00008211582032  
 10.090000   -0.00172797551729    0.00777196539521   -0.00008034781664  
 10.100000   -0.00171048575776    0.00769764265447   -0.00007859253885  
 10.110000   -0.00169262114602    0.00762146287309   -0.00007685051945  
 10.120000   -0.00167436338728    0.00754334177596   -0.00007512227447  
 10.130000   -0.00165569828702    0.00746321414729   -0.00007340830215  
 10.140000   -0.00163661593289    0.00738103467384   -0.00007170908175  
 10.150000   -0.00161711083691    0.00729677860344   -0.00007002507254  
 10.160000   -0.00159718203626    0.00721044221111   -0.00006835671294  
 10.170000   -0.00157683315122    0.00712204306667   -0.00006670441981  
 10.180000   -0.00155607239957    0.00703162009964   -0.00006506858794  
 10.190000   -0.00153491256678    0.00693923345927   -0.00006344958966  
 10.200000   -0.00151337093198    0.00684496416918   -0.00006184777473  
 10.210000   -0.00149146915011    0.00674891357831   -0.00006026347034  
 10.220000   -0.00146923309086    0.00665120261176   -0.00005869698126  
 10.230000   -0.00144669263574    0.00655197082676   -0.00005714859026  
 10.240000   -0.00142388143473    0.00645137528141   -0.00005561855863  
 10.250000   -0.00140083662452    0.00634958922503   -0.00005410712688  
 10.260000   -0.00137759851073    0.00624680062122   -0.00005261451564  
 10.270000   -0.00135421021674    0.00614321051603   -0.00005114092660  
 10.280000   -0.00133071730217    0.00603903126548   -0.00004968654371  
 10.290000   -0.00130716735435    0.00593448463765   -0.00004825153442  
 10.300000   -0.00128360955645    0.00582979980643   -0.00004683605106  
 10.310000   -0.00126009423602    0.00572521125455   -0.00004544023225  
 10.320000   -0.00123667239806    0.00562095660487   -0.00004406420449  
 10.330000   -0.00121339524683    0.00551727439960   -0.00004270808369  
 10.340000   -0.00119031370078    0.00541440184763   -0.00004137197682  
 10.350000   -0.00116747790503    0.00531257256068   -0.00004005598351  
 10.360000   -0.00114493674594    0.00521201429921   -0.00003876019768  
 10.370000   -0.00112273737220    0.00511294674895   -0.00003748470915  
 10.380000   -0.00110092472701    0.00501557934892   -0.00003622960520  
 10.390000   -0.00107954109567    0.00492010919118   -0.00003499497201  
 10.400000   -0.00105862567281    0.00482671901218   -0.00003378089609  
 10.410000   -0.00103821415348    0.00473557529460   -0.00003258746559  
 10.420000   -0.00101833835179    0.00464682649763   -0.00003141477142  
 10.430000   -0.00099902585071    0.00456060143212   -0.00003026290829  
 10.440000   -0.00098029968633    0.00447700779575   -0.00002913197556  
 10.450000   -0.00096217806927    0.00439613088102   -0.00002802207791  
 10.460000   -0.00094467414570    0.00431803246706   -0.00002693332574  
 10.470000   -0.00092779579941    0.00424274990297   -0.00002586583547  
 10.480000   -0.00091154549628    0.00417029538743   -0.00002481972941  
 10.490000   -0.00089592017094    0.00410065544524   -0.00002379513545  
 10.500000   -0.00088091115492    0.00403379059634   -0.00002279218642  
 10.510000   -0.00086650414391    0.00396963520734   -0.00002181101900  
 10.520000   -0.00085267920056    0.00390809750828   -0.00002085177228  
 10.530000   -0.00083941078721    0.00384905974902   -0.00001991458585  
 10.540000   -0.00082666782087    0.00379237845992   -0.00001899959733  
 10.550000   -0.00081441374056    0.00373788477041   -0.00001810693935  
 10.560000   -0.00080260657429    0.00368538472708   -0.00001723673589  
 10.570000   -0.00079119899044    0.00363465954039   -0.00001638909796  
 10.580000   -0.00078013831588    0.00358546567766   -0.00001556411864  
 10.590000   -0.00076936650118    0.00353753471139   -0.00001476186747  
 10.600000   -0.00075882001238    0.00349057282761   -0.00001398238434  
 10.610000   -0.00074842963023    0.00344425990420   -0.00001322567303  
 10.620000   -0.00073812014102    0.00339824808606   -0.00001249169471  
 10.630000   -0.00072780991106    0.00335215981846   -0.00001178036175  
 10.640000   -0.00071741034881    0.00330558535677   -0.00001109153243  
 10.650000   -0.00070682527675    0.00325807985337   -0.00001042500709  
 10.660000   -0.00069595025941    0.00320916023579   -0.00000978052657  
 10.670000   -0.00068467196439    0.00315830223188   -0.00000915777356  
 10.680000   -0.00067286766985    0.00310493806658   -0.00000855637777  
 10.690000   -0.00066040507134    0.00304845553969   -0.00000797592544  
 10.700000   -0.00064714258094    0.00298819937935   -0.00000741597378  
 10.710000   -0.00063293034624    0.00292347592806   -0.00000687607029  
 10.720000   -0.00061761223982    0.00285356232573   -0.00000635577672  
 10.730000   -0.00060102907318    0.00277772137110   -0.00000585469677  
 10.740000   -0.00058302326444    0.00269522312930   -0.00000537250607  
 10.750000   -0.00056344512846    0.00260537407337   -0.00000490898233  
 10.760000   -0.00054216085588    0.00250755407318   -0.00000446403316  
 10.770000   -0.00051906210079    0.00240126086548   -0.00000403771861  
 10.780000   -0.00049407690951    0.00228616076846   -0.00000363026539  
 10.790000   -0.00046718150361    0.00216214338617   -0.00000324207008  
 10.800000   -0.00043841219712    0.00202937696319   -0.00000287368892  
 10.810000   -0.00040787650416    0.00188836001030   -0.00000252581313  
 10.820000   -0.00037576230998    0.00173996396824   -0.00000219922948  
 10.830000   -0.00034234386887    0.00158546116478   -0.00000189476744  
 10.840000   -0.00030798338869    0.00142653230142   -0.00000161323587  
 10.850000   -0.00027312709146    0.00126524830484   -0.00000135535309  
 10.860000   -0.00023829491759    0.00110402266757   -0.00000112167553  
 10.870000   -0.00020406346733    0.00094553238085   -0.00000091253055  
 10.880000   -0.00017104232801    0.00079260813809   -0.00000072795871  
 10.890000   -0.00013984457781    0.00064809747160   -0.00000056767039  
 10.900000   -0.00011105292753    0.00051470760146   -0.00000043102001  
 10.910000   -0.00008518358696    0.00039483768250   -0.00000031699946  
 10.920000   -0.00006265044325    0.00029041246245   -0.00000022425037  
 10.930000   -0.00004373243834    0.00020273076119   -0.00000015109298  
 10.940000   -0.00002854707206    0.00013234236726   -0.00000009556749  
 10.950000   -0.00001703270162    0.00007896576022   -0.00000005548314  
 10.960000   -0.00000894175446    0.00004145649929   -0.00000002846973  
 10.970000   -0.00000384615654    0.00001783233225   -0.00000001202658  
 10.980000   -0.00000115527150    0.00000535640364   -0.00000000356552  
 10.990000   -0.00000014554802    0.00000067483930   -0.00000000044567  
 11.000000   -0.00000000000000    0.00000000000000    0.00000000000000  
