<Coefficient>
	 9 Total number of radial orbitals.
	Type	L	Zeta-Orbital
	  Al 	0	    1
	   0.17760950750319
	   0.23901458983432
	   0.20269801582306
	   0.18925804511838
	   0.20395582621981
	   0.20956235356513
	   0.20537417228462
	   0.18467673010036
	   0.15976273060277
	   0.12871096607935
	   0.10264958532290
	   0.07574725772755
	   0.05732141364714
	   0.03858261223443
	   0.02871107816937
	   0.01635552333397
	   0.01288632430549
	   0.00446641249129
	   0.00538431506660
	  -0.00121427215400
	   0.00319388505029
	  -0.00526893399813
	Type	L	Zeta-Orbital
	  Al 	0	    2
	  -0.20366556200238
	  -0.15654904180729
	   0.05863289391343
	   0.20795807046022
	   0.25696198549262
	   0.26005219952343
	   0.23194296557321
	   0.19991678766059
	   0.16097652813684
	   0.12881356661299
	   0.09460647931155
	   0.07103176860723
	   0.04634580055641
	   0.03280059751216
	   0.01654514066483
	   0.01239804535272
	   0.00235755563433
	   0.00464431978023
	  -0.00252923018527
	   0.00366190497586
	  -0.00416664093173
	   0.00742686588705
	Type	L	Zeta-Orbital
	  Al 	0	    3
	  -0.28335815076552
	   0.16802333331481
	  -0.72936573246327
	  -0.87146766607199
	   0.30098925101833
	  -0.10964052481374
	   0.11005816257739
	  -0.09503154240595
	   0.00718279072131
	  -0.10539375798067
	   0.03713360222245
	  -0.06116513598997
	  -0.01818398059963
	  -0.07578060025526
	  -0.01395731297612
	  -0.08574974846230
	  -0.00856491010632
	  -0.06151605741363
	   0.02166080867880
	  -0.03400008777220
	   0.05557411073155
	  -0.06045308171678
	Type	L	Zeta-Orbital
	  Al 	0	    4
	   0.49011594069447
	  -0.30602777628883
	  -0.41697514743125
	   0.00788532658616
	   0.78066977290400
	   0.52983274172081
	   0.55578938209182
	   0.35600512227353
	   0.32614186722041
	   0.18567715517766
	   0.20828537703298
	   0.09098788364997
	   0.09002864915702
	  -0.00505145540972
	   0.03084902663843
	  -0.06190277212263
	   0.01002719018413
	  -0.06647125907707
	   0.03557469145009
	  -0.05032307570152
	   0.07376597131728
	  -0.09660092584205
	Type	L	Zeta-Orbital
	  Al 	1	    1
	  -0.22857369591334
	  -0.24544825198221
	  -0.28660058077659
	  -0.31489587831423
	  -0.36954360048717
	  -0.37086548969143
	  -0.35234839223494
	  -0.27974418394182
	  -0.20770373621566
	  -0.11885608885553
	  -0.06415519869255
	  -0.01349221197415
	  -0.00440561664582
	   0.01186776412250
	  -0.00262167332355
	   0.00720680998967
	  -0.00919184352233
	   0.00681058432339
	  -0.01027008858973
	   0.01090887341905
	  -0.01342103251294
	   0.04079937477136
	Type	L	Zeta-Orbital
	  Al 	1	    2
	   0.29225229709808
	   0.17582580177459
	   0.01711934775627
	  -0.17058509801473
	  -0.26892903533016
	  -0.35185616065673
	  -0.36008934017528
	  -0.35716676844177
	  -0.29766996062729
	  -0.24658334412019
	  -0.16452678833972
	  -0.11645426120844
	  -0.05234922980838
	  -0.03574875065330
	   0.00109623047466
	  -0.00981205021130
	   0.01353363696470
	  -0.01041760906132
	   0.01458520959590
	  -0.01589534976406
	   0.01977773666404
	  -0.05934086194825
	Type	L	Zeta-Orbital
	  Al 	1	    3
	  -0.59097217761072
	   0.47039871942313
	   0.48826449606055
	   0.00916465258856
	   0.15196567420979
	  -0.03389335471216
	  -0.01812177943095
	  -0.13135587189360
	  -0.13300580324507
	  -0.19315442149689
	  -0.15109458124112
	  -0.14227766770362
	  -0.08609979484119
	  -0.05143995378735
	  -0.01103364475363
	   0.00368123210988
	   0.00978724850079
	   0.01142816130799
	  -0.00158535300810
	   0.00450657899061
	  -0.00821340852932
	   0.02719408373162
	Type	L	Zeta-Orbital
	  Al 	1	    4
	   0.35144889112789
	  -0.08727583931935
	   0.22823190435927
	   0.64173191573845
	   0.02232799618754
	   0.07381891775793
	  -0.14479966977280
	  -0.18892514159268
	  -0.31077244818966
	  -0.26711620758729
	  -0.28488255378652
	  -0.20312014906814
	  -0.16634168844101
	  -0.06824773817625
	  -0.04743649137983
	   0.01606108328273
	  -0.00512170261607
	   0.02886638017133
	  -0.00652133310312
	   0.02855958934602
	  -0.02819608846480
	   0.06798158783641
	Type	L	Zeta-Orbital
	  Al 	2	    1
	   0.37514833920469
	   0.87983533314787
	   0.69892962618616
	   0.48136315961638
	   0.25872916121293
	   0.21727748492379
	   0.14046937273790
	   0.13197812076236
	   0.08328009278706
	   0.09019263083480
	   0.05073945028918
	   0.05939405495519
	   0.02030739147488
	   0.03704913524593
	   0.00144391022351
	   0.02527396547127
	  -0.00985823638877
	   0.02418978507528
	  -0.01275011728430
	   0.02636461507557
	  -0.01064582797857
	   0.18253170771389
</Coefficient>
<Mkb>
Left spillage = 4.7210039091e-03
</Mkb>
