  0.000000   -0.66684953337417   -2.04058149267293    0.00000000000000    0.00000000000000  
  0.010000   -0.66678018358151   -2.04042219511529    0.02696827465854    0.00017860544547  
  0.020000   -0.66657217284764   -2.03994437803439    0.05392064373784    0.00071423953488  
  0.030000   -0.66622561698362   -2.03914826815464    0.08084121759739    0.00160635563199  
  0.040000   -0.66574070860423   -2.03803424317766    0.10771413845148    0.00285404302678  
  0.050000   -0.66511771652549   -2.03660283152371    0.13452359624013    0.00445602746518  
  0.060000   -0.66435698492712   -2.03485471196966    0.16125384443245    0.00641067189901  
  0.070000   -0.66345893228569   -2.03279071318347    0.18788921573988    0.00871597746411  
  0.080000   -0.66242405008608   -2.03041181315503    0.21441413771739    0.01136958469719  
  0.090000   -0.66125290132011   -2.02771913852363    0.24081314823040    0.01436877500347  
  0.100000   -0.65994611878276   -2.02471396380160    0.26707091076592    0.01771047238947  
  0.110000   -0.65850440317794   -2.02139771049450    0.29317222956632    0.02139124547676  
  0.120000   -0.65692852104681   -2.01777194611763    0.31910206456468    0.02540730981400  
  0.130000   -0.65521930253296   -2.01383838310889    0.34484554610094    0.02975453050595  
  0.140000   -0.65337763899991   -2.00959887763820    0.37038798939860    0.03442842517910  
  0.150000   -0.65140448051714   -2.00505542831335    0.39571490878192    0.03942416730424  
  0.160000   -0.64930083323183   -2.00021017478263    0.42081203161433    0.04473658989712  
  0.170000   -0.64706775664426   -1.99506539623431    0.44566531193909    0.05036018961807  
  0.180000   -0.64470636080503   -1.98962350979327    0.47026094380382    0.05628913129184  
  0.190000   -0.64221780345313   -1.98388706881517    0.49458537425114    0.06251725286824  
  0.200000   -0.63960328711375   -1.97785876107855    0.51862531595826    0.06903807084381  
  0.210000   -0.63686405617511   -1.97154140687532    0.54236775950892    0.07584478616326  
  0.220000   -0.63400139396331   -1.96493795700046    0.56579998528191    0.08293029061895  
  0.230000   -0.63101661983432   -1.95805149064150    0.58890957494092    0.09028717376430  
  0.240000   -0.62791108630156   -1.95088521316869    0.61168442251128    0.09790773035589  
  0.250000   -0.62468617621731   -1.94344245382693    0.63411274502994    0.10578396833652  
  0.260000   -0.62134330002553   -1.93572666333058    0.65618309275569    0.11390761736937  
  0.270000   -0.61788389310275   -1.92774141136241    0.67788435892750    0.12227013793073  
  0.280000   -0.61430941320305   -1.91949038397811    0.69920578905962    0.13086273096614  
  0.290000   -0.61062133802213   -1.91097738091817    0.72013698976297    0.13967634811167  
  0.300000   -0.60682116289406   -1.90220631282860    0.74066793708305    0.14870170247906  
  0.310000   -0.60291039863370   -1.89318119839280    0.76078898434558    0.15792928000014  
  0.320000   -0.59889056953587   -1.88390616137638    0.78049086950197    0.16734935132257  
  0.330000   -0.59476321154126   -1.87438542758750    0.79976472196738    0.17695198424551  
  0.340000   -0.59052987057780   -1.86462332175513    0.81860206894534    0.18672705668033  
  0.350000   -0.58619210108431   -1.85462426432791    0.83699484123337    0.19666427011792  
  0.360000   -0.58175146472205   -1.84439276819649    0.85493537850535    0.20675316358071  
  0.370000   -0.57720952927800   -1.83393343534238    0.87241643406708    0.21698312803386  
  0.380000   -0.57256786776222   -1.82325095341670    0.88943117908218    0.22734342122703  
  0.390000   -0.56782805770002   -1.81235009225194    0.90597320626677    0.23782318293443  
  0.400000   -0.56299168061800   -1.80123570031065    0.92203653305197    0.24841145055796  
  0.410000   -0.55806032172153   -1.78991270107460    0.93761560421408    0.25909717505527  
  0.420000   -0.55303556975960   -1.77838608937841    0.95270529397355    0.26986923715152  
  0.430000   -0.54791901707164   -1.76666092769174    0.96730090756423    0.28071646379141  
  0.440000   -0.54271225980921   -1.75474234235418    0.98139818227550    0.29162764478527  
  0.450000   -0.53741689832426   -1.74263551976738    0.99499328797081    0.30259154960135  
  0.460000   -0.53203453771433   -1.73034570254861    1.00808282708669    0.31359694425442  
  0.470000   -0.52656678851384   -1.71787818565071    1.02066383411729    0.32463260823931  
  0.480000   -0.52101526751943   -1.70523831245287    1.03273377459033    0.33568735145695  
  0.490000   -0.51538159873633   -1.69243147082710    1.04429054354082    0.34675003107971  
  0.500000   -0.50966741443201   -1.67946308918533    1.05533246349013    0.35780956830208  
  0.510000   -0.50387435628221   -1.66633863251207    1.06585828193816    0.36885496492296  
  0.520000   -0.49800407659427   -1.65306359838751    1.07586716837746    0.37987531970582  
  0.530000   -0.49205823959161   -1.63964351300623    1.08535871083868    0.39085984446360  
  0.540000   -0.48603852274335   -1.62608392719640    1.09433291197732    0.40179787981631  
  0.550000   -0.47994661812248   -1.61239041244471    1.10279018471238    0.41267891057040  
  0.560000   -0.47378423377583   -1.59856855693188    1.11073134742829    0.42349258067067  
  0.570000   -0.46755309508938   -1.58462396158385    1.11815761875159    0.43422870767758  
  0.580000   -0.46125494613237   -1.57056223614359    1.12507061191500    0.44487729672480  
  0.590000   -0.45489155096392   -1.55638899526842    1.13147232872134    0.45542855391479  
  0.600000   -0.44846469488656   -1.54210985465776    1.13736515312074    0.46587289911277  
  0.610000   -0.44197618563126   -1.52773042721584    1.14275184441477    0.47620097810269  
  0.620000   -0.43542785445943   -1.51325631925428    1.14763553010142    0.48640367407218  
  0.630000   -0.42882155716805   -1.49869312673886    1.15201969837551    0.49647211839694  
  0.640000   -0.42215917498497   -1.48404643158498    1.15590819029920    0.50639770069887  
  0.650000   -0.41544261534242   -1.46932179800601    1.15930519165761    0.51617207815613  
  0.660000   -0.40867381251774   -1.45452476891864    1.16221522451484    0.52578718404715  
  0.670000   -0.40185472813162   -1.43966086240924    1.16464313848601    0.53523523551510  
  0.680000   -0.39498735149518   -1.42473556826483    1.16659410174083    0.54450874054313  
  0.690000   -0.38807369979874   -1.40975434457247    1.16807359175485    0.55360050413502  
  0.700000   -0.38111581813608   -1.39472261439019    1.16908738582403    0.56250363370018  
  0.710000   -0.37411577935969   -1.37964576249290    1.16964155135904    0.57121154364583  
  0.720000   -0.36707568376372   -1.36452913219610    1.16974243597524    0.57971795918354  
  0.730000   -0.35999765859272   -1.34937802226021    1.16939665739462    0.58801691936100  
  0.740000   -0.35288385737575   -1.33419768387815    1.16861109317575    0.59610277933395  
  0.750000   -0.34573645908669   -1.31899331774839    1.16739287028814    0.60397021189666  
  0.760000   -0.33855766713305   -1.30377007123576    1.16574935454672    0.61161420829304  
  0.770000   -0.33134970817690   -1.28853303562176    1.16368813992291    0.61903007833344  
  0.780000   -0.32411483079275   -1.27328724344616    1.16121703774775    0.62621344984543  
  0.790000   -0.31685530396854   -1.25803766594145    1.15834406582312    0.63316026748955  
  0.800000   -0.30957341545699   -1.24278921056115    1.15507743745655    0.63986679097324  
  0.810000   -0.30227146998569   -1.22754671860335    1.15142555043510    0.64632959269871  
  0.820000   -0.29495178733536   -1.21231496293003    1.14739697595336    0.65254555488204  
  0.830000   -0.28761670029663   -1.19709864578305    1.14300044751075    0.65851186618232  
  0.840000   -0.28026855251641   -1.18190239669708    1.13824484979274    0.66422601788109  
  0.850000   -0.27290969624583   -1.16673077050981    1.13313920755046    0.66968579965277  
  0.860000   -0.26554249000233   -1.15158824546959    1.12769267449291    0.67488929496760  
  0.870000   -0.25816929615878   -1.13647922144020    1.12191452220569    0.67983487616853  
  0.880000   -0.25079247847324   -1.12140801820273    1.11581412910974    0.68452119926353  
  0.890000   -0.24341439957306   -1.10637887385401    1.10940096947343    0.68894719847390  
  0.900000   -0.23603741840716   -1.09139594330105    1.10268460249085    0.69311208057880  
  0.910000   -0.22866388768064   -1.07646329685087    1.09567466143891    0.69701531909460  
  0.920000   -0.22129615128541   -1.06158491889477    1.08838084292542    0.70065664832652  
  0.930000   -0.21393654174083   -1.04676470668626    1.08081289624001    0.70403605732812  
  0.940000   -0.20658737765761   -1.03200646921143    1.07298061281942    0.70715378380222  
  0.950000   -0.19925096123822   -1.01731392615081    1.06489381583812    0.71001030797484  
  0.960000   -0.19192957582632   -1.00269070693130    1.05656234993505    0.71260634647085  
  0.970000   -0.18462548351723   -0.98814034986702    1.04799607108687    0.71494284621786  
  0.980000   -0.17734092284077   -0.97366630138766    1.03920483663752    0.71702097840194  
  0.990000   -0.17007810652705   -0.95927191535287    1.03019849549367    0.71884213249563  
  1.000000   -0.16283921936494   -0.94496045245125    1.02098687849530    0.72040791037607  
  1.010000   -0.15562641616208   -0.93073507968246    1.01157978897002    0.72172012054770  
  1.020000   -0.14844181981428   -0.91659886992082    1.00198699347961    0.72278077248104  
  1.030000   -0.14128751949120   -0.90255480155894    0.99221821276671    0.72359207107577  
  1.040000   -0.13416556894408   -0.88860575822968    0.98228311290917    0.72415641125342  
  1.050000   -0.12707798494040   -0.87475452860501    0.97219129668939    0.72447637268169  
  1.060000   -0.12002674582895   -0.86100380626994    0.96195229518538    0.72455471462972  
  1.070000   -0.11301379023793   -0.84735618967022    0.95157555958991    0.72439437095048  
  1.080000   -0.10604101590757   -0.83381418213190    0.94107045326391    0.72399844518390  
  1.090000   -0.09911027865751   -0.82038019195147    0.93044624402976    0.72337020577174  
  1.100000   -0.09222339148819   -0.80705653255484    0.91971209670972    0.72251308137292  
  1.110000   -0.08538212381462   -0.79384542272358    0.90887706591444    0.72143065626554  
  1.120000   -0.07858820082956   -0.78074898688711    0.89795008908625    0.72012666582037  
  1.130000   -0.07184330299235   -0.76776925547906    0.88693997980126    0.71860499202837  
  1.140000   -0.06514906563895   -0.75490816535648    0.87585542133428    0.71686965906376  
  1.150000   -0.05850707870734   -0.74216756028041    0.86470496048996    0.71492482886280  
  1.160000   -0.05191888657224   -0.72954919145628    0.85349700170339    0.71277479669756  
  1.170000   -0.04538598798210   -0.71705471813281    0.84223980141302    0.71042398672343  
  1.180000   -0.03890983609067   -0.70468570825795    0.83094146270820    0.70787694747878  
  1.190000   -0.03249183857507   -0.69244363919041    0.81960993025374    0.70513834731521  
  1.200000   -0.02613335783182   -0.68032989846548    0.80825298549314    0.70221296973701  
  1.210000   -0.01983571124173   -0.66834578461380    0.79687824213198    0.69910570862926  
  1.220000   -0.01360017149459   -0.65649250803147    0.78549314190278    0.69582156335450  
  1.230000   -0.00742796696425   -0.64477119190053    0.77410495061204    0.69236563369949  
  1.240000   -0.00132028212458   -0.63318287315806    0.76272075446997    0.68874311465450  
  1.250000    0.00472174200295   -0.62172850351275    0.75134745670327    0.68495929100955  
  1.260000    0.01069700737955   -0.61040895050760    0.73999177445068    0.68101953175383  
  1.270000    0.01660445846612   -0.59922499862720    0.72866023594096    0.67692928426640  
  1.280000    0.02244308173600   -0.58817735044834    0.71735917795253    0.67269406828877  
  1.290000    0.02821190519162   -0.57726662783246    0.70609474355382    0.66831946967235  
  1.300000    0.03390999789312   -0.56649337315858    0.69487288012275    0.66381113389614  
  1.310000    0.03953646950639   -0.55585805059519    0.68369933764391    0.65917475935304  
  1.320000    0.04509046987711   -0.54536104740966    0.67257966728135    0.65441609040554  
  1.330000    0.05057118863713   -0.53500267531361    0.66151922022461    0.64954091021474  
  1.340000    0.05597785484846   -0.52478317184281    0.65052314680560    0.64455503334935  
  1.350000    0.06130973668954   -0.51470270176988    0.63959639588323    0.63946429818409  
  1.360000    0.06656614118763   -0.50476135854835    0.62874371449271    0.63427455909993  
  1.370000    0.07174641400029   -0.49495916578628    0.61796964775595    0.62899167850137  
  1.380000    0.07684993924808   -0.48529607874794    0.60727853904924    0.62362151866848  
  1.390000    0.08187613939974   -0.47577198588161    0.59667453042421    0.61816993346431  
  1.400000    0.08682447521022   -0.46638671037196    0.58616156327745    0.61264275992050  
  1.410000    0.09169444571111   -0.45714001171515    0.57574337926427    0.60704580972634  
  1.420000    0.09648558825204   -0.44803158731475    0.56542352145154    0.60138486064860  
  1.430000    0.10119747859089   -0.43906107409676    0.55520533570422    0.59566564791156  
  1.440000    0.10582973102984   -0.43022805014178    0.54509197230019    0.58989385556795  
  1.450000    0.11038199859336   -0.42153203633241    0.53508638776730    0.58407510789351  
  1.460000    0.11485397324386   -0.41297249801404    0.52519134693670    0.57821496083862  
  1.470000    0.11924538612945   -0.40454884666691    0.51540942520583    0.57231889357170  
  1.480000    0.12355600785842   -0.39626044158767    0.50574301100463    0.56639230014953  
  1.490000    0.12778564879367   -0.38810659157837    0.49619430845781    0.56044048135024  
  1.500000    0.13193415936054   -0.38008655664079    0.48676534023609    0.55446863670447  
  1.510000    0.13600143036056   -0.37219954967439    0.47745795058903    0.54848185676043  
  1.520000    0.13998739328370   -0.36444473817561    0.46827380855166    0.54248511561766  
  1.530000    0.14389202061094   -0.35682124593672    0.45921441131716    0.53648326376378  
  1.540000    0.14771532609954   -0.34932815474226    0.45028108776734    0.53048102124738  
  1.550000    0.15145736504247   -0.34196450606097    0.44147500215279    0.52448297121868  
  1.560000    0.15511823449408   -0.33472930273155    0.43279715791407    0.51849355386836  
  1.570000    0.15869807345392   -0.32762151064018    0.42424840163542    0.51251706079249  
  1.580000    0.16219706300071   -0.32064006038795    0.41582942712201    0.50655762981011  
  1.590000    0.16561542636890   -0.31378384894655    0.40754077959199    0.50061924025697  
  1.600000    0.16895342896045   -0.30705174130039    0.39938285997403    0.49470570877691  
  1.610000    0.17221137828486   -0.30044257207337    0.39135592930135    0.48882068562948  
  1.620000    0.17538962382102   -0.29395514713880    0.38346011319284    0.48296765152938  
  1.630000    0.17848855679499   -0.28758824521090    0.37569540641198    0.47714991503055  
  1.640000    0.18150860986835   -0.28134061941620    0.36806167749412    0.47137061046449  
  1.650000    0.18445025673246   -0.27521099884367    0.36055867343272    0.46563269643914  
  1.660000    0.18731401160473   -0.26919809007202    0.35318602441499    0.45993895490161  
  1.670000    0.19010042862378   -0.26330057867306    0.34594324859771    0.45429199076442  
  1.680000    0.19281010114092   -0.25751713068981    0.33882975691347    0.44869423209197  
  1.690000    0.19544366090667   -0.25184639408835    0.33184485789833    0.44314793084060  
  1.700000    0.19800177715135   -0.24628700018239    0.32498776253136    0.43765516414211  
  1.710000    0.20048515556010   -0.24083756502959    0.31825758907689    0.43221783611798  
  1.720000    0.20289453714330   -0.23549669079892    0.31165336792047    0.42683768020804  
  1.730000    0.20523069700424   -0.23026296710818    0.30517404638952    0.42151626199475  
  1.740000    0.20749444300690   -0.22513497233122    0.29881849354989    0.41625498250126  
  1.750000    0.20968661434740   -0.22011127487405    0.29258550496972    0.41105508193904  
  1.760000    0.21180808003354   -0.21519043441977    0.28647380744216    0.40591764387841  
  1.770000    0.21385973727770   -0.21037100314152    0.28048206365881    0.40084359981295  
  1.780000    0.21584250980900   -0.20565152688351    0.27460887682590    0.39583373408722  
  1.790000    0.21775734611148   -0.20103054630974    0.26885279521547    0.39088868915500  
  1.800000    0.21960521759544   -0.19650659802040    0.26321231664430    0.38600897113429  
  1.810000    0.22138711671014   -0.19207821563585    0.25768589287325    0.38119495562368  
  1.820000    0.22310405500596   -0.18774393084819    0.25227193392039    0.37644689374421  
  1.830000    0.22475706115521   -0.18350227444069    0.24696881228144    0.37176491836967  
  1.840000    0.22634717894068   -0.17935177727506    0.24177486705131    0.36714905050850  
  1.850000    0.22787546522162   -0.17529097124684    0.23668840794106    0.36259920579983  
  1.860000    0.22934298788695   -0.17131839020936    0.23170771918487    0.35811520108667  
  1.870000    0.23075082380573   -0.16743257086634    0.22683106333206    0.35369676102969  
  1.880000    0.23210005678492   -0.16363205363378    0.22205668491949    0.34934352472562  
  1.890000    0.23339177554438   -0.15991538347134    0.21738281402025    0.34505505229537  
  1.900000    0.23462707171932   -0.15628111068387    0.21280766966472    0.34083083140808  
  1.910000    0.23580703789970   -0.15272779169345    0.20832946313077    0.33667028370888  
  1.920000    0.23693276571636   -0.14925398978245    0.20394640110005    0.33257277111970  
  1.930000    0.23800534398285   -0.14585827580822    0.19965668867797    0.32853760198427  
  1.940000    0.23902585690205   -0.14253922888990    0.19545853227517    0.32456403703061  
  1.950000    0.23999538234558   -0.13929543706793    0.19135014234885    0.32065129512641  
  1.960000    0.24091499021414   -0.13612549793676    0.18732973600282    0.31679855880498  
  1.970000    0.24178574088574   -0.13302801925138    0.18339553944529    0.31300497954200  
  1.980000    0.24260868375837   -0.13000161950816    0.17954579030421    0.30926968276582  
  1.990000    0.24338485589318   -0.12704492850057    0.17577873979996    0.30559177258645  
  2.000000    0.24411528076296   -0.12415658785032    0.17209265477602    0.30197033623143  
  2.010000    0.24480096711047   -0.12133525151437    0.16848581958826    0.29840444817894  
  2.020000    0.24544290791996   -0.11857958626832    0.16495653785425    0.29489317398176  
  2.030000    0.24604207950469   -0.11588827216667    0.16150313406393    0.29143557377770  
  2.040000    0.24659944071205   -0.11326000298037    0.15812395505377    0.28803070548530  
  2.050000    0.24711593224754   -0.11069348661205    0.15481737134666    0.28467762768577  
  2.060000    0.24759247611732   -0.10818744548938    0.15158177836001    0.28137540219467  
  2.070000    0.24802997518896   -0.10574061693682    0.14841559748519    0.27812309632931  
  2.080000    0.24842931286846   -0.10335175352622    0.14531727704136    0.27491978487976  
  2.090000    0.24879135289136   -0.10101962340641    0.14228529310723    0.27176455179381  
  2.100000    0.24911693922460   -0.09874301061229    0.13931815023457    0.26865649158775  
  2.110000    0.24940689607519   -0.09652071535337    0.13641438204735    0.26559471049691  
  2.120000    0.24966202800109   -0.09435155428227    0.13357255173075    0.26257832738106  
  2.130000    0.24988312011888   -0.09223436074317    0.13079125241455    0.25960647440167  
  2.140000    0.25007093840226   -0.09016798500057    0.12806910745519    0.25667829748849  
  2.150000    0.25022623006500   -0.08815129444833    0.12540477062157    0.25379295661460  
  2.160000    0.25034972402112   -0.08618317379934    0.12279692618917    0.25094962589915  
  2.170000    0.25044213141510   -0.08426252525578    0.12024428894756    0.24814749355796  
  2.180000    0.25050414621406   -0.08238826866022    0.11774560412631    0.24538576172231  
  2.190000    0.25053644585414   -0.08055934162760    0.11529964724445    0.24266364614629  
  2.200000    0.25053969193245   -0.07877469965825    0.11290522388851    0.23998037582310  
  2.210000    0.25051453093637   -0.07703331623208    0.11056116942443    0.23733519253018  
  2.220000    0.25046159500156   -0.07533418288397    0.10826634864842    0.23472735032287  
  2.230000    0.25038150269020   -0.07367630926065    0.10601965538187    0.23215611499516  
  2.240000    0.25027485978107   -0.07205872315903    0.10382001201547    0.22962076352564  
  2.250000    0.25014226006305   -0.07048047054627    0.10166636900758    0.22712058352560  
  2.260000    0.24998428612408   -0.06894061556171    0.09955770434166    0.22465487270484  
  2.270000    0.24980151012784   -0.06743824050090    0.09749302294775    0.22222293836996  
  2.280000    0.24959449457050   -0.06597244578181    0.09547135609267    0.21982409696790  
  2.290000    0.24936379301081   -0.06454234989376    0.09349176074351    0.21745767368655  
  2.300000    0.24910995076673   -0.06314708932897    0.09155331890891    0.21512300212221  
  2.310000    0.24883350557267   -0.06178581849738    0.08965513696238    0.21281942402244  
  2.320000    0.24853498819191   -0.06045770962487    0.08779634495181    0.21054628911084  
  2.330000    0.24821492297916   -0.05916195263539    0.08597609589906    0.20830295499877  
  2.340000    0.24787382838925   -0.05789775501730    0.08419356509345    0.20608878718729  
  2.350000    0.24751221742810   -0.05666434167455    0.08244794938262    0.20390315916102  
  2.360000    0.24713059804338   -0.05546095476296    0.08073846646408    0.20174545257353  
  2.370000    0.24672947345239   -0.05428685351236    0.07906435418066    0.19961505752299  
  2.380000    0.24630934240588   -0.05314131403506    0.07742486982265    0.19751137291453  
  2.390000    0.24587069938691   -0.05202362912126    0.07581928943935    0.19543380690482  
  2.400000    0.24541403474476   -0.05093310802204    0.07424690716252    0.19338177742272  
  2.410000    0.24493983476445   -0.04986907622067    0.07270703454389    0.19135471275882  
  2.420000    0.24444858167323   -0.04883087519293    0.07119899990866    0.18935205221537  
  2.430000    0.24394075358595   -0.04781786215712    0.06972214772699    0.18737324680711  
  2.440000    0.24341682439183   -0.04682940981468    0.06827583800473    0.18541776000291  
  2.450000    0.24287726358595   -0.04586490608211    0.06685944569497    0.18348506849702  
  2.460000    0.24232253604899   -0.04492375381500    0.06547236013138    0.18157466299843  
  2.470000    0.24175310177947   -0.04400537052516    0.06411398448425    0.17968604902651  
  2.480000    0.24116941558322   -0.04310918809150    0.06278373524006    0.17781874770043  
  2.490000    0.24057192672510   -0.04223465246574    0.06148104170487    0.17597229651039  
  2.500000    0.23996107854826   -0.04138122337368    0.06020534553212    0.17414625005818  
  2.510000    0.23933730806681   -0.04054837401294    0.05895610027472    0.17234018075525  
  2.520000    0.23870104553767   -0.03973559074815    0.05773277096166    0.17055367946651  
  2.530000    0.23805271401767   -0.03894237280427    0.05653483369870    0.16878635608896  
  2.540000    0.23739272891223   -0.03816823195915    0.05536177529306    0.16703784005452  
  2.550000    0.23672149752153   -0.03741269223591    0.05421309290151    0.16530778074753  
  2.560000    0.23603941859062   -0.03667528959621    0.05308829370125    0.16359584782820  
  2.570000    0.23534688186945   -0.03595557163502    0.05198689458304    0.16190173145411  
  2.580000    0.23464426768865   -0.03525309727784    0.05090842186553    0.16022514239342  
  2.590000    0.23393194655696   -0.03456743648097    0.04985241103022    0.15856581202404  
  2.600000    0.23321027878564   -0.03389816993558    0.04881840647573    0.15692349221482  
  2.610000    0.23247961414508   -0.03324488877634    0.04780596129067    0.15529795508578  
  2.620000    0.23174029155831   -0.03260719429511    0.04681463704377    0.15368899264580  
  2.630000    0.23099263883579   -0.03198469766032    0.04584400359038    0.15209641630777  
  2.640000    0.23023697245546   -0.03137701964258    0.04489363889389    0.15052005628215  
  2.650000    0.22947359739133   -0.03078379034708    0.04396312886121    0.14895976085178  
  2.660000    0.22870280699362   -0.03020464895295    0.04305206719084    0.14741539553161  
  2.670000    0.22792488292280   -0.02963924346032    0.04216005523251    0.14588684211869  
  2.680000    0.22714009513916   -0.02908723044507    0.04128670185720    0.14437399763879  
  2.690000    0.22634870194932   -0.02854827482174    0.04043162333624    0.14287677319732  
  2.700000    0.22555095011023   -0.02802204961471    0.03959444322850    0.14139509274326  
  2.710000    0.22474707499053   -0.02750823573783    0.03877479227453    0.13992889175584  
  2.720000    0.22393730078893   -0.02700652178257    0.03797230829649    0.13847811586452  
  2.730000    0.22312184080838   -0.02651660381475    0.03718663610306    0.13704271941388  
  2.740000    0.22230089778420   -0.02603818517979    0.03641742739810    0.13562266398532  
  2.750000    0.22147466426412   -0.02557097631649    0.03566434069237    0.13421791688841  
  2.760000    0.22064332303734   -0.02511469457913    0.03492704121741    0.13282844963474  
  2.770000    0.21980704760925   -0.02466906406774    0.03420520084073    0.13145423640783  
  2.780000    0.21896600271838   -0.02423381546637    0.03349849798170    0.13009525254243  
  2.790000    0.21812034489106   -0.02380868588902    0.03280661752742    0.12875147302671  
  2.800000    0.21727022302964   -0.02339341873309    0.03212925074809    0.12742287104070  
  2.810000    0.21641577902909   -0.02298776353974    0.03146609521127    0.12610941654394  
  2.820000    0.21555714841722   -0.02259147586113    0.03081685469477    0.12481107492502  
  2.830000    0.21469446101280   -0.02220431713384    0.03018123909759    0.12352780572510  
  2.840000    0.21382784159635   -0.02182605455831    0.02955896434897    0.12225956144666  
  2.850000    0.21295741058780   -0.02145646098365    0.02894975231489    0.12100628645819  
  2.860000    0.21208328472540   -0.02109531479752    0.02835333070237    0.11976791600444  
  2.870000    0.21120557774003   -0.02074239982057    0.02776943296109    0.11854437533090  
  2.880000    0.21032440101947   -0.02039750520491    0.02719779818252    0.11733557893013  
  2.890000    0.20943986425684   -0.02006042533624    0.02663817099661    0.11614142991619  
  2.900000    0.20855207607792   -0.01973095973913    0.02609030146599    0.11496181953257  
  2.910000    0.20766114464218   -0.01940891298497    0.02555394497799    0.11379662679721  
  2.920000    0.20676717821248   -0.01909409460219    0.02502886213459    0.11264571828734  
  2.930000    0.20587028568889   -0.01878631898822    0.02451481864048    0.11150894806516  
  2.940000    0.20497057710234   -0.01848540532289    0.02401158518963    0.11038615774435  
  2.950000    0.20406816406414   -0.01819117748282    0.02351893735056    0.10927717669554  
  2.960000    0.20316316016800   -0.01790346395643    0.02303665545064    0.10818182238811  
  2.970000    0.20225568134145   -0.01762209775916    0.02256452445984    0.10709990086393  
  2.980000    0.20134584614422   -0.01734691634878    0.02210233387420    0.10603120733750  
  2.990000    0.20043377601147   -0.01707776154030    0.02164987759944    0.10497552691581  
  3.000000    0.19951959544048   -0.01681447942029    0.02120695383508    0.10393263542999  
  3.010000    0.19860343211972   -0.01655692026058    0.02077336495943    0.10290230036978  
  3.020000    0.19768541700004   -0.01630493843082    0.02034891741583    0.10188428191089  
  3.030000    0.19676568430800   -0.01605839231012    0.01993342160056    0.10087833402439  
  3.040000    0.19584437150205   -0.01581714419749    0.01952669175266    0.09988420565662  
  3.050000    0.19492161917283   -0.01558106022095    0.01912854584610    0.09890164196724  
  3.060000    0.19399757088923   -0.01535001024552    0.01873880548462    0.09793038561280  
  3.070000    0.19307237299249   -0.01512386777990    0.01835729579945    0.09697017806250  
  3.080000    0.19214617434115   -0.01490250988203    0.01798384535027    0.09602076093291  
  3.090000    0.19121912600979   -0.01468581706344    0.01761828602967    0.09508187732790  
  3.100000    0.19029138094542   -0.01447367319280    0.01726045297122    0.09415327317024  
  3.110000    0.18936309358525   -0.01426596539849    0.01691018446147    0.09323469851166  
  3.120000    0.18843441944026   -0.01406258397066    0.01656732185592    0.09232590880793  
  3.130000    0.18750551464920   -0.01386342226272    0.01623170949923    0.09142666614643  
  3.140000    0.18657653550782   -0.01366837659279    0.01590319464954    0.09053674041396  
  3.150000    0.18564763797841   -0.01347734614507    0.01558162740720    0.08965591039318  
  3.160000    0.18471897718489   -0.01329023287154    0.01526686064773    0.08878396477698  
  3.170000    0.18379070689878   -0.01310694139433    0.01495874995916    0.08792070309077  
  3.180000    0.18286297902143   -0.01292737890889    0.01465715358355    0.08706593651384  
  3.190000    0.18193594306787   -0.01275145508842    0.01436193236276    0.08621948859181  
  3.200000    0.18100974565770   -0.01257908198968    0.01407294968825    0.08538119583342  
  3.210000    0.18008453001811   -0.01241017396071    0.01379007145485    0.08455090818618  
  3.220000    0.17916043550426   -0.01224464755055    0.01351316601830    0.08372848938634  
  3.230000    0.17823759714186   -0.01208242142140    0.01324210415641    0.08291381718037  
  3.240000    0.17731614519650   -0.01192341626333    0.01297675903355    0.08210678341601  
  3.250000    0.17639620477429   -0.01176755471208    0.01271700616841    0.08130729400258  
  3.260000    0.17547789545757   -0.01161476126988    0.01246272340455    0.08051526874140  
  3.270000    0.17456133097955   -0.01146496222979    0.01221379088370    0.07973064102854  
  3.280000    0.17364661894110   -0.01131808560357    0.01197009102144    0.07895335743331  
  3.290000    0.17273386057244   -0.01117406105349    0.01173150848493    0.07818337715735  
  3.300000    0.17182315054213   -0.01103281982794    0.01149793017257    0.07742067138001  
  3.310000    0.17091457681536   -0.01089429470129    0.01126924519511    0.07666522249722  
  3.320000    0.17000822056277   -0.01075841991787    0.01104534485800    0.07591702326180  
  3.330000    0.16910415612085   -0.01062513114028    0.01082612264483    0.07517607583431  
  3.340000    0.16820245100423   -0.01049436540197    0.01061147420128    0.07444239075421  
  3.350000    0.16730316596975   -0.01036606106424    0.01040129731961    0.07371598584211  
  3.360000    0.16640635513173   -0.01024015777739    0.01019549192324    0.07299688504429  
  3.370000    0.16551206612722   -0.01011659644633    0.00999396005122    0.07228511723141  
  3.380000    0.16462034032972   -0.00999531920017    0.00979660584238    0.07158071496357  
  3.390000    0.16373121310917   -0.00987626936601    0.00960333551890    0.07088371323432  
  3.400000    0.16284471413578   -0.00975939144648    0.00941405736909    0.07019414820621  
  3.410000    0.16196086772469   -0.00964463110118    0.00922868172928    0.06951205595077  
  3.420000    0.16107969321815   -0.00953193513146    0.00904712096454    0.06883747120531  
  3.430000    0.16020120540142   -0.00942125146867    0.00886928944812    0.06817042615913  
  3.440000    0.15932541494854   -0.00931252916529    0.00869510353960    0.06751094928105  
  3.450000    0.15845232889356   -0.00920571838897    0.00852448156149    0.06685906419995  
  3.460000    0.15758195112263   -0.00910077041894    0.00835734377431    0.06621478864920  
  3.470000    0.15671428288241   -0.00899763764467    0.00819361235002    0.06557813348533  
  3.480000    0.15584932329979   -0.00889627356633    0.00803321134396    0.06494910179049  
  3.490000    0.15498706990795   -0.00879663279682    0.00787606666496    0.06432768806720  
  3.500000    0.15412751917382   -0.00869867106497    0.00772210604402    0.06371387753309  
  3.510000    0.15327066702188   -0.00860234521960    0.00757125900132    0.06310764552233  
  3.520000    0.15241650934934   -0.00850761323408    0.00742345681170    0.06250895699903  
  3.530000    0.15156504252776   -0.00841443421110    0.00727863246879    0.06191776618717  
  3.540000    0.15071626388659   -0.00832276838728    0.00713672064770    0.06133401632000  
  3.550000    0.14987017217381   -0.00823257713726    0.00699765766655    0.06075763951100  
  3.560000    0.14902676798961   -0.00814382297713    0.00686138144691    0.06018855674697  
  3.570000    0.14818605418896   -0.00805646956665    0.00672783147318    0.05962667800273  
  3.580000    0.14734803624934   -0.00797048171021    0.00659694875130    0.05907190247563  
  3.590000    0.14651272260036   -0.00788582535617    0.00646867576676    0.05852411893691  
  3.600000    0.14568012491221   -0.00780246759431    0.00634295644205    0.05798320619564  
  3.610000    0.14485025834029   -0.00772037665132    0.00621973609399    0.05744903367016  
  3.620000    0.14402314172407   -0.00763952188396    0.00609896139075    0.05692146206045  
  3.630000    0.14319879773825   -0.00755987376989    0.00598058030908    0.05640034411419  
  3.640000    0.14237725299514   -0.00748140389595    0.00586454209169    0.05588552547829  
  3.650000    0.14155853809743   -0.00740408494386    0.00575079720504    0.05537684562665  
  3.660000    0.14074268764109   -0.00732789067320    0.00563929729782    0.05487413885455  
  3.670000    0.13992974016859   -0.00725279590168    0.00552999516004    0.05437723532890  
  3.680000    0.13911973807317   -0.00717877648269    0.00542284468318    0.05388596218372  
  3.690000    0.13831272745526   -0.00710580928016    0.00531780082132    0.05340014464914  
  3.700000    0.13750875793270   -0.00703387214078    0.00521481955349    0.05291960720248  
  3.710000    0.13670788240686   -0.00696294386365    0.00511385784738    0.05244417472935  
  3.720000    0.13591015678699   -0.00689300416748    0.00501487362454    0.05197367368304  
  3.730000    0.13511563967595   -0.00682403365558    0.00491782572703    0.05150793323024  
  3.740000    0.13432439202022   -0.00675601377859    0.00482267388584    0.05104678637146  
  3.750000    0.13353647672815   -0.00668892679541    0.00472937869094    0.05059007102485  
  3.760000    0.13275195825994   -0.00662275573232    0.00463790156313    0.05013763106241  
  3.770000    0.13197090219392   -0.00655748434063    0.00454820472773    0.04968931728829  
  3.780000    0.13119337477303   -0.00649309705320    0.00446025119010    0.04924498834932  
  3.790000    0.13041944243652   -0.00642957893981    0.00437400471294    0.04880451156882  
  3.800000    0.12964917134110   -0.00636691566205    0.00428942979551    0.04836776369539  
  3.810000    0.12888262687669   -0.00630509342765    0.00420649165467    0.04793463155936  
  3.820000    0.12811987318130   -0.00624409894479    0.00412515620760    0.04750501263070  
  3.830000    0.12736097265998   -0.00618391937661    0.00404539005630    0.04707881547274  
  3.840000    0.12660598551262   -0.00612454229618    0.00396716047377    0.04665596008787  
  3.850000    0.12585496927507   -0.00606595564226    0.00389043539170    0.04623637815169  
  3.860000    0.12510797837839   -0.00600814767618    0.00381518338967    0.04582001313389  
  3.870000    0.12436506373028   -0.00595110694003    0.00374137368567    0.04540682030494  
  3.880000    0.12362627232296   -0.00589482221651    0.00366897612798    0.04499676662889  
  3.890000    0.12289164687130   -0.00583928249069    0.00359796118807    0.04458983054383  
  3.900000    0.12216122548473   -0.00578447691385    0.00352829995457    0.04418600163269  
  3.910000    0.12143504137615   -0.00573039476970    0.00345996412813    0.04378528018787  
  3.920000    0.12071312261065   -0.00567702544318    0.00339292601694    0.04338767667491  
  3.930000    0.11999549189659   -0.00562435839191    0.00332715853292    0.04299321110050  
  3.940000    0.11928216642088   -0.00557238312064    0.00326263518830    0.04260191229208  
  3.950000    0.11857315773036   -0.00552108915861    0.00319933009256    0.04221381709625  
  3.960000    0.11786847166006   -0.00547046604009    0.00313721794949    0.04182896950465  
  3.970000    0.11716810830946   -0.00542050328810    0.00307627405435    0.04144741971638  
  3.980000    0.11647206206659   -0.00537119040133    0.00301647429082    0.04106922314656  
  3.990000    0.11578032168008   -0.00532251684437    0.00295779512788    0.04069443939155  
  4.000000    0.11509287037826   -0.00527447204114    0.00290021361616    0.04032313116115  
  4.010000    0.11440968603421   -0.00522704537149    0.00284370738405    0.03995536318895  
  4.020000    0.11373074137529   -0.00518022617103    0.00278825463302    0.03959120113179  
  4.030000    0.11305600423506   -0.00513400373384    0.00273383413251    0.03923071046970  
  4.040000    0.11238543784509   -0.00508836731822    0.00268042521393    0.03887395541720  
  4.050000    0.11171900116416   -0.00504330615511    0.00262800776398    0.03852099785711  
  4.060000    0.11105664924137   -0.00499880945911    0.00257656221702    0.03817189630758  
  4.070000    0.11039833360998   -0.00495486644191    0.00252606954661    0.03782670493251  
  4.080000    0.10974400270805   -0.00491146632783    0.00247651125612    0.03748547260536  
  4.090000    0.10909360232202   -0.00486859837136    0.00242786936837    0.03714824203552  
  4.100000    0.10844707604889   -0.00482625187633    0.00238012641430    0.03681504896587  
  4.110000    0.10780436577278   -0.00478441621653    0.00233326542078    0.03648592144928  
  4.120000    0.10716541215122   -0.00474308085743    0.00228726989741    0.03616087921116  
  4.130000    0.10653015510669   -0.00470223537884    0.00224212382249    0.03583993310406  
  4.140000    0.10589853431875   -0.00466186949806    0.00219781162810    0.03552308465950  
  4.150000    0.10527048971210   -0.00462197309336    0.00215431818448    0.03521032574112  
  4.160000    0.10464596193609   -0.00458253622745    0.00211162878356    0.03490163830229  
  4.170000    0.10402489283113   -0.00454354917065    0.00206972912196    0.03459699425007  
  4.180000    0.10340722587770   -0.00450500242347    0.00202860528338    0.03429635541653  
  4.190000    0.10279290662381   -0.00446688673839    0.00198824372054    0.03399967363726  
  4.200000    0.10218188308692   -0.00442919314048    0.00194863123670    0.03370689093568  
  4.210000    0.10157410612671   -0.00439191294667    0.00190975496704    0.03341793981088  
  4.220000    0.10096952978522   -0.00435503778348    0.00187160235973    0.03313274362571  
  4.230000    0.10036811159141   -0.00431855960288    0.00183416115709    0.03285121709040  
  4.240000    0.09976981282730   -0.00428247069620    0.00179741937674    0.03257326683680  
  4.250000    0.09917459875341   -0.00424676370584    0.00176136529300    0.03229879207656  
  4.260000    0.09858243879154   -0.00421143163469    0.00172598741854    0.03202768533646  
  4.270000    0.09799330666343   -0.00417646785308    0.00169127448644    0.03175983326292  
  4.280000    0.09740718048411   -0.00414186610321    0.00165721543290    0.03149511748716  
  4.290000    0.09682404280930   -0.00410762050095    0.00162379938037    0.03123341554202  
  4.300000    0.09624388063673   -0.00407372553501    0.00159101562162    0.03097460182066  
  4.310000    0.09566668536156   -0.00404017606340    0.00155885360451    0.03071854856737  
  4.320000    0.09509245268659   -0.00400696730729    0.00152730291772    0.03046512689001  
  4.330000    0.09452118248832   -0.00397409484215    0.00149635327747    0.03021420778383  
  4.340000    0.09395287864058   -0.00394155458644    0.00146599451534    0.02996566315596  
  4.350000    0.09338754879741   -0.00390934278777    0.00143621656714    0.02971936684018  
  4.360000    0.09282520413779   -0.00387745600671    0.00140700946305    0.02947519559157  
  4.370000    0.09226585907474   -0.00384589109846    0.00137836331891    0.02923303005100  
  4.380000    0.09170953093195   -0.00381464519238    0.00135026832884    0.02899275566949  
  4.390000    0.09115623959113   -0.00378371566974    0.00132271475903    0.02875426358347  
  4.400000    0.09060600711395   -0.00375310013975    0.00129569294292    0.02851745143174  
  4.410000    0.09005885734217   -0.00372279641425    0.00126919327758    0.02828222410633  
  4.420000    0.08951481548017   -0.00369280248109    0.00124320622135    0.02804849442958  
  4.430000    0.08897390766408   -0.00366311647660    0.00121772229280    0.02781618375088  
  4.440000    0.08843616052188   -0.00363373665740    0.00119273207078    0.02758522245718  
  4.450000    0.08790160072874   -0.00360466137172    0.00116822619569    0.02735555039243  
  4.460000    0.08737025456231   -0.00357588903058    0.00114419537182    0.02712711718184  
  4.470000    0.08684214746217   -0.00354741807908    0.00112063037074    0.02689988245810  
  4.480000    0.08631730359797   -0.00351924696804    0.00109752203561    0.02667381598753  
  4.490000    0.08579574545050   -0.00349137412630    0.00107486128641    0.02644889769518  
  4.500000    0.08527749340993   -0.00346379793396    0.00105263912588    0.02622511758900  
  4.510000    0.08476256539510   -0.00343651669663    0.00103084664624    0.02600247558418  
  4.520000    0.08425097649767   -0.00340952862125    0.00100947503640    0.02578098122986  
  4.530000    0.08374273865480   -0.00338283179342    0.00098851558971    0.02556065334116  
  4.540000    0.08323786035331   -0.00335642415657    0.00096795971206    0.02534151954082  
  4.550000    0.08273634636853   -0.00333030349316    0.00094779893026    0.02512361571530  
  4.560000    0.08223819754023   -0.00330446740808    0.00092802490054    0.02490698539118  
  4.570000    0.08174341058796   -0.00327891331440    0.00090862941711    0.02469167903857  
  4.580000    0.08125197796750   -0.00325363842157    0.00088960442062    0.02447775330885  
  4.590000    0.08076388777000   -0.00322863972623    0.00087094200650    0.02426527021474  
  4.600000    0.08027912366466   -0.00320391400563    0.00085263443297    0.02405429626122  
  4.610000    0.07979766488560   -0.00317945781384    0.00083467412863    0.02384490153645  
  4.620000    0.07931948626299   -0.00315526748063    0.00081705369967    0.02363715877199  
  4.630000    0.07884455829829   -0.00313133911311    0.00079976593643    0.02343114238208  
  4.640000    0.07837284728269   -0.00310766860013    0.00078280381934    0.02322692749186  
  4.650000    0.07790431545767   -0.00308425161927    0.00076616052411    0.02302458896439  
  4.660000    0.07743892121621   -0.00306108364646    0.00074982942615    0.02282420043653  
  4.670000    0.07697661934252   -0.00303815996810    0.00073380410413    0.02262583337345  
  4.680000    0.07651736128815   -0.00301547569548    0.00071807834266    0.02242955615127  
  4.690000    0.07606109548158   -0.00299302578145    0.00070264613398    0.02223543317719  
  4.700000    0.07560776766847   -0.00297080503913    0.00068750167873    0.02204352405594  
  4.710000    0.07515732127919   -0.00294880816241    0.00067263938569    0.02185388281087  
  4.720000    0.07470969781997   -0.00292702974814    0.00065805387058    0.02166655716744  
  4.730000    0.07426483728401   -0.00290546431971    0.00064373995382    0.02148158790622  
  4.740000    0.07382267857850   -0.00288410635181    0.00062969265729    0.02129900829174  
  4.750000    0.07338315996331   -0.00286295029611    0.00061590720019    0.02111884358279  
  4.760000    0.07294621949725   -0.00284199060761    0.00060237899392    0.02094111062882  
  4.770000    0.07251179548743   -0.00282122177137    0.00058910363608    0.02076581755634  
  4.780000    0.07207982693743   -0.00280063832944    0.00057607690361    0.02059296354803  
  4.790000    0.07165025398991   -0.00278023490756    0.00056329474521    0.02042253871677  
  4.800000    0.07122301835937   -0.00276000624157    0.00055075327293    0.02025452407522  
  4.810000    0.07079806375084   -0.00273994720306    0.00053844875323    0.02008889160108  
  4.820000    0.07037533626043   -0.00272005282419    0.00052637759736    0.01992560439709  
  4.830000    0.06995478475395   -0.00270031832124    0.00051453635134    0.01976461694358  
  4.840000    0.06953636121980   -0.00268073911686    0.00050292168546    0.01960587544077  
  4.850000    0.06912002109278   -0.00266131086067    0.00049153038353    0.01944931823707  
  4.860000    0.06870572354569   -0.00264202944795    0.00048035933187    0.01929487633844  
  4.870000    0.06829343174583   -0.00262289103647    0.00046940550819    0.01914247399359  
  4.880000    0.06788311307404   -0.00260389206098    0.00045866597046    0.01899202934849  
  4.890000    0.06747473930396   -0.00258502924548    0.00044813784578    0.01884345516340  
  4.900000    0.06706828674000   -0.00256629961300    0.00043781831951    0.01869665958473  
  4.910000    0.06666373631255   -0.00254770049279    0.00042770462455    0.01855154696373  
  4.920000    0.06626107362942   -0.00252922952498    0.00041779403100    0.01840801871327  
  4.930000    0.06586028898333   -0.00251088466247    0.00040808383630    0.01826597419396  
  4.940000    0.06546137731495   -0.00249266417014    0.00039857135575    0.01812531162024  
  4.950000    0.06506433813220   -0.00247456662146    0.00038925391373    0.01798592897721  
  4.960000    0.06466917538644   -0.00245659089227    0.00038012883546    0.01784772493860  
  4.970000    0.06427589730663   -0.00243873615213    0.00037119343956    0.01771059977648  
  4.980000    0.06388451619336   -0.00242100185300    0.00036244503132    0.01757445625346  
  4.990000    0.06349504817443   -0.00240338771561    0.00035388089676    0.01743920048809  
  5.000000    0.06310751292450   -0.00238589371345    0.00034549829757    0.01730474278480  
  5.010000    0.06272193335148   -0.00236852005466    0.00033729446692    0.01717099841982  
  5.020000    0.06233833525272   -0.00235126716201    0.00032926660614    0.01703788837528  
  5.030000    0.06195674694417   -0.00233413565099    0.00032141188235    0.01690534001383  
  5.040000    0.06157719886634   -0.00231712630644    0.00031372742691    0.01677328768734  
  5.050000    0.06119972317054   -0.00230024005776    0.00030621033488    0.01664167327332  
  5.060000    0.06082435328969   -0.00228347795311    0.00029885766530    0.01651044663390  
  5.070000    0.06045112349763   -0.00226684113264    0.00029166644235    0.01637956599289  
  5.080000    0.06008006846122   -0.00225033080122    0.00028463365731    0.01624899822705  
  5.090000    0.05971122278959   -0.00223394820077    0.00027775627138    0.01611871906917  
  5.100000    0.05934462058486   -0.00221769458256    0.00027103121917    0.01598871322069  
  5.110000    0.05898029499858   -0.00220157117967    0.00026445541294    0.01585897437336  
  5.120000    0.05861827779824   -0.00218557917994    0.00025802574739    0.01572950513957  
  5.130000    0.05825859894799   -0.00216971969959    0.00025173910511    0.01560031689261  
  5.140000    0.05790128620757   -0.00215399375791    0.00024559236243    0.01547142951858  
  5.150000    0.05754636475336   -0.00213840225301    0.00023958239576    0.01534287108272  
  5.160000    0.05719385682505   -0.00212294593916    0.00023370608821    0.01521467741390  
  5.170000    0.05684378140153   -0.00210762540571    0.00022796033647    0.01508689161161  
  5.180000    0.05649615390890   -0.00209244105792    0.00022234205794    0.01495956348088  
  5.190000    0.05615098596347   -0.00207739309977    0.00021684819780    0.01483274890091  
  5.200000    0.05580828515226   -0.00206248151906    0.00021147573626    0.01470650913420  
  5.210000    0.05546805485299   -0.00204770607481    0.00020622169555    0.01458091008336  
  5.220000    0.05513029409529   -0.00203306628712    0.00020108314692    0.01445602150338  
  5.230000    0.05479499746454   -0.00201856142966    0.00019605721725    0.01433191617747  
  5.240000    0.05446215504904   -0.00200419052472    0.00019114109544    0.01420866906508  
  5.250000    0.05413175243121   -0.00198995234098    0.00018633203840    0.01408635643094  
  5.260000    0.05380377072269   -0.00197584539397    0.00018162737651    0.01396505496392  
  5.270000    0.05347818664307   -0.00196186794922    0.00017702451865    0.01384484089500  
  5.280000    0.05315497264143   -0.00194801802805    0.00017252095663    0.01372578912312  
  5.290000    0.05283409705949   -0.00193429341598    0.00016811426895    0.01360797235808  
  5.300000    0.05251552433473   -0.00192069167367    0.00016380212393    0.01349146028909  
  5.310000    0.05219921524148   -0.00190721015017    0.00015958228216    0.01337631878745  
  5.320000    0.05188512716778   -0.00189384599857    0.00015545259818    0.01326260915139  
  5.330000    0.05157321442497   -0.00188059619367    0.00015141102138    0.01315038740076  
  5.340000    0.05126342858740   -0.00186745755162    0.00014745559623    0.01303970362867  
  5.350000    0.05095571885857   -0.00185442675135    0.00014358446166    0.01293060141645  
  5.360000    0.05065003246045   -0.00184150035742    0.00013979584971    0.01282311731785  
  5.370000    0.05034631504191   -0.00182867484434    0.00013608808343    0.01271728041757  
  5.380000    0.05004451110251   -0.00181594662183    0.00013245957401    0.01261311196842  
  5.390000    0.04974456442748   -0.00180331206099    0.00012890881728    0.01251062511057  
  5.400000    0.04944641852947   -0.00179076752096    0.00012543438950    0.01240982467563  
  5.410000    0.04915001709312   -0.00177830937599    0.00012203494248    0.01231070707730  
  5.420000    0.04885530441783   -0.00176593404245    0.00011870919822    0.01221326028938  
  5.430000    0.04856222585457   -0.00175363800566    0.00011545594292    0.01211746391132  
  5.440000    0.04827072823248   -0.00174141784626    0.00011227402063    0.01202328932020  
  5.450000    0.04798076027112   -0.00172927026576    0.00010916232642    0.01193069990747  
  5.460000    0.04769227297430   -0.00171719211119    0.00010611979925    0.01183965139773  
  5.470000    0.04740522000177   -0.00170518039841    0.00010314541457    0.01175009224608  
  5.480000    0.04711955801510   -0.00169323233404    0.00010023817677    0.01166196410972  
  5.490000    0.04683524699436   -0.00168134533564    0.00009739711148    0.01157520238883  
  5.500000    0.04655225052267   -0.00166951705005    0.00009462125783    0.01148973683083  
  5.510000    0.04627053603568   -0.00165774536965    0.00009190966083    0.01140549219188  
  5.520000    0.04599007503365   -0.00164602844640    0.00008926136378    0.01132238894840  
  5.530000    0.04571084325408   -0.00163436470349    0.00008667540096    0.01124034405142  
  5.540000    0.04543282080318   -0.00162275284461    0.00008415079053    0.01115927171572  
  5.550000    0.04515599224495   -0.00161119186046    0.00008168652780    0.01107908423561  
  5.560000    0.04488034664693   -0.00159968103286    0.00007928157896    0.01099969281895  
  5.570000    0.04460587758223   -0.00158821993596    0.00007693487518    0.01092100843067  
  5.580000    0.04433258308782   -0.00157680843493    0.00007464530737    0.01084294263726  
  5.590000    0.04406046557947   -0.00156544668180    0.00007241172141    0.01076540844334  
  5.600000    0.04378953172416   -0.00155413510883    0.00007023291412    0.01068832111192  
  5.610000    0.04351979227120   -0.00154287441915    0.00006810762981    0.01061159895985  
  5.620000    0.04325126184373   -0.00153166557495    0.00006603455764    0.01053516412029  
  5.630000    0.04298395869258   -0.00152050978333    0.00006401232965    0.01045894326460  
  5.640000    0.04271790441492   -0.00150940847980    0.00006203951957    0.01038286827622  
  5.650000    0.04245312364041   -0.00149836330980    0.00006011464238    0.01030687686966  
  5.660000    0.04218964368792   -0.00148737610821    0.00005823615473    0.01023091314852  
  5.670000    0.04192749419614   -0.00147644887716    0.00005640245602    0.01015492809683  
  5.680000    0.04166670673171   -0.00146558376240    0.00005461189032    0.01007887999888  
  5.690000    0.04140731437863   -0.00145478302827    0.00005286274903    0.01000273478329  
  5.700000    0.04114935131305   -0.00144404903174    0.00005115327424    0.00992646628813  
  5.710000    0.04089285236739   -0.00143338419560    0.00004948166276    0.00985005644437  
  5.720000    0.04063785258833   -0.00142279098110    0.00004784607089    0.00977349537607  
  5.730000    0.04038438679270   -0.00141227186039    0.00004624461969    0.00969678141640  
  5.740000    0.04013248912578   -0.00140182928889    0.00004467540088    0.00961992103963  
  5.750000    0.03988219262627   -0.00139146567797    0.00004313648319    0.00954292870985  
  5.760000    0.03963352880219   -0.00138118336811    0.00004162591920    0.00946582664824  
  5.770000    0.03938652722189   -0.00137098460289    0.00004014175250    0.00938864452148  
  5.780000    0.03914121512408   -0.00136087150398    0.00003868202521    0.00931141905464  
  5.790000    0.03889761705089   -0.00135084604744    0.00003724478567    0.00923419357271  
  5.800000    0.03865575450739   -0.00134091004151    0.00003582809635    0.00915701747572  
  5.810000    0.03841564565105   -0.00133106510610    0.00003443004183    0.00907994565290  
  5.820000    0.03817730501408   -0.00132131265427    0.00003304873675    0.00900303784207  
  5.830000    0.03794074326157   -0.00131165387570    0.00003168233374    0.00892635794104  
  5.840000    0.03770596698769   -0.00130208972253    0.00003032903120    0.00884997327818  
  5.850000    0.03747297855208   -0.00129262089750    0.00002898708088    0.00877395384966  
  5.860000    0.03724177595801   -0.00128324784470    0.00002765479512    0.00869837153148  
  5.870000    0.03701235277363   -0.00127397074279    0.00002633055380    0.00862329927431  
  5.880000    0.03678469809712   -0.00126478950103    0.00002501281086    0.00854881028948  
  5.890000    0.03655879656606   -0.00125570375788    0.00002370010029    0.00847497723460  
  5.900000    0.03633462841120   -0.00124671288239    0.00002239104171    0.00840187140714  
  5.910000    0.03611216955391   -0.00123781597831    0.00002108434522    0.00832956195428  
  5.920000    0.03589139174669   -0.00122901189075    0.00001977881574    0.00825811510709  
  5.930000    0.03567226275523   -0.00122029921558    0.00001847335663    0.00818759344701  
  5.940000    0.03545474658050   -0.00121167631123    0.00001716697261    0.00811805521190  
  5.950000    0.03523880371862   -0.00120314131288    0.00001585877202    0.00804955364902  
  5.960000    0.03502439145611   -0.00119469214900    0.00001454796828    0.00798213642120  
  5.970000    0.03481146419781   -0.00118632655982    0.00001323388061    0.00791584507250  
  5.980000    0.03459997382411   -0.00117804211784    0.00001191593405    0.00785071455851  
  5.990000    0.03438987007431   -0.00116983624999    0.00001059365865    0.00778677284623  
  6.000000    0.03418110095228   -0.00116170626125    0.00000926668803    0.00772404058727  
  6.010000    0.03397361315052   -0.00115364935956    0.00000793475710    0.00766253086783  
  6.020000    0.03376735248868   -0.00114566268177    0.00000659769922    0.00760224903778  
  6.030000    0.03356226436208   -0.00113774332025    0.00000525544256    0.00754319262039  
  6.040000    0.03335829419611   -0.00112988835011    0.00000390800599    0.00748535130367  
  6.050000    0.03315538790190   -0.00112209485657    0.00000255549425    0.00742870701306  
  6.060000    0.03295349232907   -0.00111435996228    0.00000119809265    0.00737323406471  
  6.070000    0.03275255571092   -0.00110668085438   -0.00000016393865    0.00731889939757  
  6.080000    0.03255252809788   -0.00109905481097   -0.00000153027088    0.00726566288174  
  6.090000    0.03235336177494   -0.00109147922667   -0.00000290051319    0.00721347769984  
  6.100000    0.03215501165892   -0.00108395163715   -0.00000427421950    0.00716229079718  
  6.110000    0.03195743567182   -0.00107646974232   -0.00000565089554    0.00711204339621  
  6.120000    0.03176059508640   -0.00106903142790   -0.00000703000610    0.00706267156955  
  6.130000    0.03156445484067   -0.00106163478526   -0.00000841098229    0.00701410686585  
  6.140000    0.03136898381824   -0.00105427812920   -0.00000979322889    0.00696627698176  
  6.150000    0.03117415509154   -0.00104696001363   -0.00001117613158    0.00691910647309  
  6.160000    0.03097994612565   -0.00103967924489   -0.00001255906409    0.00687251749770  
  6.170000    0.03078633894059   -0.00103243489262   -0.00001394139513    0.00682643058249  
  6.180000    0.03059332023040   -0.00102522629803   -0.00001532249508    0.00678076540645  
  6.190000    0.03040088143774   -0.00101805307952   -0.00001670174233    0.00673544159173  
  6.200000    0.03020901878326   -0.00101091513556   -0.00001807852929    0.00669037949450  
  6.210000    0.03001773324925   -0.00100381264485   -0.00001945226791    0.00664550098757  
  6.220000    0.02982703051764   -0.00099674606363   -0.00002082239479    0.00660073022648  
  6.230000    0.02963692086288   -0.00098971612027   -0.00002218837566    0.00655599439148  
  6.240000    0.02944741900061   -0.00098272380718   -0.00002354970942    0.00651122439750  
  6.250000    0.02925854389338   -0.00097577037003   -0.00002490593151    0.00646635556503  
  6.260000    0.02907031851538   -0.00096885729444   -0.00002625661662    0.00642132824499  
  6.270000    0.02888276957811   -0.00096198629025   -0.00002760138088    0.00637608839116  
  6.280000    0.02869592721980   -0.00095515927352   -0.00002893988325    0.00633058807440  
  6.290000    0.02850982466122   -0.00094837834641   -0.00003027182638    0.00628478593348  
  6.300000    0.02832449783137   -0.00094164577512   -0.00003159695668    0.00623864755785  
  6.310000    0.02813998496641   -0.00093496396616   -0.00003291506390    0.00619214579855  
  6.320000    0.02795632618569   -0.00092833544113   -0.00003422597986    0.00614526100424  
  6.330000    0.02777356304892   -0.00092176281015   -0.00003552957677    0.00609798117984  
  6.340000    0.02759173809873   -0.00091524874448   -0.00003682576482    0.00605030206641  
  6.350000    0.02741089439294   -0.00090879594823   -0.00003811448927    0.00600222714149  
  6.360000    0.02723107503102   -0.00090240712969   -0.00003939572699    0.00595376754001  
  6.370000    0.02705232267937   -0.00089608497252   -0.00004066948259    0.00590494189663  
  6.380000    0.02687467909993   -0.00088983210690   -0.00004193578402    0.00585577611139  
  6.390000    0.02669818468668   -0.00088365108121   -0.00004319467788    0.00580630304104  
  6.400000    0.02652287801456   -0.00087754433419   -0.00004444622441    0.00575656211937  
  6.410000    0.02634879540510   -0.00087151416820   -0.00004569049217    0.00570659891062  
  6.420000    0.02617597051312   -0.00086556272349   -0.00004692755257    0.00565646460056  
  6.430000    0.02600443393845   -0.00085969195400   -0.00004815747427    0.00560621543059  
  6.440000    0.02583421286651   -0.00085390360479   -0.00004938031752    0.00555591208090  
  6.450000    0.02566533074124   -0.00084819919139   -0.00005059612848    0.00550561900882  
  6.460000    0.02549780697371   -0.00084257998121   -0.00005180493362    0.00545540374963  
  6.470000    0.02533165668929   -0.00083704697724   -0.00005300673429    0.00540533618673  
  6.480000    0.02516689051581   -0.00083160090420   -0.00005420150143    0.00535548779894  
  6.490000    0.02500351441503   -0.00082624219730   -0.00005538917063    0.00530593089271  
  6.500000    0.02484152955908   -0.00082097099363   -0.00005656963740    0.00525673782706  
  6.510000    0.02468093225312   -0.00081578712643   -0.00005774275292    0.00520798023942  
  6.520000    0.02452171390524   -0.00081069012213   -0.00005890832017    0.00515972828019  
  6.530000    0.02436386104390   -0.00080567920036   -0.00006006609055    0.00511204986405  
  6.540000    0.02420735538291   -0.00080075327677   -0.00006121576102    0.00506500994564  
  6.550000    0.02405217393348   -0.00079591096883   -0.00006235697181    0.00501866982708  
  6.560000    0.02389828916238   -0.00079115060439   -0.00006348930469    0.00497308650445  
  6.570000    0.02374566919481   -0.00078647023303   -0.00006461228192    0.00492831205996  
  6.580000    0.02359427806011   -0.00078186764002   -0.00006572536577    0.00488439310592  
  6.590000    0.02344407597816   -0.00077734036290   -0.00006682795873    0.00484137028639  
  6.600000    0.02329501968377   -0.00077288571038   -0.00006791940436    0.00479927784137  
  6.610000    0.02314706278601   -0.00076850078339   -0.00006899898883    0.00475814323815  
  6.620000    0.02300015615919   -0.00076418249825   -0.00007006594305    0.00471798687345  
  6.630000    0.02285424836179   -0.00075992761157   -0.00007111944548    0.00467882184941  
  6.640000    0.02270928607932   -0.00075573274665   -0.00007215862559    0.00464065382565  
  6.650000    0.02256521458700   -0.00075159442129   -0.00007318256781    0.00460348094881  
  6.660000    0.02242197822785   -0.00074750907658   -0.00007419031614    0.00456729386032  
  6.670000    0.02227952090151   -0.00074347310644   -0.00007518087922    0.00453207578220  
  6.680000    0.02213778655932   -0.00073948288766   -0.00007615323590    0.00449780267983  
  6.690000    0.02199671970062   -0.00073553481017   -0.00007710634125    0.00446444350018  
  6.700000    0.02185626586578   -0.00073162530715   -0.00007803913289    0.00443196048273  
  6.710000    0.02171637212101   -0.00072775088481   -0.00007895053774    0.00440030953989  
  6.720000    0.02157698753020   -0.00072390815144   -0.00007983947891    0.00436944070301  
  6.730000    0.02143806360945   -0.00072009384556   -0.00008070488287    0.00433929862922  
  6.740000    0.02129955475949   -0.00071630486280   -0.00008154568674    0.00430982316377  
  6.750000    0.02116141867203   -0.00071253828126   -0.00008236084561    0.00428094995220  
  6.760000    0.02102361670592   -0.00070879138525   -0.00008314933985    0.00425261109577  
  6.770000    0.02088611422931   -0.00070506168687   -0.00008391018244    0.00422473584343  
  6.780000    0.02074888092453   -0.00070134694557   -0.00008464242604    0.00419725131316  
  6.790000    0.02061189105248   -0.00069764518519   -0.00008534516991    0.00417008323518  
  6.800000    0.02047512367394   -0.00069395470856   -0.00008601756660    0.00414315670931  
  6.810000    0.02033856282537   -0.00069027410928   -0.00008665882822    0.00411639696863  
  6.820000    0.02020219764749   -0.00068660228077   -0.00008726823242    0.00408973014163  
  6.830000    0.02006602246508   -0.00068293842233   -0.00008784512780    0.00406308400475  
  6.840000    0.01993003681711   -0.00067928204225   -0.00008838893897    0.00403638871782  
  6.850000    0.01979424543670   -0.00067563295785   -0.00008889917092    0.00400957753449  
  6.860000    0.01965865818088   -0.00067199129251   -0.00008937541291    0.00398258748056  
  6.870000    0.01952328991064   -0.00066835746968   -0.00008981734168    0.00395535999303  
  6.880000    0.01938816032227   -0.00066473220389   -0.00009022472402    0.00392784151335  
  6.890000    0.01925329373127   -0.00066111648891   -0.00009059741869    0.00389998402872  
  6.900000    0.01911871881085   -0.00065751158304   -0.00009093537759    0.00387174555585  
  6.910000    0.01898446828734   -0.00065391899187   -0.00009123864626    0.00384309056221  
  6.920000    0.01885057859512   -0.00065034044837   -0.00009150736367    0.00381399032037  
  6.930000    0.01871708949436   -0.00064677789087   -0.00009174176128    0.00378442319182  
  6.940000    0.01858404365504   -0.00064323343874   -0.00009194216143    0.00375437483731  
  6.950000    0.01845148621106   -0.00063970936632   -0.00009210897497    0.00372383835157  
  6.960000    0.01831946428864   -0.00063620807514   -0.00009224269836    0.00369281432104  
  6.970000    0.01818802651339   -0.00063273206484   -0.00009234390999    0.00366131080388  
  6.980000    0.01805722250074   -0.00062928390292   -0.00009241326599    0.00362934323266  
  6.990000    0.01792710233452   -0.00062586619375   -0.00009245149545    0.00359693424059  
  7.000000    0.01779771603856   -0.00062248154704   -0.00009245939510    0.00356411341318  
  7.010000    0.01766911304656   -0.00061913254615   -0.00009243782357    0.00353091696779  
  7.020000    0.01754134167506   -0.00061582171644   -0.00009238769521    0.00349738736445  
  7.030000    0.01741444860476   -0.00061255149410   -0.00009230997356    0.00346357285193  
  7.040000    0.01728847837515   -0.00060932419567   -0.00009220566449    0.00342952695384  
  7.050000    0.01716347289727   -0.00060614198861   -0.00009207580916    0.00339530789983  
  7.060000    0.01703947098960   -0.00060300686311   -0.00009192147683    0.00336097800804  
  7.070000    0.01691650794129   -0.00059992060562   -0.00009174375747    0.00332660302497  
  7.080000    0.01679461510737   -0.00059688477407   -0.00009154375447    0.00329225142963  
  7.090000    0.01667381953980   -0.00059390067536   -0.00009132257727    0.00325799370926  
  7.100000    0.01655414365811   -0.00059096934509   -0.00009108133420    0.00322390161390  
  7.110000    0.01643560496300   -0.00058809152986   -0.00009082112542    0.00319004739767  
  7.120000    0.01631821579580   -0.00058526767230   -0.00009054303608    0.00315650305453  
  7.130000    0.01620198314640   -0.00058249789902   -0.00009024812988    0.00312333955639  
  7.140000    0.01608690851169   -0.00057978201154   -0.00008993744286    0.00309062610152  
  7.150000    0.01597298780610   -0.00057711948038   -0.00008961197770    0.00305842938091  
  7.160000    0.01586021132546   -0.00057450944232   -0.00008927269838    0.00302681287031  
  7.170000    0.01574856376461   -0.00057195070101   -0.00008892052547    0.00299583615516  
  7.180000    0.01563802428915   -0.00056944173069   -0.00008855633185    0.00296555429538  
  7.190000    0.01552856666063   -0.00056698068327   -0.00008818093908    0.00293601723681  
  7.200000    0.01542015941453   -0.00056456539860   -0.00008779511436    0.00290726927509  
  7.210000    0.01531276608941   -0.00056219341780   -0.00008739956812    0.00287934857781  
  7.220000    0.01520634550542   -0.00055986199965   -0.00008699495228    0.00285228676972  
  7.230000    0.01510085208980   -0.00055756813984   -0.00008658185912    0.00282610858549  
  7.240000    0.01499623624640   -0.00055530859293   -0.00008616082091    0.00280083159347  
  7.250000    0.01489244476609   -0.00055307989679   -0.00008573231009    0.00277646599344  
  7.260000    0.01478942127423   -0.00055087839933   -0.00008529674016    0.00275301449054  
  7.270000    0.01468710671124   -0.00054870028739   -0.00008485446723    0.00273047224660  
  7.280000    0.01458543984179   -0.00054654161721   -0.00008440579210    0.00270882690958  
  7.290000    0.01448435778800   -0.00054439834661   -0.00008395096300    0.00268805872068  
  7.300000    0.01438379658167   -0.00054226636825   -0.00008349017886    0.00266814069834  
  7.310000    0.01428369173029   -0.00054014154381   -0.00008302359302    0.00264903889702  
  7.320000    0.01418397879175   -0.00053801973881   -0.00008255131755    0.00263071273829  
  7.330000    0.01408459395203   -0.00053589685757   -0.00008207342781    0.00261311541096  
  7.340000    0.01398547460065   -0.00053376887819   -0.00008158996748    0.00259619433588  
  7.350000    0.01388655989823   -0.00053163188704   -0.00008110095389    0.00257989169106  
  7.360000    0.01378779133073   -0.00052948211251   -0.00008060638353    0.00256414499140  
  7.370000    0.01368911324509   -0.00052731595773   -0.00008010623776    0.00254888771731  
  7.380000    0.01359047336097   -0.00052513003182   -0.00007960048870    0.00253404998571  
  7.390000    0.01349182325362   -0.00052292117950   -0.00007908910506    0.00251955925649  
  7.400000    0.01339311880311   -0.00052068650869   -0.00007857205801    0.00250534106723  
  7.410000    0.01329432060542   -0.00051842341577   -0.00007804932699    0.00249131978861  
  7.420000    0.01319539434127   -0.00051612960847   -0.00007752090530    0.00247741939269  
  7.430000    0.01309631109887   -0.00051380312578   -0.00007698680551    0.00246356422619  
  7.440000    0.01299704764726   -0.00051144235512   -0.00007644706464    0.00244967978079  
  7.450000    0.01289758665736   -0.00050904604615   -0.00007590174892    0.00243569345245  
  7.460000    0.01279791686816   -0.00050661332146   -0.00007535095819    0.00242153528194  
  7.470000    0.01269803319629   -0.00050414368368   -0.00007479482994    0.00240713866886  
  7.480000    0.01259793678739   -0.00050163701913   -0.00007423354270    0.00239244105178  
  7.490000    0.01249763500847   -0.00049909359793   -0.00007366731907    0.00237738454745  
  7.500000    0.01239714138100   -0.00049651407044   -0.00007309642804    0.00236191654231  
  7.510000    0.01229647545475   -0.00049389946012   -0.00007252118682    0.00234599023028  
  7.520000    0.01219566262344   -0.00049125115286   -0.00007194196199    0.00232956509104  
  7.530000    0.01209473388326   -0.00048857088280   -0.00007135917001    0.00231260730387  
  7.540000    0.01199372553637   -0.00048586071479   -0.00007077327709    0.00229509009265  
  7.550000    0.01189267884160   -0.00048312302360   -0.00007018479840    0.00227699399829  
  7.560000    0.01179163961546   -0.00048036047014   -0.00006959429666    0.00225830707576  
  7.570000    0.01169065778666   -0.00047757597474   -0.00006900237997    0.00223902501343  
  7.580000    0.01158978690819   -0.00047477268785   -0.00006840969915    0.00221915117341  
  7.590000    0.01148908363109   -0.00047195395839   -0.00006781694435    0.00219869655239  
  7.600000    0.01138860714476   -0.00046912329995   -0.00006722484117    0.00217767966305  
  7.610000    0.01128841858863   -0.00046628435531   -0.00006663414614    0.00215612633737  
  7.620000    0.01118858044068   -0.00046344085937   -0.00006604564177    0.00213406945339  
  7.630000    0.01108915588828   -0.00046059660106   -0.00006546013111    0.00211154858847  
  7.640000    0.01099020818719   -0.00045775538443   -0.00006487843184    0.00208860960204  
  7.650000    0.01089180001464   -0.00045492098931   -0.00006430137011    0.00206530415244  
  7.660000    0.01079399282249   -0.00045209713197   -0.00006372977401    0.00204168915225  
  7.670000    0.01069684619653   -0.00044928742604   -0.00006316446679    0.00201782616798  
  7.680000    0.01060041722810   -0.00044649534414   -0.00006260625998    0.00199378076994  
  7.690000    0.01050475990379   -0.00044372418061   -0.00006205594632    0.00196962183889  
  7.700000    0.01040992451934   -0.00044097701557   -0.00006151429277    0.00194542083666  
  7.710000    0.01031595712322   -0.00043825668077   -0.00006098203341    0.00192125104806  
  7.720000    0.01022289899541   -0.00043556572758   -0.00006045986260    0.00189718680177  
  7.730000    0.01013078616658   -0.00043290639730   -0.00005994842820    0.00187330267837  
  7.740000    0.01003964898244   -0.00043028059426   -0.00005944832511    0.00184967271345  
  7.750000    0.00994951171767   -0.00042768986180   -0.00005896008909    0.00182636960408  
  7.760000    0.00986039224359   -0.00042513536159   -0.00005848419099    0.00180346392687  
  7.770000    0.00977230175293   -0.00042261785632   -0.00005802103135    0.00178102337557  
  7.780000    0.00968524454489   -0.00042013769599   -0.00005757093560    0.00175911202631  
  7.790000    0.00959921787299   -0.00041769480813   -0.00005713414976    0.00173778963793  
  7.800000    0.00951421185759   -0.00041528869176   -0.00005671083668    0.00171711099486  
  7.810000    0.00943020946454   -0.00041291841552   -0.00005630107308    0.00169712529934  
  7.820000    0.00934718655072   -0.00041058261972   -0.00005590484711    0.00167787561950  
  7.830000    0.00926511197661   -0.00040827952253   -0.00005552205672    0.00165939839902  
  7.840000    0.00918394778550   -0.00040600693023   -0.00005515250875    0.00164172303375  
  7.850000    0.00910364944822   -0.00040376225138   -0.00005479591874    0.00162487151978  
  7.860000    0.00902416617180   -0.00040154251498   -0.00005445191159    0.00160885817687  
  7.870000    0.00894544126971   -0.00039934439228   -0.00005412002289    0.00159368945031  
  7.880000    0.00886741259091   -0.00039716422223   -0.00005379970110    0.00157936379358  
  7.890000    0.00879001300425   -0.00039499804037   -0.00005349031044    0.00156587163327  
  7.900000    0.00871317093435   -0.00039284161075   -0.00005319113457    0.00155319541690  
  7.910000    0.00863681094437   -0.00039069046082   -0.00005290138090    0.00154130974359  
  7.920000    0.00856085436099   -0.00038853991887   -0.00005262018572    0.00153018157638  
  7.930000    0.00848521993607   -0.00038638515375   -0.00005234661981    0.00151977053455  
  7.940000    0.00840982453942   -0.00038422121652   -0.00005207969481    0.00151002926307  
  7.950000    0.00833458387655   -0.00038204308360   -0.00005181837005    0.00150090387589  
  7.960000    0.00825941322515   -0.00037984570116   -0.00005156155990    0.00149233446876  
  7.970000    0.00818422818383   -0.00037762403026   -0.00005130814153    0.00148425569658  
  7.980000    0.00810894542621   -0.00037537309237   -0.00005105696312    0.00147659740984  
  7.990000    0.00803348345384   -0.00037308801479   -0.00005080685227    0.00146928534366  
  8.000000    0.00795776334090   -0.00037076407573   -0.00005055662474    0.00146224185289  
  8.010000    0.00788170946392   -0.00036839674837   -0.00005030509325    0.00145538668580  
  8.020000    0.00780525020982   -0.00036598174381   -0.00005005107643    0.00144863778873  
  8.030000    0.00772831865557   -0.00036351505213   -0.00004979340773    0.00144191213368  
  8.040000    0.00765085321311   -0.00036099298158   -0.00004953094432    0.00143512656038  
  8.050000    0.00757279823339   -0.00035841219513   -0.00004926257572    0.00142819862460  
  8.060000    0.00749410456366   -0.00035576974438   -0.00004898723233    0.00142104744385  
  8.070000    0.00741473005256   -0.00035306310017   -0.00004870389356    0.00141359453207  
  8.080000    0.00733463999796   -0.00035029017990   -0.00004841159563    0.00140576461461  
  8.090000    0.00725380753293   -0.00034744937094   -0.00004810943889    0.00139748641537  
  8.100000    0.00717221394590   -0.00034453955024   -0.00004779659466    0.00138869340769  
  8.110000    0.00708984893131   -0.00034156009960   -0.00004747231150    0.00137932452153  
  8.120000    0.00700671076798   -0.00033851091666   -0.00004713592079    0.00136932479924  
  8.130000    0.00692280642281   -0.00033539242130   -0.00004678684169    0.00135864599331  
  8.140000    0.00683815157818   -0.00033220555749   -0.00004642458536    0.00134724709953  
  8.150000    0.00675277058199   -0.00032895179039   -0.00004604875840    0.00133509482000  
  8.160000    0.00666669632010   -0.00032563309881   -0.00004565906546    0.00132216395078  
  8.170000    0.00657997001140   -0.00032225196289   -0.00004525531114    0.00130843769004  
  8.180000    0.00649264092667   -0.00031881134727   -0.00004483740091    0.00129390786304  
  8.190000    0.00640476603285   -0.00031531467965   -0.00004440534127    0.00127857506120  
  8.200000    0.00631640956511   -0.00031176582503   -0.00004395923904    0.00126244869350  
  8.210000    0.00622764252989   -0.00030816905569   -0.00004349929976    0.00124554694901  
  8.220000    0.00613854214232   -0.00030452901728   -0.00004302582536    0.00122789667060  
  8.230000    0.00604919120253   -0.00030085069112   -0.00004253921086    0.00120953314038  
  8.240000    0.00595967741558   -0.00029713935316   -0.00004203994043    0.00119049977861  
  8.250000    0.00587009266037   -0.00029340052976   -0.00004152858261    0.00117084775855  
  8.260000    0.00578053221340   -0.00028963995081   -0.00004100578485    0.00115063554055  
  8.270000    0.00569109393370   -0.00028586350044   -0.00004047226740    0.00112992832946  
  8.280000    0.00560187741561   -0.00028207716584   -0.00003992881655    0.00110879746046  
  8.290000    0.00551298311634   -0.00027828698451   -0.00003937627736    0.00108731971877  
  8.300000    0.00542451146572   -0.00027449899045   -0.00003881554588    0.00106557659967  
  8.310000    0.00533656196556   -0.00027071915977   -0.00003824756098    0.00104365351573  
  8.320000    0.00524923228629   -0.00026695335608   -0.00003767329582    0.00102163895879  
  8.330000    0.00516261736858   -0.00026320727626   -0.00003709374904    0.00099962362467  
  8.340000    0.00507680853774   -0.00025948639697   -0.00003650993579    0.00097769950888  
  8.350000    0.00499189263851   -0.00025579592249   -0.00003592287864    0.00095595898224  
  8.360000    0.00490795119783   -0.00025214073419   -0.00003533359845    0.00093449385508  
  8.370000    0.00482505962301   -0.00024852534227   -0.00003474310527    0.00091339443941  
  8.380000    0.00474328644226   -0.00024495383999   -0.00003415238949    0.00089274861795  
  8.390000    0.00466269259447   -0.00024142986104   -0.00003356241301    0.00087264092928  
  8.400000    0.00458333077439   -0.00023795654019   -0.00003297410089    0.00085315167808  
  8.410000    0.00450524483916   -0.00023453647781   -0.00003238833322    0.00083435607917  
  8.420000    0.00442846928121   -0.00023117170836   -0.00003180593751    0.00081632344394  
  8.430000    0.00435302877199   -0.00022786367331   -0.00003122768153    0.00079911641699  
  8.440000    0.00427893777996   -0.00022461319855   -0.00003065426671    0.00078279027075  
  8.450000    0.00420620026530   -0.00022142047655   -0.00003008632212    0.00076739226480  
  8.460000    0.00413480945215   -0.00021828505335   -0.00002952439914    0.00075296107612  
  8.470000    0.00406474767782   -0.00021520582020   -0.00002896896673    0.00073952630547  
  8.480000    0.00399598631608   -0.00021218100995   -0.00002842040741    0.00072710806432  
  8.490000    0.00392848576892   -0.00020920819761   -0.00002787901383    0.00071571664514  
  8.500000    0.00386219551805   -0.00020628430485   -0.00002734498606    0.00070535227688  
  8.510000    0.00379705422316   -0.00020340560749   -0.00002681842936    0.00069600496542  
  8.520000    0.00373298984888   -0.00020056774508   -0.00002629935238    0.00068765441718  
  8.530000    0.00366991979660   -0.00019776573121   -0.00002578766576    0.00068027004124  
  8.540000    0.00360775101029   -0.00019499396262   -0.00002528318073    0.00067381102314  
  8.550000    0.00354638001762   -0.00019224622511   -0.00002478560769    0.00066822645988  
  8.560000    0.00348569286000   -0.00018951569330   -0.00002429455424    0.00066345554249  
  8.570000    0.00342556485706   -0.00018679492125   -0.00002380952255    0.00065942776826  
  8.580000    0.00336586014489   -0.00018407582018   -0.00002332990545    0.00065606316122  
  8.590000    0.00330643092422   -0.00018134961963   -0.00002285498099    0.00065327247528  
  8.600000    0.00324711635631   -0.00017860680808   -0.00002238390501    0.00065095735191  
  8.610000    0.00318774105391   -0.00017583705001   -0.00002191570133    0.00064901040277  
  8.620000    0.00312811313521   -0.00017302907692   -0.00002144924946    0.00064731518942  
  8.630000    0.00306802184280   -0.00017017055229   -0.00002098326975    0.00064574607717  
  8.640000    0.00300723478175   -0.00016724791312   -0.00002051630644    0.00064416795183  
  8.650000    0.00294549490150   -0.00016424619473   -0.00002004670934    0.00064243580552  
  8.660000    0.00288251743831   -0.00016114885111   -0.00001957261563    0.00064039422438  
  8.670000    0.00281798714509   -0.00015793758933   -0.00001909193383    0.00063787684648  
  8.680000    0.00275155625973   -0.00015459224407   -0.00001860233299    0.00063470590263  
  8.690000    0.00268284379299   -0.00015109072594   -0.00001810124081    0.00063069200434  
  8.700000    0.00261143683688   -0.00014740908483   -0.00001758585515    0.00062563439912  
  8.710000    0.00253689468830   -0.00014352173509   -0.00001705317425    0.00061932196582  
  8.720000    0.00245875662513   -0.00013940189256   -0.00001650005096    0.00061153526656  
  8.730000    0.00237655413903   -0.00013502227176   -0.00001592327619    0.00060204999360  
  8.740000    0.00228982829494   -0.00013035608449   -0.00001531969585    0.00059064213966  
  8.750000    0.00219815263011   -0.00012537836606   -0.00001468636398    0.00057709516602  
  8.760000    0.00210116161215   -0.00012006763288   -0.00001402073214    0.00056120933387  
  8.770000    0.00199858414681   -0.00011440784393   -0.00001332087155    0.00054281319556  
  8.780000    0.00189028097941   -0.00010839060068   -0.00001258572057    0.00052177701308  
  8.790000    0.00177628410984   -0.00010201747659   -0.00001181534500    0.00049802759133  
  8.800000    0.00165683560075   -0.00009530232346   -0.00001101119422    0.00047156370235  
  8.810000    0.00153242248671   -0.00008827336079   -0.00001017633143    0.00044247096442  
  8.820000    0.00140380398493   -0.00008097482345   -0.00000931561331    0.00041093476627  
  8.830000    0.00127202696968   -0.00007346792737   -0.00000843579232    0.00037724963703  
  8.840000    0.00113842579849   -0.00006583091921   -0.00000754551629    0.00034182340430  
  8.850000    0.00100460313925   -0.00005815800767   -0.00000665520300    0.00030517459629  
  8.860000    0.00087238947822   -0.00005055703453   -0.00000577677459    0.00026792185619  
  8.870000    0.00074378046974   -0.00004314583048   -0.00000492324612    0.00023076465491  
  8.880000    0.00062085313992   -0.00003604731047   -0.00000410817486    0.00019445529144  
  8.890000    0.00050566403705   -0.00002938348728   -0.00000334499050    0.00015976300893  
  8.900000    0.00040013453502   -0.00002326870827   -0.00000264624043    0.00012743195261  
  8.910000    0.00030593041047   -0.00001780253517   -0.00000202279692    0.00009813555397  
  8.920000    0.00022434428472   -0.00001306277570   -0.00000148308258    0.00007243063468  
  8.930000    0.00015619032395   -0.00000909922510   -0.00000103237625    0.00005071497778  
  8.940000    0.00010172055280   -0.00000592867492   -0.00000067226067    0.00003319222397  
  8.950000    0.00006057116811   -0.00000353168988   -0.00000040026763    0.00001984766475  
  8.960000    0.00003174535267   -0.00000185154253   -0.00000020976337    0.00001043781265  
  8.970000    0.00001363640995   -0.00000079553613   -0.00000009009966    0.00000449557414  
  8.980000    0.00000409179825   -0.00000023875360   -0.00000002703453    0.00000135152760  
  8.990000    0.00000051515202   -0.00000003006191   -0.00000000340353    0.00000017034974  
  9.000000    0.00000000000000    0.00000000000000    0.00000000000000   -0.00000000000000  
