0	4.365727617373318
1	3.8037762907541914
2	3.3155874778061434
3	2.8923847971226375
4	2.528177821032135
5	2.21569555509018
6	1.9481899065553745
7	1.718958082849362
8	1.5219684162028502
9	1.3523729700644984
10	1.2061900132477108
11	1.0799966335791944
12	0.9708117609429145
13	0.8760296355332311
14	0.7933358979362437
15	0.7206257649013766
16	0.6559940708750955
17	0.5978253680810184
18	0.5448922626107937
19	0.4963567503343045
20	0.4516836131350575
21	0.4105299248101211
22	0.37264594592519706
23	0.3377955884610462
24	0.3057054407038427
25	0.2760599160048481
26	0.24854848036312244
27	0.22293530392577407
28	0.1991019452015913
29	0.17703821873749462
30	0.15679333544854968
31	0.13841393367902438
32	0.12189328467086805
33	0.10715054259241778
34	0.09404833552606341
35	0.08243675138916956
36	0.07219437510869749
37	0.06324137970317507
38	0.05552188493508095
39	0.0489713718401982
40	0.04348950680947948
41	0.03893308714618861
42	0.03513255284245074
43	0.031922314649554175
44	0.02916747382603821
45	0.026773569566017084
46	0.024678086557160545
47	0.02283270940472395
48	0.021188132459237976
49	0.019689417274772317
50	0.018282633118914128
51	0.016926671340263454
52	0.015601615010658192
53	0.014308253735093677
54	0.013059475218438121
55	0.011868937901466791
56	0.010743191434976436
57	0.009680596967659943
58	0.00867605184412633
59	0.0077272795903810115
60	0.006838205611148563
61	0.006017540414949034
62	0.005274057648147076
63	0.004611926864216226
64	0.004028951262998782
65	0.003518366517356079
66	0.0030725593106792027
67	0.00268611934216897
68	0.0023564806511862297
69	0.0020822366674369016
70	0.0018606904899850201
71	0.0016864387296728703
72	0.001551831042494653
73	0.0014487883454416689
74	0.0013706408362733266
75	0.0013128328928218916
76	0.0012722686706928825
77	0.0012460069266447859
78	0.0012303287890566143
79	0.0012207831226887442
80	0.0012130525685113162
81	0.001203943353696466
82	0.0011918186575514322
83	0.0011762747101541082
84	0.0011574004304271328
85	0.0011351815892627888
86	0.0011094061299182075
87	0.001080005523246866
88	0.001047457937969114
89	0.0010128873306920062
90	0.000977767358148556
91	0.0009434434659202448
92	0.0009107951033415826
93	0.0008802210979292596
94	0.000851880532208812
95	0.0008259575825472175
96	0.0008027488191524951
97	0.0007825439740333081
98	0.0007654361304553581
99	0.0007512322493871431
100	0.0007395333045000456
101	0.00072991295477142
102	0.0007220580718268288
103	0.0007157833488395874
104	0.000710941135826154
105	0.0007073232411759797
106	0.0007046399225336871
107	0.0007025849316333963
108	0.0007009242212997229
109	0.0006995353416272512
110	0.0006983738459517866
111	0.0006974038275642328
112	0.0006965517010784294
113	0.0006957139026132588
114	0.0006948009880132713
115	0.0006937745643611258
116	0.0006926470669155977
117	0.0006914500808260537
118	0.0006902018689370578
119	0.0006889001784868546
120	0.0006875408258031819
121	0.000686140648612299
122	0.000684742934899256
123	0.0006834014802758454
124	0.0006821579905776766
125	0.0006810309501071624
126	0.0006800218184399127
127	0.0006791293045351682
128	0.0006783577278933141
129	0.0006777134404991399
130	0.0006771950431626634
131	0.0006767879082630727
132	0.000676468262978585
133	0.0006762129438623096
134	0.000676006516856958
135	0.0006758409312554969
136	0.0006757099894006677
137	0.0006756048516197937
138	0.0006755145963587819
139	0.000675430465108359
140	0.000675349177230424
141	0.0006752721829091545
142	0.0006752018498185792
143	0.0006751381921317206
144	0.0006750787067204307
145	0.0006750207008965114
146	0.0006749634120221893
147	0.0006749079499544861
148	0.0006748554970675551
149	0.0006748057782609338
150	0.0006747572372781287
151	0.0006747085185185044
152	0.0006746596829007295
153	0.0006746120748134199
154	0.0006745671788707789
155	0.000674525672686641
156	0.0006744874719917283
157	0.0006744524793884374
158	0.0006744211307895316
159	0.0006743941933101046
160	0.0006743720973435253
161	0.0006743545089875473
162	0.0006743405236995815
163	0.0006743292211957285
164	0.0006743200328832074
165	0.0006743126558811414
166	0.0006743067323846842
167	0.0006743016954818561
168	0.0006742969366898949
169	0.0006742920914573809
170	0.0006742871416529948
171	0.0006742822539109753
172	0.0006742775407400174
173	0.000674272973226429
174	0.0006742684844641114
175	0.0006742641082307273
176	0.0006742599927923019
177	0.0006742562873587985
178	0.0006742530319883381
179	0.0006742501594451563
180	0.000674247588071785
181	0.0006742452979079121
182	0.0006742433194216233
183	0.0006742416663847194
184	0.0006742402957720092
185	0.0006742391340748756
186	0.0006742381325213074
187	0.000674237289003973
188	0.0006742366189841446
189	0.0006742361133598804
190	0.0006742357283278503
191	0.0006742354115235503
192	0.0006742351308891013
193	0.0006742348766242717
194	0.0006742346407559215
195	0.0006742344018781297
196	0.0006742341321031748
197	0.0006742338161769411
198	0.0006742334607170099
199	0.000674233085043842
200	0.0006742327054527395
201	0.0006742323292412476
202	0.0006742319612918377
203	0.0006742316121142181
204	0.0006742312968741933
205	0.0006742310269277712
206	0.0006742308037239349
207	0.0006742306211459141
208	0.0006742304725391264
209	0.0006742303545351525
210	0.0006742302648491427
211	0.000674230198385441
212	0.0006742301470093198
213	0.0006742301031933728
214	0.0006742300632036211
215	0.0006742300265668895
216	0.000674229993091156
217	0.0006742299610929455
218	0.0006742299284225963
219	0.0006742298944451063
220	0.0006742298603925232
221	0.0006742298278331236
222	0.0006742297972053764
223	0.0006742297679852821
224	0.0006742297399497699
225	0.0006742297138764557
226	0.0006742296909470392
227	0.0006742296717385107
228	0.0006742296559818847
229	0.000674229643200615
230	0.0006742296333017138
231	0.0006742296264374716
232	0.0006742296224274948
233	0.0006742296205035385
234	0.0006742296196656789
235	0.0006742296191820306
236	0.00067422961869343
237	0.0006742296179302012
238	0.0006742296164930921
239	0.0006742296139752987
240	0.0006742296102448114
241	0.0006742296055160374
242	0.0006742296001567487
243	0.00067422959445975
244	0.0006742295886257197
245	0.0006742295828836795
246	0.0006742295775472911
247	0.0006742295729086908
248	0.0006742295691014924
249	0.0006742295660966622
250	0.000674229563805535
251	0.0006742295621643138
252	0.0006742295611148936
253	0.0006742295605489984
254	0.0006742295603051482
255	0.0006742295602340876
256	0.0006742295602482323
257	0.0006742295603066692
258	0.0006742295603715596
259	0.000674229560384759
260	0.0006742295603002921
261	0.0006742295601082731
262	0.0006742295598306196
263	0.0006742295594871529
264	0.0006742295590833118
265	0.0006742295586248985
266	0.0006742295581342018
267	0.0006742295576465324
268	0.00067422955719156
269	0.0006742295567815979
270	0.0006742295564235788
271	0.0006742295561248013
272	0.0006742295558966871
273	0.0006742295557407455
274	0.0006742295556463094
275	0.0006742295555967829
276	0.0006742295555786499
277	0.0006742295555830631
278	0.0006742295555999226
279	0.0006742295556181028
280	0.0006742295556272182
281	0.0006742295556229755
282	0.0006742295556074247
283	0.0006742295555822478
284	0.0006742295555485869
285	0.0006742295555071517
286	0.0006742295554606388
287	0.0006742295554138898
288	0.0006742295553686744
289	0.000674229555325807
290	0.0006742295552849491
291	0.0006742295552474451
292	0.0006742295552134898
293	0.000674229555184519
294	0.0006742295551592937
295	0.0006742295551376047
296	0.0006742295551194456
297	0.0006742295551046051
298	0.0006742295550938364
299	0.0006742295550865296
300	0.0006742295550815934
301	0.0006742295550780437
302	0.0006742295550760954
303	0.0006742295550749793
304	0.0006742295550747167
305	0.0006742295550736393
306	0.0006742295550718628
307	0.0006742295550702939
308	0.0006742295550679446
309	0.00067422955506514
310	0.0006742295550620664
311	0.0006742295550591577
312	0.0006742295550562657
313	0.0006742295550533761
314	0.0006742295550514894
315	0.0006742295550491294
316	0.0006742295550476654
317	0.0006742295550459921
318	0.0006742295550450653
319	0.0006742295550437466
320	0.0006742295550426845
321	0.000674229555042219
322	0.0006742295550415162
323	0.0006742295550407825
324	0.0006742295550403061
325	0.0006742295550395419
326	0.0006742295550389323
327	0.0006742295550388265
328	0.0006742295550383661
329	0.0006742295550377526
330	0.0006742295550375938
331	0.000674229555037474
332	0.0006742295550370104
333	0.0006742295550367012
334	0.0006742295550364808
335	0.0006742295550359001
336	0.0006742295550355627
337	0.0006742295550356197
338	0.0006742295550355735
339	0.000674229555035337
340	0.0006742295550353215
341	0.0006742295550352037
342	0.0006742295550351583
343	0.000674229555034771
344	0.0006742295550351365
345	0.0006742295550348316
346	0.0006742295550348596
347	0.0006742295550346821
348	0.0006742295550349938
349	0.0006742295550347218
350	0.0006742295550347978
351	0.000674229555034512
352	0.0006742295550343033
353	0.0006742295550343929
354	0.0006742295550343272
355	0.0006742295550343532
356	0.0006742295550345667
357	0.0006742295550344945
358	0.00067422955503451
359	0.0006742295550343349
360	0.0006742295550345842
361	0.0006742295550344929
362	0.0006742295550345598
363	0.0006742295550343859
364	0.0006742295550339414
365	0.0006742295550346037
366	0.0006742295550343411
367	0.0006742295550343155
368	0.0006742295550343817
369	0.0006742295550342807
370	0.000674229555034177
371	0.0006742295550344
372	0.0006742295550341104
373	0.0006742295550343824
374	0.000674229555034599
375	0.0006742295550342476
376	0.0006742295550343164
377	0.0006742295550341887
378	0.0006742295550341674
379	0.0006742295550344495
380	0.000674229555034005
381	0.0006742295550341541
382	0.0006742295550341439
383	0.000674229555034327
384	0.0006742295550341583
385	0.0006742295550339984
386	0.0006742295550340894
387	0.0006742295550342155
388	0.0006742295550341698
389	0.0006742295550341361
390	0.0006742295550342783
391	0.0006742295550343486
392	0.0006742295550339685
393	0.0006742295550343018
394	0.0006742295550344487
395	0.0006742295550345914
396	0.0006742295550341237
397	0.0006742295550344103
398	0.0006742295550342471
399	0.0006742295550343231
400	0.0006742295550345453
401	0.0006742295550343488
402	0.0006742295550344887
403	0.0006742295550345065
404	0.0006742295550341562
405	0.0006742295550344693
406	0.0006742295550343564
407	0.0006742295550342572
408	0.0006742295550345439
409	0.0006742295550344186
410	0.0006742295550340604
411	0.0006742295550344146
412	0.0006742295550342442
413	0.0006742295550342619
414	0.0006742295550341169
415	0.0006742295550343471
