<Coefficient>
	 14 Total number of radial orbitals.
	Type	L	Zeta-Orbital
	  Ag 	0	    1
	   0.16201476868084
	   0.07258656040243
	  -0.11698963036248
	  -0.24085095857340
	  -0.26982270628103
	  -0.24917054516443
	  -0.19497300285534
	  -0.13947815514751
	  -0.08688434231696
	  -0.05057052070214
	  -0.02327765620946
	  -0.01102393495591
	  -0.00211654112476
	  -0.00200167059232
	   0.00116256541220
	  -0.00172562573776
	   0.00132410059127
	  -0.00193203552267
	   0.00184779819165
	  -0.00205969409789
	   0.00235789003915
	  -0.00251637366220
	   0.00289491137248
	  -0.00335917893361
	   0.00477797644215
	Type	L	Zeta-Orbital
	  Ag 	0	    2
	   0.16301576656189
	   0.18343837565328
	   0.13486653500224
	   0.10552145969733
	   0.10071750671744
	   0.09021485810890
	   0.07915673113170
	   0.05982382684611
	   0.04377011673371
	   0.02692162642002
	   0.01723066383905
	   0.00792104105605
	   0.00500608629665
	   0.00065225957841
	   0.00159006356814
	  -0.00113029436716
	   0.00120335342725
	  -0.00144988467469
	   0.00147336255752
	  -0.00167955931058
	   0.00180711671794
	  -0.00204375251572
	   0.00225544760714
	  -0.00268217851665
	   0.00376425192714
	Type	L	Zeta-Orbital
	  Ag 	0	    3
	  -0.15706867659437
	  -0.01081535971535
	  -0.12573318139515
	  -0.37509595911635
	   0.12969332900783
	   0.22294842751501
	   0.21615261821683
	   0.12402266888348
	   0.05388783429420
	   0.04159370489193
	   0.01000123104048
	   0.01311280256350
	  -0.00834155208961
	   0.00450996387919
	  -0.00266541553148
	   0.00064609093968
	  -0.00349800190877
	   0.00297077152240
	  -0.00154319427191
	   0.00389187458242
	   0.00125852571592
	   0.00196136036829
	  -0.00038392935978
	  -0.00065896705901
	   0.00083287972685
	Type	L	Zeta-Orbital
	  Ag 	0	    4
	  -0.01134096560027
	   0.28627186428412
	   0.33788786342089
	   0.03553966037985
	  -0.17587592423510
	  -0.31433596563101
	  -0.18891800253329
	  -0.16016233144108
	  -0.04191928842947
	  -0.05171365294824
	   0.01691001167492
	  -0.00942095449730
	   0.02704788887440
	  -0.00963801068842
	   0.01717662733759
	  -0.00902314338037
	   0.01251327127056
	  -0.01269321826613
	   0.01202708347958
	  -0.01138350518574
	   0.00968143086541
	  -0.01307628877835
	   0.01267343204575
	  -0.01245317403605
	   0.01705092250199
	Type	L	Zeta-Orbital
	  Ag 	0	    5
	   0.00477837668762
	   0.25390578600284
	   0.29768651451315
	   0.02211309329335
	  -0.32489499464087
	   0.12981427144784
	   0.75698623910437
	  -0.01542135536882
	  -0.19591388964465
	  -0.28725616628157
	  -0.16240458952268
	  -0.18575733444642
	  -0.14853039847529
	  -0.10685192998486
	  -0.01554286598158
	  -0.05111097055061
	   0.02141104851530
	  -0.02016083547110
	   0.01648382898610
	  -0.06292207515387
	   0.05015522679428
	  -0.01933020270979
	   0.04967692096787
	  -0.08001123991924
	   0.08526946682869
	Type	L	Zeta-Orbital
	  Ag 	0	    6
	   0.18143635017277
	   0.08250037999141
	  -0.03572767706491
	  -0.10378634660910
	  -0.47718686182206
	  -0.29982103668975
	   0.16346729508378
	   0.21417161837901
	   0.27966726001681
	   0.19984582704910
	   0.26882772193632
	   0.21505771659338
	   0.21261197232218
	   0.06603588899857
	   0.10272081232283
	  -0.01743165022203
	  -0.01623671567960
	  -0.02919998382161
	   0.04276622163651
	   0.04929648805009
	  -0.00119204856925
	  -0.03384895023380
	   0.00234452907550
	   0.02892750863798
	  -0.02776323351986
	Type	L	Zeta-Orbital
	  Ag 	1	    1
	  -0.03257410078859
	  -0.12839489508475
	  -0.26509097274256
	  -0.39444390864679
	  -0.47927279103949
	  -0.50547683649434
	  -0.47664504331557
	  -0.40836845871552
	  -0.31993364539528
	  -0.22838162923124
	  -0.14786210863340
	  -0.08513219738770
	  -0.04261868556163
	  -0.01751797437685
	  -0.00528102569012
	  -0.00070256377486
	   0.00014521999889
	  -0.00006895779437
	  -0.00030983806269
	  -0.00021419424121
	  -0.00006666891897
	   0.00010775388860
	   0.00008290923061
	   0.00009338212460
	  -0.00005960146025
	Type	L	Zeta-Orbital
	  Ag 	1	    2
	   0.18223846324741
	   0.32697342242778
	   0.16821467629963
	  -0.00447482150210
	  -0.13049476348877
	  -0.18418303965852
	  -0.20804679642439
	  -0.19986102325698
	  -0.17977637106130
	  -0.14212520479278
	  -0.10725923856555
	  -0.06969307484343
	  -0.04133786265834
	  -0.01657764669046
	  -0.00552401306813
	   0.00509530917312
	   0.00626217555199
	   0.00825306583590
	   0.00355804440763
	   0.00324605690166
	  -0.00100659444178
	   0.00211532410729
	  -0.00172574904761
	   0.00218894201266
	  -0.00542558759713
	Type	L	Zeta-Orbital
	  Ag 	1	    3
	   0.99173891158272
	  -0.41079022189472
	  -0.19022240604180
	  -0.12976721249266
	  -0.01470107359315
	   0.09794272483329
	   0.16597724642930
	   0.19061439328029
	   0.22037488632097
	   0.16883457046770
	   0.15628865874038
	   0.07811836349039
	   0.07687825609820
	  -0.00777548502319
	   0.02755985370274
	  -0.04633527868646
	   0.01199301431067
	  -0.05506869229741
	   0.02795801138723
	  -0.05117350138023
	   0.04908874366335
	  -0.05831473183730
	   0.06741784351314
	  -0.08536147328049
	   0.19699078455527
	Type	L	Zeta-Orbital
	  Ag 	2	    1
	   0.07939962156524
	   0.19911809515016
	   0.31717762879784
	   0.40537398394011
	   0.46216669134811
	   0.48188332989126
	   0.47165819952968
	   0.43139457705020
	   0.37197549391765
	   0.29802894567442
	   0.22378300958749
	   0.15287144379157
	   0.09671384228604
	   0.05278853761515
	   0.02635664201735
	   0.00911516585788
	   0.00347425675586
	  -0.00055617266482
	   0.00094484575086
	  -0.00072596850786
	   0.00138655974306
	  -0.00097681560704
	   0.00132463567908
	  -0.00145468054391
	   0.00794692695122
	Type	L	Zeta-Orbital
	  Ag 	2	    2
	  -0.36482908211636
	  -0.09665036058430
	   0.07818848614460
	   0.09508557251398
	   0.08680919102037
	   0.02619739765402
	  -0.04752781096201
	  -0.07776928418509
	  -0.09555684078667
	  -0.09990527062490
	  -0.11018150705409
	  -0.09619305558131
	  -0.08473922670435
	  -0.05645579330801
	  -0.04241949988673
	  -0.00718833773983
	  -0.01022563320841
	   0.01310617083709
	  -0.00583933153721
	   0.01625004661373
	  -0.00714740531973
	   0.01447714715057
	  -0.01593160190785
	   0.01591091438526
	  -0.08793518266083
	Type	L	Zeta-Orbital
	  Ag 	2	    3
	   0.41070364051568
	   0.35117185538626
	   0.59994802848505
	   0.24565974903408
	  -0.13818497027272
	  -0.42963044540862
	  -0.48797168163391
	  -0.56150945329949
	  -0.52411448012617
	  -0.53251051435172
	  -0.43465165592113
	  -0.38319727396003
	  -0.24634232887923
	  -0.22228148525179
	  -0.09753792230791
	  -0.07424362732406
	   0.01523874807224
	  -0.01988558257881
	   0.04376423276178
	  -0.01500890933906
	   0.04889769163959
	  -0.03433116787345
	   0.03843127940794
	  -0.04775469666255
	   0.26277534090039
	Type	L	Zeta-Orbital
	  Ag 	3	    1
	   0.05733848450255
	   0.33131262189005
	   0.46555848945715
	   0.50816076509994
	   0.46060742834875
	   0.35829518838811
	   0.22734041675100
	   0.17204743010149
	   0.13702737235625
	   0.11230286894881
	   0.07503077709183
	   0.05320177310230
	   0.03339574697195
	   0.03428130747328
	   0.01303467426443
	   0.01156018667054
	  -0.00160351629174
	   0.00626858669650
	  -0.00443917845104
	   0.00711142585446
	  -0.00558987180176
	   0.00745463367112
	  -0.00559840103885
	  -0.01111380708038
	  -0.11442087513460
	Type	L	Zeta-Orbital
	  Ag 	3	    2
	  -0.09218004478387
	  -0.85308362879007
	  -0.71519320739839
	   0.41225404499781
	   0.86326532896146
	   0.70690435908060
	   0.33069588048737
	   0.24841660157102
	   0.22144948152470
	   0.15271826159669
	   0.12593088668750
	   0.10507461296141
	   0.05835511289119
	   0.04851289691280
	   0.01549670631091
	   0.02177391563754
	   0.01322486602222
	   0.00746211440865
	  -0.00795858484422
	   0.00559522340646
	   0.00647707313826
	   0.01431163088093
	  -0.00516787288340
	  -0.04346150827994
	  -0.15549035747797
</Coefficient>
<Mkb>
Left spillage = 3.9626721064e-04
</Mkb>
