<Coefficient>
	 11 Total number of radial orbitals.
	Type	L	Zeta-Orbital
	  Pb 	0	    1
	   0.15344442375126
	   0.10735776955983
	   0.06983517003349
	  -0.00214838465202
	  -0.02357240085124
	  -0.04259284208945
	  -0.03428712776284
	  -0.02501379281727
	  -0.01007765750921
	  -0.00310450177006
	   0.00421738258505
	   0.00300126544051
	   0.00362098910362
	  -0.00136036014314
	  -0.00077842768443
	  -0.00458984212449
	  -0.00152365272805
	  -0.00391171381242
	   0.00069877253259
	  -0.00222847313989
	   0.00239977432322
	  -0.00198406695417
	   0.00274343332723
	  -0.00276772991017
	   0.00293250960243
	  -0.00348208412854
	   0.00376893426148
	  -0.00483069580623
	Type	L	Zeta-Orbital
	  Pb 	0	    2
	   0.15409435454747
	  -0.09084836056923
	  -0.07777024839194
	  -0.03593988952614
	   0.06074154220617
	   0.07718208286213
	   0.08249521356404
	   0.05530106960931
	   0.03319563316799
	   0.00594069226326
	  -0.00238699259257
	  -0.01109706787973
	  -0.00442220808611
	  -0.00440532530455
	   0.00575178470347
	   0.00289189789088
	   0.00919700198691
	   0.00123249853482
	   0.00612104200091
	  -0.00339762175296
	   0.00377178214950
	  -0.00541552578154
	   0.00458971146450
	  -0.00557005763025
	   0.00630362308789
	  -0.00640607751072
	   0.00777656065519
	  -0.00968480507954
	Type	L	Zeta-Orbital
	  Pb 	0	    3
	   0.46485442554551
	  -0.63839013072220
	  -0.26958949920133
	  -0.24097438373748
	  -0.46634326708071
	  -0.64199247264600
	  -0.51495720437482
	  -0.24653052219326
	  -0.05283926902368
	   0.05839674806273
	   0.11694433555769
	   0.08201134500700
	   0.02153448651832
	  -0.06339337970384
	  -0.11169249240063
	  -0.14064337674985
	  -0.10125531536083
	  -0.08447011289088
	  -0.02625474504433
	  -0.02025666744515
	   0.02069325347629
	  -0.00604898921547
	   0.02497400128471
	  -0.01942791774848
	   0.01664333511281
	  -0.02529243081394
	   0.02569521947095
	  -0.03417596062007
	Type	L	Zeta-Orbital
	  Pb 	1	    1
	  -0.18219578046884
	  -0.23801769929732
	  -0.16003527385080
	  -0.06580909370476
	  -0.00349599180387
	   0.03243608002258
	   0.04006014032663
	   0.03543453069953
	   0.02246138347221
	   0.01250982620011
	   0.00260389021219
	  -0.00048546466750
	  -0.00344224411872
	  -0.00159835422416
	  -0.00228650845590
	   0.00037223278052
	  -0.00114342722581
	   0.00113631076238
	  -0.00115978200928
	   0.00124602773642
	  -0.00140622502017
	   0.00150854997127
	  -0.00159370081935
	   0.00182953350834
	  -0.00197113174040
	   0.00228847365391
	  -0.00287997620070
	   0.00533072204660
	Type	L	Zeta-Orbital
	  Pb 	1	    2
	  -0.19403373963070
	  -0.08871918196451
	   0.28384719976979
	   0.14598637996201
	  -0.00879820880073
	  -0.10298398041132
	  -0.09849376462110
	  -0.08940846715533
	  -0.04913293547116
	  -0.02679151070284
	  -0.00278508895558
	  -0.00038167332316
	   0.00732046095998
	   0.00064714249386
	   0.00301712516417
	  -0.00396206063052
	   0.00169718780147
	  -0.00272429249244
	   0.00375494022402
	  -0.00200846461922
	   0.00358325726070
	  -0.00325008579782
	   0.00371081129168
	  -0.00395346292633
	   0.00377077656027
	  -0.00494634855658
	   0.00615476906841
	  -0.01006522994023
	Type	L	Zeta-Orbital
	  Pb 	1	    3
	  -0.66658142036685
	   0.62721611695048
	  -0.56298310729786
	  -0.32012371000873
	  -0.04272838108032
	  -0.09332171723761
	  -0.05478471384815
	  -0.00535994826150
	   0.02208698577880
	  -0.00248061191407
	   0.01375872308852
	   0.01225760905454
	  -0.00775445686419
	  -0.00299767537972
	  -0.01576955804698
	   0.00910753264951
	  -0.01621336792195
	   0.02043127262335
	  -0.02133733385121
	   0.02487176445690
	  -0.02519071702476
	   0.03512806349079
	  -0.03809852569381
	   0.03738434108060
	  -0.04183490490223
	   0.05256870622220
	  -0.06551533189417
	   0.11766682136340
	Type	L	Zeta-Orbital
	  Pb 	2	    1
	  -0.01520567090683
	  -0.09920331713100
	  -0.20862829468617
	  -0.31416271877481
	  -0.39786550298024
	  -0.45117676831111
	  -0.46880634921467
	  -0.45998104483203
	  -0.42653555153370
	  -0.37791634306968
	  -0.31774463796847
	  -0.25595641572423
	  -0.19377671295914
	  -0.13954809216430
	  -0.09249006604597
	  -0.05731767220126
	  -0.03070470360869
	  -0.01482999162042
	  -0.00447887188470
	  -0.00111507911298
	   0.00116481407195
	  -0.00012397172302
	   0.00048899866898
	  -0.00114669987889
	   0.00023140409193
	  -0.00109130804492
	   0.00102728559967
	  -0.00365174871885
	Type	L	Zeta-Orbital
	  Pb 	2	    2
	  -0.26822634909986
	  -0.20210560788094
	  -0.11257006885193
	  -0.02549065246485
	   0.05817381672081
	   0.13873938255442
	   0.15743661310039
	   0.17846069867975
	   0.16724717591529
	   0.16187924292128
	   0.13652146831833
	   0.12463247047799
	   0.09199016521297
	   0.07900500177118
	   0.04920872126804
	   0.04213030278187
	   0.01778017813971
	   0.01886711907340
	   0.00016643265167
	   0.00872050852010
	  -0.00716927560608
	   0.00641625486292
	  -0.00931506236829
	   0.00803565363580
	  -0.01021248591733
	   0.01116697842344
	  -0.01378103080782
	   0.05043276715083
	Type	L	Zeta-Orbital
	  Pb 	2	    3
	   0.91419899022007
	  -0.42577659599694
	  -0.27231840773814
	  -0.01137636220329
	   0.27545040284156
	   0.29506023800520
	   0.49007481969792
	   0.39363530388943
	   0.45508991778321
	   0.36458502607220
	   0.38840455038531
	   0.25182564766191
	   0.27715202903433
	   0.13428663122806
	   0.16660427080181
	   0.04260705734095
	   0.10138895482355
	  -0.02027637747098
	   0.06807440621145
	  -0.05234775802691
	   0.05781602950505
	  -0.06582114376653
	   0.06707962176224
	  -0.07859254992304
	   0.08440095191539
	  -0.09673281467076
	   0.11694671399126
	  -0.44508704279682
	Type	L	Zeta-Orbital
	  Pb 	3	    1
	   0.23072985383581
	   0.32390694367761
	   0.26705595682406
	   0.29363044993958
	   0.24056263885292
	   0.16760905329480
	   0.09393543897087
	   0.07453131423893
	   0.05133720170987
	   0.04192208552270
	   0.02063042771184
	   0.01399362048527
	   0.00347484801503
	   0.00457663155589
	  -0.00055255818440
	   0.00165575212398
	  -0.00219314048212
	   0.00136417038864
	  -0.00163556904530
	   0.00201076291516
	  -0.00140130369244
	   0.00213252739887
	  -0.00168674603602
	   0.00221813149445
	  -0.00201347054020
	   0.00213174045812
	  -0.00003105435454
	   0.02468645958707
	Type	L	Zeta-Orbital
	  Pb 	3	    2
	  -0.57646832786468
	  -0.79240663206281
	   0.43074446772622
	   0.84043082475783
	   1.13194354997189
	   1.03530673157470
	   0.63611674402207
	   0.39786679047639
	   0.35117956447063
	   0.25392623453695
	   0.21530828114056
	   0.12398646166863
	   0.09599378100723
	   0.03554441828343
	   0.04107351925915
	  -0.00752539296138
	   0.01195998325188
	  -0.01384780149732
	   0.01989775992272
	  -0.02198750564676
	   0.01341650616155
	  -0.01372872960062
	   0.02735956420021
	  -0.02383453161118
	   0.02199362917247
	  -0.02494865932431
	   0.00006159630118
	  -0.30402647254220
</Coefficient>
<Mkb>
Left spillage = 5.9631274967e-04
</Mkb>
