  0.000000    0.22915054168781    0.15553950114947    0.00000000000000    0.00000000000000  
  0.010000    0.22950758958214    0.15603754150148    0.02164236474799    0.00033484622131  
  0.020000    0.23057780984107    0.15753057897189    0.04328401832104    0.00133865131983  
  0.030000    0.23235843505526    0.16001536570044    0.06492421177544    0.00300921718682  
  0.040000    0.23484486240760    0.16348649823263    0.08656212082447    0.00534288891935  
  0.050000    0.23803066793205    0.16793643195722    0.10819680865217    0.00833456769048  
  0.060000    0.24190762639867    0.17335550125583    0.12982718930708    0.01197772867346  
  0.070000    0.24646573674771    0.17973194530203    0.15145199186473    0.01626444392654  
  0.080000    0.25169325297452    0.18705193942981    0.17306972554441    0.02118541011956  
  0.090000    0.25757672034594    0.19529963197394    0.19467864596098    0.02672998095857  
  0.100000    0.26410101680856    0.20445718646794    0.21627672268717    0.03288620414100  
  0.110000    0.27124939942965    0.21450482906855    0.23786160829576    0.03964086265121  
  0.120000    0.27900355569237    0.22542090105978    0.25943060904378    0.04697952018491  
  0.130000    0.28734365944896    0.23718191627365    0.28098065735335    0.05488657047082  
  0.140000    0.29624843131840    0.24976262324978    0.30250828623505    0.06334529023960  
  0.150000    0.30569520329879    0.26313607194147    0.32400960579077    0.07233789557334  
  0.160000    0.31565998734954    0.27727368476184    0.34548028192295    0.08184560135379  
  0.170000    0.32611754768442    0.29214533175070    0.36691551736690    0.09184868351434  
  0.180000    0.33704147650399    0.30771940962992    0.38831003515169    0.10232654378966  
  0.190000    0.34840427288394    0.32396292450378    0.40965806458388    0.11325777664755  
  0.200000    0.36017742452582    0.34084157794956    0.43095332983637    0.12462023808035  
  0.210000    0.37233149206782    0.35831985623375    0.45218904121228    0.13639111592808  
  0.220000    0.38483619564535    0.37636112238007    0.47335788914136    0.14854700140263  
  0.230000    0.39766050338520    0.39492771080704    0.49445204095338    0.16106396148084  
  0.240000    0.41077272151224    0.41398102424597    0.51546314046017    0.17391761183603  
  0.250000    0.42414058574404    0.43348163264332    0.53638231036437    0.18708318997991  
  0.260000    0.43773135364723    0.45338937374653    0.55720015750018    0.20053562829249  
  0.270000    0.45151189762833    0.47366345506779    0.57790678089769    0.21424962662403  
  0.280000    0.46544879823309    0.49426255691706    0.59849178264948    0.22819972416238  
  0.290000    0.47950843743036    0.51514493619320    0.61894428154483    0.24236037026914  
  0.300000    0.49365709156012    0.53626853062118    0.63925292942416    0.25670599400074  
  0.310000    0.50786102363030    0.55759106312268    0.65940593019340    0.27121107204376  
  0.320000    0.52208657465315    0.57907014600885    0.67939106142597    0.28585019480948  
  0.330000    0.53630025371926    0.60066338468542    0.69919569846752    0.30059813044867  
  0.340000    0.55046882651616    0.62232848056366    0.71880684094748    0.31542988656542  
  0.350000    0.56455940200800    0.64402333287471    0.73821114159000    0.33032076942727  
  0.360000    0.57853951700372    0.66570613908958    0.75739493720626    0.34524644048833  
  0.370000    0.59237721835291    0.68733549365349    0.77634428174038    0.36018297006220  
  0.380000    0.60604114252131    0.70887048475014    0.79504498123126    0.37510688800195  
  0.390000    0.61950059231169    0.73027078881933    0.81348263054427    0.38999523126571  
  0.400000    0.63272561050991    0.75149676256071    0.83164265171862    0.40482558826710  
  0.410000    0.64568705025149    0.77250953216569    0.84951033376863    0.41957613993153  
  0.420000    0.65835664191936    0.79327107953079    0.86707087377088    0.43422569739992  
  0.430000    0.67070705640014    0.81374432521682    0.88430941906327    0.44875373634277  
  0.440000    0.68271196454249    0.83389320793083    0.90121111037720    0.46314042786739  
  0.450000    0.69434609267878    0.85368276032063    0.91776112571978    0.47736666602148  
  0.460000    0.70558527408817    0.87307918088552    0.93394472482005    0.49141409191491  
  0.470000    0.71640649629696    0.89204990182113    0.94974729395062    0.50526511450037  
  0.480000    0.72678794412988    0.91056365263133    0.96515439093466    0.51890292807058  
  0.490000    0.73670903844332    0.92859051935540    0.98015179014773    0.53231152654626  
  0.500000    0.74615047048941    0.94610199927485    0.99472552732400    0.54547571464443  
  0.510000    0.75509423187737    0.96307105098041    1.00886194397801    0.55838111603029  
  0.520000    0.76352364011539    0.97947213969642    1.02254773125448    0.57101417856884  
  0.530000    0.77142335973396    0.99528127777679    1.03576997302237    0.58336217680379  
  0.540000    0.77877941900741    1.01047606030395    1.04851618803254    0.59541321180091  
  0.550000    0.78557922230726    1.02503569573930    1.06077437096311    0.60715620850191  
  0.560000    0.79181155813607    1.03894103159117    1.07253303218214    0.61858091074152  
  0.570000    0.79746660290604    1.05217457508385    1.08378123606305    0.62967787408644  
  0.580000    0.80253592054077    1.06472050882805    1.09450863769537    0.64043845665840  
  0.590000    0.80701245799246    1.07656470151100    1.10470551784053    0.65085480810677  
  0.600000    0.81089053678020    1.08769471364090    1.11436281599120    0.66091985689690  
  0.610000    0.81416584066681    1.09809979839731    1.12347216140071    0.67062729608056  
  0.620000    0.81683539960371    1.10777089765564    1.13202590195919    0.67997156771315  
  0.630000    0.81889757008372    1.11670063326964    1.14001713080244    0.68894784607969  
  0.640000    0.82035201205170    1.12488329371157    1.14743971055009    0.69755201988772  
  0.650000    0.82119966253172    1.13231481618460    1.15428829508031    0.70578067358011  
  0.660000    0.82144270613778    1.13899276433672    1.16055834875945    0.71363106791471  
  0.670000    0.82108454264204    1.14491630171885    1.16624616305655    0.72110111995098  
  0.680000    0.82012975178098    1.15008616114355    1.17134887048390    0.72818938257562  
  0.690000    0.81858405548501    1.15450461011263    1.17586445581723    0.73489502369107  
  0.700000    0.81645427772186    1.15817541249402    1.17979176456073    0.74121780518125  
  0.710000    0.81374830214717    1.16110378663874    1.18313050863412    0.74715806175975  
  0.720000    0.81047502775876    1.16329636013918    1.18588126927134    0.75271667979524  
  0.730000    0.80664432275251    1.16476112143843    1.18804549713218    0.75789507619911  
  0.740000    0.80226697677901    1.16550736850910    1.18962550964015    0.76269517744949  
  0.750000    0.79735465179979    1.16554565482685    1.19062448557169    0.76711939881583  
  0.760000    0.79191983174183    1.16488773287023    1.19104645693329    0.77117062383771  
  0.770000    0.78597577114693    1.16354649538356    1.19089629817448    0.77485218410128  
  0.780000    0.77953644301081    1.16153591464389    1.19017971279526    0.77816783934721  
  0.790000    0.77261648600349    1.15887097997608    1.18890321741764    0.78112175793430  
  0.800000    0.76523115125921    1.15556763376238    1.18707412340054    0.78371849767399  
  0.810000    0.75739624891977    1.15164270619388    1.18470051608740    0.78596298704262  
  0.820000    0.74912809461033    1.14711384901144    1.18179123178486    0.78786050677052  
  0.830000    0.74044345602145    1.14199946848263    1.17835583257941    0.78941667179968  
  0.840000    0.73135949976529    1.13631865785959    1.17440457910718    0.79063741359572  
  0.850000    0.72189373866760    1.13009112955961    1.16994840139919    0.79152896279408  
  0.860000    0.71206397965027    1.12333714730661    1.16499886793153    0.79209783215559  
  0.870000    0.70188827235236    1.11607745846685    1.15956815301547    0.79235079980297  
  0.880000    0.69138485863001    1.10833322680669    1.15366900266863    0.79229489270654  
  0.890000    0.68057212306789    1.10012596589366    1.14731469911236    0.79193737038543  
  0.900000    0.66946854462713    1.09147747335492    1.14051902404493    0.79128570878929  
  0.910000    0.65809264954641    1.08240976619902    1.13329622084310    0.79034758432532  
  0.920000    0.64646296560472    1.07294501739827    1.12566095584715    0.78913085799551  
  0.930000    0.63459797784597    1.06310549391949    1.11762827888630    0.78764355961082  
  0.940000    0.62251608585716    1.05291349638079    1.10921358320225    0.78589387205043  
  0.950000    0.61023556268345    1.04239130050161    1.10043256492904    0.78389011553771  
  0.960000    0.59777451545490    1.03156110050198    1.09130118228657    0.78164073190725  
  0.970000    0.58515084779149    1.02044495459535    1.08183561464431    0.77915426884193  
  0.980000    0.57238222404441    1.00906473270766    1.07205222160955    0.77643936406327  
  0.990000    0.55948603542361    0.99744206654267    1.06196750229183    0.77350472946339  
  1.000000    0.54647936805346    0.98559830210133    1.05159805489227    0.77035913517250  
  1.010000    0.53337897299025    0.97355445475015    1.04096053676210    0.76701139356122  
  1.020000    0.52020123822794    0.96133116692059    1.03007162507069    0.76347034318338  
  1.030000    0.50696216271041    0.94894866850869    1.01894797821771    0.75974483267072  
  1.040000    0.49367733236176    0.93642674003122    1.00760619811885    0.75584370459713  
  1.050000    0.48036189813852    0.92378467858161    0.99606279348807    0.75177577933615  
  1.060000    0.46703055610144    0.91104126661624    0.98433414423291    0.74754983894141  
  1.070000    0.45369752949719    0.89821474358931    0.97243646707202    0.74317461108541  
  1.080000    0.44037655283486    0.88532278044166    0.96038578247706    0.73865875309742  
  1.090000    0.42708085793535    0.87238245693742    0.94819788303290    0.73401083614663  
  1.100000    0.41382316192672    0.85941024183025    0.93588830330220    0.72923932962087  
  1.110000    0.40061565715261    0.84642197582972    0.92347229127203    0.72435258575603  
  1.120000    0.38747000295622    0.83343285732772    0.91096478145165    0.71935882457418  
  1.130000    0.37439731929718    0.82045743083395    0.89838036968190    0.71426611919202  
  1.140000    0.36140818215453    0.80750957806016    0.88573328970773    0.70908238156319  
  1.150000    0.34851262066454    0.79460251158318    0.87303739155669    0.70381534871982  
  1.160000    0.33572011593853    0.78174877100817    0.86030612175717    0.69847256957956  
  1.170000    0.32303960150227    0.76896022154547    0.84755250542137    0.69306139238442  
  1.180000    0.31047946529515    0.75624805490701    0.83478913020922    0.68758895283733  
  1.190000    0.29804755316482    0.74362279242148    0.82202813218071    0.68206216300070  
  1.200000    0.28575117378984    0.73109429026128    0.80928118353575    0.67648770101948  
  1.210000    0.27359710496109    0.71867174666920    0.79655948223218    0.67087200172801  
  1.220000    0.26159160115048    0.70636371106787    0.78387374346471    0.66522124819655  
  1.230000    0.24974040229362    0.69417809493118    0.77123419297946    0.65954136426906  
  1.240000    0.23804874371204    0.68212218429388    0.75865056219172    0.65383800813878  
  1.250000    0.22652136709905    0.67020265377274    0.74613208506712    0.64811656700263  
  1.260000    0.21516253249260    0.65842558197120    0.73368749671970    0.64238215282924  
  1.270000    0.20397603115792    0.64679646813818    0.72132503367409    0.63663959926886  
  1.280000    0.19296519930222    0.63532024995144    0.70905243573313    0.63089345972622  
  1.290000    0.18213293254363    0.62400132229628    0.69687694938664    0.62514800660991  
  1.300000    0.17148170105678    0.61284355691087    0.68480533269213    0.61940723176409  
  1.310000    0.16101356531772    0.60185032277179    0.67284386155380    0.61367484808042  
  1.320000    0.15073019237133    0.59102450709465    0.66099833732201    0.60795429227969  
  1.330000    0.14063287254537    0.58036853682825    0.64927409563190    0.60224872884453  
  1.340000    0.13072253653628    0.56988440052320    0.63767601639706    0.59656105507642  
  1.350000    0.12099977279288    0.55957367046028    0.62620853487123    0.59089390724188  
  1.360000    0.11146484512585    0.54943752492763    0.61487565368945    0.58524966776491  
  1.370000    0.10211771047214    0.53947677054064    0.60368095579844    0.57963047341488  
  1.380000    0.09295803674558    0.52969186450341    0.59262761818495    0.57403822443186  
  1.390000    0.08398522070661    0.52008293671596    0.58171842631050    0.56847459452427  
  1.400000    0.07519840578643    0.51064981163696    0.57095578916096    0.56294104166722  
  1.410000    0.06659649980303    0.50139202981765    0.56034175481985    0.55743881962407  
  1.420000    0.05817819250903    0.49230886902887    0.54987802647522    0.55196899010816  
  1.430000    0.04994197291395    0.48339936490903    0.53956597877149    0.54653243549727  
  1.440000    0.04188614632602    0.47466233106758    0.52940667441928    0.54112987200906  
  1.450000    0.03400885106175    0.46609637858482    0.51940088097864    0.53576186324273  
  1.460000    0.02630807477430    0.45769993485533    0.50954908773373    0.53042883398958  
  1.470000    0.01878167035475    0.44947126172898    0.49985152257964    0.52513108421350  
  1.480000    0.01142737136366    0.44140847290975    0.49030816884585    0.51986880310178  
  1.490000    0.00424280695341    0.43350955057914    0.48091878198380    0.51464208308626  
  1.500000   -0.00277448375475    0.42577236121686    0.47168290605040    0.50945093373634  
  1.510000   -0.00962703787163    0.41819467059816    0.46259988992304    0.50429529542645  
  1.520000   -0.01631745554832    0.41077415795253    0.45366890318602    0.49917505268356  
  1.530000   -0.02284838741741    0.40350842927442    0.44488895163293    0.49409004712351  
  1.540000   -0.02922252268952    0.39639502978238    0.43625889233369    0.48904008988904  
  1.550000   -0.03544257792384    0.38943145552760    0.42777744822025    0.48402497350743  
  1.560000   -0.04151128648782    0.38261516415850    0.41944322214903    0.47904448309094  
  1.570000   -0.04743138871777    0.37594358485194    0.41125471040370    0.47409840680977  
  1.580000   -0.05320562278844    0.36941412742650    0.40321031560606    0.46918654557388  
  1.590000   -0.05883671629624    0.36302419065680    0.39530835900817    0.46430872186733  
  1.600000   -0.06432737855756    0.35677116981172    0.38754709214333    0.45946478768661  
  1.610000   -0.06968029361983    0.35065246344251    0.37992470781827    0.45465463154269  
  1.620000   -0.07489811398025    0.34466547944970    0.37243935043364    0.44987818449479  
  1.630000   -0.07998345500351    0.33880764046031    0.36508912562430    0.44513542519285  
  1.640000   -0.08493889002685    0.33307638854887    0.35787210921517    0.44042638391414  
  1.650000   -0.08976694613813    0.32746918933781    0.35078635549288    0.43575114558897  
  1.660000   -0.09447010060924    0.32198353551393    0.34382990479710    0.43110985181862  
  1.670000   -0.09905077796498    0.31661694979911    0.33700079043945    0.42650270189821  
  1.680000   -0.10351134766475    0.31136698741381    0.33029704496149    0.42192995286519  
  1.690000   -0.10785412237212    0.30623123807257    0.32371670574636    0.41739191860298  
  1.700000   -0.11208135678508    0.30120732755087    0.31725782000222    0.41288896803711  
  1.710000   -0.11619524699798    0.29629291886228    0.31091844913782    0.40842152246889  
  1.720000   -0.12019793036398    0.29148571308462    0.30469667255384    0.40399005209891  
  1.730000   -0.12409148582584    0.28678344987296    0.29859059087523    0.39959507179903  
  1.740000   -0.12787793468078    0.28218390769637    0.29259832865230    0.39523713619801  
  1.750000   -0.13155924174454    0.27768490383408    0.28671803655995    0.39091683415073  
  1.760000   -0.13513731687858    0.27328429416543    0.28094789312554    0.38663478266611  
  1.770000   -0.13861401684363    0.26897997278610    0.27528610601762    0.38239162037254  
  1.780000   -0.14199114744230    0.26476987148187    0.26973091292834    0.37818800060285  
  1.790000   -0.14527046591339    0.26065195908861    0.26428058208285    0.37402458418313  
  1.800000   -0.14845368354010    0.25662424076590    0.25893341240980    0.36990203201156  
  1.810000   -0.15154246843505    0.25268475720901    0.25368773340677    0.36582099751364  
  1.820000   -0.15453844846487    0.24883158382223    0.24854190473456    0.36178211906073  
  1.830000   -0.15744321427811    0.24506282987410    0.24349431557375    0.35778601243735  
  1.840000   -0.16025832240111    0.24137663765292    0.23854338377659    0.35383326344125  
  1.850000   -0.16298529836704    0.23777118163882    0.23368755484613    0.34992442069786  
  1.860000   -0.16562563984516    0.23424466770627    0.22892530077388    0.34605998876712  
  1.870000   -0.16818081973829    0.23079533236890    0.22425511876587    0.34224042161719  
  1.880000   -0.17065228921836    0.22742144207625    0.21967552988586    0.33846611653435  
  1.890000   -0.17304148067156    0.22412129257014    0.21518507764264    0.33473740853376  
  1.900000   -0.17534981052644    0.22089320830633    0.21078232654724    0.33105456532931  
  1.910000   -0.17757868194053    0.21773554194525    0.20646586066372    0.32741778291491  
  1.920000   -0.17972948732319    0.21464667391388    0.20223428217568    0.32382718180240  
  1.930000   -0.18180361067431    0.21162501203912    0.19808620998857    0.32028280395454  
  1.940000   -0.18380242972147    0.20866899125178    0.19402027838617    0.31678461044354  
  1.950000   -0.18572731784001    0.20577707335844    0.19003513575731    0.31333247985834  
  1.960000   -0.18757964574322    0.20294774687779    0.18612944340730    0.30992620747571  
  1.970000   -0.18936078293238    0.20017952693645    0.18230187446607    0.30656550520250  
  1.980000   -0.19107209889868    0.19747095521887    0.17855111290355    0.30325000228831  
  1.990000   -0.19271496407199    0.19482059996458    0.17487585266033    0.29997924680006  
  2.000000   -0.19429075051337    0.19222705600591    0.17127479690014    0.29675270784219  
  2.010000   -0.19580083235132    0.18968894483857    0.16774665738847    0.29356977849891  
  2.020000   -0.19724658596361    0.18720491471715    0.16429015400019    0.29042977946753  
  2.030000   -0.19862938990927    0.18477364076761    0.16090401435685    0.28733196334527  
  2.040000   -0.19995062461732    0.18239382510840    0.15758697359326    0.28427551952554  
  2.050000   -0.20121167184111    0.18006419697241    0.15433777425079    0.28125957965371  
  2.060000   -0.20241391388909    0.17778351282165    0.15115516629398    0.27828322358730  
  2.070000   -0.20355873264468    0.17555055644733    0.14803790724522    0.27534548580041  
  2.080000   -0.20464750838982    0.17336413904788    0.14498476243151    0.27244536216855  
  2.090000   -0.20568161844809    0.17122309927854    0.14199450533578    0.26958181706619  
  2.100000   -0.20666243566504    0.16912630326630    0.13906591804482    0.26675379070683  
  2.110000   -0.20759132674425    0.16707264458465    0.13619779178445    0.26396020665345  
  2.120000   -0.20846965045904    0.16506104418362    0.13338892753255    0.26119997942570  
  2.130000   -0.20929875576027    0.16309045027100    0.13063813669939    0.25847202212985  
  2.140000   -0.21007997980170    0.16115983814151    0.12794424186475    0.25577525403760  
  2.150000   -0.21081464590448    0.15926820995166    0.12530607756084    0.25310860804096  
  2.160000   -0.21150406148292    0.15741459443863    0.12272249108979    0.25047103791186  
  2.170000   -0.21214951595357    0.15559804658255    0.12019234336469    0.24786152529782  
  2.180000   -0.21275227864957    0.15381764721215    0.11771450976303    0.24527908638764  
  2.190000   -0.21331359676192    0.15207250255480    0.11528788098165    0.24272277818517  
  2.200000   -0.21383469332879    0.15036174373242    0.11291136388269    0.24019170433329  
  2.210000   -0.21431676529341    0.14868452620593    0.11058388232035    0.23768502043494  
  2.220000   -0.21476098164986    0.14704002917097    0.10830437793870    0.23520193882364  
  2.230000   -0.21516848169567    0.14542745490891    0.10607181093163    0.23274173274144  
  2.240000   -0.21554037340826    0.14384602809728    0.10388516075626    0.23030373988854  
  2.250000   -0.21587773196146    0.14229499508440    0.10174342679228    0.22788736531523  
  2.260000   -0.21618159839663    0.14077362313360    0.09964562894011    0.22549208363349  
  2.270000   -0.21645297846136    0.13928119964243    0.09759080815185    0.22311744053245  
  2.280000   -0.21669284162717    0.13781703134296    0.09557802688964    0.22076305358899  
  2.290000   -0.21690212029577    0.13638044348908    0.09360636950707    0.21842861237187  
  2.300000   -0.21708170920156    0.13497077903721    0.09167494255009    0.21611387784440  
  2.310000   -0.21723246501644    0.13358739782658    0.08978287497485    0.21381868107820  
  2.320000   -0.21735520616079    0.13222967576551    0.08792931828074    0.21154292129676  
  2.330000   -0.21745071282262    0.13089700402958    0.08611344655782    0.20928656327439  
  2.340000   -0.21751972718522    0.12958878827806    0.08433445644871    0.20704963412220  
  2.350000   -0.21756295386135    0.12830444789395    0.08259156702587    0.20483221949864  
  2.360000   -0.21758106053035    0.12704341525343    0.08088401958599    0.20263445928767  
  2.370000   -0.21757467877271    0.12580513502950    0.07921107736396    0.20045654279234  
  2.380000   -0.21754440509490    0.12458906353458    0.07757202516975    0.19829870349649  
  2.390000   -0.21749080213533    0.12339466810624    0.07596616895202    0.19616121345058  
  2.400000   -0.21741440004116    0.12222142653965    0.07439283529301    0.19404437734164  
  2.410000   -0.21731569800379    0.12106882656981    0.07285137083992    0.19194852630946  
  2.420000   -0.21719516593975    0.11993636540607    0.07134114167812    0.18987401157361  
  2.430000   -0.21705324630231    0.11882354932090    0.06986153265244    0.18782119793701  
  2.440000   -0.21689035600829    0.11772989329401    0.06841194664275    0.18579045723279  
  2.450000   -0.21670688846329    0.11665492071253    0.06699180380055    0.18378216178089  
  2.460000   -0.21650321566809    0.11559816312722    0.06560054075333    0.18179667792058  
  2.470000   -0.21627969038813    0.11455916006414    0.06423760978383    0.17983435968360  
  2.480000   -0.21603664836769    0.11353745889035    0.06290247799105    0.17789554267086  
  2.490000   -0.21577441056998    0.11253261473199    0.06159462644027    0.17598053819300  
  2.500000   -0.21549328542438    0.11154419044223    0.06031354930895    0.17408962773208  
  2.510000   -0.21519357106211    0.11057175661616    0.05905875303525    0.17222305777804  
  2.520000   -0.21487555752166    0.10961489164924    0.05782975547605    0.17038103508928  
  2.530000   -0.21453952890604    0.10867318183539    0.05662608508057    0.16856372242216  
  2.540000   -0.21418576547423    0.10774622150051    0.05544728008584    0.16677123476916  
  2.550000   -0.21381454565001    0.10683361316668    0.05429288773964    0.16500363613995  
  2.560000   -0.21342614793221    0.10593496774237    0.05316246355611    0.16326093691397  
  2.570000   -0.21302085269153    0.10504990473326    0.05205557060906    0.16154309178702  
  2.580000   -0.21259894383998    0.10417805246860    0.05097177886712    0.15984999832836  
  2.590000   -0.21216071036051    0.10331904833756    0.04991066457458    0.15818149615831  
  2.600000   -0.21170644768562    0.10247253903012    0.04887180968136    0.15653736675022  
  2.610000   -0.21123645891518    0.10163818077718    0.04785480132464    0.15491733385411  
  2.620000   -0.21075105586537    0.10081563958441    0.04685923136445    0.15332106453318  
  2.630000   -0.21025055994196    0.10000459145464    0.04588469597465    0.15174817079805  
  2.640000   -0.20973530283317    0.09920472259383    0.04493079529051    0.15019821181791  
  2.650000   -0.20920562701875    0.09841572959583    0.04399713311310    0.14867069668166  
  2.660000   -0.20866188609367    0.09763731960138    0.04308331667057    0.14716508767719  
  2.670000   -0.20810444490665    0.09686921042739    0.04218895643542    0.14568080405142  
  2.680000   -0.20753367951524    0.09611113066265    0.04131366599683    0.14421722620950  
  2.690000   -0.20694997696103    0.09536281972673    0.04045706198614    0.14277370030717  
  2.700000   -0.20635373486999    0.09462402788929    0.03961876405337    0.14134954318652  
  2.710000   -0.20574536088470    0.09389451624747    0.03879839489227    0.13994404760262  
  2.720000   -0.20512527193651    0.09317405665950    0.03799558031077    0.13855648768527  
  2.730000   -0.20449389336724    0.09246243163338    0.03720994934359    0.13718612457869  
  2.740000   -0.20385165791124    0.09175943416984    0.03644113440324    0.13583221220013  
  2.750000   -0.20319900454990    0.09106486755944    0.03568877146548    0.13449400305778  
  2.760000   -0.20253637725165    0.09037854513421    0.03495250028512    0.13317075406799  
  2.770000   -0.20186422361163    0.08970028997480    0.03423196463772    0.13186173231220  
  2.780000   -0.20118299340583    0.08902993457452    0.03352681258275    0.13056622067528  
  2.790000   -0.20049313707523    0.08836732046234    0.03283669674358    0.12928352330793  
  2.800000   -0.19979510415620    0.08771229778728    0.03216127459980    0.12801297085870  
  2.810000   -0.19908934167329    0.08706472486713    0.03150020878708    0.12675392542323  
  2.820000   -0.19837629251139    0.08642446770479    0.03085316740020    0.12550578516182  
  2.830000   -0.19765639378369    0.08579139947607    0.03021982429464    0.12426798854021  
  2.840000   -0.19693007521231    0.08516539999293    0.02959985938254    0.12304001815229  
  2.850000   -0.19619775753772    0.08454635514661    0.02899295891882    0.12182140408812  
  2.860000   -0.19545985097306    0.08393415633522    0.02839881577354    0.12061172681555  
  2.870000   -0.19471675371873    0.08332869988061    0.02781712968692    0.11941061954878  
  2.880000   -0.19396885055198    0.08272988643951    0.02724760750344    0.11821777008256  
  2.890000   -0.19321651150531    0.08213762041397    0.02668996338224    0.11703292207646  
  2.900000   -0.19246009064674    0.08155180936620    0.02614391898070    0.11585587577910  
  2.910000   -0.19169992497380    0.08097236344283    0.02560920360920    0.11468648818828  
  2.920000   -0.19093633343190    0.08039919481359    0.02508555435466    0.11352467264842  
  2.930000   -0.19016961606663    0.07983221712932    0.02457271617155    0.11237039789267  
  2.940000   -0.18940005331802    0.07927134500390    0.02407044193885    0.11122368654260  
  2.950000   -0.18862790546356    0.07871649352452    0.02357849248219    0.11008461308376  
  2.960000   -0.18785341221511    0.07816757779457    0.02309663656083    0.10895330134069  
  2.970000   -0.18707679247353    0.07762451251287    0.02262465081908    0.10782992148004  
  2.980000   -0.18629824424327    0.07708721159272    0.02216231970279    0.10671468657477  
  2.990000   -0.18551794470744    0.07655558782394    0.02170943534135    0.10560784876712  
  3.000000   -0.18473605046260    0.07602955258036    0.02126579739629    0.10450969507147  
  3.010000   -0.18395269791092    0.07550901557510    0.02083121287788    0.10342054286211  
  3.020000   -0.18316800380569    0.07499388466526    0.02040549593127    0.10234073509331  
  3.030000   -0.18238206594492    0.07448406570719    0.01998846759429    0.10127063530217  
  3.040000   -0.18159496400634    0.07397946246311    0.01957995552902    0.10021062244615  
  3.050000   -0.18080676051572    0.07347997655911    0.01917979372965    0.09916108562885  
  3.060000   -0.18001750193922    0.07298550749433    0.01878782220932    0.09812241876828  
  3.070000   -0.17922721988943    0.07249595270030    0.01840388666869    0.09709501526229  
  3.080000   -0.17843593243359    0.07201120764922    0.01802783814940    0.09607926270534  
  3.090000   -0.17764364549163    0.07153116600915    0.01765953267540    0.09507553771028  
  3.100000   -0.17685035431092    0.07105571984391    0.01729883088538    0.09408420088693  
  3.110000   -0.17605604500384    0.07058475985488    0.01694559765954    0.09310559202797  
  3.120000   -0.17526069613378    0.07011817566141    0.01659970174393    0.09214002554968  
  3.130000   -0.17446428033487    0.06965585611646    0.01626101537556    0.09118778623258  
  3.140000   -0.17366676595037    0.06919768965328    0.01592941391153    0.09024912530354  
  3.150000   -0.17286811867453    0.06874356465924    0.01560477546512    0.08932425689723  
  3.160000   -0.17206830318297    0.06829336987201    0.01528698055191    0.08841335493068  
  3.170000   -0.17126728473642    0.06784699479359    0.01497591174874    0.08751655042040  
  3.180000   -0.17046503074347    0.06740433011730    0.01467145336813    0.08663392926669  
  3.190000   -0.16966151226790    0.06696526816269    0.01437349115063    0.08576553052492  
  3.200000   -0.16885670546725    0.06652970331345    0.01408191197733    0.08491134517860  
  3.210000   -0.16805059294961    0.06609753245316    0.01379660360462    0.08407131542353  
  3.220000   -0.16724316503660    0.06566865539395    0.01351745442283    0.08324533446747  
  3.230000   -0.16643442092163    0.06524297529318    0.01324435324039    0.08243324684407  
  3.240000   -0.16562436971308    0.06482039905329    0.01297718909466    0.08163484923484  
  3.250000   -0.16481303135376    0.06440083770030    0.01271585109037    0.08084989178769  
  3.260000   -0.16400043740883    0.06398420673663    0.01246022826637    0.08007807991544  
  3.270000   -0.16318663171567    0.06357042646421    0.01221020949108    0.07931907655312  
  3.280000   -0.16237167089080    0.06315942227398    0.01196568338665    0.07857250484809  
  3.290000   -0.16155562468998    0.06275112489864    0.01172653828171    0.07783795125291  
  3.300000   -0.16073857621921    0.06234547062551    0.01149266219224    0.07711496898668  
  3.310000   -0.15992062199585    0.06194240146698    0.01126394282976    0.07640308182735  
  3.320000   -0.15910187186021    0.06154186528646    0.01104026763591    0.07570178819401  
  3.330000   -0.15828244873984    0.06114381587811    0.01082152384220    0.07501056547557  
  3.340000   -0.15746248826954    0.06074821299931    0.01060759855341    0.07432887455993  
  3.350000   -0.15664213827208    0.06035502235508    0.01039837885303    0.07365616451596  
  3.360000   -0.15582155810548    0.05996421553440    0.01019375192888    0.07299187737933  
  3.370000   -0.15500091788407    0.05957576989863    0.00999360521692    0.07233545299230  
  3.380000   -0.15418039758181    0.05918966842296    0.00979782656105    0.07168633384749  
  3.390000   -0.15336018602739    0.05880589949222    0.00960630438666    0.07104396988580  
  3.400000   -0.15254047980137    0.05842445665270    0.00941892788557    0.07040782319930  
  3.410000   -0.15172148204700    0.05804533832241    0.00923558720993    0.06977737259140  
  3.420000   -0.15090340120657    0.05766854746228    0.00905617367258    0.06915211794796  
  3.430000   -0.15008644969631    0.05729409121148    0.00888057995138    0.06853158437564  
  3.440000   -0.14927084253284    0.05692198049022    0.00870870029503    0.06791532606599  
  3.450000   -0.14845679592525    0.05655222957389    0.00854043072796    0.06730292984718  
  3.460000   -0.14764452584633    0.05618485564248    0.00837566925183    0.06669401838837  
  3.470000   -0.14683424659744    0.05581987830969    0.00821431604134    0.06608825302565  
  3.480000   -0.14602616938082    0.05545731913628    0.00805627363215    0.06548533618267  
  3.490000   -0.14522050089347    0.05509720113213    0.00790144709882    0.06488501336291  
  3.500000   -0.14441744195617    0.05473954825215    0.00774974422076    0.06428707469563  
  3.510000   -0.14361718619096    0.05438438489053    0.00760107563441    0.06369135602189  
  3.520000   -0.14281991875980    0.05403173537851    0.00745535497007    0.06309773951180  
  3.530000   -0.14202581517660    0.05368162349026    0.00731249897187    0.06250615380923  
  3.540000   -0.14123504020381    0.05333407196182    0.00717242759966    0.06191657370503  
  3.550000   -0.14044774684424    0.05298910202756    0.00703506411180    0.06132901934435  
  3.560000   -0.13966407543744    0.05264673297877    0.00690033512797    0.06074355497901  
  3.570000   -0.13888415286925    0.05230698174836    0.00676817067147    0.06016028727987  
  3.580000   -0.13810809190179    0.05196986252590    0.00663850419058    0.05957936322899  
  3.590000   -0.13733599063006    0.05163538640640    0.00651127255877    0.05900096761543  
  3.600000   -0.13656793207006    0.05130356107630    0.00638641605393    0.05842532016264  
  3.610000   -0.13580398388197    0.05097439053950    0.00626387831678    0.05785267231873  
  3.620000   -0.13504419823088    0.05064787488600    0.00614360628900    0.05728330374466  
  3.630000   -0.13428861178574    0.05032401010520    0.00602555013171    0.05671751853791  
  3.640000   -0.13353724585637    0.05000278794564    0.00590966312529    0.05615564123196  
  3.650000   -0.13279010666675    0.04968419582207    0.00579590155139    0.05559801261394  
  3.660000   -0.13204718576150    0.04936821677096    0.00568422455853    0.05504498540455  
  3.670000   -0.13130846054133    0.04905482945426    0.00557459401262    0.05449691984529  
  3.680000   -0.13057389492187    0.04874400821143    0.00546697433379    0.05395417923919  
  3.690000   -0.12984344010915    0.04843572315890    0.00536133232129    0.05341712549100  
  3.700000   -0.12911703548400    0.04812994033572    0.00525763696811    0.05288611469304  
  3.710000   -0.12839460958640    0.04782662189372    0.00515585926717    0.05236149280184  
  3.720000   -0.12767608119007    0.04752572633010    0.00505597201086    0.05184359144969  
  3.730000   -0.12696136045671    0.04722720875992    0.00495794958591    0.05133272393373  
  3.740000   -0.12625035015838    0.04693102122548    0.00486176776553    0.05082918142290  
  3.750000   -0.12554294695625    0.04663711303931    0.00476740350069    0.05033322942090  
  3.760000   -0.12483904272298    0.04634543115727    0.00467483471246    0.04984510452024  
  3.770000   -0.12413852589607    0.04605592057755    0.00458404008738    0.04936501147957  
  3.780000   -0.12344128284889    0.04576852476175    0.00449499887754    0.04889312065263  
  3.790000   -0.12274719926621    0.04548318607333    0.00440769070726    0.04842956579380  
  3.800000   -0.12205616151089    0.04519984622909    0.00432209538796    0.04797444226082  
  3.810000   -0.12136805796863    0.04491844675884    0.00423819274277    0.04752780563147  
  3.820000   -0.12068278035780    0.04463892946868    0.00415596244237    0.04708967074620  
  3.830000   -0.12000022499197    0.04436123690292    0.00407538385336    0.04666001118472  
  3.840000   -0.11932029398291    0.04408531280003    0.00399643590030    0.04623875917960  
  3.850000   -0.11864289637285    0.04381110253786    0.00391909694245    0.04582580596573  
  3.860000   -0.11796794918506    0.04353855356356    0.00384334466614    0.04542100255991  
  3.870000   -0.11729537838308    0.04326761580380    0.00376915599331    0.04502416096021  
  3.880000   -0.11662511972951    0.04299824205112    0.00369650700693    0.04463505575087  
  3.890000   -0.11595711953633    0.04273038832230    0.00362537289344    0.04425342609408  
  3.900000   -0.11529133530005    0.04246401418533    0.00355572790259    0.04387897808601  
  3.910000   -0.11462773621564    0.04219908305139    0.00348754532455    0.04351138745119  
  3.920000   -0.11396630356485    0.04193556242894    0.00342079748411    0.04315030254553  
  3.930000   -0.11330703097554    0.04167342413740    0.00335545575175    0.04279534763555  
  3.940000   -0.11264992454984    0.04141264447804    0.00329149057091    0.04244612641842  
  3.950000   -0.11199500286039    0.04115320436044    0.00322887150096    0.04210222574528  
  3.960000   -0.11134229681511    0.04089508938325    0.00316756727497    0.04176321950838  
  3.970000   -0.11069184939222    0.04063828986822    0.00310754587141    0.04142867265082  
  3.980000   -0.11004371524849    0.04038280084729    0.00304877459856    0.04109814525695  
  3.990000   -0.10939796020497    0.04012862200279    0.00299122019078    0.04077119668058  
  4.000000   -0.10875466061559    0.03987575756120    0.00293484891496    0.04044738966800  
  4.010000   -0.10811390262505    0.03962421614169    0.00287962668610    0.04012629443321  
  4.020000   -0.10747578132374    0.03937401056081    0.00282551919050    0.03980749264318  
  4.030000   -0.10684039980811    0.03912515759522    0.00277249201498    0.03949058127238  
  4.040000   -0.10620786815602    0.03887767770492    0.00272051078077    0.03917517628700  
  4.050000   -0.10557830232731    0.03863159471968    0.00266954128042    0.03886091612163  
  4.060000   -0.10495182300059    0.03838693549168    0.00261954961616    0.03854746491312  
  4.070000   -0.10432855435780    0.03814372951799    0.00257050233829    0.03823451545910  
  4.080000   -0.10370862282858    0.03790200853648    0.00252236658192    0.03792179187189  
  4.090000   -0.10309215580693    0.03766180609929    0.00247511020070    0.03760905190131  
  4.100000   -0.10247928035279    0.03742315712802    0.00242870189603    0.03729608890395  
  4.110000   -0.10187012189130    0.03718609745509    0.00238311134047    0.03698273343988  
  4.120000   -0.10126480292269    0.03695066335586    0.00233830929397    0.03666885448174  
  4.130000   -0.10066344175528    0.03671689107611    0.00229426771175    0.03635436022555  
  4.140000   -0.10006615127413    0.03648481635960    0.00225095984287    0.03603919849619  
  4.150000   -0.09947303775748    0.03625447398047    0.00220836031824    0.03572335674524  
  4.160000   -0.09888419975236    0.03602589728494    0.00216644522753    0.03540686164284  
  4.170000   -0.09829972702055    0.03579911774714    0.00212519218398    0.03508977826940  
  4.180000   -0.09771969956515    0.03557416454321    0.00208458037664    0.03477220891730  
  4.190000   -0.09714418674721    0.03535106414813    0.00204459060958    0.03445429151642  
  4.200000   -0.09657324650106    0.03512983995909    0.00200520532770    0.03413619770153  
  4.210000   -0.09600692465604    0.03491051194931    0.00196640862895    0.03381813054284  
  4.220000   -0.09544525437121    0.03469309635563    0.00192818626297    0.03350032196475  
  4.230000   -0.09488825568849    0.03447760540302    0.00189052561623    0.03318302988058  
  4.240000   -0.09433593520872    0.03426404706879    0.00185341568387    0.03286653507435  
  4.250000   -0.09378828589372    0.03405242488872    0.00181684702863    0.03255113786266  
  4.260000   -0.09324528699620    0.03384273780713    0.00178081172735    0.03223715457234  
  4.270000   -0.09270690411850    0.03363498007245    0.00174530330577    0.03192491387089  
  4.280000   -0.09217308939926    0.03342914117911    0.00171031666210    0.03161475298846  
  4.290000   -0.09164378182653    0.03322520585653    0.00167584798047    0.03130701387077  
  4.300000   -0.09111890767417    0.03302315410529    0.00164189463507    0.03100203930314  
  4.310000   -0.09059838105731    0.03282296127999    0.00160845508592    0.03070016904584  
  4.320000   -0.09008210460177    0.03262459821817    0.00157552876747    0.03040173602077  
  4.330000   -0.08956997022065    0.03242803141394    0.00154311597113    0.03010706258865  
  4.340000   -0.08906185999096    0.03223322323455    0.00151121772294    0.02981645695493  
  4.350000   -0.08855764712169    0.03204013217783    0.00147983565756    0.02953020974109  
  4.360000   -0.08805719700403    0.03184871316800    0.00144897188987    0.02924859075619  
  4.370000   -0.08756036833375    0.03165891788683    0.00141862888550    0.02897184600117  
  4.380000   -0.08706701429489    0.03147069513694    0.00138880933139    0.02870019493613  
  4.390000   -0.08657698379348    0.03128399123367    0.00135951600787    0.02843382803766  
  4.400000   -0.08609012272939    0.03109875042160    0.00133075166316    0.02817290467043  
  4.410000   -0.08560627529422    0.03091491531171    0.00130251889183    0.02791755129374  
  4.420000   -0.08512528528276    0.03073242733476    0.00127482001803    0.02766786002029  
  4.430000   -0.08464699740549    0.03055122720648    0.00124765698474    0.02742388754062  
  4.440000   -0.08417125858959    0.03037125540003    0.00122103124999    0.02718565442292  
  4.450000   -0.08369791925614    0.03019245262097    0.00119494369097    0.02695314479390  
  4.460000   -0.08322683456107    0.03001476028016    0.00116939451680    0.02672630640240  
  4.470000   -0.08275786558845    0.02983812095995    0.00114438319079    0.02650505106374  
  4.480000   -0.08229088048438    0.02966247886893    0.00111990836270    0.02628925547839  
  4.490000   -0.08182575552099    0.02948778028098    0.00109596781167    0.02607876241510  
  4.500000   -0.08136237608041    0.02931397395418    0.00107255840003    0.02587338224475  
  4.510000   -0.08090063754931    0.02914101152543    0.00104967603847    0.02567289480749  
  4.520000   -0.08044044611571    0.02896884787706    0.00102731566264    0.02547705159253  
  4.530000   -0.07998171946059    0.02879744147175    0.00100547122130    0.02528557820664  
  4.540000   -0.07952438733769    0.02862675465244    0.00098413567586    0.02509817710460  
  4.550000   -0.07906839203630    0.02845675390440    0.00096330101135    0.02491453055225  
  4.560000   -0.07861368872277    0.02828741007687    0.00094295825827    0.02473430379034  
  4.570000   -0.07816024565748    0.02811869856209    0.00092309752522    0.02455714836554  
  4.580000   -0.07770804428573    0.02795059943002    0.00090370804153    0.02438270559346  
  4.590000   -0.07725707920162    0.02778309751745    0.00088477820961    0.02421061011700  
  4.600000   -0.07680735798560    0.02761618247069    0.00086629566609    0.02404049352281  
  4.610000   -0.07635890091752    0.02744984874140    0.00084824735117    0.02387198797797  
  4.620000   -0.07591174056807    0.02728409553566    0.00083061958532    0.02370472984903  
  4.630000   -0.07546592127284    0.02711892671689    0.00081339815232    0.02353836326587  
  4.640000   -0.07502149849429    0.02695435066354    0.00079656838794    0.02337254359346  
  4.650000   -0.07457853807788    0.02679038008302    0.00078011527306    0.02320694077586  
  4.660000   -0.07413711540988    0.02662703178373    0.00076402353028    0.02304124251812  
  4.670000   -0.07369731448507    0.02646432640758    0.00074827772310    0.02287515727352  
  4.680000   -0.07325922689352    0.02630228812552    0.00073286235641    0.02270841700600  
  4.690000   -0.07282295073640    0.02614094429926    0.00071776197742    0.02254077969960  
  4.700000   -0.07238858948149    0.02598032511253    0.00070296127587    0.02237203159006  
  4.710000   -0.07195625076945    0.02582046317546    0.00068844518260    0.02220198909603  
  4.720000   -0.07152604518269    0.02566139310619    0.00067419896537    0.02203050043128  
  4.730000   -0.07109808498859    0.02550315109374    0.00066020832109    0.02185744688196  
  4.740000   -0.07067248286962    0.02534577444654    0.00064645946349    0.02168274373701  
  4.750000   -0.07024935065239    0.02518930113114    0.00063293920539    0.02150634086330  
  4.760000   -0.06982879804829    0.02503376930563    0.00061963503479    0.02132822292067  
  4.770000   -0.06941093141765    0.02487921685245    0.00060653518413    0.02114840921612  
  4.780000   -0.06899585256969    0.02472568091521    0.00059362869191    0.02096695319964  
  4.790000   -0.06858365760966    0.02457319744411    0.00058090545640    0.02078394160859  
  4.800000   -0.06817443584449    0.02442180075454    0.00056835628069    0.02059949327045  
  4.810000   -0.06776826875745    0.02427152310316    0.00055597290891    0.02041375757774  
  4.820000   -0.06736522906181    0.02412239428569    0.00054374805326    0.02022691265215  
  4.830000   -0.06696537984258    0.02397444126048    0.00053167541166    0.02003916321804  
  4.840000   -0.06656877379458    0.02382768780146    0.00051974967604    0.01985073820840  
  4.850000   -0.06617545256429    0.02368215418406    0.00050796653110    0.01966188812923  
  4.860000   -0.06578544620176    0.02353785690708    0.00049632264388    0.01947288221051  
  4.870000   -0.06539877272773    0.02339480845342    0.00048481564409    0.01928400537422  
  4.880000   -0.06501543782029    0.02325301709189    0.00047344409577    0.01909555505154  
  4.890000   -0.06463543462394    0.02311248672222    0.00046220746034    0.01890783788290  
  4.900000   -0.06425874368278    0.02297321676468    0.00045110605185    0.01872116633566  
  4.910000   -0.06388533299860    0.02283520209548    0.00044014098462    0.01853585527484  
  4.920000   -0.06351515821304    0.02269843302862    0.00042931411416    0.01835221852289  
  4.930000   -0.06314816291213    0.02256289534429    0.00041862797185    0.01817056544416  
  4.940000   -0.06278427905007    0.02242857036363    0.00040808569415    0.01799119758972  
  4.950000   -0.06242342748822    0.02229543506900    0.00039769094720    0.01781440543718  
  4.960000   -0.06206551864382    0.02216346226876    0.00038744784742    0.01764046525912  
  4.970000   -0.06171045324222    0.02203262080467    0.00037736087923    0.01746963615236  
  4.980000   -0.06135812316528    0.02190287580012    0.00036743481038    0.01730215725843  
  4.990000   -0.06100841238748    0.02177418894653    0.00035767460615    0.01713824520354  
  5.000000   -0.06066119799072    0.02164651882519    0.00034808534302    0.01697809178400  
  5.010000   -0.06031635124794    0.02151982126130    0.00033867212274    0.01682186192032  
  5.020000   -0.05997373876486    0.02139404970673    0.00032943998777    0.01666969190057  
  5.030000   -0.05963322366876    0.02126915564760    0.00032039383878    0.01652168793006  
  5.040000   -0.05929466683272    0.02114508903286    0.00031153835506    0.01637792500172  
  5.050000   -0.05895792812339    0.02102179871927    0.00030287791866    0.01623844609768  
  5.060000   -0.05862286766001    0.02089923292871    0.00029441654289    0.01610326172940  
  5.070000   -0.05828934707256    0.02077733971298    0.00028615780589    0.01597234981994  
  5.080000   -0.05795723074661    0.02065606742165    0.00027810478990    0.01584565592852  
  5.090000   -0.05762638704286    0.02053536516816    0.00027026002674    0.01572309381387  
  5.100000   -0.05729668947931    0.02041518328969    0.00026262544993    0.01560454632943  
  5.110000   -0.05696801786470    0.02029547379596    0.00025520235398    0.01548986663993  
  5.120000   -0.05664025937195    0.02017619080274    0.00024799136105    0.01537887974560  
  5.130000   -0.05631330954125    0.02005729094556    0.00024099239528    0.01527138429723  
  5.140000   -0.05598707320287    0.01993873376946    0.00023420466498    0.01516715468196  
  5.150000   -0.05566146531083    0.01982048209103    0.00022762665268    0.01506594335749  
  5.160000   -0.05533641167892    0.01970250232888    0.00022125611316    0.01496748340918  
  5.170000   -0.05501184961226    0.01958476479935    0.00021509007931    0.01487149130296  
  5.180000   -0.05468772842774    0.01946724397444    0.00020912487566    0.01477766980447  
  5.190000   -0.05436400985856    0.01934991869930    0.00020335613937    0.01468571103348  
  5.200000   -0.05404066833857    0.01923277236700    0.00019777884845    0.01459529962128  
  5.210000   -0.05371769116374    0.01911579304894    0.00019238735667    0.01450611593774  
  5.220000   -0.05339507852889    0.01899897357932    0.00018717543487    0.01441783935404  
  5.230000   -0.05307284343944    0.01888231159296    0.00018213631812    0.01433015150692  
  5.240000   -0.05275101149872    0.01876580951575    0.00017726275819    0.01424273953031  
  5.250000   -0.05242962057294    0.01864947450803    0.00017254708069    0.01415529922064  
  5.260000   -0.05210872033688    0.01853331836113    0.00016798124632    0.01406753810296  
  5.270000   -0.05178837170467    0.01841735734816    0.00016355691546    0.01397917836610  
  5.280000   -0.05146864615098    0.01830161203035    0.00015926551553    0.01388995963651  
  5.290000   -0.05114962492926    0.01818610702079    0.00015509831021    0.01379964156231  
  5.300000   -0.05083139819436    0.01807087070792    0.00015104647000    0.01370800618109  
  5.310000   -0.05051406403810    0.01795593494122    0.00014710114323    0.01361486004714  
  5.320000   -0.05019772744696    0.01784133468235    0.00014325352681    0.01352003609681  
  5.330000   -0.04988249919200    0.01772710762503    0.00013949493608    0.01342339523299  
  5.340000   -0.04956849466172    0.01761329378723    0.00013581687295    0.01332482761306  
  5.350000   -0.04925583264906    0.01749993507994    0.00013221109168    0.01322425362753  
  5.360000   -0.04894463410439    0.01738707485641    0.00012866966174    0.01312162456016  
  5.370000   -0.04863502086646    0.01727475744647    0.00012518502688    0.01301692292334  
  5.380000   -0.04832711438365    0.01716302768043    0.00012175006022    0.01291016246623  
  5.390000   -0.04802103443798    0.01705193040729    0.00011835811447    0.01280138785629  
  5.400000   -0.04771689788416    0.01694151001188    0.00011500306702    0.01269067403867  
  5.410000   -0.04741481741602    0.01683180993585    0.00011167935945    0.01257812528071  
  5.420000   -0.04711490037237    0.01672287220711    0.00010838203107    0.01246387391257  
  5.430000   -0.04681724759384    0.01661473698248    0.00010510674623    0.01234807877790  
  5.440000   -0.04652195234194    0.01650744210797    0.00010184981517    0.01223092341152  
  5.450000   -0.04622909929088    0.01640102270127    0.00009860820824    0.01211261396380  
  5.460000   -0.04593876360210    0.01629551076032    0.00009537956350    0.01199337689430  
  5.470000   -0.04565101009048    0.01619093480216    0.00009216218750    0.01187345645912  
  5.480000   -0.04536589249063    0.01608731953548    0.00008895504950    0.01175311201902  
  5.490000   -0.04508345283038    0.01598468557036    0.00008575776904    0.01163261519677  
  5.500000   -0.04480372091778    0.01588304916789    0.00008257059731    0.01151224691388  
  5.510000   -0.04452671394675    0.01578242203255    0.00007939439224    0.01139229433813  
  5.520000   -0.04425243622539    0.01568281114914    0.00007623058792    0.01127304777384  
  5.530000   -0.04398087902972    0.01558421866634    0.00007308115851    0.01115479752782  
  5.540000   -0.04371202058461    0.01548664182783    0.00006994857716    0.01103783078363  
  5.550000   -0.04344582617205    0.01539007295193    0.00006683577035    0.01092242851707  
  5.560000   -0.04318224836622    0.01529449946009    0.00006374606820    0.01080886248484  
  5.570000   -0.04292122739297    0.01519990395402    0.00006068315122    0.01069739231792  
  5.580000   -0.04266269161071    0.01510626434076    0.00005765099415    0.01058826274977  
  5.590000   -0.04240655810803    0.01501355400471    0.00005465380744    0.01048170100802  
  5.600000   -0.04215273341255    0.01492174202499    0.00005169597701    0.01037791439661  
  5.610000   -0.04190111430437    0.01483079343603    0.00004878200283    0.01027708809330  
  5.620000   -0.04165158872627    0.01474066952910    0.00004591643714    0.01017938318494  
  5.630000   -0.04140403678213    0.01465132819171    0.00004310382270    0.01008493496080  
  5.640000   -0.04115833181392    0.01456272428186    0.00004034863189    0.00999385148101  
  5.650000   -0.04091434154712    0.01447481003344    0.00003765520720    0.00990621243454  
  5.660000   -0.04067192929339    0.01438753548880    0.00003502770362    0.00982206829814  
  5.670000   -0.04043095519906    0.01430084895453    0.00003247003368    0.00974143980425  
  5.680000   -0.04019127752738    0.01421469747581    0.00002998581550    0.00966431772283  
  5.690000   -0.03995275396213    0.01412902732487    0.00002757832440    0.00959066295868  
  5.700000   -0.03971524291996    0.01404378449874    0.00002525044862    0.00952040696262  
  5.710000   -0.03947860485886    0.01395891522144    0.00002300464943    0.00945345245144  
  5.720000   -0.03924270356984    0.01387436644566    0.00002084292605    0.00938967442850  
  5.730000   -0.03900740743948    0.01379008634910    0.00001876678579    0.00932892149364  
  5.740000   -0.03877259067084    0.01370602482046    0.00001677721946    0.00927101742796  
  5.750000   -0.03853813445088    0.01362213393035    0.00001487468244    0.00921576303654  
  5.760000   -0.03830392805297    0.01353836838248    0.00001305908152    0.00916293822890  
  5.770000   -0.03806986986349    0.01345468594053    0.00001132976752    0.00911230431531  
  5.780000   -0.03783586832261    0.01337104782664    0.00000968553375    0.00906360649407  
  5.790000   -0.03760184276962    0.01328741908728    0.00000812462038    0.00901657650359  
  5.800000   -0.03736772418466    0.01320376892299    0.00000664472443    0.00897093541097  
  5.810000   -0.03713345581922    0.01312007097866    0.00000524301548    0.00892639650765  
  5.820000   -0.03689899370905    0.01303630359117    0.00000391615666    0.00888266828155  
  5.830000   -0.03666430706419    0.01295244999215    0.00000266033085    0.00883945743439  
  5.840000   -0.03642937853209    0.01286849846340    0.00000147127165    0.00879647191241  
  5.850000   -0.03619420433085    0.01278444244354    0.00000034429896    0.00875342391883  
  5.860000   -0.03595879425087    0.01270028058463   -0.00000072564151    0.00871003287627  
  5.870000   -0.03572317152480    0.01261601675790   -0.00000174393489    0.00866602830831  
  5.880000   -0.03548737256632    0.01253166000860   -0.00000271625068    0.00862115261015  
  5.890000   -0.03525144658022    0.01244722446001   -0.00000364849357    0.00857516367927  
  5.900000   -0.03501545504697    0.01236272916762   -0.00000454675192    0.00852783737902  
  5.910000   -0.03477947108664    0.01227819792450   -0.00000541724470    0.00847896980936  
  5.920000   -0.03454357870763    0.01219365901973   -0.00000626626719    0.00842837936145  
  5.930000   -0.03430787194760    0.01210914495209   -0.00000710013610    0.00837590853469  
  5.940000   -0.03407245391411    0.01202469210161   -0.00000792513463    0.00832142549770  
  5.950000   -0.03383743573438    0.01194034036210   -0.00000874745803    0.00826482537727  
  5.960000   -0.03360293542375    0.01185613273795   -0.00000957316018    0.00820603126206  
  5.970000   -0.03336907668367    0.01177211490929   -0.00001040810171    0.00814499491110  
  5.980000   -0.03313598764069    0.01168833476938   -0.00001125790017    0.00808169716012  
  5.990000   -0.03290379953828    0.01160484193879   -0.00001212788269    0.00801614802181  
  6.000000   -0.03267264539416    0.01152168726093   -0.00001302304165    0.00794838647951  
  6.010000   -0.03244265863592    0.01143892228395   -0.00001394799368    0.00787847997693  
  6.020000   -0.03221397172813    0.01135659873376   -0.00001490694245    0.00780652360968  
  6.030000   -0.03198671480402    0.01127476798356   -0.00001590364551    0.00773263902759  
  6.040000   -0.03176101431527    0.01119348052474   -0.00001694138553    0.00765697305966  
  6.050000   -0.03153699171267    0.01111278544460   -0.00001802294615    0.00757969607653  
  6.060000   -0.03131476217086    0.01103272991579   -0.00001915059270    0.00750100010806  
  6.070000   -0.03109443336934    0.01095335870259   -0.00002032605778    0.00742109673597  
  6.080000   -0.03087610434190    0.01087471368886   -0.00002155053207    0.00734021478408  
  6.090000   -0.03065986440580    0.01079683343237   -0.00002282466008    0.00725859783069  
  6.100000   -0.03044579218134    0.01071975274993   -0.00002414854116    0.00717650156931  
  6.110000   -0.03023395471148    0.01064350233745   -0.00002552173549    0.00709419104575  
  6.120000   -0.03002440669072    0.01056810842884   -0.00002694327504    0.00701193780072  
  6.130000   -0.02981718981065    0.01049359249709   -0.00002841167937    0.00693001694798  
  6.140000   -0.02961233222938    0.01041997100077   -0.00002992497600    0.00684870421894  
  6.150000   -0.02940984817006    0.01034725517842   -0.00003148072515    0.00676827300462  
  6.160000   -0.02920973765317    0.01027545089317   -0.00003307604863    0.00668899142613  
  6.170000   -0.02901198636549    0.01020455852911   -0.00003470766246    0.00661111946443  
  6.180000   -0.02881656566765    0.01013457294089   -0.00003637191286    0.00653490617938  
  6.190000   -0.02862343274069    0.01006548345699   -0.00003806481539    0.00646058704718  
  6.200000   -0.02843253087088    0.00999727393698   -0.00003978209667    0.00638838144417  
  6.210000   -0.02824378987050    0.00992992288245   -0.00004151923826    0.00631849030309  
  6.220000   -0.02805712663115    0.00986340360061   -0.00004327152236    0.00625109396644  
  6.230000   -0.02787244580481    0.00979768441939   -0.00004503407880    0.00618635025915  
  6.240000   -0.02768964060661    0.00973272895194   -0.00004680193282    0.00612439280067  
  6.250000   -0.02750859373215    0.00966849640841   -0.00004857005323    0.00606532957401  
  6.260000   -0.02732917838095    0.00960494195189   -0.00005033340045    0.00600924176655  
  6.270000   -0.02715125937667    0.00954201709550   -0.00005208697403    0.00595618289446  
  6.280000   -0.02697469437379    0.00947967013679   -0.00005382585904    0.00590617821990  
  6.290000   -0.02679933513942    0.00941784662547   -0.00005554527105    0.00585922446674  
  6.300000   -0.02662502889838    0.00935648985998   -0.00005724059923    0.00581528983757  
  6.310000   -0.02645161972872    0.00929554140831   -0.00005890744717    0.00577431433170  
  6.320000   -0.02627894999466    0.00923494164801   -0.00006054167096    0.00573621036056  
  6.330000   -0.02610686180320    0.00917463032037   -0.00006213941441    0.00570086365382  
  6.340000   -0.02593519847060    0.00911454709323   -0.00006369714084    0.00566813444647  
  6.350000   -0.02576380598463    0.00905463212723   -0.00006521166136    0.00563785893441  
  6.360000   -0.02559253444850    0.00899482663989   -0.00006668015933    0.00560985098291  
  6.370000   -0.02542123949261    0.00893507346198   -0.00006810021081    0.00558390406990  
  6.380000   -0.02524978364014    0.00887531758090   -0.00006946980084    0.00555979344367  
  6.390000   -0.02507803761351    0.00881550666555   -0.00007078733547    0.00553727847200  
  6.400000   -0.02490588156850    0.00875559156767   -0.00007205164942    0.00551610515814  
  6.410000   -0.02473320624403    0.00869552679452   -0.00007326200944    0.00549600879701  
  6.420000   -0.02455991401606    0.00863527094827   -0.00007441811323    0.00547671674369  
  6.430000   -0.02438591984498    0.00857478712764   -0.00007552008419    0.00545795126508  
  6.440000   -0.02421115210690    0.00851404328762   -0.00007656846188    0.00543943244472  
  6.450000   -0.02403555330015    0.00845301255374   -0.00007756418851    0.00542088111017  
  6.460000   -0.02385908061965    0.00839167348741   -0.00007850859155    0.00540202175228  
  6.470000   -0.02368170639281    0.00833001029962   -0.00007940336267    0.00538258540555  
  6.480000   -0.02350341837214    0.00826801301061   -0.00008025053333    0.00536231245940  
  6.490000   -0.02332421988084    0.00820567755365   -0.00008105244721    0.00534095537075  
  6.500000   -0.02314412980924    0.00814300582166   -0.00008181172984    0.00531828124941  
  6.510000   -0.02296318246126    0.00808000565587   -0.00008253125576    0.00529407428911  
  6.520000   -0.02278142725136    0.00801669077631   -0.00008321411356    0.00526813801859  
  6.530000   -0.02259892825425    0.00795308065445   -0.00008386356912    0.00524029734912  
  6.540000   -0.02241576361055    0.00788920032894   -0.00008448302750    0.00521040039686  
  6.550000   -0.02223202479333    0.00782508016581   -0.00008507599384    0.00517832006089  
  6.560000   -0.02204781574172    0.00776075556524   -0.00008564603367    0.00514395534025  
  6.570000   -0.02186325186896    0.00769626661729   -0.00008619673301    0.00510723237615  
  6.580000   -0.02167845895364    0.00763165770973   -0.00008673165871    0.00506810520819  
  6.590000   -0.02149357192396    0.00756697709131   -0.00008725431930    0.00502655623673  
  6.600000   -0.02130873354589    0.00750227639455   -0.00008776812693    0.00498259638626  
  6.610000   -0.02112409302718    0.00743761012237   -0.00008827636050    0.00493626496808  
  6.620000   -0.02093980454989    0.00737303510321   -0.00008878213063    0.00488762924343  
  6.630000   -0.02075602574497    0.00730860991972   -0.00008928834652    0.00483678369172  
  6.640000   -0.02057291612303    0.00724439431647   -0.00008979768516    0.00478384899119  
  6.650000   -0.02039063547594    0.00718044859201   -0.00009031256320    0.00472897072264  
  6.660000   -0.02020934226412    0.00711683298129   -0.00009083511158    0.00467231780966  
  6.670000   -0.02002919200489    0.00705360703406   -0.00009136715325    0.00461408071154  
  6.680000   -0.01985033567714    0.00699082899546   -0.00009191018422    0.00455446938766  
  6.690000   -0.01967291815739    0.00692855519449   -0.00009246535795    0.00449371105461  
  6.700000   -0.01949707670252    0.00686683944655   -0.00009303347326    0.00443204775933  
  6.710000   -0.01932293949372    0.00680573247567   -0.00009361496595    0.00436973379368  
  6.720000   -0.01915062425577    0.00674528136222   -0.00009420990398    0.00430703297740  
  6.730000   -0.01898023696555    0.00668552902158   -0.00009481798646    0.00424421583783  
  6.740000   -0.01881187066224    0.00662651371890   -0.00009543854612    0.00418155671595  
  6.750000   -0.01864560437144    0.00656826862494   -0.00009607055561    0.00411933082898  
  6.760000   -0.01848150215417    0.00651082141750   -0.00009671263710    0.00405781132037  
  6.770000   -0.01831961229041    0.00645419393259   -0.00009736307539    0.00399726632802  
  6.780000   -0.01815996660620    0.00639840186905   -0.00009801983426    0.00393795610169  
  6.790000   -0.01800257995148    0.00634345454983   -0.00009868057577    0.00388013019972  
  6.800000   -0.01784744983472    0.00628935474264   -0.00009934268250    0.00382402479461  
  6.810000   -0.01769455621910    0.00623609854216   -0.00010000328236    0.00376986011605  
  6.820000   -0.01754386148332    0.00618367531535   -0.00010065927571    0.00371783805809  
  6.830000   -0.01739531054862    0.00613206771095   -0.00010130736457    0.00366813997606  
  6.840000   -0.01724883117223    0.00608125173351   -0.00010194408366    0.00362092469652  
  6.850000   -0.01710433440571    0.00603119688185   -0.00010256583278    0.00357632676139  
  6.860000   -0.01696171521529    0.00598186635102   -0.00010316891045    0.00353445492517  
  6.870000   -0.01682085325962    0.00593321729655   -0.00010374954830    0.00349539092129  
  6.880000   -0.01668161381899    0.00588520115878   -0.00010430394601    0.00345918851119  
  6.890000   -0.01654384886857    0.00583776404494   -0.00010482830637    0.00342587282631  
  6.900000   -0.01640739828679    0.00579084716559   -0.00010531887016    0.00339544001083  
  6.910000   -0.01627209118881    0.00574438732197   -0.00010577195059    0.00336785716908  
  6.920000   -0.01613774737367    0.00569831743999   -0.00010618396693    0.00334306261916  
  6.930000   -0.01600417887261    0.00565256714629   -0.00010655147698    0.00332096645048  
  6.940000   -0.01587119158505    0.00560706338117   -0.00010687120820    0.00330145138023  
  6.950000   -0.01573858698783    0.00556173104324   -0.00010714008716    0.00328437390037  
  6.960000   -0.01560616390250    0.00551649365961   -0.00010735526706    0.00326956570392  
  6.970000   -0.01547372030482    0.00547127407601   -0.00010751415310    0.00325683537621  
  6.980000   -0.01534105516005    0.00542599516015   -0.00010761442546    0.00324597033419  
  6.990000   -0.01520797026746    0.00538058051218   -0.00010765405981    0.00323673899400  
  7.000000   -0.01507427209705    0.00533495517550   -0.00010763134499    0.00322889314496  
  7.010000   -0.01493977360150    0.00528904634131   -0.00010754489794    0.00322217050561  
  7.020000   -0.01480429598658    0.00524278404042   -0.00010739367566    0.00321629743566  
  7.030000   -0.01466767042328    0.00519610181554   -0.00010717698411    0.00321099177610  
  7.040000   -0.01452973968561    0.00514893736795   -0.00010689448409    0.00320596578815  
  7.050000   -0.01439035969822    0.00510123317194   -0.00010654619395    0.00320092916074  
  7.060000   -0.01424940097914    0.00505293705140   -0.00010613248931    0.00319559205546  
  7.070000   -0.01410674996324    0.00500400271264   -0.00010565409968    0.00318966815743  
  7.080000   -0.01396231019355    0.00495439022817   -0.00010511210205    0.00318287770028  
  7.090000   -0.01381600336826    0.00490406646669   -0.00010450791168    0.00317495043384  
  7.100000   -0.01366777023257    0.00485300546453   -0.00010384327004    0.00316562850349  
  7.110000   -0.01351757130597    0.00480118873485   -0.00010312023014    0.00315466921095  
  7.120000   -0.01336538743678    0.00474860551109   -0.00010234113934    0.00314184762752  
  7.130000   -0.01321122017744    0.00469525292181   -0.00010150861989    0.00312695903214  
  7.140000   -0.01305509197547    0.00464113609460   -0.00010062554736    0.00310982114840  
  7.150000   -0.01289704617663    0.00458626818768   -0.00009969502713    0.00309027615658  
  7.160000   -0.01273714683869    0.00453067034796   -0.00009872036927    0.00306819245919  
  7.170000   -0.01257547835558    0.00447437159540   -0.00009770506194    0.00304346618066  
  7.180000   -0.01241214489364    0.00441740863399   -0.00009665274363    0.00301602238485  
  7.190000   -0.01224726964328    0.00435982559034   -0.00009556717446    0.00298581599653  
  7.200000   -0.01208099389096    0.00430167368167   -0.00009445220679    0.00295283241642  
  7.210000   -0.01191347591828    0.00424301081531   -0.00009331175541    0.00291708782188  
  7.220000   -0.01174488973626    0.00418390112297   -0.00009214976760    0.00287862914918  
  7.230000   -0.01157542366456    0.00412441443312   -0.00009097019322    0.00283753375599  
  7.240000   -0.01140527876696    0.00406462568575   -0.00008977695522    0.00279390876638  
  7.250000   -0.01123466715554    0.00400461429422   -0.00008857392063    0.00274789010350  
  7.260000   -0.01106381017733    0.00394446345936   -0.00008736487246    0.00269964121870  
  7.270000   -0.01089293649856    0.00388425944158   -0.00008615348258    0.00264935152859  
  7.280000   -0.01072228010223    0.00382409079705   -0.00008494328586    0.00259723457485  
  7.290000   -0.01055207821607    0.00376404758440   -0.00008373765571    0.00254352592431  
  7.300000   -0.01038256918825    0.00370422054879   -0.00008253978128    0.00248848082948  
  7.310000   -0.01021399032924    0.00364470029035   -0.00008135264639    0.00243237167235  
  7.320000   -0.01004657573815    0.00358557642415   -0.00008017901039    0.00237548521647  
  7.330000   -0.00988055413263    0.00352693673917   -0.00007902139106    0.00231811969421  
  7.340000   -0.00971614670116    0.00346886636361   -0.00007788204960    0.00226058175824  
  7.350000   -0.00955356499662    0.00341144694396   -0.00007676297790    0.00220318332720  
  7.360000   -0.00939300888986    0.00335475584513   -0.00007566588805    0.00214623835724  
  7.370000   -0.00923466460134    0.00329886537898   -0.00007459220415    0.00209005957151  
  7.380000   -0.00907870282872    0.00324384206796   -0.00007354305652    0.00203495518050  
  7.390000   -0.00892527698688    0.00318974595087   -0.00007251927819    0.00198122562617  
  7.400000   -0.00877452157657    0.00313662993682   -0.00007152140373    0.00192916038276  
  7.410000   -0.00862655069618    0.00308453921338   -0.00007054967036    0.00187903484646  
  7.420000   -0.00848145670979    0.00303351071428   -0.00006960402125    0.00183110734571  
  7.430000   -0.00833930908326    0.00298357265128   -0.00006868411101    0.00178561630207  
  7.440000   -0.00820015339760    0.00293474411429   -0.00006778931312    0.00174277757077  
  7.450000   -0.00806401054670    0.00288703474250   -0.00006691872936    0.00170278198748  
  7.460000   -0.00793087612362    0.00284044446870   -0.00006607120088    0.00166579314600  
  7.470000   -0.00780071999547    0.00279496333706   -0.00006524532093    0.00163194542857  
  7.480000   -0.00767348606311    0.00275057139336   -0.00006443944886    0.00160134230753  
  7.490000   -0.00754909219559    0.00270723864426   -0.00006365172528    0.00157405493320  
  7.500000   -0.00742743032299    0.00266492508002   -0.00006288008794    0.00155012101870  
  7.510000   -0.00730836666212    0.00262358075141   -0.00006212228798    0.00152954402718  
  7.520000   -0.00719174203991    0.00258314588821   -0.00006137590615    0.00151229266142  
  7.530000   -0.00707737226625    0.00254355104175   -0.00006063836837    0.00149830064844  
  7.540000   -0.00696504849441    0.00250471722889   -0.00005990695999    0.00148746680396  
  7.550000   -0.00685453749047    0.00246655604861   -0.00005917883784    0.00147965535211  
  7.560000   -0.00674558171686    0.00242896973632   -0.00005845103933    0.00147469646497  
  7.570000   -0.00663789911804    0.00239185111454   -0.00005772048725    0.00147238697493  
  7.580000   -0.00653118248258    0.00235508339320   -0.00005698398932    0.00147249119992  
  7.590000   -0.00642509824738    0.00231853976973   -0.00005623823106    0.00147474180940  
  7.600000   -0.00631928461153    0.00228208277899   -0.00005547976086    0.00147884064773  
  7.610000   -0.00621334884365    0.00224556334910   -0.00005470496618    0.00148445942471  
  7.620000   -0.00610686370563    0.00220881953273   -0.00005391004025    0.00149124018190  
  7.630000   -0.00599936298198    0.00217167490776   -0.00005309093925    0.00149879545375  
  7.640000   -0.00589033620632    0.00213393667799   -0.00005224333082    0.00150670806681  
  7.650000   -0.00577922281890    0.00209539355708   -0.00005136253639    0.00151453056486  
  7.660000   -0.00566540617411    0.00205581358659   -0.00005044347109    0.00152178431647  
  7.670000   -0.00554820804282    0.00201494212263   -0.00004948058749    0.00152795845711  
  7.680000   -0.00542688451140    0.00197250032088   -0.00004846783144    0.00153250894200  
  7.690000   -0.00530062444992    0.00192818455062   -0.00004739862094    0.00153485813447  
  7.700000   -0.00516855197930    0.00188166726524   -0.00004626586110    0.00153439551866  
  7.710000   -0.00502973457142    0.00183259993416   -0.00004506201001    0.00153048029027  
  7.720000   -0.00488319852183    0.00178061868311   -0.00004377921134    0.00152244672063  
  7.730000   -0.00472795348692    0.00172535327529   -0.00004240950854    0.00150961327887  
  7.740000   -0.00456302752294    0.00166643997516   -0.00004094515333    0.00149129649830  
  7.750000   -0.00438751355544    0.00160353865151   -0.00003937901622    0.00146683045122  
  7.760000   -0.00420062741475    0.00153635418567   -0.00003770509951    0.00143559241681  
  7.770000   -0.00400177649262    0.00146466185177   -0.00003591914336    0.00139703486947  
  7.780000   -0.00379063674173    0.00138833584196   -0.00003401930370    0.00135072327445  
  7.790000   -0.00356723423241    0.00130737954879   -0.00003200686711    0.00129637837675  
  7.800000   -0.00333202592728    0.00122195563642   -0.00002988695458    0.00123392075988  
  7.810000   -0.00308597290641    0.00113241339650   -0.00002766915330    0.00116351451851  
  7.820000   -0.00283059817752    0.00103931046888   -0.00002536800703    0.00108560604854  
  7.830000   -0.00256802065713    0.00094342579420   -0.00002300329085    0.00100095334445  
  7.840000   -0.00230095711098    0.00084576073123   -0.00002059999928    0.00091064094925  
  7.850000   -0.00203268495495    0.00074752567594   -0.00001818798665    0.00081607595226  
  7.860000   -0.00176696091564    0.00065011029204   -0.00001580121856    0.00071896126366  
  7.870000   -0.00150789360179    0.00055503659241   -0.00001347661967    0.00062124384093  
  7.880000   -0.00125977188218    0.00046389553975   -0.00001125253784    0.00052503754980  
  7.890000   -0.00102685531107    0.00037826945322   -0.00000916688192    0.00043252277495  
  7.900000   -0.00081313727906    0.00029964416556   -0.00000725502928    0.00034582753042  
  7.910000   -0.00062209560740    0.00022931638750   -0.00000554763340    0.00026689736769  
  7.920000   -0.00045644842971    0.00016830291136   -0.00000406848842    0.00019736351452  
  7.930000   -0.00031793494086    0.00011725894406   -0.00000283262130    0.00013842008135  
  7.940000   -0.00020714056843    0.00007641286172   -0.00000184478123    0.00009072157570  
  7.950000   -0.00012338414321    0.00004552395004   -0.00000109847749    0.00005431120217  
  7.960000   -0.00006468073114    0.00002386824290   -0.00000057568284    0.00002858846146  
  7.970000   -0.00002778820028    0.00001025549198   -0.00000024726990    0.00001232151708  
  7.980000   -0.00000833881432    0.00000307777248   -0.00000007418988    0.00000370594395  
  7.990000   -0.00000104983063    0.00000038750127   -0.00000000933936    0.00000046720558  
  8.000000   -0.00000000000000   -0.00000000000000    0.00000000000000   -0.00000000000000  
