<Coefficient>
	 5 Total number of radial orbitals.
	Type	L	Zeta-Orbital
	  W 	0	    1
	   0.15790152256605
	   0.34213298787809
	   0.45373758582493
	   0.52723129741289
	   0.58441417188529
	   0.54571419550689
	   0.44617795475613
	   0.31562351931041
	   0.17748751317828
	   0.05770850985657
	  -0.03342348051459
	  -0.09479902616294
	  -0.12999698455184
	  -0.13856329570922
	  -0.12814305263284
	  -0.10968044885338
	  -0.08594174607398
	  -0.06267581558829
	  -0.04148341376575
	  -0.02603093399039
	  -0.01388322585276
	  -0.00738414033413
	  -0.00232837228460
	  -0.00124770639474
	   0.00048501772282
	  -0.00053263781354
	   0.00056513542129
	  -0.00079011108185
	   0.00062274513282
	  -0.00092668303094
	   0.00096911511405
	Type	L	Zeta-Orbital
	  W 	0	    2
	  -0.36867152409783
	  -0.40620278994206
	  -0.02255136371708
	   0.29455552817422
	   0.42411990688547
	   0.42769679237699
	   0.35630502718456
	   0.25427447989144
	   0.15580735296974
	   0.08186062851299
	   0.00773504893024
	  -0.03944211134126
	  -0.06344093861644
	  -0.07346219694670
	  -0.07871910391640
	  -0.07011523120801
	  -0.06024576017798
	  -0.04569513490957
	  -0.03514574527379
	  -0.02220842607836
	  -0.01589535394056
	  -0.00716986780484
	  -0.00555655446933
	  -0.00022589377182
	  -0.00189288517655
	   0.00183115867856
	  -0.00149264216564
	   0.00209616867097
	  -0.00207771957404
	   0.00236095998227
	  -0.00281396319827
	Type	L	Zeta-Orbital
	  W 	1	    1
	   0.02924952694827
	   0.11444637681035
	   0.24949711730191
	   0.39259890984806
	   0.48839128340809
	   0.51659532660946
	   0.49914383503606
	   0.44686050242343
	   0.37334080599135
	   0.29212150518602
	   0.21482526108743
	   0.14627990984232
	   0.09175300449493
	   0.05126940343199
	   0.02351634792637
	   0.00606311694438
	  -0.00283389415926
	  -0.00616314653262
	  -0.00596897042095
	  -0.00460526824483
	  -0.00271403761880
	  -0.00141950633536
	  -0.00035008801953
	  -0.00003768852865
	   0.00019636126854
	  -0.00006660111240
	   0.00000303447723
	  -0.00026188803193
	  -0.00006794203592
	  -0.00024319266393
	   0.00015936977929
	Type	L	Zeta-Orbital
	  W 	2	    1
	   0.46472552887387
	  -0.02468083150062
	  -0.22328341069125
	  -0.37998326802623
	  -0.27055137827814
	  -0.21107799648194
	  -0.13053117158898
	  -0.11604941932874
	  -0.11287620604158
	  -0.10574014875146
	  -0.06680359631113
	  -0.06019254675577
	  -0.02702889396784
	  -0.03211105927795
	  -0.00892542251308
	  -0.02035987107076
	   0.00516847365382
	  -0.01261784884520
	   0.01055564166002
	  -0.01179830761738
	   0.01341508045556
	  -0.01316441021307
	   0.01523389846078
	  -0.01546986792518
	   0.01711508521953
	  -0.01834477021278
	   0.02039201657838
	  -0.02266001016874
	   0.02624066406328
	  -0.03283336979942
	   0.09156905538441
	Type	L	Zeta-Orbital
	  W 	3	    1
	   0.00515499323627
	   0.01990816803521
	   0.08342182550867
	   0.16033819549506
	   0.25287664802592
	   0.36506007943374
	   0.49735730510955
	   0.61631251414182
	   0.71093838032345
	   0.74669180155523
	   0.72302756702405
	   0.64228554679344
	   0.53129254017688
	   0.40088502226134
	   0.27957928667125
	   0.17363118709472
	   0.09789387458105
	   0.04569860687343
	   0.01939166865720
	   0.00437728401524
	   0.00193100042199
	  -0.00111154437701
	   0.00117494714896
	  -0.00111035842229
	   0.00125165945521
	  -0.00145487622273
	   0.00130412841727
	  -0.00155790271675
	   0.00166463440098
	  -0.00120788431926
	   0.01350287783857
</Coefficient>
<Mkb>
Left spillage = 4.6133295730e-01
</Mkb>
