0	3.2217854361068734
1	2.6836503660829627
2	2.2905986585124505
3	1.960076343856399
4	1.6867756609492883
5	1.4656422178519108
6	1.2859350920162285
7	1.1363162497280646
8	1.007868028682851
9	0.8946253676857623
10	0.7928583999657746
11	0.7000351043041944
12	0.6140788735922001
13	0.5332840548030904
14	0.456699812326927
15	0.38438111846756096
16	0.3172036742434979
17	0.25643836820402705
18	0.20335133875985698
19	0.15892259888959187
20	0.12366293551181703
21	0.09747457926964122
22	0.07955863145186981
23	0.06853282180388262
24	0.06280307788703557
25	0.06082530307539777
26	0.06115260782761317
27	0.06251590918607683
28	0.06393432489331656
29	0.0647527204568395
30	0.0646091208626984
31	0.06337368309802469
32	0.061086719271978215
33	0.05790603005269038
34	0.05406418380221938
35	0.04983265653775424
36	0.04548977772627663
37	0.04129178759782476
38	0.03744906941227404
39	0.03411084008284623
40	0.03136038202425383
41	0.02921987765584135
42	0.02766123857190587
43	0.02661901520895115
44	0.026003167690190787
45	0.025711164943422397
46	0.025639278097755215
47	0.025692361229551354
48	0.02579097968327764
49	0.025875140372593496
50	0.02590480321931699
51	0.025858072313700128
52	0.02572809900692182
53	0.025519435611185953
54	0.025244262791739167
55	0.024918835183714568
56	0.024560555393287487
57	0.024186026691644248
58	0.02381013937507381
59	0.023445879899281038
60	0.02310438444747662
61	0.02279489889230009
62	0.022524597601642767
63	0.02229839326591118
64	0.02211883151793555
65	0.021986032722311373
66	0.021897616134001954
67	0.021848666401834013
68	0.021831932659459402
69	0.021838420856712545
70	0.021858351013548927
71	0.021882261345300053
72	0.02190199695483163
73	0.021911418636983274
74	0.021906789277699616
75	0.02188685072680166
76	0.02185260749361231
77	0.021806851135580563
78	0.02175351172518385
79	0.02169696581477197
80	0.02164141901099128
81	0.02159042736269189
82	0.021546575201465752
83	0.021511315431362716
84	0.02148498106746824
85	0.021466959696429016
86	0.021455982531596404
87	0.021450447678987215
88	0.021448701015797232
89	0.0214492335857494
90	0.021450793638271324
91	0.021452432004383182
92	0.021453500960810654
93	0.021453621853026343
94	0.021452634551407133
95	0.021450541597826053
96	0.02144745750540114
97	0.021443568407615094
98	0.021439101981104138
99	0.021434304848152997
100	0.021429424595795468
101	0.021424694632257275
102	0.021420320958259985
103	0.02141647021593584
104	0.021413258752010285
105	0.021410743641712363
106	0.021408918240266816
107	0.02140771519811272
108	0.021407017927859325
109	0.021406678483279575
110	0.021406538202275973
111	0.021406448087501775
112	0.021406286936637608
113	0.02140597490550022
114	0.02140547943821842
115	0.021404811769165612
116	0.0214040157268535
117	0.02140315345499172
118	0.021402292303368962
119	0.02140149445033073
120	0.0214008089376785
121	0.021400266125873566
122	0.021399875498060786
123	0.021399627341696176
124	0.021399497453412113
125	0.021399453280699917
126	0.021399460258069058
127	0.021399487462907634
128	0.021399511540661602
129	0.021399517944453817
130	0.02139949961368232
131	0.021399454503415127
132	0.021399383533647832
133	0.02139928949878171
134	0.021399176526505723
135	0.02139904966395939
136	0.021398914612197582
137	0.021398777676426495
138	0.02139864566810715
139	0.021398525423076634
140	0.021398422962945054
141	0.021398342639639627
142	0.02139828652450907
143	0.021398254086562287
144	0.021398242194019732
145	0.021398245570923752
146	0.02139825774433514
147	0.021398272246416394
148	0.021398283695382304
149	0.02139828850070201
150	0.02139828513295857
151	0.021398273984748674
152	0.02139825687760875
153	0.02139823635379998
154	0.02139821498177301
155	0.021398194873227146
156	0.021398177464721137
157	0.0213981634947188
158	0.021398153090242577
159	0.021398145916139037
160	0.021398141357717844
161	0.021398138698604924
162	0.021398137256063557
163	0.02139813645597443
164	0.02139813585176437
165	0.021398135105904516
166	0.021398133961229495
167	0.021398132229407996
168	0.02139812980848673
169	0.021398126716142774
170	0.021398123108554754
171	0.021398119260631735
172	0.021398115507398358
173	0.02139811216949385
174	0.021398109490765368
175	0.02139810760276815
176	0.021398106515330088
177	0.021398106127267176
178	0.021398106253762008
179	0.021398106666330182
180	0.021398107136689003
181	0.021398107474635542
182	0.02139810755414381
183	0.02139810732528198
184	0.021398106810217442
185	0.02139810608427055
186	0.021398105248976375
187	0.021398104406819825
188	0.02139810364327268
189	0.02139810301638988
190	0.021398102553079487
191	0.021398102251927342
192	0.021398102090827723
193	0.02139810203572238
194	0.021398102047937014
195	0.021398102090330804
196	0.02139810213250492
197	0.021398102153656673
198	0.02139810214211415
199	0.021398102093034044
200	0.021398102006593474
201	0.021398101887389834
202	0.021398101744195767
203	0.02139810158932485
204	0.02139810143730978
205	0.02139810130265533
206	0.021398101196904128
207	0.021398101126174913
208	0.021398101090324903
209	0.02139810108380358
210	0.0213981010973627
211	0.021398101120049903
212	0.021398101141337413
213	0.021398101153128287
214	0.021398101151084533
215	0.021398101134898307
216	0.021398101107577124
217	0.021398101074082496
218	0.021398101039747087
219	0.02139810100893849
220	0.021398100984349223
221	0.02139810096695032
222	0.021398100956358766
223	0.021398100951328533
224	0.021398100950215222
225	0.021398100951335756
226	0.021398100953199037
227	0.02139810095461482
228	0.021398100954732335
229	0.021398100953048876
230	0.021398100949419744
231	0.021398100944034392
232	0.02139810093736469
233	0.021398100930089474
234	0.021398100922995003
235	0.021398100916846872
236	0.021398100912241674
237	0.02139810090947684
238	0.021398100908500424
239	0.02139810090895041
240	0.02139810091026927
241	0.021398100911843777
242	0.021398100913141635
243	0.021398100913797805
244	0.0213981009136488
245	0.021398100912721534
246	0.0213981009111978
247	0.021398100909352867
248	0.021398100907480712
249	0.021398100905824537
250	0.021398100904536362
251	0.02139810090366893
252	0.021398100903194658
253	0.0213981009030299
254	0.021398100903069026
255	0.021398100903208084
256	0.021398100903359082
257	0.021398100903458162
258	0.021398100903468942
259	0.021398100903380082
260	0.02139810090319982
261	0.021398100902948993
262	0.021398100902658132
263	0.02139810090236231
264	0.021398100902095027
265	0.02139810090188459
266	0.02139810090174833
267	0.02139810090168782
268	0.02139810090169235
269	0.021398100901737892
270	0.02139810090179523
271	0.021398100901838028
272	0.021398100901847367
273	0.02139810090181611
274	0.021398100901748277
275	0.02139810090165711
276	0.021398100901556687
277	0.021398100901462616
278	0.021398100901386496
279	0.0213981009013328
280	0.021398100901302532
281	0.02139810090129128
282	0.021398100901293342
283	0.021398100901302154
284	0.021398100901312826
285	0.0213981009013222
286	0.021398100901327256
287	0.02139810090132701
288	0.021398100901321007
289	0.021398100901310536
290	0.021398100901295854
291	0.02139810090127941
292	0.021398100901264292
293	0.021398100901251195
294	0.021398100901242296
295	0.021398100901237456
296	0.021398100901236214
297	0.021398100901237456
298	0.02139810090124015
299	0.021398100901242032
300	0.02139810090124223
301	0.021398100901240207
302	0.021398100901237102
303	0.021398100901231617
304	0.021398100901226208
305	0.02139810090122141
306	0.02139810090121789
307	0.021398100901215304
308	0.02139810090121343
309	0.021398100901213423
310	0.021398100901214103
311	0.021398100901214974
312	0.021398100901216265
313	0.021398100901216157
314	0.021398100901216528
315	0.021398100901216417
316	0.021398100901215945
317	0.021398100901215095
318	0.021398100901214075
319	0.021398100901213225
320	0.021398100901212264
321	0.021398100901211744
322	0.021398100901210762
323	0.021398100901210644
324	0.021398100901210693
325	0.02139810090121079
326	0.021398100901210804
327	0.02139810090121108
328	0.021398100901211463
329	0.021398100901211168
330	0.021398100901210755
331	0.02139810090121019
332	0.02139810090121009
333	0.021398100901209915
334	0.021398100901209836
335	0.02139810090120973
336	0.021398100901209846
337	0.021398100901209475
338	0.021398100901210252
339	0.021398100901209992
340	0.021398100901210006
341	0.021398100901209957
342	0.0213981009012097
343	0.021398100901209985
344	0.021398100901209523
345	0.021398100901209603
346	0.021398100901209704
347	0.021398100901209055
348	0.02139810090120962
349	0.021398100901209537
350	0.021398100901209336
351	0.021398100901209586
352	0.021398100901209714
353	0.02139810090120931
354	0.021398100901209614
355	0.021398100901209395
356	0.02139810090120985
357	0.021398100901209693
358	0.021398100901209118
359	0.021398100901209367
360	0.02139810090120934
361	0.02139810090120939
362	0.021398100901209693
363	0.021398100901209322
364	0.021398100901209235
365	0.021398100901209437
366	0.021398100901209163
367	0.021398100901209433
368	0.021398100901209416
369	0.021398100901209752
370	0.021398100901209326
371	0.021398100901209617
372	0.021398100901209187
373	0.021398100901209582
374	0.021398100901209294
375	0.021398100901209333
376	0.021398100901209426
377	0.021398100901209235
378	0.02139810090120931
379	0.021398100901208857
380	0.02139810090120943
381	0.021398100901209114
382	0.021398100901209385
383	0.021398100901209617
384	0.021398100901209728
385	0.02139810090120923
386	0.021398100901209017
387	0.02139810090120933
388	0.0213981009012098
389	0.02139810090120952
390	0.02139810090120915
391	0.02139810090120908
392	0.021398100901209426
393	0.021398100901209548
394	0.021398100901209277
395	0.021398100901209444
396	0.02139810090120949
397	0.021398100901209333
398	0.021398100901209135
399	0.02139810090120938
400	0.021398100901209176
401	0.021398100901209305
402	0.021398100901209555
403	0.02139810090120907
404	0.021398100901209013
405	0.02139810090120964
406	0.021398100901209527
407	0.021398100901209197
408	0.021398100901209416
409	0.021398100901209544
410	0.021398100901209163
411	0.021398100901209135
412	0.021398100901209617
413	0.021398100901209364
414	0.02139810090120947
415	0.021398100901209093
416	0.021398100901209294
417	0.021398100901209575
418	0.021398100901209662
419	0.02139810090120981
420	0.021398100901209288
421	0.021398100901209516
422	0.02139810090120962
423	0.021398100901209284
424	0.02139810090120963
425	0.021398100901209572
426	0.021398100901209437
427	0.02139810090120917
428	0.02139810090120944
429	0.02139810090120925
430	0.021398100901209794
