0	0.010656888714756466
1	0.00871445266341089
2	0.008280489641028456
3	0.008211229351156613
4	0.007782510272928012
5	0.007226643239856312
6	0.0067271514041092675
7	0.006344717333476677
8	0.006057616904831176
9	0.005820992648648321
10	0.005603873021618232
11	0.005395924117327006
12	0.005198384414369093
13	0.005015618717989241
14	0.004852038337783292
15	0.004711396461099204
16	0.004595907459208604
17	0.004505157380078052
18	0.004435758736647293
19	0.004382179953401264
20	0.004338244645329045
21	0.004298592894174829
22	0.0042596942005820775
23	0.004220180987415437
24	0.0041804897254760776
25	0.004142034202140185
26	0.004106284969543222
27	0.004074086804609974
28	0.004045386074136543
29	0.004019350331056157
30	0.003994723461622498
31	0.003970236133095764
32	0.003944942982611714
33	0.00391842249966017
34	0.003890826030986875
35	0.0038627917562780475
36	0.0038352574928615184
37	0.003809221625818021
38	0.003785510881465958
39	0.003764611663986688
40	0.003746605431249183
41	0.0037312186065018987
42	0.003717961807647792
43	0.0037063056989355197
44	0.0036958335444580276
45	0.00368632587190626
46	0.0036777620006358635
47	0.0036702534277026863
48	0.003663944205405306
49	0.0036589181330770157
50	0.003655143029910196
51	0.003652464384292845
52	0.003650641756765778
53	0.0036494080997524258
54	0.0036485282754214867
55	0.0036478381603297495
56	0.0036472561357600774
57	0.003646769344188341
58	0.0036464040315354906
59	0.003646191626063618
60	0.0036461410686413434
61	0.003646224765292253
62	0.003646381031883346
63	0.003646530503875515
64	0.003646599161238431
65	0.0036465385514487547
66	0.003646335728183869
67	0.0036460104318172745
68	0.003645602453167055
69	0.0036451553453528194
70	0.0036447027191851005
71	0.0036442610902213193
72	0.0036438302085362506
73	0.0036433992326385463
74	0.003642955566395067
75	0.003642492805451084
76	0.003642015011493735
77	0.0036415361962172862
78	0.0036410758426507605
79	0.003640652708681264
80	0.003640279478058101
81	0.0036399600669432372
82	0.0036396900905216697
83	0.003639459789777954
84	0.003639258015939397
85	0.003639075756842584
86	0.003638908070760148
87	0.0036387540036028976
88	0.0036386148720321805
89	0.003638491897594917
90	0.003638384317756348
91	0.003638288731387787
92	0.0036381997794416544
93	0.0036381116694499936
94	0.0036380197874552747
95	0.003637921744136201
96	0.003637817535782193
97	0.0036377088818567065
98	0.003637598093758576
99	0.0036374869592680084
100	0.003637376065658022
101	0.003637264758832709
102	0.0036371516444245857
103	0.0036370353177189283
104	0.003636914962890118
105	0.0036367905874133276
106	0.0036366628626539397
107	0.0036365327138342387
108	0.003636400875847094
109	0.0036362676026926027
110	0.0036361326231518225
111	0.003635995320082138
112	0.003635855020164363
113	0.003635711249510757
114	0.003635563847692505
115	0.0036354129141696312
116	0.0036352586408893335
117	0.0036351011245606885
118	0.003634940242048566
119	0.00363477562952049
120	0.003634606756359928
121	0.0036344330485181585
122	0.003634254003231951
123	0.0036340692494740575
124	0.0036338785388665053
125	0.003633681684970755
126	0.0036334784886860507
127	0.003633268686165714
128	0.003633051937809113
129	0.0036328278546067525
130	0.003632596042481728
131	0.003632356141243477
132	0.0036321078413854508
133	0.0036318508745757077
134	0.0036315849861121258
135	0.0036313099043834176
136	0.0036310253210847126
137	0.0036307308885610524
138	0.003630426231831521
139	0.003630110967046551
140	0.0036297847171622207
141	0.0036294471187982686
142	0.0036290978192875926
143	0.003628736467400315
144	0.003628362703338151
145	0.003627976152907606
146	0.0036275764281568056
147	0.0036271631336800185
148	0.0036267358756355062
149	0.003626294269935516
150	0.00362583794701513
151	0.003625366552521815
152	0.0036248797452258234
153	0.003624377194546098
154	0.003623858579899307
155	0.0036233235929164684
156	0.003622771942125151
157	0.0036222033586482145
158	0.003621617601205555
159	0.0036210144592278633
160	0.0036203937539687316
161	0.0036197553384798567
162	0.0036190990977347536
163	0.0036184249498564963
164	0.0036177328486451813
165	0.00361702278691185
166	0.003616294799818557
167	0.003615548967496853
168	0.003614785416591005
169	0.0036140043208027304
170	0.0036132059008344357
171	0.003612390424160616
172	0.0036115582048386347
173	0.003610709603270988
174	0.0036098450256605366
175	0.0036089649228763974
176	0.003608069788549502
177	0.0036071601563416934
178	0.003606236596466615
179	0.003605299711624706
180	0.0036043501325282016
181	0.0036033885131147563
182	0.003602415525452845
183	0.0036014318543022075
184	0.0036004381912916024
185	0.003599435228715168
186	0.0035984236529865267
187	0.0035974041378356754
188	0.0035963773373678004
189	0.0035953438791059885
190	0.0035943043570976292
191	0.0035932593251169305
192	0.003592209289985313
193	0.003591154705010023
194	0.0035900959635478936
195	0.003589033392706651
196	0.003587967247195961
197	0.003586897703343328
198	0.0035858248532787745
199	0.003584748699258513
200	0.0035836691480786538
201	0.0035825860055093486
202	0.0035814989706660105
203	0.0035804076302397413
204	0.0035793114524919865
205	0.003578209780937141
206	0.0035771018276324457
207	0.0035759866659928383
208	0.003574863223058572
209	0.003573730271133459
210	0.003572586418731212
211	0.00357143010077244
212	0.00357025956800434
213	0.00356907287562297
214	0.003567867871119691
215	0.0035666421813959756
216	0.0035653931992291965
217	0.0035641180692144374
218	0.0035628136733640335
219	0.003561476616596317
220	0.003560103212440595
221	0.003558689469347702
222	0.0035572310781163503
223	0.00355572340104714
224	0.0035541614635606596
225	0.003552539949157232
226	0.0035508531987271507
227	0.003549095215366857
228	0.0035472596759804275
229	0.003545339951073226
230	0.003543329134225017
231	0.0035412200827624764
232	0.003539005471147023
233	0.003536677858459361
234	0.003534229771164907
235	0.0035316538019836106
236	0.0035289427251981986
237	0.003526089628077387
238	0.003523088057286064
239	0.003519932178177828
240	0.0035166169438175577
241	0.0035131382694194207
242	0.003509493206793354
243	0.003505680112369081
244	0.003501698801583471
245	0.0034975506819719363
246	0.0034932388572906747
247	0.003488768195522652
248	0.003484145354715233
249	0.003479378762251453
250	0.0034744785453090245
251	0.003469456412765001
252	0.0034643254914829033
253	0.0034591001225307274
254	0.0034537956252099627
255	0.0034484280385978635
256	0.0034430138514365714
257	0.003437569731570421
258	0.0034321122656958223
259	0.0034266577190036887
260	0.0034212218225260042
261	0.0034158195938066224
262	0.0034104651941218823
263	0.0034051718231134526
264	0.003399951649513237
265	0.003394815774849007
266	0.0033897742256436916
267	0.003384835968774827
268	0.003380008944280075
269	0.0033753001099871053
270	0.003370715492787645
271	0.0033662602421064554
272	0.0033619386820297314
273	0.0033577543595596157
274	0.0033537100874555404
275	0.0033498079810699607
276	0.003346049489388116
277	0.003342435421145752
278	0.003338965967368652
279	0.00333564072197421
280	0.0033324587021862887
281	0.0033294183704652043
282	0.0033265176594690477
283	0.0033237540012720766
284	0.003321124361687714
285	0.0033186252801371587
286	0.0033162529150793634
287	0.003314003094595406
288	0.003311871371365487
289	0.003309853080952212
290	0.003307943402073371
291	0.0033061374173813845
292	0.003304430173209254
293	0.0033028167367469795
294	0.003301292249215638
295	0.00329985197375922
296	0.003298491337017308
297	0.003297205963578007
298	0.003295991702834556
299	0.003294844648040451
300	0.0032937611476694774
301	0.0032927378094626133
302	0.00329177149776582
303	0.0032908593249792893
304	0.0032899986380683977
305	0.003289187001183881
306	0.003288422175469516
307	0.0032877020971266266
308	0.0032870248547329614
309	0.003286388666714207
310	0.00328579185974318
311	0.0032852328486859257
312	0.0032847101185520906
313	0.0032842222087659557
314	0.0032837676999057344
315	0.0032833452029517184
316	0.003282953350947685
317	0.0032825907929205866
318	0.0032822561898209522
319	0.00328194821222595
320	0.003281665539518234
321	0.0032814068602719727
322	0.0032811708735862315
323	0.003280956291134082
324	0.0032807618397360243
325	0.0032805862642973204
326	0.0032804283309785477
327	0.003280286830507388
328	0.0032801605815489703
329	0.0032800484340796323
330	0.003279949272712944
331	0.003279862019928574
332	0.00327978563916036
333	0.0032797191376877587
334	0.0032796615692866392
335	0.0032796120365674855
336	0.0032795696929603328
337	0.003279533744280117
338	0.0032795034498320445
339	0.003279478123019645
340	0.0032794571314315544
341	0.003279439896398747
342	0.003279425892034978
343	0.003279414643785722
344	0.0032794057265254236
345	0.00327939876226075
346	0.0032793934175041144
347	0.0032793894003878784
348	0.003279386457595921
349	0.003279384371186322
350	0.003279382955374405
351	0.0032793820533420057
352	0.003279381534126232
353	0.003279381289637442
354	0.003279381231838411
355	0.0032793812901123
356	0.003279381408837777
357	0.0032793815451789923
358	0.003279381667087722
359	0.0032793817515226814
360	0.0032793817828685153
361	0.0032793817515467593
362	0.003279381652811137
363	0.0032793814857000484
364	0.0032793812521448606
365	0.003279380956215529
366	0.0032793806034831295
367	0.003279380200496977
368	0.0032793797543556884
369	0.0032793792723675745
370	0.0032793787617804793
371	0.0032793782295805324
372	0.0032793776823440437
373	0.003279377126137656
374	0.0032793765664536714
375	0.003279376008180931
376	0.0032793754555967315
377	0.0032793749123794656
378	0.003279374381633614
379	0.0032793738659252494
380	0.0032793733673229485
381	0.0032793728874419533
382	0.003279372427489012
383	0.0032793719883070505
384	0.0032793715704164204
385	0.0032793711740571004
386	0.0032793707992234767
387	0.0032793704457010813
388	0.0032793701130964135
389	0.0032793698008655742
390	0.003279369508341857
391	0.0032793692347568956
392	0.003279368979264862
393	0.003279368740959606
394	0.0032793685188935735
395	0.0032793683120933333
396	0.0032793681195726135
397	0.0032793679403466014
398	0.003279367773440084
399	0.0032793676178998086
400	0.0032793674728000084
401	0.003279367337250914
402	0.0032793672104011583
403	0.003279367091445959
404	0.003279366979626796
405	0.003279366874234361
406	0.003279366774611584
407	0.003279366680150265
408	0.0032793665902945287
409	0.0032793665045374727
410	0.0032793664224205253
411	0.0032793663435318763
412	0.0032793662675030485
413	0.0032793661940087927
414	0.0032793661227614426
415	0.0032793660535097007
416	0.003279365986035996
417	0.0032793659201530508
418	0.003279365855700138
419	0.0032793657925424633
420	0.0032793657305657947
421	0.0032793656696761086
422	0.003279365609795311
423	0.003279365550860391
424	0.0032793654928214284
425	0.0032793654356372145
426	0.003279365379277463
427	0.003279365323717725
428	0.00327936526894009
429	0.003279365214931914
430	0.0032793651616835726
431	0.0032793651091886917
432	0.003279365057442589
433	0.0032793650064432004
434	0.0032793649561871645
435	0.003279364906674112
436	0.0032793648579022075
437	0.0032793648098696734
438	0.0032793647625748586
439	0.0032793647160150067
440	0.0032793646701864436
441	0.003279364625085941
442	0.0032793645807081572
443	0.0032793645370476285
444	0.0032793644940981026
445	0.003279364451852515
446	0.0032793644103029556
447	0.0032793643694413272
448	0.00327936432925885
449	0.0032793642897457056
450	0.0032793642508934058
451	0.0032793642126907043
452	0.0032793641751285682
453	0.003279364138196155
454	0.0032793641018833454
455	0.003279364066179676
456	0.003279364031074917
457	0.003279363996558336
458	0.003279363962620005
459	0.0032793639292502154
460	0.00327936389643853
461	0.0032793638641752786
462	0.0032793638324507485
463	0.003279363801256032
464	0.003279363770581282
465	0.0032793637404180676
466	0.003279363710757609
467	0.0032793636815916733
468	0.0032793636529112645
469	0.0032793636247088072
470	0.0032793635969767605
471	0.0032793635697071573
472	0.003279363542892149
473	0.003279363516525347
474	0.0032793634905986897
475	0.003279363465106326
476	0.003279363440040711
477	0.003279363415395227
478	0.003279363391163586
479	0.003279363367339661
480	0.003279363343916862
481	0.0032793633208889872
482	0.003279363298250141
483	0.0032793632759947067
484	0.0032793632541163963
485	0.003279363232609781
486	0.003279363211468906
487	0.003279363190688053
488	0.0032793631702623784
489	0.0032793631501857605
490	0.0032793631304535065
491	0.0032793631110599702
492	0.003279363091999703
493	0.0032793630732681593
494	0.003279363054859661
495	0.00327936303676988
496	0.0032793630189931902
497	0.003279363001525302
498	0.003279362984360989
499	0.0032793629674956848
500	0.0032793629509247375
501	0.0032793629346434157
502	0.0032793629186471393
503	0.003279362902931631
504	0.0032793628874921376
505	0.0032793628723243907
506	0.00327936285742432
507	0.003279362842787562
508	0.0032793628284093104
509	0.0032793628142863836
510	0.003279362800414013
511	0.0032793627867883984
512	0.003279362773405277
513	0.003279362760261277
514	0.003279362747352182
515	0.003279362734674215
516	0.003279362722223672
517	0.0032793627099967407
518	0.0032793626979898617
519	0.0032793626861992685
520	0.0032793626746214304
521	0.0032793626632530563
522	0.0032793626520906927
523	0.003279362641131038
524	0.003279362630370524
525	0.0032793626198058317
526	0.0032793626094335384
527	0.0032793625992509835
528	0.003279362589254453
529	0.0032793625794411353
530	0.003279362569807591
531	0.0032793625603516887
532	0.003279362551069586
533	0.0032793625419585727
534	0.00327936253301608
535	0.00327936252423896
536	0.003279362515624318
537	0.003279362507169584
538	0.0032793624988722283
539	0.003279362490729208
540	0.0032793624827381134
541	0.0032793624748962166
542	0.003279362467201029
543	0.0032793624596502762
544	0.003279362452240972
545	0.003279362444971011
546	0.003279362437838031
547	0.0032793624308391062
548	0.003279362423972899
549	0.003279362417236212
550	0.0032793624106274475
551	0.0032793624041439376
552	0.003279362397783569
553	0.0032793623915445924
554	0.0032793623854244676
555	0.003279362379421039
556	0.0032793623735324073
557	0.0032793623677566065
558	0.0032793623620913023
559	0.003279362356535413
560	0.003279362351085695
561	0.0032793623457421013
562	0.003279362340500462
563	0.0032793623353609682
564	0.0032793623303205757
565	0.003279362325377999
566	0.003279362320531319
567	0.0032793623157790883
568	0.0032793623111190984
569	0.003279362306550473
570	0.0032793623020709968
571	0.0032793622976786925
572	0.003279362293372676
573	0.003279362289151355
574	0.003279362285012839
575	0.0032793622809558286
576	0.003279362276978677
577	0.0032793622730804602
578	0.0032793622692590695
579	0.0032793622655130136
580	0.003279362261841616
581	0.0032793622582432715
582	0.003279362254716184
583	0.003279362251259526
584	0.0032793622478715857
585	0.003279362244551513
586	0.003279362241297425
587	0.0032793622381091024
588	0.0032793622349845666
589	0.0032793622319227827
590	0.003279362228922594
591	0.0032793622259830366
592	0.003279362223102499
593	0.0032793622202803743
594	0.0032793622175153266
595	0.0032793622148061395
596	0.003279362212152373
597	0.003279362209552159
598	0.0032793622070050044
599	0.003279362204509831
600	0.003279362202065579
601	0.0032793621996708923
602	0.0032793621973257287
603	0.0032793621950285567
604	0.0032793621927784417
605	0.003279362190574641
606	0.0032793621884164375
607	0.003279362186302352
608	0.003279362184231866
609	0.0032793621822045727
610	0.0032793621802190164
611	0.00327936217827481
612	0.003279362176371009
613	0.003279362174506382
614	0.0032793621726808463
615	0.003279362170893369
616	0.0032793621691432503
617	0.003279362167429722
618	0.003279362165752032
619	0.003279362164109743
620	0.0032793621625015067
621	0.003279362160927259
622	0.003279362159386208
623	0.0032793621578776815
624	0.0032793621564008507
625	0.003279362154955518
626	0.003279362153540422
627	0.003279362152155801
628	0.003279362150799953
629	0.0032793621494732767
630	0.0032793621481749216
631	0.0032793621469041924
632	0.0032793621456604595
633	0.0032793621444434434
634	0.003279362143252347
635	0.0032793621420866446
636	0.0032793621409465297
637	0.003279362139830547
638	0.0032793621387383785
639	0.003279362137670192
640	0.003279362136624593
641	0.003279362135601842
642	0.003279362134601211
643	0.003279362133622268
644	0.0032793621326642165
645	0.003279362131727592
646	0.0032793621308108796
647	0.003279362129914416
648	0.003279362129037152
649	0.003279362128179552
650	0.003279362127340195
651	0.0032793621265192114
652	0.0032793621257166563
653	0.0032793621249313024
654	0.0032793621241636213
655	0.0032793621234126717
656	0.00327936212267806
657	0.003279362121959923
658	0.003279362121257496
659	0.00327936212057076
660	0.003279362119898938
661	0.003279362119242372
662	0.0032793621186003037
663	0.0032793621179725324
664	0.0032793621173586793
665	0.0032793621167584337
666	0.0032793621161717173
667	0.0032793621155978395
668	0.0032793621150371626
669	0.0032793621144888486
670	0.0032793621139531035
671	0.003279362113429201
672	0.0032793621129169354
673	0.0032793621124164334
674	0.0032793621119271556
675	0.003279362111449332
676	0.0032793621109815886
677	0.0032793621105250107
678	0.00327936211007853
679	0.0032793621096420295
680	0.0032793621092156336
681	0.0032793621087989122
682	0.003279362108391933
683	0.0032793621079938097
684	0.0032793621076050417
685	0.0032793621072251446
686	0.0032793621068541645
687	0.003279362106491399
688	0.0032793621061369353
689	0.003279362105790562
690	0.003279362105452333
691	0.0032793621051221728
692	0.00327936210479924
693	0.003279362104483749
694	0.003279362104175722
695	0.003279362103874793
696	0.003279362103581091
697	0.003279362103293855
698	0.003279362103013364
699	0.003279362102739695
700	0.003279362102471932
701	0.0032793621022106914
702	0.0032793621019553357
703	0.003279362101706417
704	0.003279362101463057
705	0.0032793621012254617
706	0.0032793621009932442
707	0.0032793621007667076
708	0.0032793621005453785
709	0.0032793621003293014
710	0.003279362100118423
711	0.003279362099912637
712	0.003279362099711394
713	0.0032793620995150985
714	0.003279362099323348
715	0.003279362099136434
716	0.0032793620989532697
717	0.003279362098774981
718	0.0032793620986009547
719	0.00327936209843118
720	0.0032793620982653413
721	0.0032793620981034625
722	0.0032793620979453867
723	0.0032793620977911303
724	0.0032793620976406543
725	0.0032793620974936543
726	0.003279362097350467
727	0.003279362097210392
728	0.003279362097073966
729	0.0032793620969403317
730	0.0032793620968105995
731	0.0032793620966835744
732	0.0032793620965598943
733	0.0032793620964392364
734	0.003279362096321212
735	0.0032793620962065255
736	0.003279362096094087
737	0.0032793620959848868
738	0.0032793620958778582
739	0.0032793620957737232
740	0.003279362095672236
741	0.00327936209557312
742	0.0032793620954762255
743	0.003279362095381895
744	0.0032793620952900103
745	0.0032793620952003264
746	0.003279362095112764
747	0.0032793620950272674
748	0.0032793620949440406
749	0.003279362094863093
750	0.00327936209478368
751	0.0032793620947066124
752	0.003279362094631247
753	0.003279362094557676
754	0.003279362094486236
755	0.003279362094416158
756	0.00327936209434825
757	0.003279362094281785
758	0.003279362094216973
759	0.0032793620941540085
760	0.0032793620940924557
761	0.003279362094032815
762	0.0032793620939740773
763	0.00327936209391728
764	0.0032793620938614044
765	0.003279362093807392
766	0.003279362093754625
767	0.0032793620937029496
768	0.003279362093652731
769	0.003279362093603955
770	0.0032793620935562652
771	0.003279362093509894
772	0.0032793620934645127
773	0.003279362093420541
774	0.0032793620933775436
775	0.0032793620933356162
776	0.0032793620932948368
777	0.0032793620932549984
778	0.003279362093216254
779	0.0032793620931786324
780	0.003279362093141817
781	0.0032793620931058096
782	0.003279362093071026
783	0.003279362093036971
784	0.003279362093003704
785	0.003279362092971397
786	0.003279362092940161
787	0.003279362092909286
788	0.0032793620928793367
789	0.0032793620928504644
790	0.0032793620928218193
791	0.0032793620927945217
792	0.0032793620927676174
793	0.0032793620927413433
794	0.003279362092715796
795	0.0032793620926909483
796	0.003279362092666948
797	0.0032793620926433627
798	0.0032793620926205827
799	0.003279362092598
800	0.0032793620925762475
801	0.0032793620925550167
802	0.0032793620925343926
803	0.0032793620925144745
804	0.003279362092494824
805	0.003279362092475778
806	0.0032793620924572234
807	0.0032793620924391237
808	0.003279362092421657
809	0.003279362092404646
810	0.003279362092387799
811	0.0032793620923715896
812	0.0032793620923560417
813	0.0032793620923407298
814	0.0032793620923257604
815	0.003279362092311173
816	0.0032793620922968673
817	0.0032793620922831972
818	0.0032793620922697696
819	0.003279362092256799
820	0.0032793620922439704
821	0.0032793620922316573
822	0.0032793620922194457
823	0.0032793620922078035
824	0.0032793620921965465
825	0.003279362092185623
826	0.0032793620921746816
827	0.0032793620921641223
828	0.0032793620921540796
829	0.0032793620921442884
830	0.0032793620921344954
831	0.0032793620921247432
832	0.0032793620921160406
833	0.0032793620921071176
834	0.0032793620920983746
835	0.0032793620920899044
836	0.003279362092081655
837	0.0032793620920737667
838	0.0032793620920659444
839	0.003279362092058675
840	0.0032793620920513545
841	0.003279362092043994
842	0.0032793620920373062
843	0.00327936209203045
844	0.0032793620920239987
845	0.0032793620920177034
846	0.003279362092011551
847	0.0032793620920054762
848	0.0032793620919994225
849	0.0032793620919939204
850	0.0032793620919883667
851	0.0032793620919829526
852	0.0032793620919778464
853	0.003279362091972664
854	0.0032793620919676215
855	0.003279362091962759
856	0.003279362091958045
857	0.0032793620919534766
858	0.0032793620919493566
859	0.0032793620919448372
860	0.003279362091940844
861	0.0032793620919366953
862	0.0032793620919327367
863	0.003279362091928838
864	0.003279362091925078
865	0.0032793620919216726
866	0.0032793620919180783
867	0.003279362091914801
868	0.0032793620919111615
869	0.003279362091908194
870	0.003279362091904999
871	0.003279362091901788
872	0.003279362091898906
873	0.003279362091896151
874	0.0032793620918932257
875	0.003279362091890453
876	0.0032793620918879513
877	0.0032793620918852052
878	0.0032793620918828035
879	0.0032793620918806104
880	0.0032793620918782703
881	0.003279362091875852
882	0.003279362091873653
883	0.0032793620918713275
884	0.0032793620918693334
885	0.0032793620918671698
886	0.0032793620918653565
887	0.0032793620918634917
888	0.00327936209186169
889	0.0032793620918598167
890	0.0032793620918578556
891	0.0032793620918564344
892	0.0032793620918547717
893	0.003279362091853011
894	0.0032793620918514744
895	0.0032793620918500294
896	0.0032793620918483675
897	0.003279362091846974
898	0.0032793620918456223
899	0.0032793620918442875
900	0.003279362091843117
901	0.0032793620918419425
902	0.003279362091840619
903	0.0032793620918395543
904	0.0032793620918381617
905	0.0032793620918370766
906	0.003279362091836008
907	0.003279362091834949
908	0.00327936209183406
909	0.0032793620918329844
910	0.003279362091831797
911	0.0032793620918308455
912	0.0032793620918300844
913	0.0032793620918290527
914	0.0032793620918283107
915	0.003279362091827516
916	0.0032793620918267962
917	0.003279362091825974
918	0.003279362091825296
919	0.0032793620918243897
920	0.0032793620918236677
921	0.003279362091823016
922	0.003279362091822254
923	0.0032793620918216545
924	0.0032793620918209455
925	0.003279362091820295
926	0.0032793620918198764
927	0.003279362091819396
928	0.003279362091818609
929	0.0032793620918181894
930	0.003279362091817756
931	0.0032793620918171477
932	0.0032793620918165557
933	0.0032793620918160236
934	0.003279362091815655
935	0.003279362091814976
936	0.003279362091814948
937	0.003279362091814214
938	0.0032793620918139055
939	0.0032793620918133756
940	0.0032793620918132394
941	0.0032793620918127255
942	0.0032793620918124535
943	0.0032793620918122254
944	0.003279362091811896
945	0.003279362091811333
946	0.0032793620918110727
947	0.0032793620918107613
948	0.003279362091810488
949	0.003279362091810145
950	0.003279362091809848
951	0.0032793620918095314
952	0.0032793620918093467
953	0.003279362091809096
954	0.0032793620918089234
955	0.003279362091808493
956	0.0032793620918084958
957	0.0032793620918081883
958	0.0032793620918078106
959	0.0032793620918078266
960	0.0032793620918074523
961	0.0032793620918074064
962	0.0032793620918069788
963	0.0032793620918069085
964	0.003279362091806718
965	0.003279362091806623
966	0.0032793620918064857
967	0.0032793620918062445
968	0.0032793620918061548
969	0.0032793620918059757
970	0.0032793620918057384
971	0.003279362091805453
972	0.00327936209180543
973	0.0032793620918053394
974	0.003279362091805139
975	0.003279362091805087
976	0.0032793620918046924
977	0.003279362091804705
978	0.0032793620918049235
979	0.0032793620918046026
980	0.003279362091804425
981	0.0032793620918041464
982	0.0032793620918043003
983	0.0032793620918040514
984	0.003279362091803946
985	0.0032793620918039248
986	0.0032793620918038784
987	0.0032793620918037053
988	0.0032793620918036793
989	0.003279362091803657
990	0.0032793620918034603
991	0.003279362091803475
992	0.00327936209180325
993	0.0032793620918032907
994	0.003279362091803281
995	0.0032793620918031225
996	0.00327936209180329
997	0.003279362091803119
998	0.0032793620918029295
999	0.0032793620918029074
1000	0.0032793620918028857
1001	0.0032793620918027634
1002	0.0032793620918027885
1003	0.003279362091802759
1004	0.0032793620918025322
1005	0.0032793620918027864
1006	0.003279362091802568
1007	0.003279362091802507
1008	0.003279362091802266
1009	0.003279362091802373
1010	0.00327936209180245
1011	0.0032793620918023032
1012	0.0032793620918024117
1013	0.0032793620918021957
1014	0.0032793620918021684
1015	0.0032793620918020933
1016	0.003279362091802159
1017	0.003279362091802108
1018	0.003279362091802019
1019	0.003279362091801999
1020	0.0032793620918019207
1021	0.003279362091802078
1022	0.003279362091802262
1023	0.0032793620918018813
1024	0.0032793620918020417
1025	0.0032793620918019095
1026	0.0032793620918017624
1027	0.0032793620918017312
1028	0.0032793620918017126
1029	0.0032793620918020296
1030	0.0032793620918020083
1031	0.0032793620918016193
1032	0.0032793620918018366
1033	0.003279362091801662
1034	0.003279362091801616
1035	0.0032793620918017616
1036	0.003279362091801812
1037	0.003279362091801736
1038	0.0032793620918016428
1039	0.0032793620918017377
1040	0.0032793620918014368
1041	0.003279362091801799
1042	0.003279362091801538
1043	0.003279362091801793
1044	0.0032793620918014207
1045	0.0032793620918014745
1046	0.003279362091801463
1047	0.0032793620918013175
1048	0.0032793620918015456
1049	0.0032793620918013648
1050	0.0032793620918012754
1051	0.003279362091801491
1052	0.003279362091801673
1053	0.003279362091801211
1054	0.0032793620918012216
1055	0.003279362091801532
1056	0.003279362091801432
1057	0.003279362091801692
1058	0.003279362091801444
1059	0.0032793620918012694
1060	0.0032793620918011284
1061	0.0032793620918015612
1062	0.0032793620918014745
1063	0.003279362091801616
1064	0.0032793620918012633
1065	0.0032793620918011054
1066	0.0032793620918013643
1067	0.0032793620918014996
1068	0.0032793620918013626
1069	0.003279362091801375
1070	0.0032793620918011306
1071	0.003279362091801268
1072	0.0032793620918012984
1073	0.003279362091801334
1074	0.003279362091801164
1075	0.0032793620918012477
1076	0.003279362091801338
1077	0.0032793620918012785
1078	0.003279362091801158
1079	0.0032793620918012494
1080	0.003279362091801286
1081	0.0032793620918014164
1082	0.00327936209180134
1083	0.003279362091801429
1084	0.003279362091801502
1085	0.0032793620918014745
1086	0.003279362091801334
1087	0.003279362091801168
1088	0.0032793620918013175
1089	0.0032793620918010725
1090	0.0032793620918013145
1091	0.003279362091801232
1092	0.003279362091801236
1093	0.0032793620918012065
1094	0.0032793620918013053
1095	0.0032793620918010026
1096	0.003279362091800875
1097	0.0032793620918012403
1098	0.0032793620918011765
1099	0.003279362091801046
1100	0.003279362091801322
1101	0.0032793620918010803
1102	0.003279362091801114
1103	0.003279362091801308
1104	0.003279362091801375
1105	0.0032793620918013197
1106	0.0032793620918013956
1107	0.0032793620918012073
1108	0.0032793620918010486
1109	0.00327936209180126
1110	0.003279362091801084
1111	0.003279362091801254
1112	0.003279362091801198
1113	0.0032793620918013227
1114	0.003279362091801133
1115	0.0032793620918013917
1116	0.003279362091801157
1117	0.003279362091801259
1118	0.0032793620918013713
1119	0.0032793620918011674
1120	0.003279362091801336
1121	0.003279362091801486
1122	0.0032793620918011813
1123	0.0032793620918013804
1124	0.003279362091801312
1125	0.0032793620918011857
1126	0.0032793620918012446
1127	0.00327936209180118
1128	0.003279362091801416
1129	0.003279362091801305
1130	0.0032793620918012837
1131	0.0032793620918012702
1132	0.0032793620918011405
1133	0.0032793620918014463
1134	0.003279362091801189
1135	0.003279362091801267
1136	0.00327936209180116
1137	0.0032793620918011
1138	0.003279362091801118
1139	0.0032793620918012832
1140	0.0032793620918011098
1141	0.003279362091801135
1142	0.0032793620918012485
1143	0.0032793620918011687
1144	0.003279362091801124
1145	0.003279362091801326
1146	0.003279362091801095
1147	0.0032793620918011896
