0	5.036663938351753
1	3.5099916961270097
2	2.589321889734918
3	2.0005051315167974
4	1.624252266456655
5	1.3768721448496644
6	1.2042425840878321
7	1.0757035528559813
8	0.975121801765586
9	0.8935783957198966
10	0.8252542759034982
11	0.7659446935694941
12	0.7128310793039412
13	0.664405139600066
14	0.6201390696753373
15	0.5800234865022387
16	0.5441888174593639
17	0.5126919634876155
18	0.48543867399752394
19	0.4621838779591984
20	0.44256695466067597
21	0.42615796832283204
22	0.4125024350720364
23	0.40115806838529317
24	0.3917203613202649
25	0.3838364019524666
26	0.37720841441654973
27	0.3715900059266917
28	0.3667786808652425
29	0.3626077965082001
30	0.35894005248354316
31	0.35566326380427804
32	0.3526873327124934
33	0.33510400796628176
34	0.3323245459958004
35	0.329746640975283
36	0.3273526583730056
37	0.32513292233535535
38	0.3230830028233431
39	0.32120045565762806
40	0.31948248831355597
41	0.3179247591351417
42	0.3165211642339949
43	0.3152642358952415
44	0.3141457129262084
45	0.31315694010963646
46	0.31228894672228696
47	0.3115322542412424
48	0.3108765965461193
49	0.3103107675045267
50	0.3098227495327283
51	0.3094001615190202
52	0.3090309448801777
53	0.30870412455976903
54	0.3084104602691316
55	0.3081428417054211
56	0.3078963597743804
57	0.30766807393064655
58	0.30745656519455505
59	0.30726139769113964
60	0.30708260595634285
61	0.30692029082188527
62	0.30677436021094073
63	0.30664440908294893
64	0.30652970576299116
65	0.3064292428471835
66	0.30634181598990734
67	0.3062661059511877
68	0.30620075138807334
69	0.3061444079448195
70	0.3060957927203803
71	0.30605371412706806
72	0.30601708793565174
73	0.3059849421168161
74	0.30595641532452666
75	0.30593075486756766
76	0.3059073185010041
77	0.305885580538367
78	0.3058651384084696
79	0.30584571325492166
80	0.30582713913166937
81	0.30580933962935075
82	0.30579229638384786
83	0.30577601801298443
84	0.30576051836311396
85	0.30574580911527766
86	0.3057319054922633
87	0.30571883800008337
88	0.30570666061406676
89	0.3056954477979196
90	0.3056852782966479
91	0.30567621018129265
92	0.3056682561572784
93	0.30566136869399524
94	0.30565544097153013
95	0.30565032366829376
96	0.305645851869377
97	0.30564187320581465
98	0.3056382687945024
99	0.3056349620707589
100	0.3056319154236432
101	0.30562911859094527
102	0.3056265745977679
103	0.30562428832328675
104	0.3056222603381162
105	0.30562048582423684
106	0.3056189564137797
107	0.3056176622818481
108	0.30561659265578295
109	0.30561573437078066
110	0.3056150693986571
111	0.30561457285333354
112	0.305614212727475
113	0.30561395181952966
114	0.3056137514185814
115	0.3056135757089593
116	0.3056133957102352
117	0.3056131918324111
118	0.30561295461676186
119	0.3056126837445226
120	0.305612385781153
121	0.3056120713188797
122	0.30561175218570213
123	0.30561143924321177
124	0.30561114105484927
125	0.3056108634378773
126	0.30561060968804243
127	0.30561038114573924
128	0.30561017778353267
129	0.3056099986157965
130	0.30560984189815715
131	0.3056097052184642
132	0.30560958562589946
133	0.3056094798932401
134	0.3056093849013137
135	0.3056092980401217
136	0.30560921749040365
137	0.3056091422948908
138	0.30560907221932115
139	0.3056090074871475
140	0.3056089485056314
141	0.30560889567380567
142	0.3056088492978547
143	0.3056088095773598
144	0.3056087765995365
145	0.30560875029644785
146	0.30560873036450825
147	0.3056087161863897
148	0.30560870680872276
149	0.3056087010092467
150	0.30560869744773905
151	0.30560869485828734
152	0.30560869222439696
153	0.3056086888878666
154	0.3056086845697198
155	0.30560867931205365
156	0.3056086733709456
157	0.3056086670970454
158	0.30560866083404303
159	0.3056086548521485
160	0.30560864932019044
161	0.3056086443098344
162	0.3056086398200131
163	0.30560863580847925
164	0.30560863221961454
165	0.3056086290020353
166	0.3056086261147325
167	0.3056086235247604
168	0.30560862120153265
169	0.3056086191121455
170	0.3056086172198727
171	0.3056086154854987
172	0.30560861387003263
173	0.305608612337653
174	0.3056086108587904
175	0.3056086094137369
176	0.30560860799658957
177	0.3056086066180548
178	0.3056086053048888
179	0.3056086040944065
180	0.3056086030245403
181	0.30560860212234664
182	0.3056086013951164
183	0.3056086008275373
184	0.30560860038595594
185	0.305608600027883
186	0.30560859971298915
187	0.3056085994117471
188	0.3056085991093858
189	0.3056085988050252
190	0.30560859850752875
191	0.3056085982302667
192	0.3056085979865249
193	0.3056085977863985
194	0.3056085976351834
195	0.3056085975329183
196	0.3056085974747217
197	0.30560859745174346
198	0.30560859745261
199	0.30560859746520025
200	0.3056085974784517
201	0.3056085974838587
202	0.30560859747634433
203	0.30560859745440033
204	0.30560859741951785
205	0.30560859737515783
206	0.3056085973255496
207	0.3056085972746484
208	0.30560859722545625
209	0.3056085971798086
210	0.3056085971385282
211	0.3056085971017712
212	0.3056085970693526
213	0.3056085970409328
214	0.3056085970160623
215	0.3056085969941613
216	0.3056085969745565
217	0.3056085969565881
218	0.30560859693976106
219	0.305608596923856
220	0.30560859690892056
221	0.30560859689516356
222	0.30560859688280767
223	0.30560859687197683
224	0.3056085968626654
225	0.3056085968547791
226	0.30560859684819514
227	0.3056085968428014
228	0.30560859683849423
229	0.30560859683515
230	0.30560859683260627
231	0.3056085968306626
232	0.3056085968291051
233	0.30560859682774455
234	0.30560859682644187
235	0.3056085968251249
236	0.3056085968237826
237	0.30560859682245306
238	0.3056085968212001
239	0.30560859682008984
240	0.3056085968191661
241	0.30560859681843905
242	0.3056085968178815
243	0.3056085968174388
244	0.3056085968170445
245	0.3056085968166388
246	0.3056085968161777
247	0.30560859681563796
248	0.30560859681501745
249	0.3056085968143345
250	0.3056085968136203
251	0.30560859681291497
252	0.30560859681225744
253	0.305608596811673
254	0.3056085968111756
255	0.3056085968107639
256	0.30560859681042657
257	0.30560859681015085
258	0.30560859680992924
259	0.30560859680975355
260	0.3056085968096178
261	0.3056085968095139
262	0.3056085968094318
263	0.3056085968093602
264	0.3056085968092907
265	0.3056085968092181
266	0.30560859680914093
267	0.3056085968090598
268	0.3056085968089784
269	0.30560859680890073
270	0.30560859680882907
271	0.30560859680876856
272	0.3056085968087207
273	0.3056085968086862
274	0.30560859680866287
275	0.30560859680864805
276	0.30560859680863717
277	0.30560859680862595
278	0.30560859680861274
279	0.3056085968085967
280	0.30560859680857766
281	0.30560859680855795
282	0.3056085968085392
283	0.30560859680852237
284	0.30560859680850977
285	0.3056085968084999
286	0.30560859680849206
287	0.30560859680848584
288	0.30560859680847935
289	0.3056085968084731
290	0.3056085968084656
291	0.30560859680845753
292	0.30560859680844843
293	0.3056085968084398
294	0.30560859680843194
295	0.30560859680842445
296	0.30560859680841806
297	0.30560859680841357
298	0.3056085968084097
299	0.3056085968084072
300	0.3056085968084046
301	0.30560859680840313
302	0.3056085968084012
303	0.30560859680840047
304	0.3056085968083998
305	0.3056085968083989
306	0.3056085968083984
307	0.3056085968083978
308	0.30560859680839714
309	0.3056085968083964
310	0.30560859680839586
311	0.30560859680839486
312	0.3056085968083943
313	0.30560859680839353
314	0.30560859680839253
315	0.3056085968083923
316	0.30560859680839153
317	0.30560859680839125
318	0.3056085968083914
319	0.3056085968083909
320	0.3056085968083903
321	0.30560859680839053
322	0.3056085968083902
323	0.30560859680838953
324	0.3056085968083896
325	0.3056085968083892
326	0.30560859680838887
327	0.3056085968083883
328	0.3056085968083886
329	0.30560859680838864
330	0.30560859680838853
331	0.3056085968083885
332	0.3056085968083882
333	0.3056085968083887
334	0.30560859680838864
335	0.30560859680838787
336	0.3056085968083881
337	0.30560859680838814
338	0.30560859680838776
339	0.3056085968083881
340	0.30560859680838787
341	0.3056085968083877
342	0.30560859680838787
343	0.30560859680838803
344	0.3056085968083879
345	0.30560859680838803
346	0.30560859680838787
347	0.3056085968083876
348	0.3056085968083879
349	0.30560859680838753
350	0.30560859680838753
351	0.3056085968083875
352	0.3056085968083877
353	0.30560859680838753
354	0.3056085968083876
355	0.305608596808387
356	0.3056085968083878
357	0.305608596808388
358	0.30560859680838753
359	0.30560859680838787
360	0.3056085968083873
361	0.30560859680838726
362	0.3056085968083876
363	0.30560859680838764
364	0.3056085968083879
365	0.3056085968083877
366	0.3056085968083876
367	0.30560859680838776
368	0.3056085968083876
369	0.3056085968083877
370	0.30560859680838787
371	0.30560859680838715
372	0.3056085968083874
373	0.30560859680838764
374	0.30560859680838753
375	0.3056085968083877
376	0.3056085968083877
377	0.3056085968083876
378	0.3056085968083876
379	0.30560859680838764
380	0.30560859680838776
381	0.30560859680838776
382	0.30560859680838737
383	0.3056085968083876
384	0.30560859680838726
385	0.3056085968083872
386	0.30560859680838764
387	0.3056085968083876
388	0.30560859680838737
389	0.30560859680838726
390	0.3056085968083875
391	0.3056085968083877
392	0.3056085968083876
393	0.30560859680838715
394	0.3056085968083877
395	0.30560859680838737
396	0.3056085968083872
397	0.3056085968083879
398	0.30560859680838764
399	0.3056085968083874
400	0.30560859680838764
401	0.3056085968083879
402	0.3056085968083873
403	0.30560859680838753
404	0.3056085968083872
405	0.30560859680838787
406	0.3056085968083876
