<Coefficient>
	 8 Total number of radial orbitals.
	Type	L	Zeta-Orbital
	  C 	0	    1
	   0.10866600919950
	   0.24879262704293
	   0.26744829232756
	   0.19874110157925
	   0.11062470883581
	   0.03272217265109
	  -0.02258601476395
	  -0.05771002435045
	  -0.07523980715932
	  -0.08116773578020
	  -0.07865527951061
	  -0.07183609168429
	  -0.06174296921044
	  -0.05109807970795
	  -0.04016129428757
	  -0.03087547641793
	  -0.02232612186079
	  -0.01589732336887
	  -0.01020829805748
	  -0.00659617290942
	  -0.00337349199103
	  -0.00198092454738
	  -0.00034846215761
	  -0.00033607889697
	   0.00064639891564
	Type	L	Zeta-Orbital
	  C 	0	    2
	   0.17283892530263
	   0.11534885815699
	  -0.08005308480879
	  -0.18785953749291
	  -0.14498462632653
	  -0.04714232840296
	   0.05312899462667
	   0.13011542050940
	   0.16892048149867
	   0.17458268521367
	   0.16338846888386
	   0.14291373782917
	   0.12183917176829
	   0.09853801484556
	   0.07948064057547
	   0.05960698465731
	   0.04590791154198
	   0.03052368063472
	   0.02254648282157
	   0.01183654560389
	   0.00951894428269
	   0.00214773792476
	   0.00410358282621
	  -0.00202326059471
	   0.00351759709375
	Type	L	Zeta-Orbital
	  C 	0	    3
	   0.61176850114857
	  -0.10825661072974
	  -0.71545832744331
	  -0.24144451374441
	   0.00335294786701
	  -0.06341902752251
	  -0.30580763830944
	  -0.53710703420534
	  -0.68554508668256
	  -0.72228543895288
	  -0.65120021658025
	  -0.53941472683735
	  -0.44645830128016
	  -0.37512532809796
	  -0.30120400672381
	  -0.24105117259364
	  -0.17161210878141
	  -0.12812344138519
	  -0.08099539439232
	  -0.05803839762116
	  -0.02716584084452
	  -0.02224268692898
	   0.00025870820396
	  -0.01042974886144
	   0.01398561238964
	Type	L	Zeta-Orbital
	  C 	1	    1
	   0.11920334860131
	   0.25302374500066
	   0.32085341920484
	   0.33093156574963
	   0.31300472097828
	   0.27811972467781
	   0.24265774845732
	   0.20810131907183
	   0.17918005686302
	   0.15170267518952
	   0.13043318922985
	   0.10934525668495
	   0.09263681169007
	   0.07564486015730
	   0.06260067218460
	   0.04857477578338
	   0.03874870331022
	   0.02761334952282
	   0.02109202172472
	   0.01285754583441
	   0.00961177470472
	   0.00373951442320
	   0.00347788829733
	  -0.00100748915118
	   0.00349323964490
	Type	L	Zeta-Orbital
	  C 	1	    2
	  -0.21894152419246
	  -0.20643278529418
	  -0.03705683331999
	   0.13908669184382
	   0.24049267111045
	   0.30707954431978
	   0.30895447195418
	   0.28387466262010
	   0.22259851205652
	   0.17914416643140
	   0.14391180225997
	   0.12825363004458
	   0.10541840763032
	   0.09383345882009
	   0.07050796154198
	   0.06019968696600
	   0.03852776208778
	   0.03306508208929
	   0.01548713665817
	   0.01654233080725
	   0.00230737158722
	   0.00846312669481
	  -0.00522590326896
	   0.00719849951640
	  -0.01822736882073
	Type	L	Zeta-Orbital
	  C 	1	    3
	   0.95262739689974
	   0.04354276080776
	  -0.88641875999078
	  -1.02500548547710
	  -0.11164810342272
	   0.57553068502509
	   1.05788925186414
	   1.25281140546852
	   1.13132629552297
	   0.62556753421669
	   0.48815527820527
	   0.38440244497047
	   0.44962552910362
	   0.34843874460037
	   0.33463028218203
	   0.20266472735488
	   0.19195567129307
	   0.04965199381539
	   0.09499572128254
	  -0.00537755632755
	   0.06883136545227
	  -0.03749358968755
	   0.06309078959402
	  -0.06919590663486
	   0.16979684379297
	Type	L	Zeta-Orbital
	  C 	2	    1
	   0.06404074006369
	   0.27600222694425
	   0.36661217880726
	   0.43564300643323
	   0.42839128879092
	   0.41784351419063
	   0.36441588602540
	   0.29078329335752
	   0.19270040089568
	   0.12891713818224
	   0.07408969252160
	   0.05267031377439
	   0.03071094599902
	   0.02668524390268
	   0.01066132492356
	   0.01229714148354
	  -0.00010604655335
	   0.00537642171325
	  -0.00557090524377
	   0.00376596211680
	  -0.00720610912575
	   0.00540235431950
	  -0.00743279615230
	   0.00726828735885
	  -0.04271505249833
	Type	L	Zeta-Orbital
	  C 	2	    2
	  -0.37395569949975
	  -0.65816638328136
	  -0.63422093039366
	  -0.44762481108759
	   0.01751512478456
	   0.35237251684119
	   0.54564773692078
	   0.64042922885569
	   0.53263359965063
	   0.28927478431865
	   0.12884225603236
	   0.07224233683784
	   0.07035394824767
	   0.05451571860457
	   0.04276885816083
	   0.01982413428594
	   0.00505790579068
	  -0.00991344996239
	  -0.01350679720528
	  -0.01678782251275
	  -0.01076736839898
	  -0.01344367880414
	  -0.00436424808131
	  -0.00887691438230
	   0.00841704954321
</Coefficient>
<Mkb>
Left spillage = 5.6070657613e-04
</Mkb>
