<Coefficient>
	 5 Total number of radial orbitals.
	Type	L	Zeta-Orbital
	  Ne 	0	    1
	  -0.04188312446790
	  -0.13887049297989
	  -0.23666695244618
	  -0.29795848878205
	  -0.31588914731962
	  -0.29634486433287
	  -0.25397851635131
	  -0.19927997497714
	  -0.14273375579045
	  -0.09181276890144
	  -0.05089446903730
	  -0.02126922189411
	  -0.00271098208968
	   0.00697178300091
	   0.00998218203056
	   0.00920476992343
	   0.00670179188261
	   0.00415199220094
	   0.00208970582395
	   0.00090301484681
	   0.00023113002558
	   0.00006256100894
	  -0.00004244376054
	   0.00002940467255
	  -0.00003640441811
	   0.00003603022185
	  -0.00005211167703
	   0.00005039288862
	Type	L	Zeta-Orbital
	  Ne 	0	    2
	  -0.24923134698380
	  -0.49082500259854
	  -0.26270833288646
	   0.33941643420624
	   0.79327703407203
	   0.84412865127015
	   0.64797189259228
	   0.38635352608815
	   0.09012337131894
	  -0.17210057460719
	  -0.34909104953575
	  -0.41355856879706
	  -0.40285001089325
	  -0.34276156882589
	  -0.25969596181204
	  -0.16609669302004
	  -0.08899008977639
	  -0.03342584153417
	  -0.00736159279263
	   0.00446011915291
	   0.00218348086740
	   0.00101196421809
	  -0.00319534375087
	  -0.00173335738434
	  -0.00301259040929
	   0.00123257880974
	  -0.00130334818896
	   0.00253604250210
	Type	L	Zeta-Orbital
	  Ne 	1	    1
	  -0.03889558298954
	  -0.12574560896402
	  -0.22280365013433
	  -0.30469432578961
	  -0.36210847894209
	  -0.39228180189906
	  -0.39566709465365
	  -0.37249903964670
	  -0.32839338066376
	  -0.27052474214141
	  -0.20748445958152
	  -0.14733209625362
	  -0.09592420904352
	  -0.05606434232891
	  -0.02902237059669
	  -0.01252922169853
	  -0.00428636465452
	  -0.00075364112712
	   0.00003315133309
	   0.00013019022608
	  -0.00012187725884
	  -0.00002535609738
	  -0.00008399357549
	   0.00010773047032
	  -0.00002327295021
	   0.00010332731989
	  -0.00011455278125
	   0.00016161525689
	Type	L	Zeta-Orbital
	  Ne 	1	    2
	   0.12500606429723
	   0.07968001170085
	  -0.10012004291754
	  -0.34331123350743
	  -0.53110357657489
	  -0.50858816050084
	  -0.33126780566089
	  -0.06901623424341
	   0.21428574451016
	   0.46153678287159
	   0.64627640127377
	   0.72820587698707
	   0.71098207776820
	   0.61253623179116
	   0.47365853362791
	   0.31642113921614
	   0.18082721654262
	   0.07567890828978
	   0.01593495473296
	  -0.01245765678429
	  -0.01416878766552
	  -0.01099679459357
	  -0.00051206742799
	   0.00064379463435
	   0.00457968844898
	   0.00015597457923
	   0.00287381382408
	  -0.00499561006161
	Type	L	Zeta-Orbital
	  Ne 	2	    1
	  -0.28651067340549
	  -0.66869120371457
	  -0.62086615546641
	  -0.65786044051674
	  -0.65995170561050
	  -0.56231543606043
	  -0.34876805952017
	  -0.18302051668602
	  -0.12407943282511
	  -0.11013374077730
	  -0.07584522182312
	  -0.03851492075153
	  -0.01306964427272
	  -0.00465483464024
	   0.01540418712635
	   0.02736776599113
	   0.03639658294509
	   0.02096409281103
	   0.01445979086181
	  -0.00318892188150
	  -0.00259622241118
	  -0.01044006347257
	  -0.00136194437195
	  -0.00734666956492
	   0.00582828610870
	  -0.00542887732381
	   0.00855893193393
	  -0.02389912863979
</Coefficient>
<Mkb>
Left spillage = 2.8561319363e-05
</Mkb>
