0	0.0008927439396511972
1	0.0008575513720612182
2	0.0008267578682551682
3	0.0007987250891340338
4	0.0007738723223195395
5	0.0007518570748060608
6	0.0007323266004835919
7	0.0007150198534749047
8	0.0006996926834942277
9	0.0006860969177999469
10	0.0006740087817906241
11	0.0006632618904313832
12	0.0006537521209188224
13	0.0006454036092893962
14	0.0006381298975095251
15	0.0006318147389540098
16	0.0006263106939673607
17	0.0006214535536340961
18	0.0006170766757986794
19	0.0006130147108082234
20	0.0006091108934114977
21	0.0006052470746634863
22	0.0006013816248754951
23	0.0005975576310253592
24	0.0005938700776920207
25	0.0005904155471728068
26	0.0005872560179358027
27	0.0005844052630403694
28	0.0005818305078009407
29	0.0005794694279786756
30	0.0005772602747332649
31	0.0005751704202608001
32	0.0005732033216848873
33	0.0005713815637067304
34	0.0005697249007550598
35	0.0005682401403065706
36	0.0005669232837042915
37	0.0005657644854003927
38	0.0005647502985145244
39	0.0005638645371946514
40	0.0005630899392708742
41	0.0005624101847845153
42	0.0005618106657123647
43	0.0005612777294196791
44	0.0005607976917538769
45	0.0005603569745733234
46	0.0005599435921403059
47	0.0005595490167310101
48	0.0005591691090981822
49	0.0005588034864089508
50	0.0005584537499390096
51	0.0005581215738359503
52	0.0005578075012860593
53	0.0005575106533872985
54	0.000557228952338542
55	0.0005569594025652743
56	0.0005566983780455851
57	0.0005564421010891967
58	0.0005561873009755937
59	0.0005559318109573256
60	0.0005556748675914434
61	0.0005554169785200842
62	0.0005551593744306855
63	0.0005549033018810663
64	0.0005546495096772915
65	0.0005543980808811833
66	0.0005541484954158336
67	0.0005538997505604255
68	0.0005536504869414794
69	0.0005533991554803799
70	0.0005531442266102853
71	0.0005528843943740975
72	0.0005526187214519964
73	0.000552346642200893
74	0.0005520677960636372
75	0.0005517818240014002
76	0.0005514882546241299
77	0.0005511864737911804
78	0.0005508757584013961
79	0.0005505553605302336
80	0.0005502245853451005
81	0.0005498828326146641
82	0.0005495296142476056
83	0.0005491645370869914
84	0.0005487872309636823
85	0.0005483972635355935
86	0.0005479940848315081
87	0.0005475770014717842
88	0.0005471452109429777
89	0.0005466979069064053
90	0.0005462344144907145
91	0.0005457543519895141
92	0.0005452578046582887
93	0.0005447454806696229
94	0.0005442188594147116
95	0.0005436803375527445
96	0.000543133356039212
97	0.0005425825034974609
98	0.0005420335683503755
99	0.000541493488559374
100	0.0005409701689840311
101	0.0005404721225352875
102	0.0005400079093602399
103	0.000539585406965694
104	0.0005392109855876257
105	0.0005388887254737136
106	0.000538619839955316
107	0.0005384024420463537
108	0.0005382317472059362
109	0.000538100714478925
110	0.0005380010106452039
111	0.000537924102153345
112	0.0005378622404220771
113	0.0005378091576600472
114	0.0005377603935435705
115	0.0005377132736210716
116	0.0005376666399383202
117	0.0005376204548900711
118	0.00053757538149637
119	0.0005375324094848849
120	0.0005374925587559093
121	0.0005374566709947507
122	0.0005374252878491046
123	0.000537398604849563
124	0.000537376487767378
125	0.000537358533060208
126	0.0005373441527108537
127	0.0005373326651399487
128	0.000537323376803855
129	0.0005373156456082297
130	0.0005373089220247367
131	0.0005373027692894168
132	0.0005372968675132695
133	0.0005372910075068358
134	0.0005372850803571643
135	0.0005372790648073151
136	0.0005372730138888875
137	0.0005372670397351491
138	0.000537261294593551
139	0.0005372559482412537
140	0.0005372511622114069
141	0.0005372470647062673
142	0.0005372437296185181
143	0.0005372411646538997
144	0.0005372393112058135
145	0.0005372380556610383
146	0.0005372372499679775
147	0.0005372367355297816
148	0.0005372363655248352
149	0.0005372360212864806
150	0.0005372356198387528
151	0.000537235114628299
152	0.0005372344900220196
153	0.0005372337540669721
154	0.0005372329305247426
155	0.0005372320511579531
156	0.0005372311498945213
157	0.0005372302577816787
158	0.0005372293998525052
159	0.0005372285931891982
160	0.0005372278471124638
161	0.0005372271648597911
162	0.0005372265457473646
163	0.0005372259873704349
164	0.0005372254872065905
165	0.0005372250430222219
166	0.000537224652651792
167	0.0005372243136696544
168	0.0005372240230156296
169	0.000537223777252916
170	0.000537223572618397
171	0.0005372234057397196
172	0.0005372232733418463
173	0.0005372231721694921
174	0.0005372230984506605
175	0.0005372230479082547
176	0.0005372230155118289
177	0.0005372229957752495
178	0.0005372229834064339
179	0.0005372229736149982
180	0.0005372229626057687
181	0.0005372229476362196
182	0.0005372229271064148
183	0.0005372229003904738
184	0.000537222867831869
185	0.0005372228303667287
186	0.0005372227896295904
187	0.0005372227476380006
188	0.000537222706541577
189	0.0005372226683522095
190	0.0005372226346980441
191	0.0005372226066463231
192	0.0005372225845428089
193	0.0005372225681551919
194	0.0005372225568381222
195	0.0005372225495626502
196	0.0005372225452573495
197	0.0005372225428780647
198	0.0005372225414391183
199	0.0005372225402207915
200	0.0005372225385134902
201	0.0005372225359965136
202	0.0005372225323595458
203	0.0005372225275400372
204	0.0005372225216583335
205	0.0005372225149629708
206	0.000537222507726002
207	0.000537222500387219
208	0.0005372224933673397
209	0.0005372224869345735
210	0.0005372224813369258
211	0.0005372224766842923
212	0.0005372224730625914
213	0.0005372224703098931
214	0.0005372224683442646
215	0.000537222467055845
216	0.0005372224662222592
217	0.0005372224657530804
218	0.000537222465507617
219	0.0005372224653447155
220	0.0005372224651731433
221	0.0005372224650105406
222	0.0005372224647368666
223	0.0005372224643904744
224	0.0005372224640572665
225	0.0005372224636730359
226	0.0005372224632759501
227	0.0005372224629292292
228	0.0005372224626091214
229	0.0005372224623061931
230	0.0005372224620385385
231	0.0005372224618138717
232	0.0005372224615933363
233	0.0005372224613469246
234	0.0005372224611275119
235	0.0005372224609250819
236	0.0005372224607021681
237	0.0005372224604660871
238	0.0005372224602941743
239	0.000537222460107541
240	0.0005372224599885192
241	0.000537222459826016
242	0.0005372224597476158
243	0.0005372224596326546
244	0.0005372224595498904
245	0.0005372224595171938
246	0.0005372224594521219
247	0.0005372224594090774
248	0.0005372224593585035
249	0.0005372224593244756
250	0.0005372224592722311
251	0.0005372224592306635
252	0.000537222459195633
253	0.0005372224591626566
254	0.0005372224590987854
255	0.000537222459095277
256	0.0005372224590634328
257	0.0005372224590199901
258	0.0005372224590009655
259	0.0005372224589625721
260	0.000537222458958639
261	0.0005372224589530643
262	0.0005372224589584623
263	0.0005372224589768835
264	0.0005372224589715345
265	0.0005372224589712258
266	0.0005372224589506049
267	0.0005372224589680081
268	0.0005372224589657011
269	0.0005372224589604989
270	0.000537222458938206
271	0.0005372224589442619
272	0.0005372224589461893
273	0.0005372224589370689
274	0.0005372224589440105
275	0.0005372224589384285
276	0.0005372224589058371
277	0.0005372224589297525
278	0.0005372224589222825
279	0.0005372224589339114
280	0.0005372224589217331
281	0.0005372224589024177
282	0.0005372224588900123
283	0.0005372224589199079
284	0.0005372224589037272
285	0.0005372224588850514
286	0.0005372224589057906
287	0.0005372224589117911
288	0.0005372224589203665
289	0.0005372224589114653
290	0.0005372224589040383
291	0.0005372224588838868
292	0.0005372224589124228
293	0.0005372224588927696
294	0.000537222458896767
295	0.0005372224589064198
296	0.0005372224588981843
297	0.0005372224588858115
298	0.0005372224589161568
299	0.0005372224588863907
300	0.0005372224588951488
301	0.0005372224589089818
302	0.000537222458879754
303	0.0005372224588963784
304	0.0005372224588933315
305	0.000537222458894068
306	0.0005372224588840092
307	0.000537222458913169
308	0.0005372224588880812
309	0.000537222458901463
310	0.0005372224588978069
311	0.0005372224588892959
312	0.000537222458919061
313	0.0005372224588984058
314	0.0005372224588986467
315	0.0005372224589009003
316	0.0005372224589054599
317	0.0005372224588938495
318	0.0005372224588795774
319	0.0005372224589176894
320	0.0005372224589006496
321	0.0005372224588928379
322	0.0005372224588801914
323	0.0005372224588830838
324	0.0005372224588871975
325	0.0005372224588916445
326	0.0005372224588947656
327	0.0005372224588935371
328	0.0005372224588788802
329	0.0005372224589106898
330	0.0005372224588708736
331	0.0005372224588950471
332	0.0005372224588696474
333	0.0005372224589071046
334	0.0005372224588975844
335	0.0005372224589009986
336	0.0005372224589083556
337	0.0005372224588966218
338	0.000537222458891942
339	0.0005372224588961119
340	0.0005372224588801845
341	0.0005372224589160229
342	0.0005372224589043895
343	0.0005372224589140176
344	0.0005372224589078756
345	0.0005372224588760635
346	0.0005372224589060853
347	0.0005372224588821046
348	0.0005372224589007545
349	0.0005372224589100204
350	0.0005372224589040616
351	0.0005372224588927453
352	0.0005372224588963086
353	0.0005372224589051971
354	0.0005372224588903324
355	0.00053722245889472
356	0.0005372224588819519
357	0.0005372224589025357
358	0.0005372224588967882
359	0.0005372224588998744
360	0.000537222458903717
361	0.000537222458922129
362	0.0005372224588891683
363	0.0005372224588827553
364	0.0005372224588954885
365	0.0005372224588836692
366	0.0005372224589192457
367	0.0005372224588857336
368	0.0005372224588863757
369	0.0005372224588955099
370	0.0005372224588866657
371	0.0005372224589030187
372	0.0005372224588998575
373	0.0005372224589270686
374	0.0005372224588982054
375	0.0005372224589080089
376	0.000537222458899042
377	0.0005372224588975141
378	0.0005372224588844972
379	0.0005372224588882053
380	0.0005372224589211515
381	0.0005372224588948914
382	0.0005372224588995492
383	0.0005372224588917041
