<Coefficient>
	 14 Total number of radial orbitals.
	Type	L	Zeta-Orbital
	  Os 	0	    1
	   0.08612220961545
	   0.08765050985416
	  -0.05894587963114
	  -0.19669750344042
	  -0.27294193774931
	  -0.28619025834193
	  -0.25367587645333
	  -0.19465474081692
	  -0.12575980595847
	  -0.05978547287303
	  -0.00342289280075
	   0.04042095404545
	   0.07095674290659
	   0.08802456535463
	   0.09390503308951
	   0.09067442359390
	   0.08185570048866
	   0.06912650408153
	   0.05549536056610
	   0.04168956191558
	   0.02967778934478
	   0.01927415871090
	   0.01165389069768
	   0.00567179381113
	   0.00225078433467
	  -0.00022862246017
	  -0.00084593500383
	  -0.00147444162294
	  -0.00082121503934
	  -0.00092132881642
	   0.00005993448683
	Type	L	Zeta-Orbital
	  Os 	0	    2
	  -0.09504901012417
	  -0.16801910065219
	  -0.14200617596202
	  -0.10933111400347
	  -0.09006190507759
	  -0.07698239819347
	  -0.06147256562048
	  -0.04315132204347
	  -0.02126719634806
	   0.00067986164638
	   0.02043317586566
	   0.03472371492437
	   0.04347299059382
	   0.04663563027353
	   0.04571073636066
	   0.04143267132091
	   0.03520070518264
	   0.02791212749662
	   0.02068898223275
	   0.01416459811716
	   0.00873164540371
	   0.00469060368197
	   0.00183229074496
	   0.00023673794505
	  -0.00061169290474
	  -0.00064888285567
	  -0.00050935572348
	   0.00000613385261
	   0.00027564899487
	   0.00069709757356
	   0.00071077428110
	Type	L	Zeta-Orbital
	  Os 	0	    3
	  -0.13510468675898
	   0.03567812758635
	   0.07923959922822
	   0.01432333469295
	  -0.04719314914070
	  -0.07070180417366
	  -0.07936355077746
	  -0.05918393806697
	  -0.04101952613562
	  -0.03206043215463
	  -0.03195615700012
	  -0.02325333364623
	  -0.01672301531974
	  -0.00629211071707
	  -0.00293803194443
	   0.00260248375495
	   0.00287395461022
	   0.00774480433544
	   0.00582282235470
	   0.00876242922554
	   0.00502912498770
	   0.00773101818226
	   0.00276878414208
	   0.00552267482006
	  -0.00017203722520
	   0.00333889415103
	  -0.00264776264274
	   0.00210883031814
	  -0.00431720284053
	   0.00233178710496
	  -0.00542971967613
	Type	L	Zeta-Orbital
	  Os 	0	    4
	  -0.04079546972813
	   0.20215621544005
	  -0.19734149665249
	  -0.14267005413897
	   0.00793013781350
	   0.13533621908891
	   0.15507703071209
	   0.19929485882527
	   0.17497714765914
	   0.13609816093952
	   0.07012522497172
	   0.04991230125820
	   0.02353767551301
	   0.02555731969705
	   0.00345695521777
	  -0.00148458002428
	  -0.02013422200970
	  -0.01459771481271
	  -0.02688040523211
	  -0.01669457448591
	  -0.02678527636564
	  -0.01203562922785
	  -0.02023460489679
	  -0.00281747976498
	  -0.01295534764296
	   0.00513189856727
	  -0.00808605540673
	   0.01116707533956
	  -0.00629654720551
	   0.01440118999943
	  -0.00928113773354
	Type	L	Zeta-Orbital
	  Os 	0	    5
	   0.09525155102514
	  -0.47057404358242
	   0.30944413233475
	  -0.00394325156237
	  -0.27863714107764
	  -0.33085642104452
	   0.08308940869809
	   0.41001819986170
	   0.56097365023017
	   0.35593328745747
	   0.29764275514798
	   0.32973125476165
	   0.46580983542171
	   0.46124306409612
	   0.42601944990180
	   0.29145403659332
	   0.21294029408067
	   0.09738683524139
	   0.07382560712097
	   0.01516266080347
	   0.01706720324982
	  -0.04892355055639
	  -0.02933236896935
	  -0.06226806387725
	  -0.00571598344313
	  -0.02836620326271
	   0.02453193940345
	  -0.02197403778576
	   0.03944170975809
	  -0.00861965001454
	   0.05817415435403
	Type	L	Zeta-Orbital
	  Os 	0	    6
	  -0.57802985192778
	   0.24296613172470
	  -0.11794936426122
	   0.25600920271468
	   0.51458750964181
	   0.28818337801001
	  -0.22037231358548
	  -0.32876633031602
	  -0.29456611949213
	   0.03801425138126
	   0.29925502170955
	   0.40504438785272
	   0.34200780767418
	   0.35542769271484
	   0.30549151202689
	   0.29500421779629
	   0.22420707766725
	   0.19921478739479
	   0.10796516964946
	   0.08301347984833
	   0.01075449417635
	   0.02145203374229
	  -0.02386869695604
	   0.00927990695268
	  -0.03171716049833
	   0.01278592439395
	  -0.02814576255942
	   0.02612171567904
	  -0.02082228382444
	   0.04175051861832
	  -0.02522144699546
	Type	L	Zeta-Orbital
	  Os 	1	    1
	   0.01842427278221
	   0.07651188481709
	   0.16458007809990
	   0.25715720607933
	   0.33065226016837
	   0.37028873434336
	   0.37492297943312
	   0.34970304809821
	   0.30438891254389
	   0.24854817271264
	   0.19051391173758
	   0.13555622026956
	   0.08811843390334
	   0.05032555667378
	   0.02233425268415
	   0.00372324268243
	  -0.00711524487542
	  -0.01185336782697
	  -0.01241862225725
	  -0.01043617891371
	  -0.00741242601121
	  -0.00423037237621
	  -0.00162307702329
	   0.00023565584920
	   0.00114303208600
	   0.00137378760906
	   0.00100762799721
	   0.00046301064360
	  -0.00021532991346
	  -0.00067843133772
	  -0.00096885840391
	Type	L	Zeta-Orbital
	  Os 	1	    2
	  -0.10994586419483
	  -0.22517227656909
	  -0.23111323539470
	  -0.12875726666216
	  -0.02910716271133
	   0.07001056207858
	   0.11006838534113
	   0.10564631134576
	   0.07563367136049
	   0.06196902156854
	   0.04692388462318
	   0.03756299161482
	   0.02252183762997
	   0.01196822520405
	   0.00197249209038
	  -0.00024229682243
	  -0.00502205227432
	  -0.00417179783937
	  -0.00601131374397
	  -0.00356547759402
	  -0.00431878489045
	  -0.00061585029743
	  -0.00112665079735
	   0.00276249543045
	   0.00163691926616
	   0.00470092865054
	   0.00227594934205
	   0.00512062846398
	   0.00171511121791
	   0.00508889325026
	  -0.00082213944720
	Type	L	Zeta-Orbital
	  Os 	1	    3
	  -0.31450908265698
	  -0.44039012231617
	  -0.02969900648342
	   0.32741631271733
	   0.56447038263513
	   0.34842794939269
	  -0.02341388580200
	  -0.39045306474632
	  -0.63043655415365
	  -0.56594045730068
	  -0.28004322771416
	  -0.11864693239517
	  -0.06883216750304
	  -0.05414444205772
	  -0.03799597624176
	  -0.01962682865645
	   0.01375368550008
	   0.03039674416838
	   0.03729277863309
	   0.02497251964493
	   0.01418389510111
	  -0.00003224964059
	  -0.00077533806763
	  -0.01101558432869
	  -0.01348448628288
	  -0.02250213567535
	  -0.01996508964055
	  -0.02568527915618
	  -0.01671799746449
	  -0.02141209916744
	  -0.00644788591963
	Type	L	Zeta-Orbital
	  Os 	2	    1
	   0.05500632100864
	   0.14481672356271
	   0.23097702323407
	   0.29323052982388
	   0.32791363656853
	   0.33424065877862
	   0.32258551007702
	   0.29597300868752
	   0.26274248235916
	   0.22462498140918
	   0.18641990109307
	   0.14829662719581
	   0.11466314403067
	   0.08416254053896
	   0.05943561794294
	   0.03885000781449
	   0.02398107524163
	   0.01238222165503
	   0.00539082326636
	   0.00020944448676
	  -0.00159624334844
	  -0.00293801440757
	  -0.00200808960344
	  -0.00177978803229
	   0.00000011474656
	   0.00030671010345
	   0.00192412204998
	   0.00154660706998
	   0.00266789674641
	   0.00134624364403
	   0.00313989573223
	Type	L	Zeta-Orbital
	  Os 	2	    2
	  -0.18051978450852
	  -0.26172882570928
	  -0.17538361566200
	  -0.05751128129023
	   0.03474602466819
	   0.12032306856837
	   0.15119106135410
	   0.12137617163809
	   0.06484593784625
	   0.04009841025238
	   0.03423663101717
	   0.03816563964101
	   0.03151543828570
	   0.02479437287685
	   0.01198143527284
	   0.00686278033475
	  -0.00003656503805
	   0.00098594487725
	  -0.00286531233709
	  -0.00141975006686
	  -0.00583691416848
	  -0.00332663242669
	  -0.00672283592594
	  -0.00293417498483
	  -0.00634313225555
	  -0.00208680086391
	  -0.00626530274393
	  -0.00136673536089
	  -0.00656243523967
	   0.00016096927724
	  -0.01259179894832
	Type	L	Zeta-Orbital
	  Os 	2	    3
	  -0.54779415229163
	   0.00042870776308
	   0.41114620297015
	   0.50544806367190
	   0.21706078494152
	  -0.19167966115076
	  -0.51652623748008
	  -0.43878024713371
	  -0.12921839037967
	   0.11565083817744
	   0.04693908640805
	  -0.03503612589626
	  -0.10107534779717
	  -0.05748327191977
	  -0.04226106636047
	   0.00795395369829
	  -0.01310105118390
	   0.00591837063593
	  -0.02857595260590
	   0.00102289956722
	  -0.02133014680935
	   0.01425636348491
	  -0.01878181019381
	   0.01114322755668
	  -0.02844430572833
	   0.01048353346796
	  -0.03218331601208
	   0.01451369621315
	  -0.03802919214170
	   0.02614182566461
	  -0.10706696656122
	Type	L	Zeta-Orbital
	  Os 	3	    1
	   0.01517367117204
	   0.10182659818400
	   0.23887714917854
	   0.33068247321770
	   0.38967754884462
	   0.42896454367545
	   0.44390749623384
	   0.37247096754877
	   0.25483456435153
	   0.16153935948408
	   0.11808177664973
	   0.09125012076456
	   0.07191850805826
	   0.04676023729963
	   0.02349625387717
	   0.00217226506550
	  -0.00783935652841
	  -0.01332802286475
	  -0.01005624145366
	  -0.00820098634032
	  -0.00251728631815
	  -0.00076280473911
	   0.00330474511537
	   0.00249476634292
	   0.00480872740701
	   0.00208181590914
	   0.00330265194193
	  -0.00011688462727
	   0.00159691391596
	  -0.00121574962822
	   0.01026310912880
	Type	L	Zeta-Orbital
	  Os 	3	    2
	   0.11481970514008
	   0.42062348988250
	   0.50218065446156
	   0.49453601719852
	   0.15437013387113
	  -0.31139946025673
	  -0.77028451693844
	  -0.89040324733237
	  -0.48694271930751
	  -0.06486028874156
	  -0.00911070752148
	  -0.08619766129634
	  -0.14609173273270
	  -0.13690160298198
	  -0.09289186287153
	  -0.03863625575280
	  -0.01791928425547
	  -0.00484302863403
	  -0.01525910974867
	  -0.01228446404833
	  -0.01592385303487
	   0.00001602492092
	  -0.00558703238471
	   0.00173852906334
	  -0.00858813687815
	   0.00274412916762
	  -0.00734291495822
	   0.00712792334937
	  -0.00704967942097
	   0.00473934379147
	  -0.05433720635063
</Coefficient>
<Mkb>
Left spillage = 3.7515830337e-04
</Mkb>
