0	0.0006463541012710452
1	0.0006173955077594366
2	0.000591317211842385
3	0.0005686374298114344
4	0.0005495367455203416
5	0.0005333603084521785
6	0.0005190732122847938
7	0.0005060242218408015
8	0.000493937162023333
9	0.0004827313556148647
10	0.0004724165699484801
11	0.0004630343936819168
12	0.0004546063093470282
13	0.0004471058663434289
14	0.00044042707871464354
15	0.0004343377392985414
16	0.0004285781166744973
17	0.0004229581366516034
18	0.00041737342411227895
19	0.0004118358721402245
20	0.0004064851257750193
21	0.00040157388054242707
22	0.00039738984618402357
23	0.0003941211706386989
24	0.000391730141998428
25	0.00038998996070395176
26	0.00038863326421567624
27	0.00038747318541532095
28	0.0003864054791069856
29	0.000385388550158729
30	0.00038442019478617857
31	0.0003835187253173594
32	0.00038269453209093803
33	0.0003819401427877069
34	0.0003812314160329762
35	0.0003805477209239898
36	0.0003798876929982053
37	0.0003792687095330378
38	0.0003787135129853267
39	0.00037823818351760067
40	0.0003778497305419643
41	0.00037754251984610483
42	0.0003772997716099413
43	0.00037709944151660603
44	0.00037692423926386377
45	0.00037676565873471694
46	0.00037662200789629664
47	0.00037649324675424983
48	0.0003763767229379499
49	0.00037626802133254844
50	0.00037616290386764336
51	0.0003760589482601302
52	0.00037595559094724115
53	0.0003758557603556935
54	0.0003757653817908638
55	0.0003756901052133946
56	0.00037563162822015436
57	0.00037558707794044347
58	0.0003755511818085963
59	0.00037551887764644573
60	0.00037548739278386276
61	0.00037545641425020573
62	0.00037542729942410016
63	0.00037540149984094335
64	0.00037537939216936313
65	0.00037535969451651957
66	0.0003753404815668956
67	0.00037532049410735654
68	0.00037529969937336656
69	0.0003752789489641974
70	0.00037525959047462196
71	0.00037524295839496525
72	0.0003752297885841415
73	0.0003752199798339028
74	0.00037521284309678877
75	0.0003752076138163496
76	0.00037520378316069385
77	0.00037520109524963666
78	0.00037519929190529485
79	0.00037519803664622954
80	0.0003751969247508358
81	0.0003751955224885526
82	0.0003751934520725685
83	0.00037519061261234726
84	0.0003751872366467706
85	0.00037518377334501277
86	0.0003751806614048625
87	0.000375178154634695
88	0.00037517623327388585
89	0.0003751746871256263
90	0.0003751732604472858
91	0.00037517180764219687
92	0.0003751703443263948
93	0.0003751689765640325
94	0.00037516777658465854
95	0.0003751667498868405
96	0.00037516585706039607
97	0.00037516504902515904
98	0.0003751642989854322
99	0.0003751636231699279
100	0.00037516306459221723
101	0.00037516265515900583
102	0.00037516237812713736
103	0.00037516216529554224
104	0.0003751619405009477
105	0.0003751616596054892
106	0.0003751613216472998
107	0.0003751609560359367
108	0.00037516060286707867
109	0.000375160291304149
110	0.0003751600331524206
111	0.00037515982454254564
112	0.00037515965770061003
113	0.00037515953165165674
114	0.000375159449723905
115	0.00037515940865046656
116	0.0003751593934019509
117	0.00037515938035689617
118	0.000375159346182052
119	0.00037515927960356146
120	0.0003751591848205379
121	0.0003751590765495302
122	0.00037515896915049955
123	0.00037515886941121907
124	0.00037515877835782925
125	0.00037515869583311655
126	0.0003751586228274099
127	0.00037515856202441155
128	0.0003751585167637573
129	0.0003751584880606416
130	0.0003751584730325089
131	0.0003751584659949209
132	0.00037515846119955636
133	0.00037515845528438767
134	0.0003751584474461509
135	0.00037515843867278636
136	0.00037515842974368416
137	0.00037515842001862177
138	0.0003751584085742959
139	0.00037515839568650353
140	0.00037515838267561754
141	0.0003751583710985011
142	0.00037515836205260735
143	0.0003751583558562448
144	0.0003751583518255656
145	0.00037515834876426384
146	0.00037515834580974504
147	0.0003751583427844536
148	0.00037515833975993807
149	0.0003751583367706347
150	0.00037515833370934727
151	0.0003751583304666135
152	0.0003751583272384208
153	0.0003751583244714645
154	0.00037515832247076467
155	0.0003751583211410838
156	0.00037515832011656054
157	0.0003751583190459417
158	0.0003751583177084945
159	0.00037515831610858614
160	0.0003751583145162163
161	0.00037515831319146777
162	0.000375158312201421
163	0.00037515831140881145
164	0.0003751583106484962
165	0.00037515830984764944
166	0.0003751583090201941
167	0.00037515830827934606
168	0.00037515830768999187
169	0.00037515830727867993
170	0.0003751583069659129
171	0.0003751583067140913
172	0.0003751583064563062
173	0.0003751583061805111
174	0.0003751583058946233
175	0.0003751583056014978
176	0.00037515830530361014
177	0.00037515830502808173
178	0.0003751583048113544
179	0.00037515830467604806
180	0.00037515830460256133
181	0.00037515830456062894
182	0.0003751583045103624
183	0.0003751583044406796
184	0.0003751583043468475
185	0.000375158304254034
186	0.00037515830415931313
187	0.0003751583040582652
188	0.00037515830394869976
189	0.0003751583038375889
190	0.0003751583037325039
191	0.00037515830366001825
192	0.00037515830362135565
193	0.0003751583036037896
194	0.00037515830360520234
195	0.000375158303602886
196	0.00037515830359446635
197	0.0003751583035836989
198	0.0003751583035703142
199	0.00037515830356003665
200	0.00037515830354492
201	0.0003751583035263614
202	0.0003751583035124246
203	0.0003751583034969545
204	0.00037515830349429914
205	0.00037515830348182274
206	0.00037515830346794267
207	0.00037515830346131
208	0.00037515830344735877
209	0.00037515830343860324
210	0.00037515830343306004
211	0.00037515830343275207
212	0.00037515830342656637
213	0.0003751583034139796
214	0.0003751583034121493
215	0.00037515830340872724
216	0.00037515830339990866
217	0.0003751583033960824
218	0.0003751583033938036
219	0.0003751583033933718
220	0.0003751583033891841
221	0.00037515830338734986
222	0.0003751583033878361
223	0.00037515830338253643
224	0.0003751583033862287
225	0.00037515830338296025
226	0.0003751583033803384
227	0.00037515830338272996
228	0.0003751583033810454
229	0.0003751583033791781
230	0.0003751583033813396
231	0.0003751583033778981
232	0.000375158303379313
233	0.0003751583033756914
234	0.0003751583033774166
235	0.0003751583033769814
236	0.0003751583033755986
237	0.00037515830337744817
238	0.0003751583033748005
239	0.0003751583033723441
240	0.00037515830337759827
241	0.00037515830337655326
242	0.0003751583033740897
243	0.00037515830337567116
244	0.00037515830337301237
245	0.000375158303375897
246	0.00037515830337137853
247	0.00037515830336722625
248	0.00037515830337341694
249	0.00037515830337701557
250	0.00037515830337165684
251	0.0003751583033729699
252	0.00037515830337455833
253	0.0003751583033724863
254	0.00037515830337310545
255	0.00037515830336810023
256	0.0003751583033713756
257	0.00037515830336843075
258	0.00037515830337354135
259	0.00037515830336915505
260	0.0003751583033727265
261	0.0003751583033701866
262	0.0003751583033720032
263	0.00037515830337267827
264	0.00037515830337404475
265	0.0003751583033727965
266	0.0003751583033695398
267	0.0003751583033724947
268	0.00037515830337164085
269	0.0003751583033735155
270	0.00037515830337373255
271	0.00037515830336948855
272	0.0003751583033726273
273	0.0003751583033707727
274	0.00037515830337230693
275	0.0003751583033734388
276	0.0003751583033762857
277	0.00037515830337260314
278	0.00037515830337537495
279	0.0003751583033727299
280	0.00037515830337314497
281	0.00037515830337330483
282	0.0003751583033713147
283	0.00037515830337165473
284	0.00037515830337346546
285	0.00037515830337178006
286	0.0003751583033720572
287	0.00037515830337336864
288	0.00037515830337373006
289	0.0003751583033701573
290	0.000375158303369974
291	0.00037515830337453855
292	0.0003751583033732143
293	0.0003751583033748966
294	0.0003751583033691147
295	0.00037515830337377375
296	0.000375158303370473
297	0.00037515830337523227
298	0.000375158303371158
