0	0.005505768517091413
1	0.00507971154847091
2	0.004809155691867824
3	0.004544271192862599
4	0.004295751656278039
5	0.00404948624037287
6	0.0037883787876534783
7	0.0035125619912170104
8	0.00323046792214141
9	0.0029503831530936875
10	0.0026786845696919474
11	0.002420172475723978
12	0.002178195221106097
13	0.001954690978778567
14	0.001750422915342519
15	0.0015653992719958042
16	0.0013993505851805687
17	0.0012518229772469104
18	0.001122040590929829
19	0.001008788663731076
20	0.0009104938176117304
21	0.0008255433627508068
22	0.0007525140697139266
23	0.0006901433874829628
24	0.0006371944264696803
25	0.0005923517941011892
26	0.0005542203208715379
27	0.0005214331367310196
28	0.0004928164685899872
29	0.0004675152849701382
30	0.0004450155871681432
31	0.000425085455282919
32	0.0004076690680935871
33	0.00039275724843776887
34	0.0003802816980035921
35	0.00037007402501456607
36	0.00036187794916889775
37	0.00035537175276350804
38	0.0003501861478417335
39	0.0003459384560360262
40	0.00034229079311919313
41	0.0003390013505903393
42	0.0003359359558636403
43	0.0003330430715573656
44	0.0003303180949818973
45	0.0003277749881398402
46	0.00032542658315795424
47	0.0003232705663297956
48	0.0003212841669559286
49	0.00031943154514320137
50	0.0003176795392492131
51	0.0003160108169312754
52	0.0003144273370184756
53	0.0003129454579904049
54	0.000311587535135435
55	0.0003103729414131296
56	0.00030930994024170986
57	0.0003083912333298706
58	0.00030759611998957404
59	0.0003068981673952708
60	0.00030627300794580246
61	0.0003057015915787214
62	0.00030516929836759923
63	0.00030466489628465127
64	0.000304181701526334
65	0.00030371920990999947
66	0.0003032822491448606
67	0.00030287748888942916
68	0.0003025099528616419
69	0.00030218168946878263
70	0.00030189233014622243
71	0.00030164014713517003
72	0.00030142294287347437
73	0.0003012387006495538
74	0.0003010856309309651
75	0.00030096130957925354
76	0.0003008615464385128
77	0.000300780096346089
78	0.00030070946702139836
79	0.00030064206296164214
80	0.00030057104848465766
81	0.000300491048218583
82	0.00030039885101650846
83	0.0003002937962354171
84	0.00030017754873144857
85	0.0003000535169167329
86	0.0002999262924162665
87	0.00029980104160704597
88	0.00029968260849230115
89	0.0002995745283987452
90	0.00029947848994601144
91	0.00029939449047408157
92	0.00029932142251645093
93	0.0002992576812653645
94	0.00029920154856429606
95	0.00029915129615784195
96	0.0002991051223243834
97	0.0002990611788342369
98	0.00029901785370654984
99	0.00029897414788383704
100	0.00029892981532728444
101	0.00029888516235425995
102	0.000298840710894093
103	0.00029879694564289953
104	0.000298754182523628
105	0.00029871252442453247
106	0.0002986719118199923
107	0.0002986322473097316
108	0.00029859349695811604
109	0.00029855570329796434
110	0.0002985189494051171
111	0.00029848332953905663
112	0.0002984489199656093
113	0.00029841573412897333
114	0.000298383692000872
115	0.0002983526330859683
116	0.0002983223597305208
117	0.0002982926872399182
118	0.00029826349292504773
119	0.0002982347455855316
120	0.00029820648806965335
121	0.0002981787848981287
122	0.0002981516849815376
123	0.0002981252232789461
124	0.00029809943431800676
125	0.00029807434897518084
126	0.0002980499791973867
127	0.0002980263089483787
128	0.00029800329651422244
129	0.0002979808852230059
130	0.0002979590167196558
131	0.00029793764004647303
132	0.00029791671324523524
133	0.0002978962034812619
134	0.00029787609056084504
135	0.0002978563692393422
136	0.00029783704560060106
137	0.0002978181306801724
138	0.00029779963534839565
139	0.0002977815660990183
140	0.0002977639220194139
141	0.0002977466955747505
142	0.00029772987635506707
143	0.00029771345362668414
144	0.0002976974170237937
145	0.00029768175756752406
146	0.0002976664692677246
147	0.00029765154953252714
148	0.00029763699787601326
149	0.0002976228134761661
150	0.0002976089921389298
151	0.0002975955249136375
152	0.00029758239982971
153	0.0002975696051536431
154	0.00029755713099833116
155	0.0002975449689865366
156	0.00029753311181077727
157	0.00029752155338881836
158	0.00029751028882271316
159	0.0002974993141128236
160	0.0002974886258285608
161	0.00029747822051814324
162	0.00029746809413245363
163	0.00029745824175909274
164	0.00029744865782603834
165	0.0002974393363656892
166	0.000297430271122015
167	0.0002974214557064264
168	0.00029741288366973417
169	0.0002974045487119748
170	0.00029739644495827043
171	0.0002973885672896976
172	0.0002973809112331849
173	0.00029737347268134174
174	0.00029736624756746037
175	0.00029735923166901966
176	0.00029735242048981736
177	0.00029734580922248635
178	0.0002973393928992944
179	0.00029733316649754285
180	0.00029732712517397975
181	0.00029732126434744933
182	0.0002973155796619003
183	0.0002973100669245576
184	0.00029730472201055575
185	0.0002972995409073053
186	0.000297294519682121
187	0.0002972896544668248
188	0.00029728494142975743
189	0.0002972803767382939
190	0.00029727595655873305
191	0.00029727167710393606
192	0.0002972675346297316
193	0.00029726352552125247
194	0.0002972596462509768
195	0.00029725589335371166
196	0.00029725226339168923
197	0.0002972487530081405
198	0.00029724535888840973
199	0.00029724207777564706
200	0.000297238906496071
201	0.0002972358419537539
202	0.0002972328811124194
203	0.00029723002102673385
204	0.0002972272588310077
205	0.0002972245916715524
206	0.00029722201677624455
207	0.00029721953141166753
208	0.0002972171329248233
209	0.00029721481872527623
210	0.00029721258628860316
211	0.00029721043313421817
212	0.0002972083568787635
213	0.0002972063551551482
214	0.00029720442566538843
215	0.0002972025661634178
216	0.0002972007744532402
217	0.00029719904839576905
218	0.00029719738588477164
219	0.0002971957848831782
220	0.0002971942434110969
221	0.0002971927595252385
222	0.00029719133134702423
223	0.00029718995704900873
224	0.0002971886348495139
225	0.0002971873630248839
226	0.0002971861399049458
227	0.00029718496382925434
228	0.0002971838332080472
229	0.00029718274650208243
230	0.0002971817021823555
231	0.0002971806987907591
232	0.0002971797349089901
233	0.0002971788091497557
234	0.00029717792017229907
235	0.00029717706668596077
236	0.00029717624742433196
237	0.0002971754611561744
238	0.0002971747067062367
239	0.0002971739829163094
240	0.00029717328866670477
241	0.0002971726228917689
242	0.0002971719845312396
243	0.000297171372578915
244	0.000297170786034155
245	0.00029717022396318435
246	0.00029716968544318383
247	0.0002971691695824909
248	0.0002971686755102731
249	0.0002971682024115033
250	0.000297167749465474
251	0.00029716731590343084
252	0.00029716690097255423
253	0.00029716650393858554
254	0.0002971661241029161
255	0.00029716576079530296
256	0.0002971654133501318
257	0.00029716508115271357
258	0.0002971647635705271
259	0.000297164460035466
260	0.00029716416997309353
261	0.0002971638928342116
262	0.0002971636280861829
263	0.0002971633752354053
264	0.00029716313378696347
265	0.0002971629032617002
266	0.0002971626832163014
267	0.0002971624732073891
268	0.0002971622728118459
269	0.0002971620816303701
270	0.0002971618992785786
271	0.0002971617253554358
272	0.00029716155952952514
273	0.000297161401442949
274	0.0002971612507685529
275	0.0002971611071698495
276	0.000297160970339812
277	0.0002971608400036556
278	0.0002971607158480682
279	0.0002971605976365137
280	0.00029716048507470196
281	0.0002971603779276701
282	0.00029716027594658934
283	0.0002971601788944689
284	0.00029716008657106
285	0.00029715999874532686
286	0.00029715991521398806
287	0.00029715983578426267
288	0.000297159760273878
289	0.0002971596884922027
290	0.0002971596202760855
291	0.00029715955545443247
292	0.0002971594938799776
293	0.0002971594353873144
294	0.00029715937983803165
295	0.0002971593270957728
296	0.0002971592770234256
297	0.0002971592294974169
298	0.0002971591844034147
299	0.0002971591416088413
300	0.0002971591010208246
301	0.0002971590625202698
302	0.0002971590260086284
303	0.00029715899139343176
304	0.00029715895857432837
305	0.0002971589274765109
306	0.00029715889801292927
307	0.00029715887008729616
308	0.00029715884364309956
309	0.00029715881859660066
310	0.0002971587948782655
311	0.00029715877242386023
312	0.00029715875117774306
313	0.0002971587310603024
314	0.0002971587120260973
315	0.0002971586940230282
316	0.0002971586769937731
317	0.00029715866089359094
318	0.0002971586456645998
319	0.00029715863127256103
320	0.0002971586176627691
321	0.00029715860481272237
322	0.0002971585926689126
323	0.00029715858119914204
324	0.0002971585703616031
325	0.00029715856012900064
326	0.0002971585504655031
327	0.0002971585413498836
328	0.00029715853274656366
329	0.0002971585246272934
330	0.0002971585169661746
331	0.00029715850974415645
332	0.00029715850292642376
333	0.00029715849651151187
334	0.00029715849045267
335	0.0002971584847428154
336	0.00029715847936939667
337	0.00029715847430798254
338	0.00029715846952964493
339	0.0002971584650393933
340	0.00029715846080544247
341	0.0002971584568183316
342	0.00029715845307053
343	0.00029715844954044865
344	0.00029715844622611303
345	0.0002971584431003249
346	0.00029715844015887154
347	0.0002971584374000155
348	0.0002971584348003289
349	0.00029715843236162665
350	0.0002971584300724352
351	0.00029715842791321805
352	0.00029715842588945066
353	0.0002971584239850384
354	0.0002971584222018787
355	0.0002971584205176381
356	0.0002971584189496011
357	0.000297158417468609
358	0.0002971584160852029
359	0.00029715841478086726
360	0.0002971584135714055
361	0.00029715841242248305
362	0.0002971584113526591
363	0.0002971584103424049
364	0.00029715840940271
365	0.00029715840852476583
366	0.0002971584077016236
367	0.000297158406926187
368	0.00029715840619964657
369	0.0002971584055241743
370	0.00029715840488045073
371	0.000297158404288345
372	0.00029715840373099807
373	0.00029715840320981374
374	0.00029715840272679023
375	0.00029715840227563013
376	0.00029715840184687544
377	0.00029715840144497677
378	0.0002971584010760109
379	0.0002971584007284603
380	0.00029715840040653535
381	0.00029715840009954676
382	0.00029715839981127524
383	0.0002971583995491463
384	0.0002971583993087148
385	0.00029715839908275193
386	0.00029715839886365137
387	0.0002971583986627808
388	0.0002971583984742375
389	0.0002971583982965524
390	0.00029715839814267237
391	0.000297158397989028
392	0.0002971583978544143
393	0.00029715839771536986
394	0.00029715839759646856
395	0.00029715839748147753
396	0.00029715839737603437
397	0.0002971583972768948
398	0.00029715839718431485
399	0.0002971583971038367
400	0.00029715839702065133
401	0.00029715839694980544
402	0.0002971583968788145
403	0.0002971583968140568
404	0.0002971583967604554
405	0.0002971583967006493
406	0.00029715839665514667
407	0.00029715839660391107
408	0.00029715839656276294
409	0.0002971583965198273
410	0.00029715839648143596
411	0.0002971583964496489
412	0.0002971583964161121
413	0.0002971583963846044
414	0.00029715839635969057
415	0.00029715839633666905
416	0.00029715839630702794
417	0.0002971583962879894
418	0.000297158396265306
419	0.00029715839624108064
420	0.0002971583962306275
421	0.0002971583962165593
422	0.00029715839619147264
423	0.0002971583961813377
424	0.0002971583961701652
425	0.0002971583961601821
426	0.0002971583961441488
427	0.0002971583961366794
428	0.0002971583961226702
429	0.00029715839612080326
430	0.000297158396111248
431	0.0002971583960997242
432	0.0002971583960924881
433	0.0002971583960892415
434	0.0002971583960801187
435	0.0002971583960737778
436	0.0002971583960679353
437	0.0002971583960618389
438	0.00029715839606035384
439	0.00029715839606334244
440	0.00029715839606055176
441	0.00029715839605788723
442	0.00029715839604616895
443	0.0002971583960443895
444	0.00029715839604365024
445	0.0002971583960498226
446	0.0002971583960433012
447	0.00029715839603455856
448	0.0002971583960348945
449	0.00029715839603672626
450	0.0002971583960330907
451	0.00029715839603540006
452	0.0002971583960300319
453	0.0002971583960307674
454	0.0002971583960294515
455	0.0002971583960286016
456	0.000297158396030657
457	0.00029715839602192164
458	0.0002971583960183718
459	0.000297158396026195
460	0.0002971583960234073
461	0.00029715839602364254
462	0.0002971583960227597
463	0.0002971583960207974
464	0.0002971583960204496
465	0.0002971583960189511
466	0.000297158396023534
467	0.0002971583960210231
468	0.0002971583960191041
469	0.0002971583960205386
470	0.0002971583960201051
471	0.0002971583960159167
472	0.00029715839602302433
473	0.000297158396023167
474	0.0002971583960165833
475	0.0002971583960273775
476	0.00029715839601890496
477	0.0002971583960184265
478	0.00029715839601813056
479	0.00029715839602120476
480	0.00029715839602041135
481	0.0002971583960126417
482	0.0002971583960165847
483	0.00029715839601551953
484	0.0002971583960192312
485	0.0002971583960152344
486	0.0002971583960217258
487	0.0002971583960152708
488	0.00029715839601967246
489	0.0002971583960146263
490	0.0002971583960121966
491	0.00029715839601810975
492	0.00029715839601667275
493	0.00029715839601532
494	0.000297158396013197
495	0.00029715839601382325
496	0.00029715839601710485
497	0.00029715839601890496
498	0.0002971583960174348
499	0.00029715839602237776
500	0.00029715839601498703
501	0.0002971583960165301
502	0.00029715839602267706
503	0.00029715839602269863
504	0.00029715839601392153
505	0.00029715839602102696
506	0.000297158396014301
507	0.0002971583960153454
508	0.00029715839601516267
509	0.0002971583960218746
510	0.00029715839601961386
511	0.000297158396020702
512	0.000297158396013803
513	0.0002971583960156093
514	0.0002971583960138975
515	0.00029715839601949097
516	0.0002971583960196528
517	0.0002971583960095699
518	0.0002971583960198515
519	0.00029715839601850017
520	0.0002971583960187042
521	0.00029715839601657425
522	0.00029715839601362706
523	0.000297158396019136
524	0.00029715839602055874
525	0.00029715839601857595
526	0.0002971583960122265
527	0.00029715839601203263
528	0.0002971583960135947
529	0.0002971583960190051
530	0.0002971583960136533
531	0.0002971583960171474
532	0.0002971583960124888
533	0.0002971583960164813
534	0.000297158396012708
535	0.00029715839602056693
536	0.00029715839601735764
537	0.00029715839601886
538	0.00029715839601595744
539	0.0002971583960157234
540	0.00029715839601805044
541	0.00029715839601328716
542	0.00029715839601666017
543	0.0002971583960120491
544	0.0002971583960152537
545	0.00029715839601601333
546	0.0002971583960102886
547	0.00029715839601770485
548	0.0002971583960135296
549	0.0002971583960123624
550	0.00029715839601683565
551	0.000297158396015452
552	0.0002971583960153733
553	0.0002971583960213592
554	0.0002971583960194615
555	0.0002971583960187559
556	0.00029715839601342784
557	0.0002971583960161105
558	0.00029715839601621906
559	0.00029715839601350986
560	0.0002971583960126046
561	0.00029715839601457145
562	0.0002971583960132902
563	0.0002971583960181313
564	0.0002971583960176123
565	0.00029715839602077466
566	0.0002971583960185107
567	0.0002971583960119689
568	0.00029715839601652145
