<Coefficient>
	 7 Total number of radial orbitals.
	Type	L	Zeta-Orbital
	  Bi 	0	    1
	   0.08075721356455
	   0.18445538900176
	   0.17914848511518
	   0.08735958746253
	  -0.01141188983473
	  -0.07798638381242
	  -0.10531811544120
	  -0.10100072097718
	  -0.07883363204009
	  -0.05072028183065
	  -0.02531050085120
	  -0.00702648506029
	   0.00311735216890
	   0.00615705891084
	   0.00465338066011
	   0.00108030414509
	  -0.00220200150185
	  -0.00432204203095
	  -0.00464594733295
	  -0.00380652959923
	  -0.00217409232037
	  -0.00080260462799
	   0.00031682359831
	   0.00060937591592
	   0.00066049960612
	   0.00018805621578
	   0.00000732375554
	  -0.00034384220915
	  -0.00015880277622
	  -0.00024562406497
	   0.00015235431978
	Type	L	Zeta-Orbital
	  Bi 	0	    2
	   0.43863750566861
	   0.24706634142177
	  -0.11248613561815
	  -0.18229671803794
	   0.06267828318459
	   0.25357884142669
	   0.40309767525950
	   0.37531117228798
	   0.28575305881987
	   0.16955506636028
	   0.08786570195803
	   0.01329980881615
	  -0.01746976826232
	  -0.03041322946127
	  -0.01244431888982
	  -0.00054388572417
	   0.02166811783810
	   0.02331751252809
	   0.02998634966841
	   0.01615400542349
	   0.01556963228528
	  -0.00011036699261
	   0.00347044718377
	  -0.00801613223467
	   0.00234015068816
	  -0.00666214940869
	   0.00627862006575
	  -0.00505839804487
	   0.00829380520966
	  -0.00725547143109
	   0.00903941304441
	Type	L	Zeta-Orbital
	  Bi 	1	    1
	  -0.12238770623096
	  -0.22323705999020
	  -0.20938078817230
	  -0.13149008537293
	  -0.05579392040481
	   0.00282311985349
	   0.03416003067106
	   0.04607741648356
	   0.04323198842587
	   0.03441058041159
	   0.02264865587546
	   0.01309381087439
	   0.00540815618841
	   0.00159223590085
	  -0.00081061714758
	  -0.00051929751273
	  -0.00070184662715
	   0.00044766474361
	   0.00011029223337
	   0.00086579899826
	  -0.00005065873423
	   0.00058152367862
	  -0.00044974842389
	   0.00042481270282
	  -0.00061177241986
	   0.00053389958525
	  -0.00062171783817
	   0.00072032561417
	  -0.00074837365703
	   0.00094974812390
	  -0.00147575940134
	Type	L	Zeta-Orbital
	  Bi 	1	    2
	   0.70367450638984
	   0.14990551795043
	  -0.56549098321857
	  -0.47593667357399
	  -0.18401327918465
	   0.13165266649434
	   0.30656626320239
	   0.34059145606695
	   0.25550649618326
	   0.17532880292605
	   0.10493039124668
	   0.05303869947244
	   0.01302192458614
	  -0.00761562901168
	  -0.01280336717064
	  -0.01045826286275
	  -0.00507692553714
	  -0.00291048212767
	   0.00351342653575
	  -0.00131817736786
	   0.00181185913975
	  -0.00397802787786
	   0.00273948793861
	  -0.00416831444887
	   0.00385231597469
	  -0.00500842661704
	   0.00560006965862
	  -0.00539789024404
	   0.00738153279283
	  -0.00802827739663
	   0.01434325999215
	Type	L	Zeta-Orbital
	  Bi 	2	    1
	   0.01349875053019
	   0.05695247415364
	   0.13080340342477
	   0.21818467381032
	   0.30091992751639
	   0.36721246684680
	   0.41139628016126
	   0.43224011764057
	   0.43181826526649
	   0.41381375095921
	   0.38229139920256
	   0.34093568169816
	   0.29462784629893
	   0.24615385408495
	   0.19881581418405
	   0.15517269394616
	   0.11650623866110
	   0.08397876107211
	   0.05779761565781
	   0.03758112013234
	   0.02305798736945
	   0.01304851899045
	   0.00676009283483
	   0.00299857450984
	   0.00114178623905
	   0.00024944875113
	   0.00004089575763
	  -0.00005085086747
	   0.00005484044921
	  -0.00000709272648
	   0.00015295461312
	Type	L	Zeta-Orbital
	  Bi 	2	    2
	  -0.19430174016272
	  -0.66797533246611
	  -0.70920362327381
	  -0.49295208042964
	  -0.20344994292203
	   0.02362957122254
	   0.21396066097513
	   0.30852936201891
	   0.34660287655553
	   0.34862517281007
	   0.34741642925692
	   0.32454709775656
	   0.29851978295424
	   0.25572025436220
	   0.22062029400134
	   0.17688811261144
	   0.14490380670390
	   0.10624482021001
	   0.08297981853093
	   0.05319554828962
	   0.04034301647525
	   0.01984432883959
	   0.01713398332959
	   0.00328267363006
	   0.00717489014181
	  -0.00328107754710
	   0.00504892440719
	  -0.00544096332118
	   0.00619740772590
	  -0.00758716290317
	   0.02153573513341
	Type	L	Zeta-Orbital
	  Bi 	3	    1
	  -0.00640887107782
	   0.43542073064791
	   0.75842618230156
	   0.83654267669829
	   0.76213799049226
	   0.63797305295526
	   0.43612874593141
	   0.28221370636094
	   0.20923809258755
	   0.17931443486604
	   0.13694057944206
	   0.10181193463692
	   0.06255761344655
	   0.04527239078408
	   0.02306781209277
	   0.01830273519642
	   0.00337000545324
	   0.00586213827195
	  -0.00443012071740
	   0.00305803490724
	  -0.00557340734107
	   0.00465601167336
	  -0.00500234968323
	   0.00579215745126
	  -0.00561834468640
	   0.00672397223891
	  -0.00624992672522
	   0.00807266891142
	  -0.00766212089012
	   0.00609130871955
	  -0.06336255147242
</Coefficient>
<Mkb>
Left spillage = 2.9634460575e-04
</Mkb>
