0	0.0035479591169363237
1	0.0028311195808428556
2	0.0023078236184825517
3	0.001931665423209522
4	0.0016498430682552016
5	0.0014281636975609691
6	0.001247059139930934
7	0.001095404800010457
8	0.0009687882090417144
9	0.0008655169715845821
10	0.0007825077153750296
11	0.0007149122414094634
12	0.00065831979150385
13	0.0006100431517766378
14	0.0005688215333137895
15	0.0005341633444515426
16	0.0005058163675628876
17	0.0004833973126029793
18	0.0004662847406445431
19	0.0004536482962124697
20	0.0004444492267348977
21	0.0004374520544844521
22	0.0004313949590045623
23	0.0004253061177690949
24	0.0004187157467703096
25	0.000411613839063407
26	0.00040427099919894296
27	0.0003970731696985682
28	0.0003903937054542889
29	0.0003844792789156364
30	0.00037939502078291275
31	0.00037506787060617264
32	0.00037137076579682975
33	0.0003681817517104039
34	0.0003654194800825685
35	0.00036305675311818213
36	0.00036108905499091556
37	0.0003594787612175074
38	0.0003581333589076376
39	0.0003569314795927803
40	0.0003557548519321556
41	0.0003544986071173864
42	0.0003530751286548769
43	0.00035142513751262416
44	0.0003495256575479783
45	0.0003473882479433677
46	0.0003450560770425705
47	0.00034260053654581714
48	0.0003401063586020199
49	0.00033764738309772374
50	0.0003352711351198659
51	0.0003329996697623204
52	0.00033083624940662577
53	0.00032877027333274417
54	0.0003267829146579892
55	0.00032485315272662887
56	0.00032296096988579853
57	0.0003210909189576787
58	0.00031923778171864494
59	0.0003174064366737782
60	0.0003156028430245172
61	0.00031382650597911875
62	0.0003120712977440468
63	0.00031032916706136466
64	0.0003085928797803899
65	0.00030686029608354467
66	0.00030513892321088474
67	0.00030344626710698147
68	0.000301805688691604
69	0.0003002395638278331
70	0.00029876210220666766
71	0.0002973771389597579
72	0.00029608295091424906
73	0.0002948779938161719
74	0.0002937625382500473
75	0.0002927381456832986
76	0.0002918069541467963
77	0.00029097021656928826
78	0.00029022694507416344
79	0.00028957350558606076
80	0.000289003461115943
81	0.0002885081866129856
82	0.0002880787552546244
83	0.00028770730619281926
84	0.0002873870016192953
85	0.00028711167237844805
86	0.0002868755257800561
87	0.00028667299505030563
88	0.00028649909870741416
89	0.00028634961777371655
90	0.0002862207653596865
91	0.0002861091836890727
92	0.00028601206523536305
93	0.0002859268028295821
94	0.00028585080186872657
95	0.000285781756981013
96	0.00028571789426573937
97	0.0002856580289167948
98	0.00028560139587602176
99	0.00028554737926694585
100	0.00028549553081651165
101	0.0002854456620709611
102	0.0002853977158199824
103	0.00028535173066016306
104	0.0002853079267731878
105	0.00028526663648999044
106	0.0002852281296830689
107	0.0002851924364923306
108	0.0002851592927205273
109	0.0002851283186846619
110	0.00028509920353138606
111	0.00028507174209823445
112	0.00028504582602964116
113	0.0002850213898463161
114	0.0002849983537378537
115	0.0002849766423932718
116	0.0002849562038020252
117	0.00028493700556372654
118	0.0002849190278893969
119	0.00028490223063135014
120	0.0002848865476446419
121	0.0002848719111366579
122	0.00028485825281979144
123	0.0002848455044869581
124	0.00028483359761501337
125	0.00028482245739657044
126	0.00028481201374804953
127	0.0002848022046104575
128	0.0002847929762655728
129	0.00028478429896260056
130	0.00028477616948615464
131	0.00028476859946146416
132	0.0002847615979645307
133	0.0002847551523896945
134	0.00028474922719876744
135	0.00028474377473421754
136	0.0002847387490291995
137	0.00028473411610868655
138	0.0002847298468950531
139	0.00028472590891288863
140	0.0002847222680049992
141	0.0002847188898775048
142	0.000284715742236076
143	0.00028471279710918953
144	0.00028471003232551285
145	0.00028470743053049123
146	0.00028470497438970026
147	0.00028470264697582595
148	0.00028470043543887504
149	0.0002846983310257885
150	0.00028469632760490455
151	0.0002846944191078116
152	0.0002846925982318266
153	0.00028469085731227964
154	0.00028468918955060804
155	0.0002846875906870026
156	0.000284686058614558
157	0.00028468459167476496
158	0.00028468318799914326
159	0.00028468184557190043
160	0.00028468056287591167
161	0.00028467933851755283
162	0.0002846781705733132
163	0.00028467705692942883
164	0.00028467599516979696
165	0.00028467498226689115
166	0.00028467401475145023
167	0.0002846730894279505
168	0.00028467220378926197
169	0.00028467135553161707
170	0.00028467054235413404
171	0.00028466976200999014
172	0.00028466901232717534
173	0.0002846682913716768
174	0.0002846675974961637
175	0.0002846669293330747
176	0.0002846662856612374
177	0.0002846656653613892
178	0.0002846650674151966
179	0.00028466449071123836
180	0.00028466393398171293
181	0.0002846633959319051
182	0.0002846628754957608
183	0.0002846623719458027
184	0.0002846618847508028
185	0.00028466141341245007
186	0.0002846609573186145
187	0.00028466051572361377
188	0.00028466008786220455
189	0.00028465967310101296
190	0.00028465927097689943
191	0.00028465888107416645
192	0.00028465850293840877
193	0.0002846581360707797
194	0.00028465777997781943
195	0.00028465743422451426
196	0.0002846570984330466
197	0.00028465677225097475
198	0.0002846564553166471
199	0.0002846561472670067
200	0.0002846558477474126
201	0.0002846555564135077
202	0.0002846552729384782
203	0.00028465499700949587
204	0.00028465472832179265
205	0.0002846544665753359
206	0.0002846542114837635
207	0.00028465396277798104
208	0.0002846537202038923
209	0.0002846534835160679
210	0.00028465325247385926
211	0.00028465302684590424
212	0.00028465280641743336
213	0.00028465259098757207
214	0.00028465238036269445
215	0.00028465217435253104
216	0.0002846519727744966
217	0.0002846517754547537
218	0.0002846515822282789
219	0.00028465139293869696
220	0.0002846512074357331
221	0.0002846510255736689
222	0.0002846508472119356
223	0.00028465067221596557
224	0.00028465050045744085
225	0.00028465033181346555
226	0.0002846501661655911
227	0.00028465000340072133
228	0.0002846498434095744
229	0.000284649686087932
230	0.0002846495313368634
231	0.000284649379061757
232	0.0002846492291731797
233	0.00028464908158633685
234	0.00028464893622040445
235	0.0002846487929978659
236	0.0002846486518447692
237	0.000284648512690274
238	0.00028464837546670756
239	0.00028464824010978907
240	0.0002846481065579686
241	0.0002846479747525289
242	0.0002846478446369942
243	0.0002846477161571368
244	0.00028464758926129515
245	0.0002846474639004087
246	0.0002846473400273929
247	0.000284647217597469
248	0.00028464709656725274
249	0.0002846469768954039
250	0.00028464685854249973
251	0.00028464674147073567
252	0.00028464662564382884
253	0.00028464651102726244
254	0.00028464639758801486
255	0.0002846462852943975
256	0.00028464617411610966
257	0.00028464606402415143
258	0.00028464595499070623
259	0.00028464584698927693
260	0.0002846457399939494
261	0.00028464563398072787
262	0.00028464552892607897
263	0.00028464542480706445
264	0.0002846453216024873
265	0.0002846452192911314
266	0.00028464511785324494
267	0.0002846450172693817
268	0.00028464491752093067
269	0.0002846448185902517
270	0.00028464472045992454
271	0.00028464462311370985
272	0.000284644526535314
273	0.0002846444307095466
274	0.00028464433562145735
275	0.0002846442412567962
276	0.00028464414760167895
277	0.0002846440546427061
278	0.00028464396236692704
279	0.0002846438707617075
280	0.00028464377981519685
281	0.00028464368951557165
282	0.00028464359985160226
283	0.0002846435108120087
284	0.000284643422386455
285	0.000284643334564061
286	0.0002846432473352596
287	0.00028464316069009394
288	0.0002846430746190114
289	0.00028464298911260783
290	0.0002846429041621092
291	0.00028464281975850467
292	0.0002846427358934657
293	0.00028464265255849193
294	0.0002846425697454243
295	0.00028464248744642615
296	0.000284642405653701
297	0.0002846423243595096
298	0.00028464224355660234
299	0.00028464216323774894
300	0.00028464208339559966
301	0.0002846420040235045
302	0.00028464192511460057
303	0.0002846418466620005
304	0.0002846417686593613
305	0.00028464169110045234
306	0.0002846416139786329
307	0.00028464153728814873
308	0.00028464146102258526
309	0.00028464138517626125
310	0.0002846413097430615
311	0.0002846412347176395
312	0.00028464116009410174
313	0.00028464108586702695
314	0.00028464101203086
315	0.0002846409385804037
316	0.000284640865510353
317	0.00028464079281531
318	0.00028464072049051996
319	0.0002846406485306383
320	0.00028464057693107617
321	0.00028464050568669257
322	0.0002846404347926733
323	0.0002846403642444915
324	0.00028464029403736256
325	0.00028464022416677885
326	0.0002846401546282222
327	0.0002846400854171038
328	0.00028464001652900414
329	0.00028463994795982316
330	0.00028463987970512835
331	0.000284639811760834
332	0.0002846397441225655
333	0.00028463967678630646
334	0.0002846396097480607
335	0.00028463954300385054
336	0.00028463947654960874
337	0.00028463941038164934
338	0.00028463934449609674
339	0.00028463927888904
340	0.00028463921355662523
341	0.0002846391484955663
342	0.0002846390837019429
343	0.0002846390191720337
344	0.0002846389549027433
345	0.0002846388908902642
346	0.00028463882713113234
347	0.00028463876362184103
348	0.0002846387003594488
349	0.00028463863734037084
350	0.00028463857456137773
351	0.0002846385120190342
352	0.00028463844971037726
353	0.0002846383876322982
354	0.000284638325781452
355	0.0002846382641549476
356	0.0002846382027497443
357	0.00028463814156278415
358	0.000284638080591255
359	0.000284638019831854
360	0.00028463795928230763
361	0.00028463789893932914
362	0.00028463783880020585
363	0.0002846377788624531
364	0.0002846377191229849
365	0.0002846376595792789
366	0.0002846376002287095
367	0.0002846375410685435
368	0.0002846374820963527
369	0.00028463742330950986
370	0.00028463736470546084
371	0.00028463730628165517
372	0.00028463724803609375
373	0.00028463718996575246
374	0.00028463713206877136
375	0.000284637074342322
376	0.0002846370167845169
377	0.0002846369593928476
378	0.00028463690216511356
379	0.00028463684509923766
380	0.00028463678819283793
381	0.0002846367314437223
382	0.0002846366748500437
383	0.00028463661840951
384	0.0002846365621201164
385	0.000284636505979712
386	0.0002846364499864347
387	0.00028463639413827844
388	0.0002846363384333474
389	0.00028463628286957504
390	0.00028463622744519473
391	0.0002846361721582368
392	0.0002846361170068278
393	0.00028463606198961863
394	0.00028463600710424694
395	0.00028463595234921055
396	0.0002846358977228148
397	0.0002846358432231571
398	0.00028463578884904185
399	0.00028463573459820593
400	0.00028463568046953314
401	0.0002846356264609594
402	0.0002846355725713871
403	0.00028463551879885684
404	0.00028463546514216615
405	0.0002846354115995531
406	0.0002846353581698541
407	0.0002846353048513172
408	0.00028463525164243957
409	0.0002846351985423143
410	0.0002846351455492035
411	0.0002846350926616885
412	0.0002846350398784663
413	0.00028463498719850185
414	0.00028463493462010166
415	0.00028463488214222334
416	0.00028463482976358296
417	0.00028463477748291683
418	0.0002846347252989781
419	0.0002846346732106852
420	0.00028463462121673384
421	0.00028463456931613837
422	0.00028463451750764733
423	0.0002846344657901717
424	0.00028463441416260474
425	0.0002846343626240497
426	0.00028463431117312625
427	0.00028463425980902084
428	0.0002846342085306666
429	0.00028463415733703953
430	0.0002846341062272954
431	0.0002846340552001187
432	0.00028463400425512113
433	0.00028463395339107546
434	0.00028463390260689527
435	0.0002846338519017236
436	0.0002846338012749794
437	0.00028463375072569066
438	0.00028463370025287436
439	0.00028463364985576714
440	0.00028463359953349686
441	0.00028463354928545535
442	0.000284633499110735
443	0.000284633449008467
444	0.0002846333989780943
445	0.00028463334901875244
446	0.0002846332991297925
447	0.0002846332493102644
448	0.00028463319955999956
449	0.00028463314987785384
450	0.00028463310026308734
451	0.0002846330507156381
452	0.00028463300123411
453	0.0002846329518185184
454	0.0002846329024678099
455	0.0002846328531815577
456	0.00028463280395928374
457	0.0002846327548003542
458	0.0002846327057038423
459	0.000284632656669671
460	0.0002846326076970918
461	0.00028463255878569214
462	0.0002846325099347776
463	0.0002846324611439135
464	0.00028463241241261886
465	0.0002846323637404216
466	0.000284632315126779
467	0.00028463226657131666
468	0.00028463221807362567
469	0.00028463216963308286
470	0.0002846321212494167
471	0.00028463207292198973
472	0.0002846320246508646
473	0.0002846319764351096
474	0.0002846319282744972
475	0.00028463188016877806
476	0.0002846318321176025
477	0.00028463178412031613
478	0.0002846317361767354
479	0.0002846316882865007
480	0.0002846316404494664
481	0.0002846315926649916
482	0.00028463154493287387
483	0.00028463149725280423
484	0.00028463144962454537
485	0.00028463140204764526
486	0.0002846313545218923
487	0.0002846313070471808
488	0.0002846312596229706
489	0.0002846312122490445
490	0.00028463116492524743
491	0.0002846311176512967
492	0.00028463107042674205
493	0.00028463102325183625
494	0.00028463097612589357
495	0.0002846309290486751
496	0.00028463088202030295
497	0.0002846308350404033
498	0.00028463078810855153
499	0.00028463074122491203
500	0.0002846306943890145
501	0.00028463064760092744
502	0.0002846306008603234
503	0.0002846305541669396
504	0.0002846305075206211
505	0.0002846304609213768
506	0.000284630414368828
507	0.0002846303678630711
508	0.00028463032140380815
509	0.000284630274990857
510	0.00028463022862413516
511	0.00028463018230359
512	0.0002846301360289975
513	0.00028463008980031016
514	0.0002846300436173163
515	0.00028462999747981544
516	0.0002846299513878975
517	0.00028462990534139815
518	0.0002846298593401558
519	0.00028462981338417805
520	0.0002846297674733549
521	0.00028462972160756586
522	0.00028462967578650645
523	0.0002846296300106044
524	0.0002846295842792032
525	0.0002846295385928183
526	0.00028462949295084323
527	0.0002846294473534814
528	0.0002846294018006283
529	0.00028462935629243306
530	0.0002846293108284061
531	0.0002846292654088875
532	0.000284629220033608
533	0.0002846291747025447
534	0.000284629129415961
535	0.0002846290841732645
536	0.00028462903897493716
537	0.0002846289938206552
538	0.000284628948710398
539	0.000284628903644368
540	0.00028462885862209946
541	0.0002846288136442274
542	0.00028462876871023196
543	0.0002846287238199857
544	0.00028462867897389787
545	0.0002846286341718071
546	0.00028462858941364006
547	0.00028462854469938557
548	0.0002846285000291935
549	0.0002846284554028124
550	0.0002846284108203615
551	0.0002846283662818897
552	0.00028462832178749534
553	0.0002846282773369557
554	0.0002846282329303476
555	0.0002846281885676477
556	0.0002846281442491616
557	0.00028462809997454935
558	0.00028462805574399014
559	0.0002846280115575686
560	0.0002846279674149952
561	0.0002846279233166697
562	0.0002846278792622757
563	0.0002846278352521895
564	0.00028462779128628446
565	0.0002846277473644329
566	0.0002846277034869611
567	0.00028462765965361523
568	0.00028462761586444014
569	0.00028462757211984724
570	0.0002846275284193402
571	0.0002846274847632797
572	0.00028462744115175664
573	0.0002846273975846895
574	0.0002846273540618896
575	0.0002846273105838284
576	0.00028462726715027724
577	0.0002846272237612782
578	0.0002846271804170066
579	0.0002846271371176098
580	0.000284627093862696
581	0.00028462705065275567
582	0.0002846270074875754
583	0.00028462696436733334
584	0.0002846269212922061
585	0.00028462687826177045
586	0.0002846268352765296
587	0.00028462679233632254
588	0.00028462674944137984
589	0.00028462670659155703
590	0.00028462666378700806
591	0.0002846266210278206
592	0.0002846265783140201
593	0.000284626535645512
594	0.00028462649302249616
595	0.00028462645044513536
596	0.0002846264079132927
597	0.0002846263654271509
598	0.0002846263229865745
599	0.00028462628059189787
600	0.0002846262382430381
601	0.0002846261959400817
602	0.000284626153683037
603	0.00028462611147189997
604	0.0002846260693070263
605	0.00028462602718807423
606	0.00028462598511550197
607	0.00028462594308905053
608	0.00028462590110892223
609	0.00028462585917528674
610	0.0002846258172880724
611	0.00028462577544721636
612	0.0002846257336529943
613	0.00028462569190533505
614	0.0002846256502045333
615	0.00028462560855038065
616	0.00028462556694302713
617	0.00028462552538269746
618	0.0002846254838690947
619	0.00028462544240266197
620	0.00028462540098319683
621	0.0002846253596109961
622	0.0002846253182859182
623	0.000284625277007949
624	0.0002846252357776631
625	0.0002846251945945345
626	0.00028462515345895815
627	0.0002846251123707621
628	0.00028462507133026054
629	0.0002846250303374503
630	0.0002846249893923415
631	0.00028462494849485674
632	0.0002846249076454401
633	0.000284624866843785
634	0.0002846248260902314
635	0.0002846247853845422
636	0.0002846247447272686
637	0.00028462470411790583
638	0.000284624663556897
639	0.0002846246230440477
640	0.00028462458257961235
641	0.00028462454216357855
642	0.0002846245017960728
643	0.00028462446147714055
644	0.00028462442120668924
645	0.00028462438098517123
646	0.0002846243408122322
647	0.00028462430068807885
648	0.000284624260612764
649	0.00028462422058646774
650	0.00028462418060901806
651	0.00028462414068075505
652	0.00028462410080160104
653	0.00028462406097155195
654	0.00028462402119077286
655	0.00028462398145927097
656	0.00028462394177720095
657	0.000284623902144452
658	0.00028462386256124564
659	0.0002846238230274647
660	0.00028462378354340514
661	0.0002846237441088413
662	0.00028462370472422013
663	0.0002846236653892279
664	0.00028462362610405176
665	0.0002846235868687369
666	0.00028462354768336737
667	0.00028462350854819944
668	0.0002846234694629181
669	0.0002846234304278424
670	0.000284623391442943
671	0.000284623352508184
672	0.0002846233136238519
673	0.0002846232747897552
674	0.00028462323600610985
675	0.0002846231972728632
676	0.00028462315859021866
677	0.00028462311995809566
678	0.00028462308137650104
679	0.00028462304284566437
680	0.0002846230043655129
681	0.0002846229659362746
682	0.0002846229275576407
683	0.0002846228892301731
684	0.00028462285095337417
685	0.00028462281272783945
686	0.00028462277455312146
687	0.0002846227364296117
688	0.00028462269835719185
689	0.0002846226603360464
690	0.0002846226223658756
691	0.00028462258444730967
692	0.0002846225465800347
693	0.00028462250876412393
694	0.00028462247099948345
695	0.0002846224332865589
696	0.0002846223956250067
697	0.0002846223580151331
698	0.000284622320456973
699	0.0002846222829503267
700	0.00028462224549538016
701	0.00028462220809232245
702	0.000284622170741155
703	0.00028462213344163876
704	0.0002846220961941057
705	0.00028462205899850703
706	0.0002846220218549335
707	0.00028462198476338855
708	0.00028462194772386763
709	0.0002846219107364928
710	0.0002846218738013121
711	0.00028462183691834874
712	0.00028462180008758504
713	0.0002846217633091871
714	0.0002846217265829707
715	0.0002846216899092915
716	0.00028462165328802674
717	0.0002846216167189627
718	0.0002846215802026652
719	0.0002846215437387016
720	0.00028462150732740295
721	0.0002846214709687282
722	0.00028462143466261724
723	0.000284621398409225
724	0.0002846213622085054
725	0.0002846213260605067
726	0.00028462128996537976
727	0.00028462125392308485
728	0.00028462121793361406
729	0.0002846211819969366
730	0.0002846211461132403
731	0.00028462111028255906
732	0.000284621074504822
733	0.0002846210387800687
734	0.0002846210031084896
735	0.00028462096748995504
736	0.0002846209319246904
737	0.0002846208964122236
738	0.00028462086095313026
739	0.0002846208255472153
740	0.0002846207901946427
741	0.00028462075489517856
742	0.0002846207196492046
743	0.0002846206844564883
744	0.0002846206493171187
745	0.0002846206142311222
746	0.00028462057919851003
747	0.00028462054421940524
748	0.0002846205092937066
749	0.0002846204744216026
750	0.00028462043960294955
751	0.0002846204048379497
752	0.0002846203701264026
753	0.00028462033546843143
754	0.00028462030086421686
755	0.0002846202663136183
756	0.0002846202318165403
757	0.0002846201973733079
758	0.0002846201629836449
759	0.0002846201286479096
760	0.00028462009436592493
761	0.0002846200601376559
762	0.0002846200259631644
763	0.0002846199918424597
764	0.0002846199577756445
765	0.0002846199237628014
766	0.0002846198898037855
767	0.00028461985589869806
768	0.0002846198220474429
769	0.0002846197882501344
770	0.0002846197545069214
771	0.000284619720817532
772	0.0002846196871821699
773	0.0002846196536009116
774	0.0002846196200735
775	0.0002846195866003516
776	0.00028461955318126344
777	0.0002846195198160468
778	0.00028461948650501835
779	0.00028461945324814817
780	0.0002846194200453464
781	0.00028461938689675856
782	0.00028461935380241104
783	0.00028461932076188033
784	0.0002846192877757008
785	0.00028461925484379874
786	0.00028461922196602716
787	0.00028461918914250006
788	0.00028461915637313515
789	0.0002846191236578985
790	0.0002846190909971401
791	0.0002846190583904243
792	0.00028461902583805365
793	0.00028461899334011485
794	0.0002846189608962528
795	0.00028461892850679797
796	0.00028461889617155915
797	0.00028461886389060683
798	0.00028461883166403933
799	0.00028461879949180326
800	0.0002846187673737456
801	0.0002846187353101292
802	0.0002846187033009067
803	0.00028461867134593603
804	0.0002846186394454132
805	0.00028461860759916515
806	0.000284618575807218
807	0.00028461854406979024
808	0.00028461851238667784
809	0.0002846184807578407
810	0.0002846184491835797
811	0.0002846184176634278
812	0.0002846183861978553
813	0.0002846183547863885
814	0.00028461832342970207
815	0.0002846182921271823
816	0.00028461826087897976
817	0.0002846182296852686
818	0.00028461819854595853
819	0.00028461816746090153
820	0.0002846181364303817
821	0.00028461810545419956
822	0.00028461807453233825
823	0.0002846180436648138
824	0.0002846180128518764
825	0.0002846179820932241
826	0.00028461795138885846
827	0.0002846179207389548
828	0.000284617890143454
829	0.0002846178596022563
830	0.0002846178291153865
831	0.00028461779868285567
832	0.0002846177683048241
833	0.00028461773798098153
834	0.0002846177077115898
835	0.00028461767749647746
836	0.00028461764733575393
837	0.0002846176172292008
838	0.0002846175871770342
839	0.00028461755717917506
840	0.0002846175272356894
841	0.000284617497346466
842	0.00028461746751158227
843	0.00028461743773086314
844	0.00028461740800446775
845	0.00028461737833231684
846	0.00028461734871439056
847	0.00028461731915077696
848	0.00028461728964141467
849	0.0002846172601861624
850	0.00028461723078526365
851	0.0002846172014384292
852	0.0002846171721458414
853	0.0002846171429074901
854	0.00028461711372317565
855	0.0002846170845931035
856	0.0002846170555170291
857	0.0002846170264952141
858	0.00028461699752755005
859	0.0002846169686138838
860	0.0002846169397543437
861	0.00028461691094891576
862	0.00028461688219756214
863	0.0002846168535002671
864	0.00028461682485688995
865	0.0002846167962675522
866	0.00028461676773217505
867	0.00028461673925085347
868	0.0002846167108236351
869	0.0002846166824502796
870	0.00028461665413076785
871	0.00028461662586519985
872	0.0002846165976535963
873	0.0002846165694957317
874	0.00028461654139185275
875	0.00028461651334180533
876	0.00028461648534536835
877	0.0002846164574029653
878	0.00028461642951439444
879	0.0002846164016796351
880	0.0002846163738984614
881	0.00028461634617085995
882	0.0002846163184971918
883	0.000284616290877344
884	0.0002846162633109684
885	0.0002846162357982375
886	0.00028461620833907333
887	0.0002846161809336676
888	0.00028461615358183146
889	0.00028461612628343435
890	0.00028461609903857006
891	0.00028461607184737035
892	0.00028461604470963694
893	0.00028461601762523386
894	0.00028461599059432667
895	0.00028461596361675936
896	0.00028461593669263383
897	0.000284615909821989
898	0.0002846158830046125
899	0.0002846158562405378
900	0.00028461582952980596
901	0.0002846158028722345
902	0.00028461577626798777
903	0.0002846157497169968
904	0.00028461572321907344
905	0.0002846156967743358
906	0.00028461567038282184
907	0.00028461564404436845
908	0.0002846156177589008
909	0.0002846155915266316
910	0.0002846155653473375
911	0.00028461553922109323
912	0.0002846155131477261
913	0.0002846154871274058
914	0.0002846154611597854
915	0.0002846154352452378
916	0.0002846154093833743
917	0.0002846153835744516
918	0.00028461535781840956
919	0.0002846153321149362
920	0.00028461530646420666
921	0.00028461528086625516
922	0.0002846152553209681
923	0.00028461522982831897
924	0.0002846152043881891
925	0.0002846151790007144
926	0.00028461515366573774
927	0.00028461512838323443
928	0.00028461510315325487
929	0.0002846150779756683
930	0.00028461505285058084
931	0.0002846150277778414
932	0.0002846150027573427
933	0.0002846149777891484
934	0.0002846149528732647
935	0.0002846149280098074
936	0.00028461490319830703
937	0.00028461487843919675
938	0.00028461485373195696
939	0.00028461482907698565
940	0.0002846148044740543
941	0.00028461477992308465
942	0.000284614755424097
943	0.000284614730977083
944	0.00028461470658207435
945	0.00028461468223888646
946	0.0002846146579475519
947	0.0002846146337080512
948	0.00028461460952014257
949	0.00028461458538409367
950	0.0002846145612998336
951	0.00028461453726714265
952	0.00028461451328601085
953	0.0002846144893564537
954	0.00028461446547857895
955	0.00028461444165210354
956	0.00028461441787711576
957	0.0002846143941534936
958	0.0002846143704814113
959	0.0002846143468604242
960	0.0002846143232910063
961	0.0002846142997726648
962	0.00028461427630556473
963	0.0002846142528895753
964	0.00028461422952474793
965	0.0002846142062112067
966	0.0002846141829484524
967	0.0002846141597369398
968	0.00028461413657639747
969	0.0002846141134666003
970	0.0002846140904078232
971	0.00028461406739990156
972	0.0002846140444427292
973	0.0002846140215363049
974	0.00028461399868073806
975	0.0002846139758759464
976	0.0002846139531220661
977	0.0002846139304191905
978	0.0002846139077685271
979	0.0002846138851721883
980	0.00028461386263558907
981	0.00028461384017337366
982	0.000284613817821449
983	0.000284613795673107
984	0.00028461377396761365
985	0.0002846137533253078
986	0.00028461373536185964
987	0.00028461372431259164
988	0.00028461373134290396
989	0.000284613786049433
990	0.0002846139672462081
991	0.0002846144852991433
992	0.00028461589971253863
993	0.0002846196697681559
994	0.00028462936617355854
995	0.0002846521404544263
996	0.0002846940057009188
997	0.000284731060787692
998	0.000284698707743267
999	0.000284624557601551
1000	0.0002846290156145354
1001	0.0002846780771214112
1002	0.00028465407350894244
1003	0.0002846134797531045
1004	0.00028464312908617405
1005	0.0002846533001936713
1006	0.00028461714968216323
1007	0.0002846263585084745
1008	0.0002846440047827117
1009	0.00028461926096645283
1010	0.0002846195197384463
1011	0.00028463549136685025
1012	0.00028461909022933015
1013	0.00028461663985163604
1014	0.00028462919553515496
1015	0.0002846179719434185
1016	0.0002846153066583823
1017	0.0002846247008656089
1018	0.0002846167192864716
1019	0.00028461459247273915
1020	0.00028462147996429377
1021	0.0002846156330398748
1022	0.0002846141461034694
1023	0.00028461913549284926
1024	0.00028461479313829596
1025	0.000284613815505522
1026	0.00028461741826528957
1027	0.00028461416720346877
1028	0.0002846135541601577
1029	0.00028461614243861447
1030	0.0002846137174703386
1031	0.0002846133290055514
1032	0.000284615193573012
1033	0.00028461339058560116
1034	0.0002846131342254334
1035	0.00028461448246669657
1036	0.00028461314933610785
1037	0.00028461296640663056
1038	0.0002846139438910081
1039	0.00028461296899416426
1040	0.0002846128188800947
1041	0.00028461353523336796
1042	0.00028461282627565836
1043	0.00028461269260620986
1044	0.00028461321907634443
1045	0.0002846127105524816
1046	0.00028461258269768736
1047	0.0002846129720535521
1048	0.00028461261152624946
1049	0.0002846124876225967
1050	0.00028461277490035434
1051	0.0002846125240823725
1052	0.0002846124041477957
1053	0.0002846126147636433
1054	0.0002846124440093492
1055	0.00028461233029620044
1056	0.00028461248160634276
1057	0.00028461236931933743
1058	0.00028461226348448386
1059	0.0002846123688270653
1060	0.0002846122981400673
1061	0.0002846122020008383
1062	0.0002846122713780878
1063	0.00028461222941973967
1064	0.00028461214443783165
1065	0.00028461218546566475
1066	0.0002846121627485059
1067	0.00028461208931435805
1068	0.0002846121086337594
1069	0.00028461209756070035
1070	0.0002846120358342902
1071	0.00028461203872946105
1072	0.00028461203382063515
1073	0.00028461198320215586
1074	0.0002846119742259666
1075	0.0002846119715108675
1076	0.00028461193085423613
1077	0.0002846119139294887
1078	0.0002846119106244461
1079	0.0002846118784962445
1080	0.00028461185679655925
1081	0.0002846118512619382
1082	0.0002846118259246995
1083	0.0002846118020245547
1084	0.0002846117934424299
1085	0.0002846117731289804
1086	0.0002846117489052366
1087	0.00028461173718591793
1088	0.00028461172017122625
1089	0.0002846116969023312
1090	0.00028461168241593473
1091	0.0002846116672226747
1092	0.000284611645579182
1093	0.0002846116290146565
1094	0.0002846116144733534
1095	0.00028461159463807786
1096	0.00028461157680695045
1097	0.0002846115621093603
1098	0.000284611543915716
1099	0.0002846115255690029
1100	0.0002846115102985495
1101	0.000284611493341786
1102	0.00028461147508543414
1103	0.0002846114591373675
1104	0.00028461144294331965
1105	0.0002846114251561197
1106	0.0002846114086603224
1107	0.0002846113927982734
1108	0.000284611375629356
1109	0.0002846113588406135
1110	0.00028461134300262537
1111	0.0002846113264163276
1112	0.00028461130960524925
1113	0.00028461129364127925
1114	0.0002846112774877864
1115	0.00028461126086422507
1116	0.00028461124476488896
1117	0.00028461122886335285
1118	0.0002846112125347737
1119	0.0002846111963832878
1120	0.0002846111805874259
1121	0.0002846111645613708
1122	0.00028461114847256236
1123	0.00028461113270488966
1124	0.00028461111692368475
1125	0.0002846111009900343
1126	0.00028461108524529454
1127	0.0002846110696288487
1128	0.00028461105389466135
1129	0.0002846110382134515
1130	0.0002846110226997917
1131	0.00028461100716031037
1132	0.0002846109915944789
1133	0.00028461097615882416
1134	0.00028461096077986
1135	0.0002846109453651554
1136	0.00028461093001617884
1137	0.0002846109147613366
1138	0.000284610899505758
1139	0.00028461088426828005
1140	0.00028461086911708063
1141	0.0002846108540074958
1142	0.000284610838903093
1143	0.0002846108238551987
1144	0.0002846108088716762
1145	0.00028461079390751707
1146	0.0002846107789747354
1147	0.0002846107641044943
1148	0.0002846107492747316
1149	0.00028461073446862803
1150	0.00028461071971037677
1151	0.00028461070500405744
1152	0.0002846106903287712
1153	0.00028461067568841687
1154	0.00028461066109869914
1155	0.0002846106465502459
1156	0.00028461063203373
1157	0.00028461061755980334
1158	0.0002846106031324099
1159	0.00028461058874108114
1160	0.0002846105743863336
1161	0.0002846105600759582
1162	0.00028461054580716935
1163	0.0002846105315742571
1164	0.000284610517381187
1165	0.00028461050323092365
1166	0.0002846104891197548
1167	0.0002846104750458217
1168	0.0002846104610127057
1169	0.0002846104470206966
1170	0.0002846104330665582
1171	0.0002846104191509321
1172	0.00028461040527623274
1173	0.00028461039144092696
1174	0.0002846103776435546
1175	0.0002846103638852722
1176	0.00028461035016715127
1177	0.0002846103364876566
1178	0.0002846103228462852
1179	0.00028461030924412106
1180	0.00028461029568134077
1181	0.00028461028215665885
1182	0.00028461026867041694
1183	0.0002846102552230354
1184	0.00028461024181435156
1185	0.0002846102284437466
1186	0.00028461021511149787
1187	0.0002846102018176948
1188	0.000284610188562111
1189	0.00028461017534464476
1190	0.00028461016216505604
1191	0.0002846101490237492
1192	0.000284610135920444
1193	0.000284610122854653
1194	0.0002846101098268212
1195	0.0002846100968369018
1196	0.00028461008388455146
1197	0.0002846100709697037
1198	0.0002846100580924598
1199	0.00028461004525275117
1200	0.00028461003245041825
1201	0.000284610019685338
1202	0.0002846100069575311
1203	0.0002846099942671282
1204	0.00028460998161363967
1205	0.00028460996899731035
1206	0.0002846099564179027
1207	0.0002846099438753824
1208	0.00028460993136973596
1209	0.00028460991890087977
1210	0.0002846099064687852
1211	0.0002846098940733379
1212	0.00028460988171453066
1213	0.0002846098693921294
1214	0.0002846098571062696
1215	0.0002846098448567196
1216	0.0002846098326435148
1217	0.0002846098204664947
1218	0.0002846098083256147
1219	0.000284609796220814
1220	0.0002846097841521371
1221	0.00028460977211943454
1222	0.00028460976012262555
1223	0.00028460974816153783
1224	0.0002846097362363154
1225	0.0002846097243467358
1226	0.000284609712492711
1227	0.0002846097006744066
1228	0.00028460968889155113
1229	0.0002846096771440524
1230	0.0002846096654319329
1231	0.0002846096537550433
1232	0.00028460964211334775
1233	0.00028460963050683724
1234	0.0002846096189354326
1235	0.00028460960739907246
1236	0.0002846095958974781
1237	0.00028460958443080845
1238	0.0002846095729989723
1239	0.0002846095616018547
1240	0.00028460955023945324
1241	0.0002846095389116087
1242	0.00028460952761828507
1243	0.0002846095163594567
1244	0.00028460950513486835
1245	0.0002846094939446973
1246	0.00028460948278878943
1247	0.0002846094716670052
1248	0.00028460946057927737
1249	0.00028460944952571023
1250	0.00028460943850615344
1251	0.0002846094275205203
1252	0.0002846094165685915
1253	0.00028460940565051964
1254	0.00028460939476599757
1255	0.0002846093839152719
1256	0.00028460937309793765
1257	0.0002846093623142996
1258	0.0002846093515639437
1259	0.0002846093408470205
1260	0.00028460933016337647
1261	0.00028460931951285526
1262	0.0002846093088955406
1263	0.00028460929831132634
1264	0.00028460928776008135
1265	0.00028460927724183394
1266	0.00028460926675642203
1267	0.0002846092563038303
1268	0.0002846092458840849
1269	0.0002846092354968111
1270	0.0002846092251422153
1271	0.0002846092148201821
1272	0.0002846092045305272
1273	0.0002846091942733741
1274	0.0002846091840485038
1275	0.0002846091738558633
1276	0.00028460916369544393
1277	0.00028460915356721213
1278	0.00028460914347089094
1279	0.00028460913340662213
1280	0.00028460912337424795
1281	0.00028460911337379376
1282	0.000284609103404993
1283	0.00028460909346793203
1284	0.00028460908356272105
1285	0.00028460907368882475
1286	0.00028460906384652714
1287	0.0002846090540357021
1288	0.00028460904425623936
1289	0.00028460903450802644
1290	0.00028460902479112815
1291	0.0002846090151053338
1292	0.0002846090054506097
1293	0.0002846089958269565
1294	0.0002846089862342179
1295	0.00028460897667243194
1296	0.00028460896714138434
1297	0.00028460895764126826
1298	0.00028460894817155787
1299	0.0002846089387326486
1300	0.00028460892932439917
1301	0.0002846089199465858
1302	0.00028460891059903714
1303	0.0002846089012819574
1304	0.0002846088919949964
1305	0.00028460888273837724
1306	0.00028460887351185307
1307	0.0002846088643155849
1308	0.0002846088551491583
1309	0.00028460884601256783
1310	0.0002846088369060987
1311	0.00028460882782928423
1312	0.00028460881878232275
1313	0.0002846088097649257
1314	0.00028460880077710256
1315	0.00028460879181884253
1316	0.0002846087828901629
1317	0.0002846087739908644
1318	0.00028460876512084266
1319	0.0002846087562800472
1320	0.00028460874746859694
1321	0.00028460873868612756
1322	0.0002846087299327539
1323	0.00028460872120844073
1324	0.00028460871251307377
1325	0.00028460870384656404
1326	0.00028460869520887104
1327	0.00028460868659978684
1328	0.0002846086780193952
1329	0.0002846086694676379
1330	0.0002846086609444421
1331	0.0002846086524497183
1332	0.0002846086439832453
1333	0.0002846086355452641
1334	0.00028460862713547473
1335	0.00028460861875391626
1336	0.0002846086104004528
1337	0.0002846086020750786
1338	0.00028460859377766614
1339	0.0002846085855083192
1340	0.0002846085772666463
1341	0.0002846085690528103
1342	0.0002846085608668695
1343	0.0002846085527084165
1344	0.00028460854457765695
1345	0.00028460853647433435
1346	0.00028460852839861306
1347	0.0002846085203501269
1348	0.00028460851232916883
1349	0.00028460850433543127
1350	0.0002846084963687111
1351	0.0002846084884292781
1352	0.00028460848051696877
1353	0.0002846084726315806
1354	0.0002846084647731042
1355	0.0002846084569415356
1356	0.00028460844913671485
1357	0.0002846084413587834
1358	0.0002846084336073213
1359	0.00028460842588262707
1360	0.0002846084181845042
1361	0.0002846084105128982
1362	0.0002846084028675631
1363	0.00028460839524862224
1364	0.0002846083876560662
1365	0.00028460838008954723
1366	0.0002846083725492023
1367	0.0002846083650350945
1368	0.0002846083575469909
1369	0.00028460835008486105
1370	0.00028460834264856853
1371	0.00028460833523801367
1372	0.0002846083278533617
1373	0.00028460832049428627
1374	0.00028460831316088866
1375	0.0002846083058532401
1376	0.0002846082985708408
1377	0.00028460829131399777
1378	0.00028460828408263296
1379	0.0002846082768764283
1380	0.00028460826969563
1381	0.000284608262539806
1382	0.0002846082554093123
1383	0.0002846082483037968
1384	0.00028460824122321024
1385	0.0002846082341676293
1386	0.0002846082271368429
1387	0.00028460822013096396
1388	0.00028460821314963677
1389	0.00028460820619313065
1390	0.0002846081992613482
1391	0.0002846081923540112
1392	0.00028460818547111367
1393	0.00028460817861263076
1394	0.0002846081717785105
1395	0.0002846081649687644
1396	0.00028460815818317803
1397	0.0002846081514217395
1398	0.00028460814468445365
1399	0.0002846081379712269
1400	0.00028460813128192814
1401	0.0002846081246165699
1402	0.0002846081179751222
1403	0.0002846081113574382
1404	0.0002846081047633727
1405	0.0002846080981930178
1406	0.0002846080916464134
1407	0.0002846080851231299
1408	0.0002846080786235612
1409	0.00028460807214719295
1410	0.00028460806569433766
1411	0.0002846080592647014
1412	0.00028460805285823385
1413	0.000284608046475052
1414	0.0002846080401148675
1415	0.0002846080337778286
1416	0.0002846080274637179
1417	0.0002846080211725701
1418	0.00028460801490429497
1419	0.00028460800865875557
1420	0.00028460800243588206
1421	0.0002846079962358392
1422	0.0002846079900583263
1423	0.0002846079839033465
1424	0.0002846079777709106
1425	0.0002846079716609082
1426	0.00028460796557319256
1427	0.00028460795950783645
1428	0.00028460795346481294
1429	0.0002846079474437927
1430	0.00028460794144515093
1431	0.0002846079354683373
1432	0.00028460792951362116
1433	0.00028460792358078486
1434	0.00028460791766997726
1435	0.00028460791178088043
1436	0.0002846079059136445
1437	0.00028460790006795954
1438	0.0002846078942440618
1439	0.000284607888441628
1440	0.0002846078826607578
1441	0.00028460787690120744
1442	0.0002846078711632675
1443	0.00028460786544668473
1444	0.00028460785975128284
1445	0.0002846078540771383
1446	0.00028460784842424084
1447	0.00028460784279232175
1448	0.00028460783718156196
1449	0.0002846078315917213
1450	0.0002846078260226644
1451	0.0002846078204746347
1452	0.00028460781494750036
1453	0.0002846078094409763
1454	0.0002846078039552478
1455	0.00028460779849007905
1456	0.0002846077930454268
1457	0.0002846077876213129
1458	0.00028460778221777355
1459	0.00028460777683449325
1460	0.00028460777147161915
1461	0.00028460776612908783
1462	0.0002846077608066127
1463	0.0002846077555043867
1464	0.00028460775022235633
1465	0.0002846077449602626
1466	0.0002846077397182237
1467	0.00028460773449630507
1468	0.0002846077292939081
1469	0.00028460772411150376
1470	0.00028460771894885984
1471	0.00028460771380593947
1472	0.00028460770868257127
1473	0.00028460770357893625
1474	0.00028460769849475225
1475	0.00028460769343005755
1476	0.0002846076883847926
1477	0.0002846076833589045
1478	0.00028460767835227814
1479	0.0002846076733648385
1480	0.0002846076683967503
1481	0.00028460766344762256
1482	0.0002846076585176988
1483	0.00028460765360677757
1484	0.0002846076487147908
1485	0.0002846076438417904
1486	0.000284607638987551
1487	0.00028460763415224876
1488	0.0002846076293356962
1489	0.00028460762453758927
1490	0.00028460761975829284
1491	0.00028460761499758875
1492	0.0002846076102553857
1493	0.00028460760553156806
1494	0.00028460760082614587
1495	0.00028460759613915413
1496	0.00028460759147057747
1497	0.0002846075868202094
1498	0.000284607582187765
1499	0.0002846075775736182
1500	0.00028460757297759336
1501	0.0002846075683996063
1502	0.0002846075638395301
1503	0.00028460755929750244
1504	0.00028460755477317573
1505	0.0002846075502667203
1506	0.0002846075457780812
1507	0.00028460754130687674
1508	0.00028460753685362317
1509	0.000284607532417867
1510	0.0002846075279996796
1511	0.00028460752359902897
1512	0.00028460751921579973
1513	0.00028460751484998137
1514	0.0002846075105018141
1515	0.00028460750617102294
1516	0.00028460750185840366
1517	0.000284607497564501
1518	0.00028460749329109263
1519	0.0002846074890421853
1520	0.00028460748482648157
1521	0.00028460748066303784
1522	0.0002846074765936021
1523	0.00028460747271212013
1524	0.00028460746922675807
1525	0.00028460746660542523
1526	0.00028460746590475595
1527	0.00028460746952104377
1528	0.000284607482921414
1529	0.00028460751864433287
1530	0.00028460760558113546
1531	0.00028460781058627007
1532	0.00028460828870669196
1533	0.00028460939901069944
1534	0.0002846119639458725
1535	0.0002846178073282165
1536	0.00028463063015490283
1537	0.00028465627884301237
1538	0.0002846972457448478
1539	0.0002847329459138116
1540	0.0002847133431494505
1541	0.00028464076587186393
1542	0.0002846101054637463
1543	0.00028465109427050565
1544	0.0002846739057796931
1545	0.0002846331788237183
1546	0.0002846096226972614
1547	0.0002846401256714955
1548	0.0002846492895641355
1549	0.0002846185260861682
1550	0.00028461647939362794
1551	0.00028463930963090636
1552	0.0002846311224422609
1553	0.0002846135910671093
1554	0.0002846227392367054
1555	0.0002846266625720186
1556	0.0002846116395958731
1557	0.0002846115307812363
1558	0.0002846221998933202
1559	0.0002846169399897203
1560	0.00028461016547623105
1561	0.0002846151987236145
1562	0.0002846148617232058
1563	0.0002846090025446426
1564	0.00028461172545671476
1565	0.00028461465333814604
1566	0.00028461001388498683
1567	0.0002846087715912186
1568	0.0002846117955798365
1569	0.00028461033431320936
1570	0.0002846084088823257
1571	0.00028461027263225344
1572	0.0002846100214090633
1573	0.0002846077772922717
1574	0.0002846087587912255
1575	0.0002846099344428591
1576	0.0002846082748545716
1577	0.0002846077333169323
