<Coefficient>
	 3 Total number of radial orbitals.
	Type	L	Zeta-Orbital
	  Ca 	0	    1
	   0.43652639563275
	   0.02858188641829
	  -0.41519038054852
	  -0.53772767693086
	  -0.47068219010087
	  -0.35828855915869
	  -0.22445433174301
	  -0.10174219122921
	  -0.00036146811806
	   0.06874749938992
	   0.12292329582370
	   0.13352533323670
	   0.14412921986555
	   0.13085464345731
	   0.11746336063994
	   0.09422903009666
	   0.07944526329526
	   0.05422423852612
	   0.04420390340311
	   0.02264743883157
	   0.02040144942664
	   0.00362983179329
	   0.00910989950145
	  -0.00489996317617
	   0.00628669039359
	  -0.00807884443515
	   0.00768805697214
	  -0.01102089640582
	Type	L	Zeta-Orbital
	  Ca 	0	    2
	   0.70288856853746
	   0.65688099250835
	   0.51965703369705
	   0.52235418047824
	   0.50487081320496
	   0.37096548928908
	   0.20486543849494
	   0.03563717215379
	  -0.10361326875847
	  -0.20759903093176
	  -0.25481895398399
	  -0.29113015808317
	  -0.27804823315255
	  -0.25920697261561
	  -0.21927085660243
	  -0.18144841279663
	  -0.13293750421983
	  -0.10232323846464
	  -0.06190827468531
	  -0.04646043908605
	  -0.01838257459737
	  -0.01740381931711
	   0.00239378272941
	  -0.00740695527856
	   0.00894876140379
	  -0.00796294923915
	   0.01019474960635
	  -0.01339069146804
	Type	L	Zeta-Orbital
	  Ca 	1	    1
	   0.06718716632476
	   0.26167173776832
	   0.47895147253959
	   0.63493053491198
	   0.69350530284203
	   0.67888658196979
	   0.61448075192521
	   0.52217066963158
	   0.41864444918046
	   0.32099354426499
	   0.23361112755687
	   0.16135565018535
	   0.10301173269349
	   0.06003972283527
	   0.02925226133729
	   0.00977415415208
	  -0.00231610585044
	  -0.00744969214187
	  -0.00945707865575
	  -0.00809451654330
	  -0.00670222943074
	  -0.00386749017186
	  -0.00252628794347
	  -0.00035765663977
	  -0.00022182180925
	   0.00100860345424
	  -0.00002982562439
	   0.00132849356328
</Coefficient>
<Mkb>
Left spillage = 1.0691887229e-01
</Mkb>
