0	3.1945207191179477
1	2.5083009053192873
2	2.0554167608603118
3	1.7151484765205338
4	1.4503633180971636
5	1.235910811111616
6	1.0559637365284475
7	0.9014141092368446
8	0.7669074591694162
9	0.6491104510189338
10	0.5462506457587054
11	0.4574192764990877
12	0.3817304510561068
13	0.3179638344067992
14	0.26473453095350535
15	0.2206379087942872
16	0.18431988004154995
17	0.15456095506995401
18	0.13044163132976822
19	0.11132082915525124
20	0.0965821391669358
21	0.08547783097034098
22	0.07717843444163985
23	0.07089315714446442
24	0.06592732870168583
25	0.06170311633423899
26	0.05779682428951063
27	0.053973762731742536
28	0.05016509050565429
29	0.04639326962492702
30	0.04270429927729351
31	0.039138710155063414
32	0.03572800464356377
33	0.03249158207018298
34	0.029431477186395247
35	0.026537407674748967
36	0.023804417776175004
37	0.02124835342655611
38	0.018904011658089626
39	0.016808271857940326
40	0.014983557494213892
41	0.013432213620383115
42	0.012139754523453707
43	0.011079719580359164
44	0.010217474248800033
45	0.00951540115300779
46	0.008940611298630153
47	0.008471105362994483
48	0.008095010342817602
49	0.007803277048149032
50	0.007582437718365071
51	0.007413054882443726
52	0.00727316825511998
53	0.007142315978797331
54	0.007003812436274163
55	0.006846442205973292
56	0.006666518621596697
57	0.006468403068531047
58	0.006261387245585939
59	0.006054545043519538
60	0.0058535376317174585
61	0.005660953160907573
62	0.005478102322509137
63	0.005305963739558574
64	0.0051453923982863504
65	0.004997692760224958
66	0.004865212872342829
67	0.004750714570886109
68	0.004655696792811101
69	0.004579355629726634
70	0.0045191188005262485
71	0.004471915173541521
72	0.004434983617934112
73	0.004406084513542152
74	0.004383601911647429
75	0.004366570798576818
76	0.004354297087005807
77	0.004345717781613523
78	0.004339140877124349
79	0.004332637305903035
80	0.0043246531116655565
81	0.0043143325394741855
82	0.004301520700031527
83	0.004286662278063892
84	0.0042706210715328504
85	0.004254337545722242
86	0.004238466539791606
87	0.004223275203767471
88	0.004208834278826859
89	0.004195246226360463
90	0.004182713358104819
91	0.0041714928089611235
92	0.004161839118929517
93	0.004153924332167821
94	0.004147728945380046
95	0.004143006669297435
96	0.0041393945157325775
97	0.004136571885154818
98	0.004134329088461977
99	0.004132541899792555
100	0.004131136217804373
101	0.004130063609369907
102	0.004129258529169179
103	0.004128604775725129
104	0.004127966496920161
105	0.004127258695738923
106	0.004126476522454739
107	0.004125664169540037
108	0.0041248744501540535
109	0.004124148274283189
110	0.004123499090686219
111	0.004122902586409725
112	0.004122314013030295
113	0.0041217044472037995
114	0.0041210772502766595
115	0.004120453744260245
116	0.004119854696517235
117	0.004119294297639928
118	0.004118777811562014
119	0.0041182993211390136
120	0.0041178488070776125
121	0.004117425448391525
122	0.004117040762727887
123	0.004116708597376996
124	0.00411643566598572
125	0.004116220045249353
126	0.004116052876329727
127	0.004115920970781149
128	0.0041158125366970175
129	0.004115722502237234
130	0.004115651194567479
131	0.004115598460740156
132	0.004115560354310234
133	0.004115529845572444
134	0.004115498599622206
135	0.004115459318111053
136	0.004115408772526927
137	0.004115348768267503
138	0.004115283608072558
139	0.004115217079188093
140	0.004115151637893349
141	0.004115088798116142
142	0.004115029491988774
143	0.004114974829995513
144	0.004114926793068217
145	0.004114887502382094
146	0.00411485770747671
147	0.0041148363877357465
148	0.0041148215462749275
149	0.0041148109884243216
150	0.004114802874505964
151	0.004114796255765435
152	0.004114791030837743
153	0.0041147871745013465
154	0.0041147842077022415
155	0.004114781418957909
156	0.004114778230971748
157	0.004114774322947995
158	0.004114769734497598
159	0.004114764882893471
160	0.004114760244568035
161	0.004114756009720373
162	0.0041147521206153104
163	0.004114748501857016
164	0.004114745150520578
165	0.004114742133818767
166	0.004114739572080026
167	0.004114737525212985
168	0.004114735871339249
169	0.0041147343657047045
170	0.004114732803180846
171	0.004114731092188592
172	0.004114729243818371
173	0.004114727344263582
174	0.0041147254903000485
175	0.004114723719936898
176	0.004114722026077142
177	0.0041147204217349045
178	0.004114718961290863
179	0.0041147177179703676
180	0.004114716756830277
181	0.004114716100652575
182	0.0041147157075388146
183	0.004114715496749872
184	0.004114715394293822
185	0.004114715348524948
186	0.004114715324917892
187	0.004114715301980122
188	0.004114715260985437
189	0.004114715177199018
190	0.004114715031686606
191	0.004114714827097705
192	0.004114714583786795
193	0.004114714327127724
194	0.004114714079820378
195	0.0041147138549421395
196	0.004114713653633385
197	0.004114713474396423
198	0.004114713321661692
199	0.004114713202651888
200	0.004114713121308578
201	0.00411471307622038
202	0.004114713059530303
203	0.0041147130586054095
204	0.00411471306222674
205	0.004114713064215624
206	0.004114713061368185
207	0.004114713051333559
208	0.00411471303251588
209	0.00411471300398151
210	0.004114712966226554
211	0.004114712922526947
212	0.004114712877896499
213	0.004114712836465228
214	0.004114712800380341
215	0.004114712770084142
216	0.004114712744957692
217	0.004114712724490682
218	0.004114712708917778
219	0.0041147126984235624
220	0.004114712692359835
221	0.004114712689411986
222	0.004114712687982852
223	0.004114712686666066
224	0.004114712684807736
225	0.004114712682407015
226	0.004114712679501761
227	0.004114712675970841
228	0.004114712671706353
229	0.0041147126667326955
230	0.00411471266137161
231	0.00411471265625516
232	0.004114712651924309
233	0.004114712648532405
234	0.004114712645948706
235	0.004114712643939586
236	0.0041147126422915676
237	0.00411471264093742
238	0.004114712639894687
239	0.004114712639088
240	0.004114712638344908
241	0.00411471263751179
242	0.004114712636520471
243	0.004114712635406378
244	0.004114712634285488
245	0.004114712633246618
246	0.00411471263230431
247	0.004114712631450505
248	0.004114712630698489
249	0.004114712630082564
250	0.004114712629648989
251	0.004114712629415376
252	0.004114712629340557
253	0.004114712629354172
254	0.004114712629391229
255	0.004114712629408787
256	0.0041147126293875555
257	0.004114712629320571
258	0.0041147126291944626
259	0.00411471262899897
260	0.004114712628741866
261	0.0041147126284479685
262	0.004114712628152319
263	0.004114712627887827
264	0.004114712627670705
265	0.004114712627502322
266	0.004114712627379842
267	0.0041147126273005695
268	0.0041147126272598825
269	0.004114712627252147
270	0.004114712627263109
271	0.004114712627275899
272	0.0041147126272786695
273	0.004114712627268624
274	0.004114712627246515
275	0.004114712627216482
276	0.004114712627181771
277	0.004114712627142387
278	0.0041147126271010625
279	0.004114712627060419
280	0.004114712627024729
281	0.004114712626996383
282	0.004114712626974977
283	0.004114712626959802
284	0.004114712626947751
285	0.004114712626939258
286	0.004114712626934126
287	0.004114712626931244
288	0.004114712626929522
289	0.0041147126269275415
290	0.004114712626924708
291	0.004114712626920591
292	0.004114712626916309
293	0.0041147126269121415
294	0.004114712626908188
295	0.004114712626904815
296	0.004114712626900537
297	0.004114712626897427
298	0.00411471262689437
299	0.004114712626891612
300	0.004114712626889411
301	0.004114712626886912
302	0.004114712626884369
303	0.00411471262688223
304	0.004114712626880402
305	0.004114712626877919
306	0.004114712626876139
307	0.004114712626874868
308	0.0041147126268736445
309	0.0041147126268725204
310	0.004114712626871195
311	0.004114712626870673
312	0.004114712626870305
313	0.004114712626869535
314	0.004114712626869445
315	0.0041147126268684855
316	0.004114712626868564
317	0.004114712626868489
318	0.004114712626868441
319	0.004114712626867797
320	0.004114712626867527
321	0.0041147126268669485
322	0.004114712626867278
323	0.004114712626866624
324	0.004114712626866808
325	0.00411471262686657
326	0.004114712626866855
327	0.004114712626866615
328	0.004114712626866109
329	0.004114712626866389
330	0.004114712626866226
331	0.004114712626865747
332	0.0041147126268661575
333	0.004114712626865939
334	0.004114712626865577
335	0.004114712626865236
336	0.004114712626865741
337	0.004114712626865193
338	0.004114712626865471
339	0.004114712626865569
340	0.0041147126268654705
341	0.004114712626865583
342	0.004114712626865476
343	0.004114712626865158
344	0.004114712626865378
345	0.004114712626865203
346	0.004114712626865378
347	0.004114712626865284
348	0.0041147126268652285
349	0.004114712626864806
350	0.00411471262686536
351	0.004114712626865527
352	0.004114712626865193
353	0.004114712626865472
354	0.00411471262686538
355	0.004114712626865339
356	0.00411471262686518
357	0.004114712626864938
358	0.004114712626865049
359	0.004114712626865275
360	0.004114712626865002
361	0.004114712626865068
362	0.004114712626865175
363	0.0041147126268649276
364	0.004114712626865042
365	0.004114712626865226
366	0.004114712626865385
367	0.004114712626865001
368	0.004114712626865023
369	0.004114712626865309
370	0.004114712626864923
371	0.004114712626865549
372	0.0041147126268649805
373	0.004114712626865342
374	0.004114712626865119
375	0.004114712626864992
376	0.004114712626864905
377	0.004114712626865419
378	0.004114712626865364
379	0.00411471262686537
380	0.004114712626864839
381	0.0041147126268653335
382	0.004114712626864969
383	0.004114712626865136
384	0.0041147126268649015
385	0.004114712626865071
386	0.004114712626864981
387	0.004114712626865221
388	0.004114712626864708
389	0.0041147126268650655
390	0.004114712626864877
391	0.004114712626864853
392	0.004114712626865015
393	0.0041147126268651505
394	0.004114712626865347
395	0.004114712626865276
396	0.004114712626864987
397	0.004114712626865171
398	0.004114712626865105
399	0.004114712626865244
400	0.004114712626865249
401	0.004114712626865236
402	0.004114712626865124
403	0.004114712626865008
404	0.004114712626864503
405	0.004114712626865047
406	0.004114712626864942
407	0.004114712626865081
408	0.004114712626865096
409	0.004114712626865246
410	0.0041147126268650065
411	0.004114712626865102
412	0.004114712626865312
413	0.0041147126268650065
414	0.004114712626865242
415	0.004114712626865108
416	0.004114712626865021
417	0.004114712626864703
418	0.004114712626865086
419	0.00411471262686504
420	0.004114712626865172
421	0.004114712626864848
422	0.004114712626865123
423	0.0041147126268651305
424	0.004114712626865159
425	0.004114712626865387
426	0.0041147126268654055
427	0.004114712626864954
428	0.004114712626865042
429	0.0041147126268653135
430	0.004114712626865208
431	0.004114712626865337
432	0.004114712626864858
433	0.004114712626865109
434	0.004114712626865642
435	0.0041147126268651305
436	0.004114712626865258
437	0.004114712626864642
438	0.004114712626865168
439	0.0041147126268648235
440	0.004114712626864848
441	0.004114712626865201
442	0.004114712626865207
443	0.004114712626865172
444	0.004114712626865298
445	0.004114712626864881
446	0.004114712626865116
447	0.004114712626865395
448	0.0041147126268653075
449	0.004114712626865103
450	0.004114712626865324
451	0.004114712626865066
452	0.004114712626865176
453	0.004114712626865284
454	0.004114712626864632
455	0.004114712626865221
