0	0.025845230967638393
1	0.023021391764603487
2	0.021592043963926884
3	0.020633233379482627
4	0.019540452876735608
5	0.01834560022890919
6	0.017148429857285007
7	0.016017780669428314
8	0.014985005096807698
9	0.014047884751146598
10	0.013184993584725286
11	0.012373531498413002
12	0.01159953641587667
13	0.010858534801550988
14	0.01015171668158991
15	0.009482144186004023
16	0.008852506444413329
17	0.008264256019765541
18	0.007717495610499549
19	0.00721117682178629
20	0.0067434260667867925
21	0.006311910287776616
22	0.005914165155576763
23	0.005547789327183641
24	0.005210506715677262
25	0.004900184188115717
26	0.004614862381793967
27	0.004352774638876277
28	0.00411231050784515
29	0.003891946723399711
30	0.0036902029993202854
31	0.00350563667684717
32	0.0033368352535917676
33	0.003182395497863592
34	0.0030409273000355065
35	0.0029110977102317285
36	0.0027916738537224076
37	0.0026815310077999677
38	0.002579648405367313
39	0.0024851215600810127
40	0.002397176853544545
41	0.002315165547871422
42	0.0022385520194541982
43	0.002166914701895939
44	0.0020999410368723035
45	0.0020373960751420496
46	0.00197908531909661
47	0.0019248380253820891
48	0.0018745004842493172
49	0.0018279207694290684
50	0.0017849340397526829
51	0.0017453603017620737
52	0.0017090056410434618
53	0.001675661663466464
54	0.0016451135902202855
55	0.00161715580164937
56	0.001591598138642823
57	0.0015682610124962684
58	0.0015469733342101004
59	0.001527575953524936
60	0.001509922588617158
61	0.0014938788965446798
62	0.001479323754535872
63	0.0014661485945717343
64	0.0014542528278902714
65	0.0014435418678394193
66	0.001433929131248404
67	0.0014253355546079804
68	0.0014176858389772869
69	0.0014109064101521466
70	0.0014049253201575808
71	0.0013996718904890505
72	0.0013950774711040453
73	0.0013910773993858626
74	0.0013876110752297987
75	0.0013846204953787784
76	0.0013820503445493024
77	0.0013798491104298316
78	0.0013779691091016337
79	0.001376366168599802
80	0.0013749998085733353
81	0.00137383305760044
82	0.0013728322511571218
83	0.0013719676980757964
84	0.0013712141377361523
85	0.0013705501477677888
86	0.001369957604808746
87	0.00136942167849199
88	0.0013689306253531857
89	0.0013684754281358233
90	0.0013680495827055393
91	0.0013676486090942325
92	0.0013672693802401137
93	0.00136690986075776
94	0.0013665689868589247
95	0.0013662462574164423
96	0.0013659413732668116
97	0.0013656540906777429
98	0.0013653840480823054
99	0.0013651306799422661
100	0.0013648933124582514
101	0.0013646711799163106
102	0.0013644633926874659
103	0.0013642690637781485
104	0.00136408743493019
105	0.0013639178807573747
106	0.0013637599158665202
107	0.0013636131660724551
108	0.001363477251450969
109	0.0013633517289079273
110	0.0013632361050231548
111	0.0013631298199938704
112	0.001363032259401433
113	0.0013629428123370089
114	0.0013628608968087649
115	0.0013627859788788025
116	0.0013627176015609927
117	0.0013626553607828185
118	0.001362598864061192
119	0.001362547729376682
120	0.0013625015887913055
121	0.0013624600898918082
122	0.001362422909353428
123	0.0013623897483223074
124	0.0013623603198209121
125	0.0013623343543964653
126	0.0013623115960789054
127	0.0013622917858234099
128	0.0013622746597558315
129	0.0013622599537829545
130	0.001362247408764199
131	0.0013622367804896282
132	0.0013622278389314713
133	0.001362220361155926
134	0.001362214134732076
135	0.0013622089615111087
136	0.0013622046571352886
137	0.001362201054168222
138	0.0013621980043755633
139	0.001362195380296489
140	0.001362193078680688
141	0.00136219101816556
142	0.0013621891339501487
143	0.0013621873764513945
144	0.0013621857098133794
145	0.0013621841097617466
146	0.0013621825624938785
147	0.0013621810618530755
148	0.0013621796070851645
149	0.0013621782022953657
150	0.0013621768544098876
151	0.0013621755714041351
152	0.0013621743617778213
153	0.001362173233452383
154	0.0013621721932239453
155	0.0013621712463995116
156	0.001362170395650981
157	0.0013621696408049457
158	0.0013621689792991084
159	0.0013621684065068533
160	0.0013621679165519986
161	0.00136216750274199
162	0.0013621671575619082
163	0.001362166873055671
164	0.0013621666409832393
165	0.0013621664528725894
166	0.0013621663004325846
167	0.0013621661759121045
168	0.0013621660725787292
169	0.0013621659850877167
170	0.0013621659092878143
171	0.0013621658420013383
172	0.001362165780891379
173	0.0013621657242408776
174	0.0013621656708528841
175	0.0013621656199311973
176	0.0013621655710078884
177	0.0013621655240067163
178	0.0013621654791295275
179	0.0013621654366870808
180	0.001362165397011115
181	0.001362165360392972
182	0.0013621653270660737
183	0.0013621652971813848
184	0.001362165270742143
185	0.0013621652476311238
186	0.0013621652276239705
187	0.0013621652103865249
188	0.001362165195505247
189	0.0013621651825238416
190	0.0013621651710026459
191	0.0013621651605613323
192	0.0013621651508815696
193	0.0013621651417125857
194	0.0013621651328768977
195	0.0013621651242552936
196	0.001362165115789232
197	0.0013621651074585198
198	0.0013621650992754707
199	0.0013621650912789855
200	0.0013621650835199252
201	0.0013621650760533006
202	0.001362165068931715
203	0.0013621650622002387
204	0.0013621650558970036
205	0.0013621650500523362
206	0.0013621650446857514
207	0.0013621650398037684
208	0.0013621650354050765
209	0.001362165031479647
210	0.0013621650280074425
211	0.001362165024959562
212	0.0013621650223004016
213	0.001362165019988214
214	0.0013621650179807333
215	0.001362165016233186
216	0.0013621650147065917
217	0.0013621650133696843
218	0.0013621650121995114
219	0.0013621650111765252
220	0.001362165010286815
221	0.0013621650095176458
222	0.0013621650088555476
223	0.0013621650082868836
224	0.0013621650077995894
225	0.001362165007381212
226	0.0013621650070200833
227	0.0013621650067067205
228	0.0013621650064327168
229	0.0013621650061915976
230	0.0013621650059762137
231	0.0013621650057826194
232	0.0013621650056052056
233	0.0013621650054414405
234	0.0013621650052880847
235	0.0013621650051433227
236	0.0013621650050062656
237	0.00136216500487606
238	0.001362165004753655
239	0.001362165004639807
240	0.0013621650045341869
241	0.0013621650044381743
242	0.0013621650043529093
243	0.0013621650042777503
244	0.0013621650042133602
245	0.0013621650041597028
246	0.0013621650041145301
247	0.0013621650040794135
248	0.001362165004050551
249	0.0013621650040277745
250	0.0013621650040098524
251	0.0013621650039960067
252	0.0013621650039839675
253	0.0013621650039745685
254	0.0013621650039661124
255	0.001362165003958611
256	0.0013621650039508132
257	0.0013621650039436382
258	0.001362165003935713
259	0.0013621650039277915
260	0.0013621650039194815
261	0.0013621650039108988
262	0.0013621650039021699
263	0.0013621650038936328
264	0.0013621650038850967
265	0.0013621650038768015
266	0.0013621650038688317
267	0.0013621650038614032
268	0.0013621650038552408
269	0.001362165003849059
270	0.0013621650038434028
271	0.0013621650038385096
272	0.0013621650038340102
273	0.0013621650038299804
274	0.0013621650038266357
275	0.0013621650038226556
276	0.0013621650038203603
277	0.0013621650038176361
278	0.0013621650038156286
279	0.0013621650038131044
280	0.001362165003811148
281	0.0013621650038094658
282	0.0013621650038078198
283	0.0013621650038064279
284	0.001362165003805311
285	0.0013621650038038583
286	0.0013621650038032058
287	0.0013621650038017853
288	0.0013621650038010318
289	0.001362165003800647
290	0.0013621650038002186
291	0.001362165003799378
292	0.0013621650037989508
293	0.0013621650037984475
294	0.00136216500379835
295	0.0013621650037981261
296	0.001362165003797996
297	0.0013621650037977686
298	0.0013621650037973871
299	0.001362165003797705
300	0.0013621650037973993
301	0.0013621650037970378
302	0.0013621650037973108
303	0.0013621650037966106
304	0.0013621650037969313
305	0.0013621650037968335
306	0.0013621650037968238
307	0.0013621650037966664
308	0.0013621650037964434
309	0.0013621650037966195
310	0.0013621650037968342
311	0.0013621650037961472
312	0.0013621650037966284
313	0.0013621650037964614
314	0.001362165003796131
315	0.001362165003796656
316	0.001362165003796414
317	0.0013621650037965005
318	0.0013621650037962427
319	0.001362165003796387
320	0.001362165003796182
321	0.001362165003796496
322	0.0013621650037962474
323	0.0013621650037963914
324	0.0013621650037962372
325	0.0013621650037961037
326	0.0013621650037964539
327	0.001362165003796005
328	0.001362165003796102
329	0.0013621650037960004
330	0.001362165003796084
331	0.0013621650037963463
332	0.0013621650037963103
333	0.0013621650037964346
334	0.001362165003796061
335	0.0013621650037962643
336	0.0013621650037960906
337	0.0013621650037957034
338	0.0013621650037960993
339	0.0013621650037960252
340	0.001362165003796243
341	0.0013621650037959506
342	0.0013621650037959768
343	0.0013621650037961197
344	0.0013621650037961212
345	0.0013621650037961965
346	0.0013621650037959577
347	0.0013621650037957554
348	0.0013621650037963758
349	0.0013621650037957402
350	0.0013621650037958035
351	0.0013621650037962541
352	0.0013621650037959339
353	0.0013621650037964022
354	0.00136216500379559
355	0.0013621650037960423
356	0.0013621650037961151
357	0.001362165003796118
358	0.0013621650037956739
359	0.0013621650037956277
360	0.001362165003796236
361	0.0013621650037958333
362	0.0013621650037956576
363	0.0013621650037961236
364	0.001362165003795923
365	0.0013621650037959532
366	0.0013621650037960661
367	0.001362165003795578
368	0.0013621650037962142
369	0.0013621650037962656
370	0.001362165003795978
371	0.0013621650037958376
372	0.0013621650037960627
373	0.0013621650037959235
374	0.0013621650037959623
375	0.0013621650037957218
376	0.0013621650037959699
377	0.0013621650037959714
378	0.0013621650037959753
379	0.0013621650037959
380	0.0013621650037958356
381	0.0013621650037963953
382	0.001362165003795789
383	0.0013621650037959814
384	0.001362165003796034
385	0.0013621650037961238
386	0.0013621650037957856
387	0.0013621650037959016
388	0.0013621650037961548
389	0.001362165003796161
390	0.0013621650037957973
391	0.0013621650037957112
392	0.0013621650037960041
393	0.0013621650037959033
394	0.001362165003796347
395	0.0013621650037959857
396	0.0013621650037961388
397	0.0013621650037960891
398	0.0013621650037960466
399	0.0013621650037961212
400	0.001362165003795966
401	0.0013621650037958304
402	0.0013621650037962162
403	0.0013621650037957524
404	0.0013621650037958038
405	0.0013621650037962591
406	0.0013621650037957248
407	0.0013621650037960102
408	0.0013621650037966234
409	0.0013621650037957235
410	0.0013621650037959842
411	0.0013621650037959712
412	0.0013621650037961971
413	0.001362165003796172
414	0.0013621650037960757
415	0.0013621650037961462
416	0.0013621650037956682
417	0.0013621650037960466
418	0.0013621650037957743
