<Coefficient>
	 2 Total number of radial orbitals.
	Type	L	Zeta-Orbital
	  N 	0	    1
	  -0.11499593191112
	  -0.30790444555156
	  -0.41555609795964
	  -0.41153653722099
	  -0.34167859465733
	  -0.24350901509048
	  -0.14870571257772
	  -0.06760412781197
	  -0.00593052889116
	   0.03723447364371
	   0.06348755883052
	   0.07679595124697
	   0.08000113119630
	   0.07659828445369
	   0.06836159775785
	   0.05786553959377
	   0.04616412319355
	   0.03521703768911
	   0.02505509517650
	   0.01702971005737
	   0.01032104072061
	   0.00584936645132
	   0.00240796583968
	   0.00083802633360
	  -0.00041868125795
	  -0.00033542797740
	  -0.00065326314164
	   0.00010311364892
	Type	L	Zeta-Orbital
	  N 	1	    1
	   0.10404768965445
	   0.28688772229109
	   0.43572135749290
	   0.52134296341159
	   0.55511509457466
	   0.55220105732914
	   0.53018517260804
	   0.49265125868597
	   0.45100210104745
	   0.40638779409996
	   0.36135350585963
	   0.31677754764520
	   0.27627476045942
	   0.23724451294535
	   0.20163678739717
	   0.16768452584102
	   0.13782529366026
	   0.10952354744988
	   0.08545665280293
	   0.06361073368114
	   0.04615977628855
	   0.03078389382917
	   0.02001866575240
	   0.01082703206799
	   0.00567973433169
	   0.00106807507480
	  -0.00006193235801
	  -0.00229410882037
</Coefficient>
<Mkb>
Left spillage = 2.1398100901e-02
</Mkb>
