<Coefficient>
	 2 Total number of radial orbitals.
	Type	L	Zeta-Orbital
	  Cl 	0	    1
	  -0.46139881877362
	   0.32535904460089
	   0.41076597609577
	   0.29447065159839
	   0.14870253423580
	   0.05252936263056
	  -0.02769588915013
	  -0.05657815092439
	  -0.07591078258109
	  -0.07521866820658
	  -0.07654116957493
	  -0.06010190919734
	  -0.05706719433310
	  -0.03597111969020
	  -0.03449338263770
	  -0.01382134059752
	  -0.01800030238364
	   0.00094750244282
	  -0.01054535434401
	   0.00819769048336
	  -0.00927510457579
	   0.01113514866773
	  -0.01100525231815
	   0.01264888592435
	  -0.01405925221243
	   0.01523943074040
	  -0.01807440916103
	   0.02212386649480
	Type	L	Zeta-Orbital
	  Cl 	1	    1
	  -0.31593281260933
	  -0.83194382320395
	  -0.72101011783863
	  -0.66183173697128
	  -0.50311275910077
	  -0.38457411674308
	  -0.25323526648428
	  -0.17437837227749
	  -0.09324461952502
	  -0.05564736604011
	  -0.01195994214990
	   0.00140560325909
	   0.02125780490960
	   0.01655086548252
	   0.02614022900261
	   0.01444260544961
	   0.02057492303491
	   0.00611066475465
	   0.01310157790974
	  -0.00105443852135
	   0.00868780312359
	  -0.00547667541539
	   0.00761900550719
	  -0.00778133554437
	   0.00862884131766
	  -0.00993570931454
	   0.01198343005166
	  -0.02266290620700
</Coefficient>
<Mkb>
Left spillage = 1.3581756163e+00
</Mkb>
