<Coefficient>
	 5 Total number of radial orbitals.
	Type	L	Zeta-Orbital
	  He 	0	    1
	  -0.15588159972753
	  -0.34570030138854
	  -0.40268449506715
	  -0.38592337785824
	  -0.34590410590050
	  -0.29853825682811
	  -0.25211310264710
	  -0.20742790051916
	  -0.16741457378692
	  -0.13041454041515
	  -0.09895323233458
	  -0.07064199889843
	  -0.04864870833201
	  -0.03007750162100
	  -0.01810812442326
	  -0.00825072782341
	  -0.00428189995455
	   0.00005658109383
	  -0.00159233143570
	Type	L	Zeta-Orbital
	  He 	0	    2
	  -0.26224109173938
	  -0.25034022444477
	   0.07937755301071
	   0.17657912240898
	   0.22324790346940
	   0.19594034431265
	   0.17764310644961
	   0.13799352353367
	   0.11699427805829
	   0.08562678982344
	   0.06727669947659
	   0.04025126207297
	   0.02860340864951
	   0.01059643969434
	   0.00679299243143
	  -0.00286406234925
	   0.00152103675843
	  -0.00545985452763
	   0.00641536948423
	Type	L	Zeta-Orbital
	  He 	0	    3
	  -0.88658457022454
	   1.10811506887107
	   0.30502610092862
	  -0.62792381169328
	  -0.15542185219197
	   0.16281300406134
	   0.10900426302851
	  -0.08162409439970
	  -0.12364164208193
	  -0.03547350223897
	   0.00291275227384
	   0.03211572451168
	  -0.03368544672517
	   0.03331458009856
	  -0.04164601875595
	   0.04641434993116
	  -0.06447775521916
	   0.07497454366049
	  -0.15015634207569
	Type	L	Zeta-Orbital
	  He 	1	    1
	   0.21348056353092
	   0.36092683875731
	   0.56895439767729
	   0.48924427843889
	   0.45253191130578
	   0.29267817406290
	   0.23089533278459
	   0.14938683288496
	   0.13487768015398
	   0.06823127419173
	   0.07653045895516
	   0.03258236157682
	   0.05176881327992
	   0.00475282259413
	   0.03699102410806
	  -0.01331594569174
	   0.02841516750964
	  -0.02932623379418
	   0.12269485191815
	Type	L	Zeta-Orbital
	  He 	1	    2
	   0.19947994038261
	   1.42290586217535
	   0.09883349859461
	  -0.50525844819921
	  -1.99349502763185
	  -1.44192582939492
	  -0.63082889879863
	  -0.18360524318813
	  -0.30012118191281
	  -0.13926542194839
	  -0.27373088156248
	  -0.06914042795656
	  -0.19728757176277
	   0.03245056372695
	  -0.20916467179402
	   0.10911510490855
	  -0.12495572593059
	   0.20490682789277
	  -0.73417342404097
</Coefficient>
<Mkb>
Left spillage = 7.3654169113e-05
</Mkb>
