<Coefficient>
	 7 Total number of radial orbitals.
	Type	L	Zeta-Orbital
	  Te 	0	    1
	   0.19626427319249
	   0.00786186934350
	   0.00666725441019
	  -0.00867860115487
	  -0.00726161202314
	  -0.01253216906598
	  -0.00460013594310
	  -0.00501702387233
	   0.00068077675909
	  -0.00140559983313
	   0.00277690793166
	  -0.00160516529073
	   0.00257297756626
	  -0.00284756467701
	   0.00298675178240
	  -0.00357318942387
	   0.00364361292573
	  -0.00401875155157
	   0.00474650084343
	  -0.00488557829791
	   0.00575976552810
	  -0.00614620108479
	   0.00700102710300
	  -0.00831207388109
	   0.01174043619388
	Type	L	Zeta-Orbital
	  Te 	0	    2
	   0.96266076691167
	  -0.84160205353998
	  -0.53795072903455
	  -0.09099954265310
	   0.31586325889022
	   0.41952935779741
	   0.43036275690996
	   0.29432936780039
	   0.19324831309010
	   0.06852155121213
	   0.03500633807780
	  -0.02097312905476
	   0.00914692298169
	  -0.02134262759365
	   0.02793335137371
	  -0.01852049777150
	   0.02994572633539
	  -0.03110192550687
	   0.02843653320161
	  -0.04223191413765
	   0.03658761846275
	  -0.04681739003039
	   0.05084492889753
	  -0.05898562429091
	   0.08612199806279
	Type	L	Zeta-Orbital
	  Te 	1	    1
	   0.18565724371321
	   0.32156828444306
	   0.24336022467326
	   0.11751413449904
	   0.02888985380033
	  -0.02642363046596
	  -0.04425886666750
	  -0.04370740720411
	  -0.03097048231002
	  -0.01842817929062
	  -0.00653132020429
	  -0.00167288754492
	   0.00155025858427
	   0.00029716398951
	   0.00042340822655
	  -0.00169422535597
	  -0.00004578422573
	  -0.00113404188860
	   0.00125488854289
	  -0.00005918418157
	   0.00192214659628
	  -0.00073455737679
	   0.00119271000872
	  -0.00242290262489
	   0.00312278567103
	Type	L	Zeta-Orbital
	  Te 	1	    2
	   0.87180074701318
	  -1.13730173658904
	  -0.19687227180408
	   0.43983376213517
	   0.06113026780426
	  -0.02694524295996
	  -0.14902833251335
	  -0.14355949852616
	  -0.08830171494311
	  -0.05678901092297
	  -0.01317182783718
	  -0.01605203930738
	   0.02762244113709
	  -0.02395269622189
	   0.02567429438825
	  -0.02835839774092
	   0.02254526022053
	  -0.03695679525171
	   0.04304938644155
	  -0.04237112463755
	   0.05319072476297
	  -0.05537889469416
	   0.06565420335842
	  -0.08827828174349
	   0.19649496831630
	Type	L	Zeta-Orbital
	  Te 	2	    1
	   0.01841975567805
	   0.07906599380502
	   0.17455152340344
	   0.30611235751575
	   0.43449642583007
	   0.52660251729591
	   0.59301137130075
	   0.61408735611734
	   0.61602601964581
	   0.57508867330674
	   0.52022884791492
	   0.44180686621470
	   0.36137519532671
	   0.27324622087296
	   0.20058738258702
	   0.12986081797953
	   0.08202430344421
	   0.04072679096868
	   0.02110248001371
	   0.00360678895065
	   0.00249893784303
	  -0.00357348547865
	   0.00215069626532
	  -0.00231699821698
	   0.01749509727836
	Type	L	Zeta-Orbital
	  Te 	2	    2
	   0.24237732839611
	   0.67056987751464
	   0.72784570250066
	   0.39834013837435
	   0.15941527788712
	   0.02604521997566
	  -0.04990407262714
	  -0.07156660126694
	  -0.12781398284445
	  -0.13609337080195
	  -0.14927782950878
	  -0.14619403584269
	  -0.14392662231301
	  -0.12468776338481
	  -0.11336565017401
	  -0.08642891441870
	  -0.06857924427967
	  -0.04204773323062
	  -0.02906303142449
	  -0.01006555719779
	  -0.00580456546253
	   0.00472848798627
	   0.00054104030408
	   0.00553706261472
	  -0.01834943374180
	Type	L	Zeta-Orbital
	  Te 	3	    1
	   0.00249759850377
	  -0.87030678367939
	  -0.88829791308908
	  -0.65580075976635
	  -0.44893397861549
	  -0.26604611108166
	  -0.16286457485814
	  -0.16525356678043
	  -0.09298630644621
	  -0.08027722509534
	  -0.02753640062240
	  -0.04072690791945
	   0.00339675519780
	  -0.02599324539613
	   0.01814838826108
	  -0.02017848140805
	   0.02234179369299
	  -0.02614358571958
	   0.02600171618193
	  -0.02584400849296
	   0.02883412260508
	  -0.02985199045943
	   0.02754037313896
	   0.03419306787161
	   0.48721462581076
</Coefficient>
<Mkb>
Left spillage = 1.2996944686e-03
</Mkb>
