0	0.004292389861626104
1	0.003442483264985904
2	0.0028591979018576263
3	0.0024464637822442957
4	0.00214531960218775
5	0.001922126097425133
6	0.0017518722876680715
7	0.0016154298085948205
8	0.0014999266501271535
9	0.0013978721413188907
10	0.0013057520747133166
11	0.0012224734884407477
12	0.0011478785993055056
13	0.0010817518372749062
14	0.0010234707996002342
15	0.0009720922128552902
16	0.0009265600898588026
17	0.0008858626728660536
18	0.0008491153878680527
19	0.0008155959580539996
20	0.0007847502053127451
21	0.0007561787929375721
22	0.0007296138039548844
23	0.0007048885879943487
24	0.000681901634859959
25	0.0006605800885276346
26	0.000640851904061532
27	0.0006226335089284084
28	0.0006058333645324652
29	0.0005903639027047577
30	0.0005761507709621731
31	0.000563132837614598
32	0.000551254537033273
33	0.000540456794561025
34	0.0005306718635360549
35	0.0005218234079878866
36	0.0005138297166717127
37	0.0005066072844540478
38	0.0005000736303410198
39	0.0004941499507837453
40	0.0004887644575622314
41	0.00048385610765154307
42	0.00047937721183553665
43	0.00047529340012297897
44	0.00047158071280353243
45	0.0004682210863872899
46	0.00046519808678938395
47	0.000462494166480248
48	0.0004600896225298598
49	0.0004579626627292108
50	0.0004560899150492721
51	0.0004544470478228308
52	0.0004530094311732382
53	0.00045175282454942546
54	0.0004506540774103338
55	0.00044969188467901136
56	0.0004488476415308515
57	0.00044810626477573767
58	0.0004474566131133532
59	0.0004468911471607928
60	0.00044640481898856036
61	0.0004459936101797754
62	0.00044565329216000746
63	0.00044537875644784893
64	0.00044516388196380965
65	0.0004450016859712534
66	0.0004448845505982865
67	0.00044480448458160795
68	0.0004447534700480592
69	0.0004447238928129537
70	0.00044470895135139516
71	0.0004447029072570419
72	0.00044470112047242136
73	0.00044469994153447425
74	0.0004446966025098523
75	0.00044468919844667555
76	0.0004446767223128118
77	0.00044465902276957206
78	0.0004446365878011311
79	0.00044461019672997423
80	0.0004445806025317299
81	0.0004445483920171072
82	0.00044451403676055496
83	0.0004444780207654812
84	0.0004444409213661525
85	0.0004444034096316928
86	0.0004443662146841957
87	0.00044433009177491443
88	0.0004442957842811258
89	0.0004442639552350903
90	0.00044423510232293514
91	0.0004442095047380569
92	0.0004441872322310898
93	0.0004441681967488964
94	0.00044415220221333956
95	0.0004441389691711979
96	0.00044412814624841763
97	0.00044411933154869495
98	0.00044411211198849604
99	0.0004441061102883182
100	0.0004441010235550174
101	0.00044409664157700143
102	0.00044409284037578333
103	0.0004440895552369453
104	0.0004440867453234852
105	0.0004440843640778068
106	0.0004440823441813364
107	0.00044408059798786475
108	0.00044407902942395167
109	0.00044407755111344164
110	0.0004440760990523337
111	0.00044407463822505265
112	0.0004440731581932682
113	0.0004440716642894856
114	0.000444070171086224
115	0.0004440686997850271
116	0.0004440672765147651
117	0.0004440659289488307
118	0.00044406468168918734
119	0.00044406355207437425
120	0.00044406254729211197
121	0.0004440616634241615
122	0.00044406088734696
123	0.00044406020127271223
124	0.00044405958772384676
125	0.00044405903260915584
126	0.00044405852626289947
127	0.00044405806375553264
128	0.000444057644908501
129	0.00044405727318457927
130	0.0004440569533197423
131	0.0004440566889704615
132	0.0004440564814692566
133	0.0004440563292951282
134	0.0004440562275457769
135	0.00044405616772333687
136	0.0004440561387121667
137	0.0004440561287740676
138	0.0004440561273833304
139	0.00044405612617542196
140	0.0004440561193047591
141	0.00044405610363284804
142	0.00044405607852463625
143	0.00044405604497751896
144	0.0004440560044889831
145	0.00044405595837285867
146	0.0004440559077522999
147	0.0004440558538002283
148	0.00044405579782044583
149	0.00044405574113145195
150	0.00044405568495168874
151	0.00044405563035879994
152	0.0004440555782932798
153	0.0004440555295649949
154	0.00044405548484339243
155	0.00044405544464720084
156	0.00044405540932642416
157	0.0004440553790481422
158	0.0004440553537739492
159	0.000444055333246885
160	0.00044405531702600376
161	0.0004440553045855548
162	0.0004440552954072029
163	0.0004440552890151154
164	0.0004440552849347294
165	0.00044405528265244177
166	0.0004440552816296519
167	0.0004440552813546137
168	0.00044405528140345973
169	0.00044405528147127603
170	0.0004440552813613629
171	0.00044405528095849063
172	0.00044405528020243764
173	0.0004440552790860738
174	0.00044405527765428975
175	0.0004440552759892642
176	0.0004440552741783197
177	0.0004440552722989547
178	0.0004440552704052396
179	0.00044405526852733546
180	0.00044405526667403323
181	0.0004440552648487797
182	0.0004440552630620566
183	0.0004440552613376998
184	0.00044405525970166474
185	0.00044405525817331964
186	0.00044405525676415947
187	0.00044405525548120493
188	0.00044405525433423564
189	0.00044405525333441394
190	0.00044405525248968026
191	0.00044405525180388504
192	0.0004440552512725004
193	0.00044405525088272177
194	0.00044405525061480636
195	0.0004440552504417403
196	0.0004440552503371453
197	0.000444055250276392
198	0.0004440552502385807
199	0.0004440552502071616
200	0.0004440552501709046
201	0.0004440552501240095
202	0.00044405525006686067
203	0.00044405525000227865
204	0.00044405524993510484
205	0.0004440552498668194
206	0.00044405524979809096
207	0.00044405524972790844
208	0.0004440552496527768
209	0.00044405524957304106
210	0.00044405524948846353
211	0.00044405524939967
212	0.00044405524930979005
213	0.00044405524922187377
214	0.000444055249138765
215	0.0004440552490635117
216	0.000444055248997579
217	0.00044405524894288654
218	0.0004440552488978677
219	0.00044405524886332215
220	0.00044405524883711785
221	0.0004440552488173701
222	0.00044405524880278014
223	0.00044405524879316777
224	0.0004440552487863322
225	0.0004440552487823836
226	0.0004440552487800288
227	0.000444055248778463
228	0.00044405524877706964
229	0.00044405524877596885
230	0.0004440552487732901
231	0.000444055248770763
232	0.00044405524876665165
233	0.00044405524876208553
234	0.00044405524875685783
235	0.000444055248752083
236	0.00044405524874753754
237	0.000444055248742839
238	0.0004440552487379903
239	0.0004440552487339243
240	0.0004440552487299963
241	0.0004440552487257936
242	0.0004440552487219031
243	0.0004440552487179894
244	0.0004440552487144546
245	0.0004440552487117047
246	0.0004440552487090847
247	0.00044405524870755954
248	0.0004440552487065028
249	0.0004440552487052328
250	0.00044405524870456915
251	0.00044405524870404163
252	0.00044405524870392286
253	0.0004440552487035581
254	0.0004440552487033799
255	0.0004440552487031177
256	0.0004440552487021067
257	0.00044405524870186916
258	0.00044405524870123783
259	0.0004440552487015343
260	0.0004440552487012929
261	0.0004440552487012204
262	0.0004440552487009817
263	0.0004440552487004129
264	0.00044405524870011476
265	0.0004440552487000569
266	0.00044405524869946863
267	0.0004440552486993371
268	0.00044405524869887465
269	0.00044405524869914293
270	0.00044405524869909306
271	0.0004440552486985939
272	0.00044405524869855833
273	0.0004440552486987847
274	0.0004440552486989611
275	0.00044405524869843083
276	0.00044405524869841424
277	0.00044405524869839174
278	0.00044405524869801217
279	0.0004440552486981698
280	0.0004440552486984719
281	0.00044405524869830994
282	0.00044405524869852423
283	0.00044405524869802545
284	0.00044405524869836946
285	0.00044405524869801894
286	0.0004440552486977724
287	0.0004440552486979842
288	0.00044405524869817794
289	0.00044405524869782866
290	0.0004440552486979356
291	0.00044405524869787523
292	0.00044405524869806394
293	0.000444055248698098
294	0.00044405524869809527
295	0.00044405524869778085
296	0.0004440552486980556
297	0.00044405524869763974
298	0.0004440552486978418
299	0.00044405524869787507
300	0.0004440552486981099
301	0.00044405524869799384
302	0.0004440552486978899
303	0.00044405524869800365
304	0.0004440552486981081
305	0.0004440552486978853
306	0.00044405524869795427
307	0.00044405524869777885
308	0.000444055248698083
309	0.0004440552486980975
310	0.00044405524869804166
311	0.0004440552486978354
312	0.00044405524869785935
313	0.00044405524869792304
314	0.0004440552486978471
315	0.00044405524869786217
316	0.00044405524869770604
317	0.0004440552486977599
318	0.0004440552486975611
319	0.00044405524869803043
320	0.00044405524869792234
321	0.00044405524869800756
322	0.0004440552486976882
323	0.00044405524869791415
324	0.00044405524869795557
325	0.00044405524869801417
326	0.0004440552486979769
327	0.0004440552486981164
328	0.00044405524869780015
329	0.0004440552486977806
330	0.00044405524869771005
331	0.00044405524869812834
332	0.0004440552486978747
333	0.0004440552486979479
334	0.0004440552486977871
335	0.00044405524869798327
336	0.0004440552486979051
337	0.00044405524869780503
338	0.00044405524869773266
339	0.0004440552486979041
340	0.00044405524869786217
341	0.00044405524869770973
342	0.0004440552486980664
343	0.0004440552486981562
344	0.0004440552486981164
345	0.0004440552486977055
346	0.0004440552486979375
347	0.00044405524869760516
348	0.0004440552486979146
349	0.00044405524869753647
350	0.0004440552486980235
351	0.00044405524869784433
352	0.00044405524869795205
353	0.0004440552486980449
354	0.0004440552486979442
355	0.00044405524869767254
356	0.0004440552486978863
357	0.0004440552486977943
358	0.0004440552486979772
359	0.00044405524869788434
360	0.00044405524869782655
361	0.0004440552486976926
362	0.00044405524869768273
363	0.00044405524869815176
364	0.0004440552486977547
365	0.0004440552486976176
366	0.00044405524869818114
367	0.0004440552486980095
368	0.00044405524869761643
369	0.0004440552486981651
370	0.0004440552486980528
371	0.0004440552486978884
372	0.00044405524869759453
373	0.00044405524869802577
374	0.00044405524869805087
375	0.00044405524869800805
376	0.0004440552486979466
377	0.0004440552486982694
378	0.00044405524869789654
379	0.00044405524869797986
380	0.0004440552486978723
381	0.00044405524869788564
382	0.000444055248697828
383	0.0004440552486979095
384	0.00044405524869782677
385	0.0004440552486980448
386	0.00044405524869781153
387	0.0004440552486979534
388	0.00044405524869787404
389	0.00044405524869763383
390	0.00044405524869759583
391	0.0004440552486978578
392	0.0004440552486979241
393	0.0004440552486979523
394	0.0004440552486977357
395	0.00044405524869768674
396	0.0004440552486979343
397	0.0004440552486976398
398	0.0004440552486977686
399	0.00044405524869791686
400	0.00044405524869813555
