<Coefficient>
	 9 Total number of radial orbitals.
	Type	L	Zeta-Orbital
	  Lu 	0	    1
	  -0.14861123628666
	  -0.05858021250410
	   0.09918512268554
	   0.15835246658192
	   0.15458048077185
	   0.11589348506450
	   0.07264062293409
	   0.03473425700648
	   0.00428473668546
	  -0.01480474827878
	  -0.02490850280532
	  -0.02610391213115
	  -0.02367493418027
	  -0.01752062716566
	  -0.01273561071027
	  -0.00675872631291
	  -0.00435701472610
	  -0.00065248558108
	  -0.00097167236728
	   0.00121031040426
	  -0.00071766017944
	   0.00121174742704
	  -0.00131705009670
	   0.00114000088041
	  -0.00172591602975
	   0.00148620890844
	  -0.00202473633185
	   0.00236583471032
	Type	L	Zeta-Orbital
	  Lu 	0	    2
	   0.12447365299302
	   0.15928083903964
	   0.14778273540738
	   0.15556236552372
	   0.14237456928424
	   0.11309492884824
	   0.07110742374983
	   0.03062769710960
	  -0.00063616943161
	  -0.01880855065437
	  -0.02612140208643
	  -0.02566755626952
	  -0.02071217892007
	  -0.01444181730929
	  -0.00824040597341
	  -0.00422654867939
	  -0.00110894869782
	  -0.00047388770868
	   0.00048394930843
	  -0.00039292249279
	   0.00031783288615
	  -0.00068487822915
	   0.00050648321814
	  -0.00055912027815
	   0.00089045459128
	  -0.00060890818779
	   0.00107568032524
	  -0.00111596203754
	Type	L	Zeta-Orbital
	  Lu 	0	    3
	  -0.38706102429603
	   0.42108254313163
	   0.51301045845337
	  -0.05199503386128
	  -0.59484699121115
	  -0.69421865547954
	  -0.59080648678856
	  -0.26303947545475
	  -0.09128562874613
	   0.06419947811404
	   0.11652952217929
	   0.18608592746719
	   0.19812225300723
	   0.18430334035275
	   0.14310123442975
	   0.11152414812603
	   0.05521390814880
	   0.03091177757375
	  -0.00520842297815
	  -0.00059563533223
	  -0.01739265251759
	   0.00467944245160
	  -0.01080208373641
	   0.01751413248738
	  -0.00397112419195
	   0.02443942948727
	  -0.01190729273277
	   0.02186973770076
	Type	L	Zeta-Orbital
	  Lu 	0	    4
	  -0.27899053741530
	   0.42830639414697
	  -0.14358689437410
	  -0.63176483783861
	   0.49657987975795
	   0.57556740024352
	   0.58875265822897
	   0.22742174089617
	   0.11379909483004
	  -0.07599488977001
	  -0.09649380339172
	  -0.18413398852378
	  -0.19996343697863
	  -0.19441007602276
	  -0.15473484652969
	  -0.12572045155908
	  -0.06671619533746
	  -0.03298328721031
	   0.00276255552142
	   0.00576213027895
	   0.01491748716226
	   0.00064129973287
	   0.00624402606727
	  -0.01262924097073
	  -0.00514148486339
	  -0.01861200400714
	   0.00163415560182
	  -0.01102601838305
	Type	L	Zeta-Orbital
	  Lu 	1	    1
	   0.02504558238424
	   0.15194130377855
	   0.27397720671562
	   0.36570064986744
	   0.38101961350677
	   0.35422023083600
	   0.28847187468184
	   0.21614374096867
	   0.13883218108887
	   0.07757599379837
	   0.02689182003904
	  -0.00417883804428
	  -0.02498995836716
	  -0.03122597328510
	  -0.03300824466822
	  -0.02675966384993
	  -0.02194104317843
	  -0.01333539858446
	  -0.00944051849068
	  -0.00323169877801
	  -0.00264155386395
	   0.00097044676415
	  -0.00094923178872
	   0.00160070135593
	  -0.00141275458945
	   0.00160759454283
	  -0.00224240581718
	   0.00378878972670
	Type	L	Zeta-Orbital
	  Lu 	1	    2
	   0.93219750482687
	   0.42886275894540
	   0.08716734673015
	  -0.20897286481085
	  -0.22061557603217
	  -0.22681820339573
	  -0.17480253561857
	  -0.14049212738738
	  -0.08310353649605
	  -0.05811238539139
	  -0.01535196057861
	  -0.01043522868906
	   0.01748570444721
	   0.00395733624728
	   0.02422574930593
	   0.00067654313524
	   0.02039695968885
	  -0.01009203278319
	   0.01397093859453
	  -0.01986682974626
	   0.01207243512127
	  -0.02436536042310
	   0.01556564433864
	  -0.02677435074801
	   0.02351210897272
	  -0.02980925760913
	   0.03697933656798
	  -0.06787675481834
	Type	L	Zeta-Orbital
	  Lu 	2	    1
	  -0.19391034498652
	  -0.23881511218215
	  -0.27833148542375
	  -0.24593522899522
	  -0.23054419642730
	  -0.19066255415595
	  -0.16155425008054
	  -0.12015061319828
	  -0.09305570739517
	  -0.06063149585900
	  -0.04534904176833
	  -0.02328546731494
	  -0.01863707441262
	  -0.00455824308231
	  -0.00713757052250
	   0.00251982439656
	  -0.00423356412315
	   0.00416684935379
	  -0.00451633378542
	   0.00461791588686
	  -0.00522923884438
	   0.00529630737548
	  -0.00597036086343
	   0.00652189754668
	  -0.00702218846079
	   0.00833284923326
	  -0.00978791706789
	   0.03760892606143
	Type	L	Zeta-Orbital
	  Lu 	2	    2
	  -0.95523358091880
	   0.02147286598417
	   0.14223718569583
	   0.65765389473319
	   0.57474493045184
	   0.52580332927738
	   0.42175084684120
	   0.37440929882777
	   0.28559035405200
	   0.23604474083795
	   0.12468237763691
	   0.11690718740807
	   0.02415131862483
	   0.05656637697931
	  -0.01827793452369
	   0.03938684557562
	  -0.03254067331970
	   0.04025451503308
	  -0.03861996005166
	   0.04591350378159
	  -0.04544605214027
	   0.05093748467657
	  -0.05524247413001
	   0.06047393434587
	  -0.06794502557765
	   0.07625114452569
	  -0.09381104710944
	   0.35606893866159
	Type	L	Zeta-Orbital
	  Lu 	3	    1
	   0.42272378718301
	   0.85475993279190
	   0.39470543749535
	   0.71426980836269
	   0.44242793960820
	   0.30838314487404
	   0.10529887215304
	   0.12524895004498
	   0.02939460656251
	   0.05342943895154
	  -0.04902955450718
	  -0.03001462428867
	  -0.12568611859218
	  -0.07287828517198
	  -0.11493114351536
	  -0.01671104100864
	  -0.05652606030049
	   0.03244407400831
	  -0.03238768991861
	   0.04843731994204
	  -0.03717189271558
	   0.04304981426029
	  -0.05262150194363
	   0.04688590177405
	  -0.05377660754069
	   0.05748456070713
	   0.00267335639723
	   0.65434409884709
</Coefficient>
<Mkb>
Left spillage = 2.4636959590e-03
</Mkb>
