0	9.359413993892336
1	6.30161656202217
2	4.396619978692748
3	3.186224770600778
4	2.414856665533241
5	1.9210527291116657
6	1.5993146459199226
7	1.3844801015825277
8	1.2371111582054417
9	1.1320909790977831
10	1.0523251355144445
11	0.9864535559617098
12	0.9277317882223138
13	0.8726642447189132
14	0.8196757538002202
15	0.768203993883644
16	0.7182085997184422
17	0.6699056233349654
18	0.6235862906282676
19	0.5794997397188522
20	0.5378126739967373
21	0.49863032841015914
22	0.462035212568902
23	0.4281008090836775
24	0.3968694520702525
25	0.36831607818670686
26	0.3423263862024705
27	0.3187034019640545
28	0.29719678075190037
29	0.2775386374018702
30	0.2594727565576482
31	0.24277300136789304
32	0.22725256368281577
33	0.21276629583090775
34	0.19920666944395282
35	0.18649380423293296
36	0.17456256212232654
37	0.16335202193992335
38	0.15280168372043512
39	0.14285476534441266
40	0.13346485132507807
41	0.12460081731251263
42	0.11624701802601645
43	0.10839920462480959
44	0.10105885847221688
45	0.09422846240373736
46	0.08790853589645291
47	0.08209575542782903
48	0.07678127253174052
49	0.0719491796596925
50	0.06757585785975424
51	0.06363086444107256
52	0.06007921326485464
53	0.056884145348394304
54	0.05400942350882157
55	0.05142075721672584
56	0.04908657946764318
57	0.04697855456897705
58	0.04507191753754419
59	0.04334545746758944
60	0.04178101049108812
61	0.04036265770121819
62	0.03907605758121011
63	0.037908215339030917
64	0.03684761310449917
65	0.03588435192337654
66	0.035010026962896984
67	0.03421736550659186
68	0.03349988336637966
69	0.032851755505355656
70	0.03226784815382515
71	0.03174369296400083
72	0.03127525835499603
73	0.03085859275912613
74	0.030489551322970685
75	0.030163752555075047
76	0.029876733943022597
77	0.029624163180819674
78	0.029401991957046934
79	0.02920653640348981
80	0.029034516549196473
81	0.02888306198923811
82	0.028749662809334837
83	0.028632072500326667
84	0.02852822398915849
85	0.028436225317905933
86	0.028354435161581124
87	0.028281543163333124
88	0.028216573535514086
89	0.028158797575184052
90	0.028107611906260356
91	0.028062449290983043
92	0.028022743205139238
93	0.02798792389669618
94	0.027957421916886258
95	0.027930678955200412
96	0.02790717501623468
97	0.027886464012933813
98	0.02786819280562844
99	0.027852087063032244
100	0.027837913596132226
101	0.027825444569916667
102	0.027814440591785956
103	0.027804651470948828
104	0.027795825964982156
105	0.027787726887671303
106	0.02778015152645942
107	0.02777295179495798
108	0.027766042687028376
109	0.027759392684332564
110	0.027753002856771063
111	0.027746888457462086
112	0.027741070571044947
113	0.027735573929502266
114	0.02773042306474571
115	0.02772563474513537
116	0.02772121126414854
117	0.027717139021187713
118	0.027713391986590147
119	0.027709936825543322
120	0.027706737806037256
121	0.027703761453155423
122	0.027700980327941875
123	0.027698374133576686
124	0.027695927541517607
125	0.02769362688171425
126	0.027691458664900952
127	0.027689410653916877
128	0.02768747363545432
129	0.02768564200336852
130	0.02768391311381803
131	0.02768228641003507
132	0.02768076260506246
133	0.027679342398381424
134	0.027678024717244537
135	0.02767680550542229
136	0.02767567799821487
137	0.027674634185212856
138	0.027673666270392437
139	0.027672767303693283
140	0.027671931076417848
141	0.02767115176031819
142	0.02767042356718109
143	0.02766974055674875
144	0.027669096805424846
145	0.02766848704236232
146	0.0276679074281539
147	0.027667355898341236
148	0.027666831819463857
149	0.02766633527068857
150	0.027665866439915057
151	0.02766542532105343
152	0.027665011590677722
153	0.02766462454982433
154	0.02766426315676374
155	0.02766392616268696
156	0.02766361224289788
157	0.02766332002023787
158	0.02766304801867879
159	0.027662794661307
160	0.02766255835057489
161	0.027662337575145295
162	0.02766213099780481
163	0.027661937529693325
164	0.027661756383534786
165	0.027661587056164564
166	0.027661429216679252
167	0.02766128255749074
168	0.027661146693395783
169	0.027661021134526495
170	0.027660905297877566
171	0.027660798527937295
172	0.02766070013179475
173	0.027660609432541006
174	0.027660525816003045
175	0.027660448743365013
176	0.02766037773270289
177	0.02766031233325347
178	0.027660252107768606
179	0.027660196624905996
180	0.02766014546393692
181	0.027660098233795363
182	0.02766005459586784
183	0.0276600142716686
184	0.027659977029282763
185	0.02765994266203951
186	0.027659910975125653
187	0.02765988178209184
188	0.02765985490450204
189	0.02765983017180081
190	0.027659807422853615
191	0.027659786507896328
192	0.02765976728733764
193	0.027659749627752247
194	0.027659733399614
195	0.027659718479088113
196	0.027659704751515527
197	0.02765969211381794
198	0.027659680475559955
199	0.027659669758882652
200	0.027659659896430024
201	0.02765965082742755
202	0.027659642494439515
203	0.027659634842839727
204	0.027659627821949393
205	0.027659621385417044
206	0.02765961549024914
207	0.027659610095748965
208	0.02765960516313315
209	0.027659600655475732
210	0.027659596537677158
211	0.027659592776691
212	0.02765958934196789
213	0.027659586205693816
214	0.02765958334274672
215	0.02765958073072351
216	0.027659578350059954
217	0.027659576183770285
218	0.027659574216610153
219	0.027659572434153224
220	0.027659570822268376
221	0.027659569367013383
222	0.027659568054734025
223	0.027659566872354515
224	0.027659565807804952
225	0.02765956485031734
226	0.027659563990337976
227	0.027659563219182233
228	0.027659562528698153
229	0.027659561911129938
230	0.02765956135914152
231	0.02765956086597113
232	0.02765956042561204
233	0.027659560032862504
234	0.027659559683174025
235	0.027659559372408115
236	0.027659559096687422
237	0.027659558852379112
238	0.027659558636121264
239	0.027659558444851823
240	0.027659558275812922
241	0.027659558126544016
242	0.027659557994838397
243	0.027659557878688897
244	0.027659557776271645
245	0.027659557685957986
246	0.02765955760632336
247	0.027659557536146722
248	0.02765955747439061
249	0.02765955742016991
250	0.027659557372704174
251	0.027659557331272584
252	0.027659557295194623
253	0.027659557263839802
254	0.02765955723663093
255	0.027659557213045166
256	0.027659557192619203
257	0.027659557174947072
258	0.02765955715967283
259	0.027659557146487553
260	0.027659557135118376
261	0.02765955712533339
262	0.0276595571169337
263	0.02765955710975421
264	0.02765955710365362
265	0.027659557098511214
266	0.027659557094213322
267	0.02765955709064777
268	0.027659557087703655
269	0.027659557085281117
270	0.027659557083288933
271	0.027659557081657443
272	0.027659557080328093
273	0.027659557079256183
274	0.02765955707840222
275	0.027659557077733467
276	0.02765955707721774
277	0.02765955707682732
278	0.0276595570765406
279	0.02765955707633786
280	0.027659557076204756
281	0.027659557076129663
282	0.027659557076100346
283	0.02765955707610645
284	0.027659557076136588
285	0.027659557076183203
286	0.027659557076238222
287	0.02765955707629612
288	0.027659557076352127
289	0.027659557076403458
290	0.02765955707644905
291	0.027659557076488813
292	0.02765955707652124
293	0.027659557076548023
294	0.0276595570765676
295	0.027659557076581468
296	0.027659557076589677
297	0.027659557076590485
298	0.027659557076585815
299	0.027659557076575202
300	0.027659557076557983
301	0.02765955707653582
302	0.02765955707650863
303	0.02765955707647921
304	0.027659557076446267
305	0.02765955707641117
306	0.027659557076375175
307	0.02765955707633836
308	0.027659557076301525
309	0.027659557076263438
310	0.02765955707622625
311	0.027659557076189528
312	0.02765955707615432
313	0.027659557076119806
314	0.02765955707608644
315	0.02765955707605402
316	0.027659557076023338
317	0.02765955707599339
318	0.02765955707596545
319	0.02765955707593912
320	0.027659557075913725
321	0.02765955707588971
322	0.027659557075868174
323	0.027659557075847423
324	0.02765955707582821
325	0.027659557075809842
326	0.027659557075793737
327	0.0276595570757784
328	0.02765955707576419
329	0.027659557075750817
330	0.02765955707573946
331	0.02765955707572853
332	0.027659557075718835
333	0.02765955707571017
334	0.027659557075701696
335	0.02765955707569427
336	0.02765955707568748
337	0.02765955707568186
338	0.02765955707567663
339	0.027659557075671876
340	0.027659557075667137
341	0.027659557075663317
342	0.027659557075660042
343	0.02765955707565731
344	0.02765955707565454
345	0.027659557075652087
346	0.027659557075650522
347	0.02765955707564864
348	0.027659557075647122
349	0.027659557075645717
350	0.027659557075644436
351	0.02765955707564362
352	0.027659557075642955
353	0.027659557075642147
354	0.027659557075641016
355	0.027659557075640738
356	0.027659557075640207
357	0.02765955707564031
358	0.027659557075639794
359	0.027659557075639357
360	0.02765955707563987
361	0.027659557075639083
362	0.027659557075639017
363	0.02765955707563844
364	0.027659557075638722
365	0.02765955707563903
366	0.027659557075638552
367	0.02765955707563859
368	0.027659557075638275
369	0.027659557075638438
370	0.02765955707563806
371	0.02765955707563803
372	0.027659557075638396
373	0.02765955707563843
374	0.02765955707563865
375	0.027659557075638396
376	0.027659557075638247
377	0.02765955707563866
378	0.027659557075638518
379	0.02765955707563838
380	0.027659557075638448
381	0.02765955707563846
382	0.027659557075638365
383	0.02765955707563854
384	0.02765955707563883
385	0.027659557075638233
386	0.02765955707563826
387	0.027659557075638195
388	0.027659557075638278
389	0.02765955707563856
390	0.027659557075638434
391	0.0276595570756382
392	0.027659557075638105
393	0.02765955707563839
394	0.027659557075638153
395	0.02765955707563882
396	0.027659557075638715
397	0.02765955707563855
398	0.02765955707563836
399	0.027659557075638778
400	0.027659557075637813
401	0.027659557075638587
402	0.02765955707563876
403	0.027659557075638733
404	0.027659557075638323
405	0.02765955707563858
406	0.027659557075638504
407	0.027659557075638178
408	0.027659557075638053
409	0.027659557075638677
410	0.02765955707563867
411	0.027659557075638525
412	0.027659557075638483
413	0.027659557075638407
414	0.02765955707563858
415	0.027659557075638445
416	0.02765955707563878
417	0.027659557075638847
418	0.027659557075638393
419	0.027659557075638965
420	0.027659557075638802
421	0.027659557075638594
422	0.027659557075638143
423	0.027659557075638254
424	0.027659557075638316
425	0.027659557075638698
426	0.0276595570756387
427	0.027659557075638525
428	0.027659557075638535
429	0.02765955707563854
430	0.02765955707563831
431	0.027659557075638296
432	0.02765955707563839
433	0.027659557075638656
434	0.027659557075638233
435	0.027659557075638636
436	0.02765955707563846
437	0.027659557075637938
438	0.02765955707563831
439	0.02765955707563811
440	0.027659557075638268
441	0.02765955707563859
442	0.02765955707563831
443	0.0276595570756381
444	0.027659557075638986
445	0.027659557075638424
446	0.02765955707563842
447	0.02765955707563814
448	0.02765955707563829
449	0.02765955707563807
450	0.027659557075638507
451	0.027659557075638337
