<Coefficient>
	 2 Total number of radial orbitals.
	Type	L	Zeta-Orbital
	  Be 	0	    1
	  -0.47945982658567
	   0.34398476939821
	   0.16035050787426
	   0.26985924453101
	   0.26575453800714
	   0.26386548903465
	   0.24050896731468
	   0.24402286398819
	   0.21735727166262
	   0.21132080410431
	   0.17795252087226
	   0.16733693771569
	   0.13751397502605
	   0.13550535334440
	   0.10397663004672
	   0.09984877831031
	   0.06651575676356
	   0.07144103388863
	   0.03689655651270
	   0.05022548951372
	   0.01431022035648
	   0.03459541244984
	  -0.00333100717108
	   0.02654452033842
	  -0.01493310038538
	   0.02439934822790
	  -0.02423024659990
	   0.03156338660578
	Type	L	Zeta-Orbital
	  Be 	0	    2
	   0.50677183839014
	   0.62473394039835
	   0.17151672579824
	  -0.03719829396133
	  -0.14175559673939
	  -0.18581376472467
	  -0.19689354237266
	  -0.19863298622266
	  -0.19264039980908
	  -0.18569807411564
	  -0.17462382296643
	  -0.16222643316773
	  -0.14837874334658
	  -0.13406748544945
	  -0.12046437905615
	  -0.10695609836386
	  -0.09211954297895
	  -0.07827608578104
	  -0.06408163236644
	  -0.05294899467689
	  -0.04050112350456
	  -0.03146798247300
	  -0.02148130120943
	  -0.01577093428292
	  -0.00854645612401
	  -0.00595765714489
	  -0.00092711943446
	  -0.00139421487164
</Coefficient>
<Mkb>
Left spillage = 2.3584412652e+00
</Mkb>
