0	0.00027966804597943603
1	0.0002725461230029168
2	0.00026795681960456143
3	0.0002629446904078879
4	0.00025837995174895036
5	0.00025434026989535393
6	0.0002506042691944268
7	0.0002470289844695965
8	0.00024357081040270984
9	0.00024022347050924845
10	0.00023698285739817901
11	0.0002338381742541133
12	0.00023077549374472331
13	0.0002277766134834551
14	0.00022482368440818542
15	0.00022191074295480493
16	0.0002190469127980331
17	0.00021624941587043475
18	0.00021353554853587354
19	0.00021091773024659708
20	0.00020840195440963822
21	0.00020598993046102196
22	0.00020368325620770126
23	0.00020148686178148235
24	0.00019941047645199067
25	0.00019746692824459516
26	0.00019566815480211814
27	0.00019402360350058431
28	0.0001925410132706428
29	0.00019122521899432961
30	0.00019007676673805696
31	0.00018909161153195258
32	0.00018826039403774275
33	0.00018756878358489463
34	0.0001869986153429762
35	0.00018652966951207114
36	0.00018614164436013238
37	0.0001858161922440381
38	0.00018553917571047604
39	0.00018530006863918497
40	0.00018508972537000762
41	0.00018489975601117506
42	0.0001847224371202845
43	0.00018455131319053235
44	0.00018438193374223344
45	0.00018421207892495701
46	0.00018404153950015348
47	0.00018387074653065127
48	0.00018369961742504282
49	0.00018352733378553231
50	0.00018335268421519358
51	0.00018317413292815902
52	0.00018299062062554044
53	0.0001828028630342163
54	0.00018261329030492033
55	0.0001824253678847244
56	0.00018224263854532588
57	0.00018206832021103796
58	0.00018190480401625235
59	0.00018175319980229748
60	0.00018161329572442234
61	0.0001814839649407837
62	0.00018136381811569295
63	0.00018125176456272374
64	0.00018114719696654368
65	0.00018104949111874557
66	0.00018095780448334247
67	0.00018087145836246388
68	0.0001807902029761892
69	0.00018071474831027307
70	0.00018064682133606035
71	0.0001805883365620392
72	0.00018054068855583944
73	0.00018050438604257056
74	0.00018047892564174243
75	0.00018046292776763382
76	0.00018045442496468324
77	0.00018045123761765058
78	0.00018045126271119344
79	0.0001804525382993657
80	0.00018045354555997438
81	0.0001804535111869557
82	0.00018045235489430744
83	0.0001804504645124812
84	0.00018044814095086826
85	0.00018044536588547925
86	0.00018044197039163588
87	0.00018043788202112674
88	0.00018043323216476004
89	0.00018042825853185407
90	0.0001804232135498689
91	0.0001804182555713437
92	0.00018041341690684301
93	0.00018040870860050573
94	0.00018040417782138403
95	0.0001803999069335295
96	0.0001803959534431247
97	0.00018039228397926754
98	0.00018038883986514826
99	0.00018038561607972654
100	0.00018038268857752126
101	0.00018038014402854395
102	0.00018037801898768322
103	0.00018037628912092023
104	0.00018037487767880533
105	0.00018037369157165406
106	0.00018037265063436343
107	0.00018037169554862716
108	0.00018037079044550366
109	0.00018036991067056928
110	0.00018036904934140612
111	0.00018036822422852537
112	0.00018036747040733097
113	0.000180366808039674
114	0.00018036622578726652
115	0.00018036569342750694
116	0.0001803651804217378
117	0.00018036467067509112
118	0.00018036416326827157
119	0.00018036366540819565
120	0.00018036318456464618
121	0.00018036271997352838
122	0.0001803622635485339
123	0.00018036180705848572
124	0.00018036135024772799
125	0.000180360897914129
126	0.0001803604538588371
127	0.00018036000577505075
128	0.0001803595221061802
129	0.00018035901049668002
130	0.00018035854551054462
131	0.00018035815245716688
132	0.0001803577690186579
133	0.00018035735452554008
134	0.00018035696068532372
135	0.00018035663117737632
136	0.000180356322444756
137	0.0001803559969796527
138	0.00018035568984571903
139	0.00018035542446869955
140	0.00018035516387355886
141	0.00018035488828846527
142	0.0001803546267582731
143	0.00018035438932302778
144	0.00018035415005266157
145	0.00018035390304799596
146	0.0001803536693453776
147	0.0001803534516833081
148	0.00018035323353034666
149	0.00018035301340029255
150	0.00018035280316317843
151	0.00018035260273293073
152	0.00018035240276534925
153	0.0001803522032216456
154	0.00018035201140487278
155	0.00018035182828359043
156	0.00018035164888701303
157	0.0001803514720121245
158	0.0001803513010281355
159	0.0001803511371010551
160	0.00018035097747437468
161	0.00018035082009543386
162	0.00018035066620704704
163	0.00018035051768471407
164	0.00018035037411821839
165	0.00018035023364022646
166	0.0001803500956215997
167	0.00018034996112427699
168	0.00018034983101328876
169	0.00018034970464051223
170	0.000180349580811165
171	0.00018034945934543214
172	0.00018034934108301213
173	0.00018034922655817357
174	0.0001803491152608434
175	0.00018034900633291323
176	0.00018034889951027276
177	0.00018034879518214345
178	0.00018034869367114772
179	0.00018034859480200131
180	0.00018034849811963594
181	0.00018034840337682808
182	0.0001803483106538342
183	0.0001803482201539551
184	0.0001803481319093903
185	0.00018034804574515497
186	0.00018034796145678878
187	0.00018034787893225128
188	0.000180347798172852
189	0.0001803477192128602
190	0.00018034764205099817
191	0.00018034756663502923
192	0.00018034749289640858
193	0.00018034742075986754
194	0.0001803473501520714
195	0.00018034728102535468
196	0.00018034721333313092
197	0.00018034714703652654
198	0.0001803470821075243
199	0.00018034701850636937
200	0.0001803469562029023
201	0.00018034689515375135
202	0.0001803468353225897
203	0.00018034677666459246
204	0.00018034671913933354
205	0.0001803466627102387
206	0.00018034660734717468
207	0.00018034655302399453
208	0.00018034649971307196
209	0.00018034644739086436
210	0.00018034639604399102
211	0.00018034634564811645
212	0.00018034629620529015
213	0.0001803462477122695
214	0.00018034620020437918
215	0.00018034615375248675
216	0.00018034610851226155
217	0.00018034606480280262
218	0.00018034602322551622
219	0.00018034598493709707
220	0.00018034595200007358
221	0.00018034592781696862
222	0.0001803459166972222
223	0.00018034592017382938
224	0.0001803459264772578
225	0.0001803459009088055
226	0.00018034581085592686
227	0.00018034568665652965
228	0.00018034560852160542
229	0.00018034560346564296
230	0.0001803456147184814
231	0.00018034557571464422
232	0.00018034549044340062
233	0.00018034542524547736
234	0.0001803454112989452
235	0.00018034540617540326
236	0.00018034536336839011
237	0.00018034529744124941
238	0.00018034525508353312
239	0.00018034524212090096
240	0.00018034522200258295
241	0.00018034517562547819
242	0.00018034512611015787
243	0.00018034509794431097
244	0.000180345080961991
245	0.00018034505154786254
246	0.0001803450088764339
247	0.00018034497186001776
248	0.00018034494836438817
249	0.00018034492634219884
250	0.0001803448946662441
251	0.00018034485818659813
252	0.00018034482777458857
253	0.00018034480434444544
254	0.00018034477985906928
255	0.0001803447498109233
256	0.00018034471818073367
257	0.00018034469041887163
258	0.00018034466629794632
259	0.0001803446415672794
260	0.00018034461401190803
261	0.0001803445855169321
262	0.00018034455886345593
263	0.0001803445343640259
264	0.00018034451016129952
265	0.00018034448476951094
266	0.0001803444585143913
267	0.00018034443271130253
268	0.00018034440810615071
269	0.00018034438429407636
270	0.00018034436039746877
271	0.00018034433597500645
272	0.00018034431129406874
273	0.00018034428692798303
274	0.00018034426319437616
275	0.0001803442399466324
276	0.0001803442167849533
277	0.00018034419342449225
278	0.00018034416988585325
279	0.00018034414642367056
280	0.00018034412327292012
281	0.00018034410049478882
282	0.00018034407793985737
283	0.0001803440554028308
284	0.0001803440327742407
285	0.00018034401007905416
286	0.00018034398744028415
287	0.00018034396498058187
288	0.00018034394272651793
289	0.00018034392063261568
290	0.00018034389860519545
291	0.00018034387657419666
292	0.0001803438545165678
293	0.0001803438324501512
294	0.0001803438104224029
295	0.00018034378846453543
296	0.00018034376658746984
297	0.00018034374478707649
298	0.00018034372303631741
299	0.0001803437013129914
300	0.00018034367959671323
301	0.00018034365788632497
302	0.00018034363616867288
303	0.00018034361444947943
304	0.00018034359273166927
305	0.00018034357100864598
306	0.00018034354927955616
307	0.00018034352754018286
308	0.0001803435057872642
309	0.00018034348401748906
310	0.00018034346222649982
311	0.00018034344040688237
312	0.00018034341855980137
313	0.00018034339667824954
314	0.0001803433747559682
315	0.00018034335279263995
316	0.0001803433307813859
317	0.00018034330872320351
318	0.00018034328661511022
319	0.00018034326445664936
320	0.000180343242259111
321	0.00018034322003051455
322	0.0001803431978076347
323	0.00018034317564935174
324	0.00018034315367548953
325	0.00018034313212213497
326	0.00018034311142982703
327	0.00018034309245858326
328	0.00018034307681893442
329	0.00018034306740830327
330	0.00018034306892254027
331	0.00018034308704017698
332	0.00018034312304862106
333	0.00018034316067811146
334	0.00018034315842758596
335	0.000180343081397812
336	0.00018034296028335801
337	0.00018034288154978638
338	0.00018034288578060344
339	0.00018034290997781725
340	0.000180342872140674
341	0.00018034278548435966
342	0.00018034273538751247
343	0.0001803427476119359
344	0.00018034275403358945
345	0.0001803427015505169
346	0.00018034262938156157
347	0.0001803426006290641
348	0.00018034260630334353
349	0.00018034259092355664
350	0.0001803425394740398
351	0.00018034249063020755
352	0.00018034247062520355
353	0.00018034245871081247
354	0.0001803424275272885
355	0.00018034238371122726
356	0.00018034235075080855
357	0.0001803423308737325
358	0.00018034230592815144
359	0.0001803422679202517
360	0.000180342229244066
361	0.00018034220123643773
362	0.00018034217785085321
363	0.00018034214695488462
364	0.00018034210817954922
365	0.00018034207138564853
366	0.0001803420414012611
367	0.00018034201264977633
368	0.00018034197871852873
369	0.00018034194084948942
370	0.00018034190452905082
371	0.0001803418713137881
372	0.0001803418376644315
373	0.00018034180064750445
374	0.00018034176158819405
375	0.00018034172354263974
376	0.00018034168710512197
377	0.00018034165012669633
378	0.00018034161075977447
379	0.00018034156952341653
380	0.00018034152817466314
381	0.0001803414874467682
382	0.00018034144644062596
383	0.0001803414039853397
384	0.00018034135995416293
385	0.00018034131514885508
386	0.00018034127020403237
387	0.0001803412248930366
388	0.0001803411785181073
389	0.00018034113067395182
390	0.0001803410815731034
391	0.00018034103166960708
392	0.0001803409811410542
393	0.00018034092975334904
394	0.00018034087714337822
395	0.00018034082314709977
396	0.00018034076787115837
397	0.00018034071149688652
398	0.00018034065407768134
399	0.00018034059547577215
400	0.00018034053549633293
401	0.00018034047400762641
402	0.00018034041099258092
403	0.00018034034650349926
404	0.00018034028056138708
405	0.00018034021311321934
406	0.00018034014404733702
407	0.00018034007324786602
408	0.00018034000063652227
409	0.0001803399261882634
410	0.00018033984990570276
411	0.00018033977179509052
412	0.00018033969187050052
413	0.00018033961017837404
414	0.00018033952686441257
415	0.00018033944226424656
416	0.0001803393570370313
417	0.00018033927235374864
418	0.0001803391900989627
419	0.0001803391128742102
420	0.0001803390431102644
421	0.00018033898004625592
422	0.00018033891399789188
423	0.00018033882363144846
424	0.00018033868800647394
425	0.0001803385113819697
426	0.00018033832857579444
427	0.00018033817736835375
428	0.00018033806708987998
429	0.00018033797338066522
430	0.00018033785881569695
431	0.00018033770358091492
432	0.00018033752440297027
433	0.0001803373554043698
434	0.00018033720901875744
435	0.0001803370674020097
436	0.0001803369079241105
437	0.00018033672712354648
438	0.00018033653885432758
439	0.00018033635487316792
440	0.0001803361736457631
441	0.0001803359854706111
442	0.0001803357827933508
443	0.00018033556601479168
444	0.0001803353421046346
445	0.0001803351176950537
446	0.00018033489227467964
447	0.0001803346584667269
448	0.0001803344095690821
449	0.0001803341458293924
450	0.00018033387266070286
451	0.00018033359385729556
452	0.00018033330809907327
453	0.00018033301140354347
454	0.00018033270108168832
455	0.00018033237704138258
456	0.0001803320404636516
457	0.0001803316921536921
458	0.00018033133177682785
459	0.00018033095792574836
460	0.00018033056875089559
461	0.00018033016288843178
462	0.00018032974007279974
463	0.00018032930077962754
464	0.0001803288452120144
465	0.00018032837260219682
466	0.00018032788148657686
467	0.0001803273704297739
468	0.00018032683848230995
469	0.0001803262850666404
470	0.00018032570967183926
471	0.00018032511165758984
472	0.0001803244902266731
473	0.00018032384443439128
474	0.0001803231732006278
475	0.00018032247538379107
476	0.0001803217499337066
477	0.00018032099593708425
478	0.0001803202126039777
479	0.00018031939917100972
480	0.00018031855484273586
481	0.0001803176788167493
482	0.0001803167703969605
483	0.00018031582905449073
484	0.00018031485449103744
485	0.00018031384652209554
486	0.00018031280475521496
487	0.00018031172766289075
488	0.00018031061114209961
489	0.00018030944748883738
490	0.00018030822775911754
491	0.0001803069484024687
492	0.0001803056166523524
493	0.00018030424579769304
494	0.00018030284451721326
495	0.00018030141162996198
496	0.0001802999385937703
497	0.00018029841484946632
498	0.0001802968331836446
499	0.00018029519302887115
500	0.00018029349961441504
501	0.00018029175946229322
502	0.00018028997596853137
503	0.00018028814808202903
504	0.00018028627182790756
505	0.00018028434266080377
506	0.0001802823573982907
507	0.0001802803152417303
508	0.00018027821767588044
509	0.00018027606725916118
510	0.00018027386614283576
511	0.00018027161518715458
512	0.000180269313991607
513	0.00018026696147727922
514	0.00018026455658878002
515	0.00018026209881432837
516	0.00018025958850136068
517	0.0001802570269596971
518	0.00018025441639035603
519	0.00018025175952235439
520	0.00018024905845611145
521	0.00018024631201350453
522	0.00018024351152674781
523	0.00018024063993359583
524	0.00018023768288324393
525	0.00018023464879934897
526	0.00018023157033499217
527	0.00018022847807915496
528	0.0001802253785071587
529	0.00018022225587325193
530	0.00018021908678633568
531	0.00018021585650056712
532	0.00018021257092867152
533	0.00018020925496915822
534	0.00018020593375044766
535	0.00018020261490654945
536	0.0001801992902316693
537	0.00018019595068044048
538	0.00018019259782677026
539	0.00018018924491672802
540	0.00018018591079255268
541	0.00018018261210569185
542	0.00018017935843190412
543	0.00018017615310060296
544	0.00018017299865768588
545	0.00018016990242253586
546	0.00018016687775774281
547	0.0001801639403093741
548	0.0001801611031316587
549	0.00018015837469339
550	0.00018015575983086236
551	0.00018015326113550033
552	0.00018015087985740507
553	0.0001801486165501225
554	0.00018014647256372554
555	0.00018014445109438464
556	0.00018014255628831505
557	0.00018014079011148215
558	0.00018013915071469022
559	0.000180137633717991
560	0.0001801362339404822
561	0.00018013494593790774
562	0.00018013376405553438
563	0.00018013268225542406
564	0.0001801316933116668
565	0.0001801307884220395
566	0.0001801299582889708
567	0.00018012919512949094
568	0.00018012849376443702
569	0.0001801278509432367
570	0.00018012726375004088
571	0.00018012672846641275
572	0.00018012624038005935
573	0.00018012579414296488
574	0.00018012538454154162
575	0.00018012500733868744
576	0.00018012465981074257
577	0.00018012434047638584
578	0.00018012404830312974
579	0.00018012378200074248
580	0.00018012353983470403
581	0.00018012331981626572
582	0.00018012311994848566
583	0.0001801229383912577
584	0.00018012277360481916
585	0.00018012262436189748
586	0.00018012248971181313
587	0.0001801223687589493
588	0.00018012226053119613
589	0.00018012216394842326
590	0.00018012207791799693
591	0.00018012200139245734
592	0.00018012193342652034
593	0.00018012187316009885
594	0.00018012181984613376
595	0.00018012177282508384
596	0.0001801217315326713
597	0.00018012169543174243
598	0.00018012166398145775
599	0.0001801216366784131
600	0.00018012161305201697
601	0.00018012159268125747
602	0.0001801215752059485
603	0.0001801215603253561
604	0.000180121547803033
605	0.00018012153748797299
606	0.00018012152933433425
607	0.00018012152340312953
608	0.00018012151990076496
609	0.00018012151921606282
610	0.00018012152196873022
611	0.00018012152900502383
612	0.00018012154129408564
613	0.00018012155950387158
614	0.00018012158320329362
615	0.0001801216093546049
616	0.00018012163128584903
617	0.0001801216393127401
618	0.00018012162611524216
619	0.00018012159351658453
620	0.00018012155473266195
621	0.00018012152595734099
622	0.0001801215160703501
623	0.0001801215233694663
624	0.0001801215391039417
625	0.00018012155248591852
626	0.0001801215565664458
627	0.00018012155297737658
628	0.0001801215489559348
629	0.00018012154811560118
630	0.00018012154614592681
631	0.0001801215364216897
632	0.0001801215181029055
633	0.00018012149765243905
634	0.00018012148390567578
635	0.00018012148189671485
636	0.00018012149029627002
637	0.00018012150266263444
638	0.00018012151103078807
639	0.00018012151025631395
640	0.00018012150090496949
641	0.00018012148852776907
642	0.00018012147952889976
643	0.0001801214771496969
644	0.0001801214804047397
645	0.00018012148579724452
646	0.0001801214897232478
647	0.00018012149018897493
648	0.00018012148734555396
649	0.0001801214829411944
650	0.0001801214791531987
651	0.00018012147732929354
652	0.0001801214774908599
653	0.00018012147869782638
654	0.0001801214798381126
655	0.00018012148025532137
656	0.0001801214798644108
657	0.00018012147895862774
658	0.00018012147795885326
659	0.00018012147720078298
660	0.00018012147682006097
661	0.00018012147672175842
662	0.00018012147667418563
663	0.0001801214764934325
664	0.00018012147614492404
665	0.00018012147571606123
666	0.00018012147534726054
667	0.00018012147514631513
668	0.0001801214751433854
669	0.0001801214753303951
670	0.0001801214756375336
671	0.0001801214759725792
672	0.0001801214762366196
673	0.00018012147636214043
674	0.00018012147634709251
675	0.00018012147622169326
676	0.0001801214760340522
677	0.0001801214758444384
678	0.00018012147569606651
679	0.000180121475636618
680	0.00018012147570270522
681	0.00018012147592353956
682	0.00018012147633505397
683	0.00018012147697917254
684	0.0001801214779385348
685	0.00018012147934224498
686	0.00018012148140538142
687	0.00018012148446627102
688	0.0001801214890267082
689	0.00018012149586082765
690	0.00018012150609110773
691	0.00018012152124751384
692	0.00018012154318158258
693	0.0001801215736025628
694	0.00018012161269578066
695	0.00018012165673227812
696	0.0001801216948742868
697	0.00018012170934006858
698	0.00018012168318124304
699	0.0001801216174435767
700	0.00018012154049222367
701	0.00018012149273231376
702	0.00018012149497031297
703	0.00018012153426382772
704	0.00018012157736732747
705	0.00018012159442174348
706	0.00018012157699262853
707	0.00018012154073243733
708	0.00018012151121817176
709	0.00018012150333592274
710	0.0001801215126113209
711	0.0001801215228972736
712	0.0001801215213008189
713	0.0001801215077633787
714	0.00018012149243899406
715	0.0001801214849973509
716	0.00018012148682046073
717	0.00018012149213615972
718	0.00018012149458193107
719	0.00018012149258266118
