<Coefficient>
	 5 Total number of radial orbitals.
	Type	L	Zeta-Orbital
	  Be 	0	    1
	   0.10070310078026
	   0.17677934437338
	   0.10872241730772
	   0.03122093177072
	  -0.02094810202227
	  -0.04390399256149
	  -0.05625724586048
	  -0.06034245957323
	  -0.06319860325465
	  -0.06298737361100
	  -0.06192407530901
	  -0.05872561775104
	  -0.05605885856492
	  -0.05258710036565
	  -0.04968369767027
	  -0.04633609065150
	  -0.04337982421846
	  -0.03946742941164
	  -0.03564226490685
	  -0.03135762815396
	  -0.02757022863388
	  -0.02340669636383
	  -0.01968139458474
	  -0.01573137203317
	  -0.01244246229327
	  -0.00914528333405
	  -0.00664118098609
	  -0.00416988172130
	  -0.00257325335241
	  -0.00099050195262
	  -0.00027896099218
	Type	L	Zeta-Orbital
	  Be 	0	    2
	  -0.01031623647442
	   0.00549285733701
	   0.07208454710497
	   0.15458049441466
	   0.23024579764231
	   0.29253848080131
	   0.34007893928130
	   0.37386758567616
	   0.39358900069280
	   0.40156018576453
	   0.39823695364699
	   0.38609124548774
	   0.36583260288799
	   0.34035279958968
	   0.30989940981282
	   0.27694605370058
	   0.24249067726541
	   0.20797181066129
	   0.17425280443621
	   0.14276783471002
	   0.11359643009940
	   0.08818122401029
	   0.06592238618044
	   0.04769204163773
	   0.03260648434933
	   0.02137545681180
	   0.01267503497853
	   0.00697676409841
	   0.00285687319873
	   0.00087844466695
	  -0.00058552779635
	Type	L	Zeta-Orbital
	  Be 	0	    3
	  -0.38921801709123
	  -0.52643907674447
	   0.37931077328327
	   0.51193698902732
	   0.28267551065043
	  -0.07435352830226
	  -0.19778324482675
	  -0.26549429295211
	  -0.23368344504730
	  -0.22405819425162
	  -0.20121351131522
	  -0.21536055980868
	  -0.20065863975378
	  -0.21285047839136
	  -0.20289836203025
	  -0.20764529381546
	  -0.18857851925757
	  -0.19317003780613
	  -0.17994691277965
	  -0.18255484937173
	  -0.15580888260366
	  -0.15039957230529
	  -0.12058534599573
	  -0.11435791942222
	  -0.08127844685419
	  -0.07605722253230
	  -0.04300582349191
	  -0.04301286199024
	  -0.01170401524207
	  -0.02000554007508
	   0.01038467300066
	Type	L	Zeta-Orbital
	  Be 	0	    4
	  -0.58784639654648
	   0.25631746969887
	   0.07012118195258
	  -0.26348986188063
	  -0.34003022481798
	  -0.08440599823185
	   0.02930013138544
	   0.10810487424569
	   0.07642569421906
	   0.05649241153517
	   0.03092480003248
	   0.06443212771665
	   0.05814732254921
	   0.08060738938306
	   0.06583231261305
	   0.06921207925960
	   0.03724480765229
	   0.04987571311258
	   0.03367085510431
	   0.05092131262807
	   0.01994742762345
	   0.03482761445320
	   0.00486178284346
	   0.02713845518236
	  -0.00437527424096
	   0.02236618190777
	  -0.01233337324308
	   0.02066992085688
	  -0.01860324276852
	   0.02279101837237
	  -0.02631928663275
	Type	L	Zeta-Orbital
	  Be 	1	    1
	  -0.29162991503671
	  -0.60300534784854
	  -0.76246621336580
	  -0.72036194118527
	  -0.59644458942899
	  -0.45494113237585
	  -0.36625166349776
	  -0.30053260224593
	  -0.25641982777880
	  -0.21554974274346
	  -0.18697582687325
	  -0.15869960037819
	  -0.14100918783205
	  -0.12230386452944
	  -0.10882135983442
	  -0.09216620721428
	  -0.08167053598359
	  -0.06726712414517
	  -0.05886899610035
	  -0.04645830540858
	  -0.04022974699116
	  -0.02887278022450
	  -0.02478935834862
	  -0.01520334459598
	  -0.01362381282709
	  -0.00556174828468
	  -0.00653997336747
	   0.00037928550249
	  -0.00308939146030
	   0.00378071669938
	  -0.00432236717749
</Coefficient>
<Mkb>
Left spillage = 9.4206013964e-04
</Mkb>
