---------------------------------------------------------------------------
Element                     Ni
Energy Cutoff(Ry)           100
Radius Cutoff(a.u.)         9
Lmax                        3
Number of Sorbital-->       2
Number of Porbital-->       1
Number of Dorbital-->       1
Number of Forbital-->       0
---------------------------------------------------------------------------
SUMMARY  END

Mesh                        901
dr                          0.01
                Type                   L                   N
                   0                   0                   0
2.60026589030297e+00  2.59993779771882e+00  2.59895377973975e+00  2.59731461538074e+00  
2.59502160198335e+00  2.59207655369151e+00  2.58848179931966e+00  2.58424017961504e+00  
2.57935504391676e+00  2.57383024621465e+00  2.56767014061178e+00  2.56087957619474e+00  
2.55346389131679e+00  2.54542890729945e+00  2.53678092155882e+00  2.52752670016351e+00  
2.51767346983208e+00  2.50722890937822e+00  2.49620114061299e+00  2.48459871871408e+00  
2.47243062207292e+00  2.45970624163118e+00  2.44643536971928e+00  2.43262818841014e+00  
2.41829525740242e+00  2.40344750144849e+00  2.38809619734289e+00  2.37225296048857e+00  
2.35592973105839e+00  2.33913875977092e+00  2.32189259330000e+00  2.30420405933871e+00  
2.28608625133914e+00  2.26755251295018e+00  2.24861642217658e+00  2.22929177528298e+00  
2.20959257046779e+00  2.18953299133215e+00  2.16912739017012e+00  2.14839027110687e+00  
2.12733627311195e+00  2.10598015291566e+00  2.08433676785660e+00  2.06242105868908e+00  
2.04024803237931e+00  2.01783274491956e+00  1.99519028418952e+00  1.97233575289435e+00  
1.94928425160871e+00  1.92605086195601e+00  1.90265062995208e+00  1.87909854954191e+00  
1.85540954635798e+00  1.83159846172802e+00  1.80768003695981e+00  1.78366889792958e+00  
1.75957954000015e+00  1.73542631329400e+00  1.71122340834571e+00  1.68698484215690e+00  
1.66272444467617e+00  1.63845584572513e+00  1.61419246239048e+00  1.58994748690086e+00  
1.56573387500592e+00  1.54156433487353e+00  1.51745131651986e+00  1.49340700178541e+00  
1.46944329486859e+00  1.44557181342714e+00  1.42180388025582e+00  1.39815051554750e+00  
1.37462242974306e+00  1.35123001697402e+00  1.32798334910027e+00  1.30489217034366e+00  
1.28196589251662e+00  1.25921359084381e+00  1.23664400037279e+00  1.21426551296888e+00  
1.19208617488737e+00  1.17011368491549e+00  1.14835539307483e+00  1.12681829987388e+00  
1.10550905609920e+00  1.08443396313261e+00  1.06359897378069e+00  1.04300969360210e+00  
1.02267138271729e+00  1.00258895808431e+00  9.82766996223798e-01  9.63209736375661e-01  
9.43921084069305e-01  9.24904615088853e-01  9.06163579814440e-01  8.87700907920356e-01  
8.69519213410594e-01  8.51620799972217e-01  8.34007666626897e-01  8.16681513661003e-01  
7.99643748814657e-01  7.82895493710372e-01  7.66437590502035e-01  7.50270608725324e-01  
7.34394852330919e-01  7.18810366882262e-01  7.03516946900035e-01  6.88514143335967e-01  
6.73801271159091e-01  6.59377417038079e-01  6.45241447103838e-01  6.31392014777136e-01  
6.17827568646566e-01  6.04546360382821e-01  5.91546452675806e-01  5.78825727181753e-01  
5.66381892468085e-01  5.54212491944424e-01  5.42314911768688e-01  5.30686388717829e-01  
5.19324018013337e-01  5.08224761092166e-01  4.97385453314304e-01  4.86802811598679e-01  
4.76473441979612e-01  4.66393847076476e-01  4.56560433469656e-01  4.46969518976318e-01  
4.37617339819867e-01  4.28500057687349e-01  4.19613766669365e-01  4.10954500077363e-01  
4.02518237133473e-01  3.94300909528279e-01  3.86298407842179e-01  3.78506587826171e-01  
3.70921276538100e-01  3.63538278330607e-01  3.56353380687122e-01  3.49362359902456e-01  
3.42560986604632e-01  3.35945031114765e-01  3.29510268641908e-01  3.23252484309904e-01  
3.17167478013414e-01  3.11251069100418e-01  3.05499100878620e-01  2.99907444943299e-01  
2.94472005324347e-01  2.89188722450329e-01  2.84053576927628e-01  2.79062593132875e-01  
2.74211842617101e-01  2.69497447320226e-01  2.64915582594763e-01  2.60462480037851e-01  
2.56134430130993e-01  2.51927784687166e-01  2.47838959105273e-01  2.43864434432221e-01  
2.40000759233250e-01  2.36244551271472e-01  2.32592498997968e-01  2.29041362854145e-01  
2.25587976388436e-01  2.22229247189850e-01  2.18962157641251e-01  2.15783765495644e-01  
2.12691204279190e-01  2.09681683525026e-01  2.06752488842409e-01  2.03900981826060e-01  
2.01124599811009e-01  1.98420855478569e-01  1.95787336319462e-01  1.93221703960448e-01  
1.90721693361108e-01  1.88285111887772e-01  1.85909838271811e-01  1.83593821459789e-01  
1.81335079363162e-01  1.79131697515428e-01  1.76981827644740e-01  1.74883686170149e-01  
1.72835552629708e-01  1.70835768048706e-01  1.68882733256327e-01  1.66974907158979e-01  
1.65110804978484e-01  1.63288996463197e-01  1.61508104079998e-01  1.59766801194897e-01  
1.58063810249802e-01  1.56397900942716e-01  1.54767888418379e-01  1.53172631476021e-01  
1.51611030800591e-01  1.50082027223396e-01  1.48584600017749e-01  1.47117765234770e-01  
1.45680574084048e-01  1.44272111363438e-01  1.42891493941787e-01  1.41537869297902e-01  
1.40210414118609e-01  1.38908332958244e-01  1.37630856961445e-01  1.36377242650629e-01  
1.35146770779050e-01  1.33938745249884e-01  1.32752492101308e-01  1.31587358557137e-01  
1.30442712142115e-01  1.29317939860593e-01  1.28212447436935e-01  1.27125658615646e-01  
1.26057014518874e-01  1.25005973058680e-01  1.23972008401173e-01  1.22954610479389e-01  
1.21953284551595e-01  1.20967550801541e-01  1.19996943977043e-01  1.19041013063182e-01  
1.18099320986372e-01  1.17171444345488e-01  1.16256973166274e-01  1.15355510675292e-01  
1.14466673089737e-01  1.13590089419541e-01  1.12725401278347e-01  1.11872262700050e-01  
1.11030339957814e-01  1.10199311382675e-01  1.09378867179052e-01  1.08568709234729e-01  
1.07768550923157e-01  1.06978116896143e-01  1.06197142865329e-01  1.05425375371092e-01  
1.04662571537834e-01  1.03908498814885e-01  1.03162934702559e-01  1.02425666463154e-01  
1.01696490817003e-01  1.00975213623915e-01  1.00261649550625e-01  9.95556217251049e-02  
9.88569613788101e-02  9.81655074781550e-02  9.74811063466892e-02  9.68036112796202e-02  
9.61328821524721e-02  9.54687850257923e-02  9.48111917479172e-02  9.41599795578802e-02  
9.35150306905989e-02  9.28762319864962e-02  9.22434745077150e-02  9.16166531630615e-02  
9.09956663437567e-02  9.03804155720170e-02  8.97708051643790e-02  8.91667419115810e-02  
8.85681347766741e-02  8.79748946128911e-02  8.73869339026318e-02  8.68041665187501e-02  
8.62265075091296e-02  8.56538729053417e-02  8.50861795559654e-02  8.45233449849406e-02  
8.39652872751036e-02  8.34119249768414e-02  8.28631770415816e-02  8.23189627796245e-02  
8.17792018416122e-02  8.12438142227373e-02  8.07127202885953e-02  8.01858408214122e-02  
7.96630970852113e-02  7.91444109083305e-02  7.86297047815711e-02  7.81189019701352e-02  
7.76119266374156e-02  7.71087039786189e-02  7.66091603621423e-02  7.61132234765861e-02  
7.56208224812639e-02  7.51318881580732e-02  7.46463530626129e-02  7.41641516724732e-02  
7.36852205306885e-02  7.32094983824203e-02  7.27369263030409e-02  7.22674478158962e-02  
7.18010089981655e-02  7.13375585733742e-02  7.08770479892779e-02  7.04194314800018e-02  
6.99646661115004e-02  6.95127118095877e-02  6.90635313699795e-02  6.86170904499823e-02  
6.81733575416691e-02  6.77323039265679e-02  6.72939036120953e-02  6.68581332501496e-02  
6.64249720384730e-02  6.59944016055620e-02  6.55664058800805e-02  6.51409709458853e-02  
6.47180848839227e-02  6.42977376023824e-02  6.38799206566196e-02  6.34646270604519e-02  
6.30518510905268e-02  6.26415880855204e-02  6.22338342419813e-02  6.18285864086585e-02  
6.14258418811742e-02  6.10255981988854e-02  6.06278529457639e-02  6.02326035570736e-02  
5.98398471335695e-02  5.94495802648635e-02  5.90617988635084e-02  5.86764980112441e-02  
5.82936718187300e-02  5.79133132999496e-02  5.75354142623288e-02  5.71599652134561e-02  
5.67869552851259e-02  5.64163721752571e-02  5.60482021080662e-02  5.56824298126921e-02  
5.53190385202954e-02  5.49580099794701e-02  5.45993244896369e-02  5.42429609519046e-02  
5.38888969367302e-02  5.35371087675382e-02  5.31875716193168e-02  5.28402596310609e-02  
5.24951460308103e-02  5.21522032719059e-02  5.18114031789927e-02  5.14727171022048e-02  
5.11361160778978e-02  5.08015709942379e-02  5.04690527599164e-02  5.01385324742391e-02  
4.98099815968302e-02  4.94833721152092e-02  4.91586767085206e-02  4.88358689057496e-02  
4.85149232368125e-02  4.81958153749939e-02  4.78785222692889e-02  4.75630222653189e-02  
4.72492952136054e-02  4.69373225641175e-02  4.66270874461469e-02  4.63185747327152e-02  
4.60117710888712e-02  4.57066650034004e-02  4.54032468036321e-02  4.51015086531987e-02  
4.48014445327700e-02  4.45030502039555e-02  4.42063231567282e-02  4.39112625408912e-02  
4.36178690822601e-02  4.33261449843826e-02  4.30360938167611e-02  4.27477203906684e-02  
4.24610306237719e-02  4.21760313948825e-02  4.18927303902438e-02  4.16111359428533e-02  
4.13312568663716e-02  4.10531022852285e-02  4.07766814625639e-02  4.05020036276625e-02  
4.02290778045405e-02  3.99579126433264e-02  3.96885162560505e-02  3.94208960584079e-02  
3.91550586189979e-02  3.88910095174687e-02  3.86287532129049e-02  3.83682929236915e-02  
3.81096305199760e-02  3.78527664297217e-02  3.75976995592154e-02  3.73444272287464e-02  
3.70929451240242e-02  3.68432472637531e-02  3.65953259836190e-02  3.63491719367849e-02  
3.61047741108348e-02  3.58621198609393e-02  3.56211949588693e-02  3.53819836573213e-02  
3.51444687688786e-02  3.49086317587888e-02  3.46744528506074e-02  3.44419111436367e-02  
3.42109847409735e-02  3.39816508868867e-02  3.37538861121519e-02  3.35276663859030e-02  
3.33029672724964e-02  3.30797640918456e-02  3.28580320816481e-02  3.26377465599193e-02  
3.24188830862451e-02  3.22014176201855e-02  3.19853266752916e-02  3.17705874672495e-02  
3.15571780547203e-02  3.13450774715279e-02  3.11342658489299e-02  3.09247245268088e-02  
3.07164361527337e-02  3.05093847679616e-02  3.03035558795800e-02  3.00989365181294e-02  
2.98955152801871e-02  2.96932823555442e-02  2.94922295387583e-02  2.92923502250162e-02  
2.90936393903993e-02  2.88960935567904e-02  2.86997107418166e-02  2.85044903943638e-02  
2.83104333163410e-02  2.81175415715040e-02  2.79258183822740e-02  2.77352680156016e-02  
2.75458956590302e-02  2.73577072882096e-02  2.71707095271867e-02  2.69849095028727e-02  
2.68003146951361e-02  2.66169327840148e-02  2.64347714955612e-02  2.62538384478470e-02  
2.60741409986501e-02  2.58956860963252e-02  2.57184801353246e-02  2.55425288177897e-02  
2.53678370225707e-02  2.51944086829540e-02  2.50222466742938e-02  2.48513527126399e-02  
2.46817272653492e-02  2.45133694745438e-02  2.43462770941563e-02  2.41804464411643e-02  
2.40158723614786e-02  2.38525482108043e-02  2.36904658506451e-02  2.35296156594770e-02  
2.33699865589626e-02  2.32115660549344e-02  2.30543402927301e-02  2.28982941263214e-02  
2.27434112005448e-02  2.25896740456148e-02  2.24370641829800e-02  2.22855622414732e-02  
2.21351480826082e-02  2.19858009337825e-02  2.18374995280776e-02  2.16902222492758e-02  
2.15439472806701e-02  2.13986527562042e-02  2.12543169124591e-02  2.11109182399951e-02  
2.09684356325682e-02  2.08268485327575e-02  2.06861370725811e-02  2.05462822077241e-02  
2.04072658440686e-02  2.02690709552910e-02  2.01316816903785e-02  1.99950834700176e-02  
1.98592630709178e-02  1.97242086972479e-02  1.95899100384929e-02  1.94563583131713e-02  
1.93235462979879e-02  1.91914683421450e-02  1.90601203666742e-02  1.89294998487999e-02  
1.87996057914930e-02  1.86704386785126e-02  1.85420004153804e-02  1.84142942568652e-02  
1.82873247216872e-02  1.81610974952773e-02  1.80356193215399e-02  1.79108978846757e-02  
1.77869416822181e-02  1.76637598905192e-02  1.75413622239965e-02  1.74197587895109e-02  
1.72989599372916e-02  1.71789761098599e-02  1.70598176904182e-02  1.69414948521789e-02  
1.68240174100966e-02  1.67073946764399e-02  1.65916353216089e-02  1.64767472415417e-02  
1.63627374330004e-02  1.62496118779390e-02  1.61373754380749e-02  1.60260317606815e-02  
1.59155831965108e-02  1.58060307306367e-02  1.56973739268846e-02  1.55896108863778e-02  
1.54827382205963e-02  1.53767510392020e-02  1.52716429527369e-02  1.51674060901632e-02  
1.50640311310609e-02  1.49615073521650e-02  1.48598226877771e-02  1.47589638034565e-02  
1.46589161822651e-02  1.45596642227182e-02  1.44611913474786e-02  1.43634801217317e-02  
1.42665123800775e-02  1.41702693607014e-02  1.40747318455087e-02  1.39798803048521e-02  
1.38856950454392e-02  1.37921563599721e-02  1.36992446770581e-02  1.36069407099267e-02  
1.35152256024997e-02  1.34240810713880e-02  1.33334895424279e-02  1.32434342804237e-02  
1.31538995108287e-02  1.30648705321761e-02  1.29763338181631e-02  1.28882771083872e-02  
1.28006894868516e-02  1.27135614474696e-02  1.26268849459291e-02  1.25406534374071e-02  
1.24548618997666e-02  1.23695068420067e-02  1.22845862978817e-02  1.22000998047495e-02  
1.21160483678538e-02  1.20324344103875e-02  1.19492617098231e-02  1.18665353211285e-02  
1.17842614876187e-02  1.17024475403112e-02  1.16211017867684e-02  1.15402333905092e-02  
1.14598522421723e-02  1.13799688236849e-02  1.13005940667694e-02  1.12217392071680e-02  
1.11434156360162e-02  1.10656347498173e-02  1.09884078004905e-02  1.09117457469630e-02  
1.08356591097622e-02  1.07601578300374e-02  1.06852511343987e-02  1.06109474069032e-02  
1.05372540694512e-02  1.04641774717752e-02  1.03917227921121e-02  1.03198939495417e-02  
1.02486935288687e-02  1.01781227187975e-02  1.01081812640259e-02  1.00388674317430e-02  
9.97017799288121e-03  9.90210821832654e-03  9.83465189014746e-03  9.76780132775221e-03  
9.70154742874486e-03  9.63587972409994e-03  9.57078644714268e-03  9.50625461567740e-03  
9.44227012648832e-03  9.37881786130395e-03  9.31588180321386e-03  9.25344516241281e-03  
9.19149051006365e-03  9.12999991898285e-03  9.06895510978756e-03  9.00833760108387e-03  
8.94812886224016e-03  8.88831046725352e-03  8.82886424821153e-03  8.76977244684744e-03  
8.71101786270465e-03  8.65258399645803e-03  8.59445518697882e-03  8.53661674079493e-03  
8.47905505266259e-03  8.42175771605455e-03  8.36471362246259e-03  8.30791304851872e-03  
8.25134773005608e-03  8.19501092235751e-03  8.13889744596635e-03  8.08300371758014e-03  
8.02732776568602e-03  7.97186923074635e-03  7.91662934989182e-03  7.86161092623030e-03  
7.80681828302647e-03  7.75225720315893e-03  7.69793485439931e-03  7.64385970120330e-03  
7.59004140382837e-03  7.53649070572403e-03  7.48321931025254e-03  7.43023974790501e-03  
7.37756523527180e-03  7.32520952711104e-03  7.27318676292563e-03  7.22151130952020e-03  
7.17019760104676e-03  7.11925997808081e-03  7.06871252727919e-03  7.01856892317176e-03  
6.96884227361945e-03  6.91954497044371e-03  6.87068854668124e-03  6.82228354186265e-03  
6.77433937663532e-03  6.72686423796742e-03  6.67986497606813e-03  6.63334701405160e-03  
6.58731427124906e-03  6.54176910094691e-03  6.49671224318812e-03  6.45214279313457e-03  
6.40805818533412e-03  6.36445419408878e-03  6.32132494996041e-03  6.27866297229910e-03  
6.23645921752078e-03  6.19470314271011e-03  6.15338278397441e-03  6.11248484883073e-03  
6.07199482177065e-03  6.03189708201702e-03  5.99217503236748e-03  5.95281123790821e-03  
5.91378757328287e-03  5.87508537711537e-03  5.83668561211116e-03  5.79856902930305e-03  
5.76071633486244e-03  5.72310835786708e-03  5.68572621740261e-03  5.64855148737556e-03  
5.61156635743297e-03  5.57475378841595e-03  5.53809766082263e-03  5.50158291481603e-03  
5.46519568039267e-03  5.42892339641465e-03  5.39275491731262e-03  5.35668060638122e-03  
5.32069241471453e-03  5.28478394496402e-03  5.24895049924319e-03  5.21318911065819e-03  
5.17749855809300e-03  5.14187936404381e-03  5.10633377545634e-03  5.07086572768436e-03  
5.03548079185169e-03  5.00018610605898e-03  4.96499029103621e-03  4.92990335099263e-03  
4.89493656056095e-03  4.86010233887270e-03  4.82541411192593e-03  4.79088616452786e-03  
4.75653348319795e-03  4.72237159151156e-03  4.68841637944094e-03  4.65468392831921e-03  
4.62119033309681e-03  4.58795152359693e-03  4.55498308649335e-03  4.52230008973288e-03  
4.48991691111156e-03  4.45784707267965e-03  4.42610308260363e-03  4.39469628604919e-03  
4.36363672656934e-03  4.33293301938898e-03  4.30259223787016e-03  4.27261981432017e-03  
4.24301945617631e-03  4.21379307845560e-03  4.18494075320786e-03  4.15646067655342e-03  
4.12834915371715e-03  4.10060060230431e-03  4.07320757388961e-03  4.04616079381462e-03  
4.01944921891633e-03  3.99306011273583e-03  3.96697913758662e-03  3.94119046269915e-03  
3.91567688749872e-03  3.89041997892584e-03  3.86540022156911e-03  3.84059717924836e-03  
3.81598966657395e-03  3.79155592890135e-03  3.76727382901178e-03  3.74312103877971e-03  
3.71907523402440e-03  3.69511429070862e-03  3.67121648061987e-03  3.64736066466513e-03  
3.62352648192220e-03  3.59969453261872e-03  3.57584655325811e-03  3.55196558217483e-03  
3.52803611388126e-03  3.50404424066522e-03  3.47997778000992e-03  3.45582638652964e-03  
3.43158164725687e-03  3.40723715926533e-03  3.38278858877209e-03  3.35823371103533e-03  
3.33357243053661e-03  3.30880678112331e-03  3.28394090597166e-03  3.25898101741995e-03  
3.23393533691263e-03  3.20881401548355e-03  3.18362903539352e-03  3.15839409371796e-03  
3.13312446885514e-03  3.10783687109345e-03  3.08254927853261e-03  3.05728075979928e-03  
3.03205128513254e-03  3.00688152753367e-03  2.98179265577869e-03  2.95680612118247e-03  
2.93194344007214e-03  2.90722597398373e-03  2.88267470963042e-03  2.85831004070615e-03  
2.83415155358798e-03  2.81021781897709e-03  2.78652619147853e-03  2.76309261905951e-03  
2.73993146424916e-03  2.71705533884597e-03  2.69447495378591e-03  2.67219898569880e-03  
2.65023396153158e-03  2.62858416246413e-03  2.60725154817336e-03  2.58623570231561e-03  
2.56553379991616e-03  2.54514059714848e-03  2.52504844378843e-03  2.50524731841986e-03  
2.48572488625680e-03  2.46646657924078e-03  2.44745569786186e-03  2.42867353394840e-03  
2.41009951347193e-03  2.39171135822211e-03  2.37348526502282e-03  2.35539610099228e-03  
2.33741761318746e-03  2.31952265082938e-03  2.30168339817866e-03  2.28387161601168e-03  
2.26605888955964e-03  2.24821688069077e-03  2.23031758206113e-03  2.21233357092430e-03  
2.19423826026954e-03  2.17600614496888e-03  2.15761304063389e-03  2.13903631293287e-03  
2.12025509518629e-03  2.10125049214333e-03  2.08200576795287e-03  2.06250651646470e-03  
2.04274081214255e-03  2.02269934002658e-03  2.00237550336190e-03  1.98176550769571e-03  
1.96086842044485e-03  1.93968620514966e-03  1.91822372984598e-03  1.89648874921553e-03  
1.87449186040379e-03  1.85224643262786e-03  1.82976851093196e-03  1.80707669467829e-03  
1.78419199159187e-03  1.76113764839910e-03  1.73793895931693e-03  1.71462305385474e-03  
1.69121866558599e-03  1.66775588372739e-03  1.64426588953074e-03  1.62078067964306e-03  
1.59733277872124e-03  1.57395494370240e-03  1.55067986222412e-03  1.52753984775905e-03  
1.50456653408033e-03  1.48179057169999e-03  1.45924132892776e-03  1.43694660017772e-03  
1.41493232410714e-03  1.39322231410389e-03  1.37183800354674e-03  1.35079820814308e-03  
1.33011890750372e-03  1.30981304793582e-03  1.28989036822599e-03  1.27035724993237e-03  
1.25121659340314e-03  1.23246772037433e-03  1.21410630355473e-03  1.19612432305504e-03  
1.17851004883749e-03  1.16124804750731e-03  1.14431921070746e-03  1.12770080106147e-03  
1.11136651000303e-03  1.09528651990842e-03  1.07942756070506e-03  1.06375294861870e-03  
1.04822259205329e-03  1.03279294698482e-03  1.01741690203698e-03  1.00204357208439e-03  
9.86617979479381e-04  9.71080604668387e-04  9.55366794060278e-04  9.39406023624344e-04  
9.23121032882820e-04  9.06426866555073e-04  8.89229890493336e-04  8.71426884339778e-04  
8.52904354089482e-04  8.33538250644917e-04  8.13194321095491e-04  7.91729351804746e-04  
7.68993578943700e-04  7.44834534411920e-04  7.19102554602802e-04  6.91658098783391e-04  
6.62380898240477e-04  6.31180786365236e-04  5.98009849008251e-04  5.62875296318898e-04  
5.25852212046093e-04  4.87095111064833e-04  4.46847063053969e-04  4.05445054117211e-04  
3.63320290770108e-04  3.20992326729578e-04  2.79056224312507e-04  2.38162443738679e-04  
1.98989759853634e-04  1.62212190641241e-04  1.28461621060022e-04  9.82884422163498e-05  
7.21230185088586e-05  5.02410690899819e-05  3.27360468695162e-05  1.95012874317865e-05  
1.02240849577195e-05  4.39297308091897e-06  1.31842133073023e-06  1.66006198541788e-07  
0.00000000000000e+00  
                Type                   L                   N
                   0                   0                   1
-1.87360053178696e+00  -1.87329399033509e+00  -1.87237463000556e+00  -1.87084324244886e+00  
-1.86870114565773e+00  -1.86595018183472e+00  -1.86259271441567e+00  -1.85863162425820e+00  
-1.85407030500676e+00  -1.84891265764786e+00  -1.84316308427204e+00  -1.83682648106080e+00  
-1.82990823051935e+00  -1.82241419297788e+00  -1.81435069738606e+00  -1.80572453142723e+00  
-1.79654293098069e+00  -1.78681356896165e+00  -1.77654454357032e+00  -1.76574436598234e+00  
-1.75442194751427e+00  -1.74258658629872e+00  -1.73024795350422e+00  -1.71741607913597e+00  
-1.70410133745373e+00  -1.69031443204361e+00  -1.67606638058058e+00  -1.66136849931843e+00  
-1.64623238734401e+00  -1.63066991063188e+00  -1.61469318593533e+00  -1.59831456454918e+00  
-1.58154661597859e+00  -1.56440211154797e+00  -1.54689400798250e+00  -1.52903543099410e+00  
-1.51083965890230e+00  -1.49232010631957e+00  -1.47349030792886e+00  -1.45436390238025e+00  
-1.43495461633201e+00  -1.41527624865962e+00  -1.39534265485549e+00  -1.37516773163988e+00  
-1.35476540180271e+00  -1.33414959929378e+00  -1.31333425457812e+00  -1.29233328027112e+00  
-1.27116055706712e+00  -1.24982991997342e+00  -1.22835514486062e+00  -1.20674993533864e+00  
-1.18502790996674e+00  -1.16320258980463e+00  -1.14128738631069e+00  -1.11929558959227e+00  
-1.09724035701219e+00  -1.07513470215460e+00  -1.05299148415276e+00  -1.03082339738038e+00  
-1.00864296150781e+00  -9.86462511923691e-01  -9.64294190522237e-01  -9.42149936856141e-01  
-9.20041479654528e-01  -8.97980328705427e-01  -8.75977767101921e-01  -8.54044843851140e-01  
-8.32192366845163e-01  -8.10430896192973e-01  -7.88770737912628e-01  -7.67221937982937e-01  
-7.45794276754044e-01  -7.24497263716483e-01  -7.03340132628411e-01  -6.82331837000951e-01  
-6.61481045941675e-01  -6.40796140356512e-01  -6.20285209510451e-01  -5.99956047947585e-01  
-5.79816152771151e-01  -5.59872721284276e-01  -5.40132648992228e-01  -5.20602527966907e-01  
-5.01288645574350e-01  -4.82196983565848e-01  -4.63333217533184e-01  -4.44702716728282e-01  
-4.26310544247277e-01  -4.08161457578750e-01  -3.90259909515432e-01  -3.72610049428305e-01  
-3.55215724901505e-01  -3.38080483725896e-01  -3.21207576248576e-01  -3.04599958074941e-01  
-2.88260293119229e-01  -2.72190956998717e-01  -2.56394040765978e-01  -2.40871354972803e-01  
-2.25624434058533e-01  -2.10654541054709e-01  -1.95962672597070e-01  -1.81549564235045e-01  
-1.67415696028004e-01  -1.53561298416671e-01  -1.39986358357223e-01  -1.26690625704764e-01  
-1.13673619832056e-01  -1.00934636468602e-01  -8.84727547444381e-02  -7.62868444223046e-02  
-6.43755733012226e-02  -5.27374147739403e-02  -4.13706555201811e-02  -3.02734033172081e-02  
-1.94435949488306e-02  -8.87900419370874e-03  1.42275012639878e-03  1.14641960579198e-02  
2.12480004057934e-02  3.07769606222864e-02  4.00539967136037e-02  4.90821431833674e-02  
5.78645410317084e-02  6.64044298283078e-02  7.47051398772291e-02  8.27700844907998e-02  
9.06027523891415e-02  9.82067002412194e-02  1.05585545362470e-01  1.12742958583196e-01  
1.19682657300980e-01  1.26408398729401e-01  1.32923973354269e-01  1.39233198607546e-01  
1.45339912768003e-01  1.51247969096506e-01  1.56961230212698e-01  1.62483562718640e-01  
1.67818832073824e-01  1.72970897724791e-01  1.77943608491419e-01  1.82740798210810e-01  
1.87366281638580e-01  1.91823850606293e-01  1.96117270432682e-01  2.00250276585361e-01  
2.04226571588726e-01  2.08049822172882e-01  2.11723656657577e-01  2.15251662564380e-01  
2.18637384449602e-01  2.21884321949883e-01  2.24995928031761e-01  2.27975607436124e-01  
2.30826715307989e-01  2.33552556001784e-01  2.36156382052057e-01  2.38641393299361e-01  
2.41010736161011e-01  2.43267503036386e-01  2.45414731836528e-01  2.47455405627919e-01  
2.49392452380546e-01  2.51228744810596e-01  2.52967100308507e-01  2.54610280943420e-01  
2.56160993535579e-01  2.57621889788627e-01  2.58995566474340e-01  2.60284565662813e-01  
2.61491374991737e-01  2.62618427968977e-01  2.63668104303258e-01  2.64642730258399e-01  
2.65544579027142e-01  2.66375871121224e-01  2.67138774774948e-01  2.67835406360107e-01  
2.68467830810642e-01  2.69038062055998e-01  2.69548063462604e-01  2.69999748283417e-01  
2.70394980115868e-01  2.70735573368962e-01  2.71023293740631e-01  2.71259858706715e-01  
2.71446938023237e-01  2.71586154243807e-01  2.71679083254152e-01  2.71727254825874e-01  
2.71732153191586e-01  2.71695217643560e-01  2.71617843158001e-01  2.71501381046937e-01  
2.71347139639583e-01  2.71156384994880e-01  2.70930341646638e-01  2.70670193382504e-01  
2.70377084057660e-01  2.70052118443858e-01  2.69696363114032e-01  2.69310847362411e-01  
2.68896564159646e-01  2.68454471142091e-01  2.67985491634026e-01  2.67490515701156e-01  
2.66970401233403e-01  2.66425975054606e-01  2.65858034056367e-01  2.65267346352981e-01  
2.64654652454036e-01  2.64020666450983e-01  2.63366077213727e-01  2.62691549593036e-01  
2.61997725624385e-01  2.61285225728691e-01  2.60554649905278e-01  2.59806578912331e-01  
2.59041575430067e-01  2.58260185201866e-01  2.57462938148661e-01  2.56650349451972e-01  
2.55822920601125e-01  2.54981140400373e-01  2.54125485931873e-01  2.53256423470712e-01  
2.52374409348502e-01  2.51479890762389e-01  2.50573306526671e-01  2.49655087764642e-01  
2.48725658538666e-01  2.47785436416947e-01  2.46834832975894e-01  2.45874254237461e-01  
2.44904101041305e-01  2.43924769352089e-01  2.42936650502721e-01  2.41940131374803e-01  
2.40935594518027e-01  2.39923418210675e-01  2.38903976463836e-01  2.37877638972354e-01  
2.36844771015881e-01  2.35805733313793e-01  2.34760881838005e-01  2.33710567588040e-01  
2.32655136332930e-01  2.31594928324730e-01  2.30530277988603e-01  2.29461513594540e-01  
2.28388956915847e-01  2.27312922879577e-01  2.26233719214050e-01  2.25151646098557e-01  
2.24066995820216e-01  2.22980052442822e-01  2.21891091492329e-01  2.20800379663358e-01  
2.19708174550872e-01  2.18614724410861e-01  2.17520267953499e-01  2.16425034171933e-01  
2.15329242209401e-01  2.14233101267029e-01  2.13136810554171e-01  2.12040559282734e-01  
2.10944526706486e-01  2.09848882205842e-01  2.08753785418212e-01  2.07659386413495e-01  
2.06565825913865e-01  2.05473235556556e-01  2.04381738197929e-01  2.03291448256687e-01  
2.02202472093726e-01  2.01114908425768e-01  2.00028848769556e-01  1.98944377913155e-01  
1.97861574410580e-01  1.96780511095803e-01  1.95701255611973e-01  1.94623870951565e-01  
1.93548416003054e-01  1.92474946099675e-01  1.91403513565797e-01  1.90334168256471e-01  
1.89266958085807e-01  1.88201929539899e-01  1.87139128170230e-01  1.86078599063630e-01  
1.85020387285118e-01  1.83964538290207e-01  1.82911098303561e-01  1.81860114661189e-01  
1.80811636113743e-01  1.79765713088832e-01  1.78722397910654e-01  1.77681744975676e-01  
1.76643810883469e-01  1.75608654522262e-01  1.74576337109170e-01  1.73546922185498e-01  
1.72520475567931e-01  1.71497065256819e-01  1.70476761303177e-01  1.69459635636377e-01  
1.68445761854890e-01  1.67435214982742e-01  1.66428071194683e-01  1.65424407513318e-01  
1.64424301481711e-01  1.63427830815182e-01  1.62435073036179e-01  1.61446105096258e-01  
1.60461002989292e-01  1.59479841360091e-01  1.58502693112636e-01  1.57529629022101e-01  
1.56560717354769e-01  1.55596023499880e-01  1.54635609617265e-01  1.53679534304465e-01  
1.52727852286842e-01  1.51780614133918e-01  1.50837866004913e-01  1.49899649426169e-01  
1.48966001102804e-01  1.48036952766601e-01  1.47112531061783e-01  1.46192757469935e-01  
1.45277648274945e-01  1.44367214568466e-01  1.43461462295960e-01  1.42560392343037e-01  
1.41664000661366e-01  1.40772278433086e-01  1.39885212272237e-01  1.39002784461421e-01  
1.38124973221508e-01  1.37251753011941e-01  1.36383094858858e-01  1.35518966708018e-01  
1.34659333799264e-01  1.33804159059063e-01  1.32953403507495e-01  1.32107026675929e-01  
1.31264987031527e-01  1.30427242404668e-01  1.29593750415349e-01  1.28764468894651e-01  
1.27939356297404e-01  1.27118372102290e-01  1.26301477195724e-01  1.25488634236058e-01  
1.24679807994798e-01  1.23874965671806e-01  1.23074077181653e-01  1.22277115408632e-01  
1.21484056428199e-01  1.20694879692952e-01  1.19909568181606e-01  1.19128108509768e-01  
1.18350491001685e-01  1.17576709722516e-01  1.16806762471057e-01  1.16040650733198e-01  
1.15278379596823e-01  1.14519957629149e-01  1.13765396717928e-01  1.13014711878225e-01  
1.12267921026835e-01  1.11525044726683e-01  1.10786105903854e-01  1.10051129540119e-01  
1.09320142344082e-01  1.08593172404234e-01  1.07870248827386e-01  1.07151401366063e-01  
1.06436660038545e-01  1.05726054745289e-01  1.05019614885490e-01  1.04317368977536e-01  
1.03619344287030e-01  1.02925566466008e-01  1.02236059206820e-01  1.01550843914021e-01  
1.00869939397405e-01  1.00193361589135e-01  9.95211232876360e-02  9.88532339306896e-02  
9.81896993998605e-02  9.75305218580754e-02  9.68756996218539e-02  9.62252270693510e-02  
9.55790945850185e-02  9.49372885413381e-02  9.42997913177199e-02  9.36665813562995e-02  
9.30376332540112e-02  9.24129178899669e-02  9.17924025868316e-02  9.11760513045605e-02  
9.05638248645565e-02  8.99556812020171e-02  8.93515756439736e-02  8.87514612102837e-02  
8.81552889346276e-02  8.75630082023654e-02  8.69745671019684e-02  8.63899127866059e-02  
8.58089918423866e-02  8.52317506596948e-02  8.46581358040440e-02  8.40880943828811e-02  
8.35215744048297e-02  8.29585251279329e-02  8.23988973935845e-02  8.18426439429707e-02  
8.12897197130369e-02  8.07400821091854e-02  8.01936912521531e-02  7.96505101967712e-02  
7.91105051205847e-02  7.85736454806110e-02  7.80399041368287e-02  7.75092574413099e-02  
7.69816852922521e-02  7.64571711525017e-02  7.59357020325110e-02  7.54172684380134e-02  
7.49018642830434e-02  7.43894867692654e-02  7.38801362328989e-02  7.33738159608364e-02  
7.28705319778541e-02  7.23702928070830e-02  7.18731092061709e-02  7.13789938817915e-02  
7.08879611853682e-02  7.04000267930485e-02  6.99152073731211e-02  6.94335202441781e-02  
6.89549830274105e-02  6.84796132964765e-02  6.80074282283971e-02  6.75384442589220e-02  
6.70726767457551e-02  6.66101396429481e-02  6.61508451896578e-02  6.56948036163173e-02  
6.52420228710954e-02  6.47925083693196e-02  6.43462627683073e-02  6.39032857698046e-02  
6.34635739519508e-02  6.30271206324096e-02  6.25939157639880e-02  6.21639458637613e-02  
6.17371939763800e-02  6.13136396719150e-02  6.08932590782497e-02  6.04760249476980e-02  
6.00619067571931e-02  5.96508708410647e-02  5.92428805551069e-02  5.88378964703368e-02  
5.84358765945546e-02  5.80367766195494e-02  5.76405501915453e-02  5.72471492022599e-02  
5.68565240977469e-02  5.64686242020275e-02  5.60833980523682e-02  5.57007937429557e-02  
5.53207592736390e-02  5.49432429003601e-02  5.45681934838818e-02  5.41955608334383e-02  
5.38252960419850e-02  5.34573518098091e-02  5.30916827533728e-02  5.27282456964095e-02  
5.23669999404627e-02  5.20079075122624e-02  5.16509333855517e-02  5.12960456752329e-02  
5.09432158019626e-02  5.05924186256206e-02  5.02436325463690e-02  4.98968395723407e-02  
4.95520253533131e-02  4.92091791800544e-02  4.88682939493609e-02  4.85293660951362e-02  
4.81923954861857e-02  4.78573852917307e-02  4.75243418159451e-02  4.71932743031281e-02  
4.68641947153988e-02  4.65371174850702e-02  4.62120592440986e-02  4.58890385332278e-02  
4.55680754936384e-02  4.52491915440850e-02  4.49324090466358e-02  4.46177509642450e-02  
4.43052405134585e-02  4.39949008156039e-02  4.36867545498263e-02  4.33808236113100e-02  
4.30771287779795e-02  4.27756893888833e-02  4.24765230373547e-02  4.21796452818967e-02  
4.18850693775639e-02  4.15928060304205e-02  4.13028631774217e-02  4.10152457938251e-02  
4.07299557299681e-02  4.04469915789635e-02  4.01663485765654e-02  3.98880185341478e-02  
3.96119898054143e-02  3.93382472871324e-02  3.90667724538581e-02  3.87975434262857e-02  
3.85305350725308e-02  3.82657191413410e-02  3.80030644259159e-02  3.77425369567227e-02  
3.74841002214151e-02  3.72277154096998e-02  3.69733416807548e-02  3.67209364505853e-02  
3.64704556965105e-02  3.62218542758103e-02  3.59750862554220e-02  3.57301052494744e-02  
3.54868647613668e-02  3.52453185270607e-02  3.50054208562379e-02  3.47671269680025e-02  
3.45303933178548e-02  3.42951779127510e-02  3.40614406111809e-02  3.38291434053356e-02  
3.35982506826177e-02  3.33687294639416e-02  3.31405496164996e-02  3.29136840389169e-02  
3.26881088169850e-02  3.24638033484516e-02  3.22407504356416e-02  3.20189363449997e-02  
3.17983508329642e-02  3.15789871379104e-02  3.13608419382287e-02  3.11439152769367e-02  
3.09282104535454e-02  3.07137338842226e-02  3.05004949315996e-02  3.02885057058734e-02  
3.00777808391233e-02  2.98683372350364e-02  2.96601937964661e-02  2.94533711334723e-02  
2.92478912546800e-02  2.90437772449607e-02  2.88410529325721e-02  2.86397425490033e-02  
2.84398703848396e-02  2.82414604450101e-02  2.80445361067851e-02  2.78491197838694e-02  
2.76552325998839e-02  2.74628940744373e-02  2.72721218248719e-02  2.70829312866216e-02  
2.68953354549397e-02  2.67093446505521e-02  2.65249663115614e-02  2.63422048136770e-02  
2.61610613205733e-02  2.59815336658879e-02  2.58036162680684e-02  2.56273000789570e-02  
2.54525725666784e-02  2.52794177330647e-02  2.51078161655124e-02  2.49377451228399e-02  
2.47691786543752e-02  2.46020877511880e-02  2.44364405280589e-02  2.42722024344880e-02  
2.41093364927492e-02  2.39478035607437e-02  2.37875626171493e-02  2.36285710661532e-02  
2.34707850588524e-02  2.33141598282452e-02  2.31586500345954e-02  2.30042101178494e-02  
2.28507946537045e-02  2.26983587098940e-02  2.25468581992366e-02  2.23962502260284e-02  
2.22464934224111e-02  2.20975482714380e-02  2.19493774136863e-02  2.18019459344102e-02  
2.16552216284165e-02  2.15091752400505e-02  2.13637806759146e-02  2.12190151882029e-02  
2.10748595268112e-02  2.09312980586797e-02  2.07883188531404e-02  2.06459137323636e-02  
2.05040782863355e-02  2.03628118521361e-02  2.02221174576349e-02  2.00820017300606e-02  
1.99424747702442e-02  1.98035499936646e-02  1.96652439397536e-02  1.95275760512172e-02  
1.93905684254345e-02  1.92542455402604e-02  1.91186339568141e-02  1.89837620020638e-02  
1.88496594342184e-02  1.87163570941078e-02  1.85838865458818e-02  1.84522797104614e-02  
1.83215684952601e-02  1.81917844237354e-02  1.80629582683403e-02  1.79351196904224e-02  
1.78082968905604e-02  1.76825162727328e-02  1.75578021255963e-02  1.74341763239864e-02  
1.73116580535721e-02  1.71902635613814e-02  1.70700059346675e-02  1.69508949103255e-02  
1.68329367167777e-02  1.67161339499375e-02  1.66004854845428e-02  1.64859864218072e-02  
1.63726280739943e-02  1.62603979861659e-02  1.61492799949961e-02  1.60392543241891e-02  
1.59302977156812e-02  1.58223835954647e-02  1.57154822725310e-02  1.56095611691092e-02  
1.55045850800684e-02  1.54005164590665e-02  1.52973157287601e-02  1.51949416121538e-02  
1.50933514819508e-02  1.49925017245867e-02  1.48923481154734e-02  1.47928462018622e-02  
1.46939516896498e-02  1.45956208303985e-02  1.44978108048308e-02  1.44004800990752e-02  
1.43035888699990e-02  1.42070992960564e-02  1.41109759102024e-02  1.40151859115896e-02  
1.39196994529490e-02  1.38244899007830e-02  1.37295340657491e-02  1.36348124008846e-02  
1.35403091656269e-02  1.34460125539025e-02  1.33519147848954e-02  1.32580121554572e-02  
1.31643050534885e-02  1.30707979319868e-02  1.29774992438386e-02  1.28844213378037e-02  
1.27915803165158e-02  1.26989958576937e-02  1.26066910001078e-02  1.25146918961962e-02  
1.24230275335500e-02  1.23317294277939e-02  1.22408312896732e-02  1.21503686694182e-02  
1.20603785816851e-02  1.19708991145754e-02  1.18819690264028e-02  1.17936273340066e-02  
1.17059128965148e-02  1.16188639985153e-02  1.15325179366210e-02  1.14469106133979e-02  
1.13620761425766e-02  1.12780464693749e-02  1.11948510096358e-02  1.11125163113211e-02  
1.10310657417079e-02  1.09505192034017e-02  1.08708928820258e-02  1.07921990281554e-02  
1.07144457757514e-02  1.06376369990165e-02  1.05617722092355e-02  1.04868464927923e-02  
1.04128504911700e-02  1.03397704233457e-02  1.02675881505904e-02  1.01962812832828e-02  
1.01258233289439e-02  1.00561838803048e-02  9.98732884183420e-03  9.91922069277713e-03  
9.85181878440406e-03  9.78507966882863e-03  9.71895745644127e-03  9.65340419872030e-03  
9.58837029292082e-03  9.52380490491868e-03  9.45965640629453e-03  9.39587282158295e-03  
9.33240228149950e-03  9.26919347787194e-03  9.20619611596685e-03  9.14336135990066e-03  
9.08064226686546e-03  9.01799420598211e-03  8.95537525771299e-03  8.89274658992745e-03  
8.83007280691042e-03  8.76732226783868e-03  8.70446737151410e-03  8.64148480444671e-03  
8.57835574970394e-03  8.51506605429836e-03  8.45160635326388e-03  8.38797214896413e-03  
8.32416384459242e-03  8.26018673124388e-03  8.19605092837460e-03  8.13177127789987e-03  
8.06736719261915e-03  8.00286246009038e-03  7.93828500350024e-03  7.87366660149130e-03  
7.80904256930467e-03  7.74445140397409e-03  7.67993439666309e-03  7.61553521556538e-03  
7.55129946308643e-03  7.48727421129035e-03  7.42350751982689e-03  7.36004794074552e-03  
7.29694401475772e-03  7.23424376361908e-03  7.17199418337211e-03  7.11024074321780e-03  
7.04902689476327e-03  6.98839359633245e-03  6.92837885691944e-03  6.86901730421553e-03  
6.81033978094966e-03  6.75237297355020e-03  6.69513907686791e-03  6.63865549838959e-03  
6.58293460503760e-03  6.52798351527532e-03  6.47380393884122e-03  6.42039206601567e-03  
6.36773850787549e-03  6.31582828853900e-03  6.26464088992845e-03  6.21415034909840e-03  
6.16432540769686e-03  6.11512971264121e-03  6.06652206661484e-03  6.01845672652113e-03  
5.97088374757749e-03  5.92374937029463e-03  5.87699644717296e-03  5.83056490555640e-03  
5.78439224272739e-03  5.73841404899909e-03  5.69256455426864e-03  5.64677719324867e-03  
5.60098518437848e-03  5.55512211725483e-03  5.50912254329911e-03  5.46292256430258e-03  
5.41646041346863e-03  5.36967702358785e-03  5.32251657705612e-03  5.27492703256202e-03  
5.22686062343478e-03  5.17827432285804e-03  5.12913027140734e-03  5.07939616267069e-03  
5.02904558304722e-03  4.97805830219838e-03  4.92642051103180e-03  4.87412500454124e-03  
4.82117130729428e-03  4.76756573984746e-03  4.71332142488075e-03  4.65845823236532e-03  
4.60300266361333e-03  4.54698767459766e-03  4.49045243946765e-03  4.43344205572381e-03  
4.37600719303955e-03  4.31820368823083e-03  4.26009208936931e-03  4.20173715250522e-03  
4.14320729491147e-03  4.08457400917395e-03  4.02591124283166e-03  3.96729474860963e-03  
3.90880141058875e-03  3.85050855190833e-03  3.79249322980625e-03  3.73483152396005e-03  
3.67759782419871e-03  3.62086412371131e-03  3.56469932387984e-03  3.50916855681095e-03  
3.45433253153400e-03  3.40024690966764e-03  3.34696171613620e-03  3.29452079023422e-03  
3.24296128199106e-03  3.19231319837088e-03  3.14259900334483e-03  3.09383327527818e-03  
3.04602242436337e-03  2.99916447196717e-03  2.95324889270552e-03  2.90825651875761e-03  
2.86415950430605e-03  2.82092134596471e-03  2.77849695252524e-03  2.73683275422242e-03  
2.69586683789416e-03  2.65552908983187e-03  2.61574132279282e-03  2.57641735768409e-03  
2.53746302411436e-03  2.49877603785742e-03  2.46024570809933e-03  2.42175242434513e-03  
2.38316687364859e-03  2.34434894543492e-03  2.30514629600099e-03  2.26539257037442e-03  
2.22490531807738e-03  2.18348369342311e-03  2.14090610111123e-03  2.09692803311991e-03  
2.05128043970321e-03  2.00366907891677e-03  1.95377538498852e-03  1.90125947163085e-03  
1.84576592423483e-03  1.78693301478603e-03  1.72440587512450e-03  1.65785397045852e-03  
1.58699291482291e-03  1.51161026276957e-03  1.43159441032643e-03  1.34696517332126e-03  
1.25790403055752e-03  1.16478148757100e-03  1.06817861038929e-03  9.68899579105398e-04  
8.67972193722086e-04  7.66633687469077e-04  6.66299993379941e-04  5.68517755297571e-04  
4.74899813908956e-04  3.87046522281914e-04  3.06456901055058e-04  2.34435148634087e-04  
1.71999184445872e-04  1.19798546291599e-04  7.80489495747789e-05  4.64900741606187e-05  
2.43716823000456e-05  1.04710848972062e-05  3.14244305945923e-06  3.95663087308966e-07  
-0.00000000000000e+00  
                Type                   L                   N
                   0                   1                   0
0.00000000000000e+00  5.17548294170139e-02  1.03459750929344e-01  1.55064935934836e-01  
2.06520714264526e-01  2.57777652970029e-01  3.08786634597197e-01  3.59498934776990e-01  
4.09866298966386e-01  4.59841018174443e-01  5.09376003511446e-01  5.58424859402235e-01  
6.06941955308462e-01  6.54882495808591e-01  7.02202588888871e-01  7.48859312303381e-01  
7.94810777866431e-01  8.40016193546184e-01  8.84435923234245e-01  9.28031544072169e-01  
9.70765901222366e-01  1.01260315997765e+00  1.05350885511070e+00  1.09344993737195e+00  
1.13239481705200e+00  1.17031340453204e+00  1.20717714775386e+00  1.24295906654888e+00  
1.27763378377343e+00  1.31117755320608e+00  1.34356828417063e+00  1.37478556285674e+00  
1.40481067031842e+00  1.43362659713886e+00  1.46121805475802e+00  1.48757148346776e+00  
1.51267505708720e+00  1.53651868433894e+00  1.55909400695442e+00  1.58039439454450e+00  
1.60041493627870e+00  1.61915242942370e+00  1.63660536479888e+00  1.65277390921346e+00  
1.66765988495611e+00  1.68126674641464e+00  1.69359955390891e+00  1.70466494482609e+00  
1.71447110215280e+00  1.72302772050351e+00  1.73034596974973e+00  1.73643845635841e+00  
1.74131918255265e+00  1.74500350341103e+00  1.74750808202544e+00  1.74885084284038e+00  
1.74905092329914e+00  1.74812862392468e+00  1.74610535696491e+00  1.74300359373348e+00  
1.73884681077857e+00  1.73365943501286e+00  1.72746678793825e+00  1.72029502909908e+00  
1.71217109889746e+00  1.70312266090342e+00  1.69317804379197e+00  1.68236618303779e+00  
1.67071656249659e+00  1.65825915600059e+00  1.64502436909306e+00  1.63104298102477e+00  
1.61634608713211e+00  1.60096504171398e+00  1.58493140152111e+00  1.56827686996820e+00  
1.55103324217526e+00  1.53323235094118e+00  1.51490601374790e+00  1.49608598088970e+00  
1.47680388481762e+00  1.45709119078439e+00  1.43697914887064e+00  1.41649874746830e+00  
1.39568066829225e+00  1.37455524298630e+00  1.35315241138438e+00  1.33150168148292e+00  
1.30963209117501e+00  1.28757217179199e+00  1.26534991349257e+00  1.24299273253485e+00  
1.22052744046084e+00  1.19798021521858e+00  1.17537657424118e+00  1.15274134949747e+00  
1.13009866452388e+00  1.10747191344198e+00  1.08488374196164e+00  1.06235603036467e+00  
1.03990987845945e+00  1.01756559249235e+00  9.95342673997416e-01  9.73259810561511e-01  
9.51334868478079e-01  9.29584887258588e-01  9.08026075967015e-01  8.86673811339084e-01  
8.65542637644464e-01  8.44646268246890e-01  8.23997588814051e-01  8.03608662126166e-01  
7.83490734429464e-01  7.63654243278247e-01  7.44108826806887e-01  7.24863334370977e-01  
7.05925838494936e-01  6.87303648061644e-01  6.69003322678162e-01  6.51030688150289e-01  
6.33390852997589e-01  6.16088225939625e-01  5.99126534283438e-01  5.82508843141811e-01  
5.66237575411539e-01  5.50314532440851e-01  5.34740915315195e-01  5.19517346690882e-01  
5.04643893106553e-01  4.90120087703053e-01  4.75944953283153e-01  4.62117025643510e-01  
4.48634377112422e-01  4.35494640228256e-01  4.22695031494868e-01  4.10232375151954e-01  
3.98103126900004e-01  3.86303397521416e-01  3.74828976341306e-01  3.63675354473675e-01  
3.52837747800788e-01  3.42311119635951e-01  3.32090203022268e-01  3.22169522622409e-01  
3.12543416157024e-01  3.03206055351996e-01  2.94151466357414e-01  2.85373549603858e-01  
2.76866099064307e-01  2.68622820892755e-01  2.60637351413408e-01  2.52903274437105e-01  
2.45414137884382e-01  2.38163469697400e-01  2.31144793025669e-01  2.24351640673240e-01  
2.17777568797712e-01  2.11416169854053e-01  2.05261084778785e-01  1.99306014412632e-01  
1.93544730162183e-01  1.87971083903471e-01  1.82579017132701e-01  1.77362569371542e-01  
1.72315885836535e-01  1.67433224384152e-01  1.62708961744996e-01  1.58137599062394e-01  
1.53713766752362e-01  1.49432228703471e-01  1.45287885836620e-01  1.41275779046059e-01  
1.37391091544201e-01  1.33629150633891e-01  1.29985428932728e-01  1.26455545074914e-01  
1.23035263916800e-01  1.19720496272896e-01  1.16507298209602e-01  1.13391869924246e-01  
1.10370554237256e-01  1.07439834725409e-01  1.04596333524106e-01  1.01836808826502e-01  
9.91581521071169e-02  9.65573850972370e-02  9.40316565389900e-02  9.15782387444929e-02  
8.91945239858558e-02  8.68780207411649e-02  8.46263498208086e-02  8.24372403976907e-02  
8.03085259639851e-02  7.82381402361459e-02  7.62241130288839e-02  7.42645661177786e-02  
7.23577091091147e-02  7.05018353344124e-02  6.86953177859794e-02  6.69366051086522e-02  
6.52242176617113e-02  6.35567436637751e-02  6.19328354322885e-02  6.03512057280341e-02  
5.88106242139292e-02  5.73099140362006e-02  5.58479485348983e-02  5.44236480895904e-02  
5.30359771049959e-02  5.16839411402594e-02  5.03665841845610e-02  4.90829860807746e-02  
4.78322600979654e-02  4.66135506526328e-02  4.54260311777756e-02  4.42689021380723e-02  
4.31413891887557e-02  4.20427414750786e-02  4.09722300686648e-02  3.99291465364833e-02  
3.89128016376839e-02  3.79225241430973e-02  3.69576597718225e-02  3.60175702390004e-02  
3.51016324086043e-02  3.42092375448714e-02  3.33397906558366e-02  3.24927099223299e-02  
3.16674262057357e-02  3.08633826278160e-02  3.00800342159256e-02  2.93168476070358e-02  
2.85733008041049e-02  2.78488829784852e-02  2.71430943122565e-02  2.64554458745945e-02  
2.57854595265399e-02  2.51326678488017e-02  2.44966140875390e-02  2.38768521133681e-02  
2.32729463891872e-02  2.26844719427418e-02  2.21110143402175e-02  2.15521696574973e-02  
2.10075444460849e-02  2.04767556910577e-02  1.99594307587668e-02  1.94552073323621e-02  
1.89637333335565e-02  1.84846668293882e-02  1.80176759230560e-02  1.75624386282156e-02  
1.71186427264213e-02  1.66859856076652e-02  1.62641740942378e-02  1.58529242483593e-02  
1.54519611642602e-02  1.50610187455783e-02  1.46798394691227e-02  1.43081741362012e-02  
1.39457816128468e-02  1.35924285603798e-02  1.32478891578386e-02  1.29119448178704e-02  
1.25843838977222e-02  1.22650014069983e-02  1.19535987138504e-02  1.16499832512626e-02  
1.13539682250520e-02  1.10653723251689e-02  1.07840194418134e-02  1.05097383878119e-02  
1.02423626286071e-02  9.98173002112261e-03  9.72768256264728e-03  9.48006615077548e-03  
9.23873035531279e-03  9.00352820293549e-03  8.77431597525112e-03  8.55095302078737e-03  
8.33330158129307e-03  8.12122663260729e-03  7.91459574022079e-03  7.71327892952538e-03  
7.51714857062377e-03  7.32607927745465e-03  7.13994782087617e-03  6.95863305524218e-03  
6.78201585791678e-03  6.60997908107377e-03  6.44240751505676e-03  6.27918786250157e-03  
6.12020872236298e-03  5.96536058293780e-03  5.81453582293888e-03  5.66762871964032e-03  
5.52453546310067e-03  5.38515417545614e-03  5.24938493428126e-03  5.11712979902156e-03  
4.98829283952115e-03  4.86278016570116e-03  4.74049995747172e-03  4.62136249401375e-03  
4.50528018160824e-03  4.39216757925064e-03  4.28194142135066e-03  4.17452063687937e-03  
4.06982636440034e-03  3.96778196248914e-03  3.86831301512755e-03  3.77134733172615e-03  
3.67681494151473e-03  3.58464808211192e-03  3.49478118216305e-03  3.40715083801042e-03  
3.32169578443045e-03  3.23835685954512e-03  3.15707696407755e-03  3.07780101518672e-03  
3.00047589516989e-03  2.92505039538084e-03  2.85147515575072e-03  2.77970260034709e-03  
2.70968686944049e-03  2.64138374857584e-03  2.57475059517543e-03  2.50974626320926e-03  
2.44633102649085e-03  2.38446650115320e-03  2.32411556786314e-03  2.26524229432680e-03  
2.20781185862390e-03  2.15179047389620e-03  2.09714531488570e-03  2.04384444680255e-03  
1.99185675695893e-03  1.94115188958246e-03  1.89170018417316e-03  1.84347261773867e-03  
1.79644075118712e-03  1.75057668012164e-03  1.70585299022795e-03  1.66224271739918e-03  
1.61971931269837e-03  1.57825661220390e-03  1.53782881174398e-03  1.49841044647010e-03  
1.45997637518687e-03  1.42250176929848e-03  1.38596210620336e-03  1.35033316692269e-03  
1.31559103771739e-03  1.28171211541302e-03  1.24867311612589e-03  1.21645108705877e-03  
1.18502342101027e-03  1.15436787322971e-03  1.12446258023195e-03  1.09528608018094e-03  
1.06681733444334e-03  1.03903574991408e-03  1.01192120171973e-03  9.85454055909573e-04  
9.59615191757769e-04  9.34386023314781e-04  9.09748519859164e-04  8.85685224927722e-04  
8.62179273619563e-04  8.39214407900682e-04  8.16774989659343e-04  7.94846011295312e-04  
7.73413103657228e-04  7.52462541172983e-04  7.31981244055661e-04  7.11956777496344e-04  
6.92377347795394e-04  6.73231795412114e-04  6.54509584950266e-04  6.36200792128998e-04  
6.18296087818525e-04  6.00786719251691e-04  5.83664488551281e-04  5.66921728739586e-04  
5.50551277417801e-04  5.34546448331706e-04  5.18901001051939e-04  5.03609109021211e-04  
4.88665326226339e-04  4.74064552776576e-04  4.59801999662570e-04  4.45873152989838e-04  
4.32273737974353e-04  4.18999682988667e-04  4.06047083948005e-04  3.93412169312649e-04  
3.81091265981074e-04  3.69080766330130e-04  3.57377096651845e-04  3.45976687214506e-04  
3.34875944160433e-04  3.24071223434780e-04  3.13558806913915e-04  3.03334880883884e-04  
2.93395516992864e-04  2.83736655780063e-04  2.74354092852226e-04  2.65243467763455e-04  
2.56400255617786e-04  2.47819761396394e-04  2.39497116983899e-04  2.31427280843654e-04  
2.23605040266908e-04  2.16025016104939e-04  2.08681669864129e-04  2.01569313029516e-04  
1.94682118463731e-04  1.88014133712045e-04  1.81559296028579e-04  1.75311448929510e-04  
1.69264360066310e-04  1.63411740205383e-04  1.57747263096061e-04  1.52264586002266e-04  
1.46957370674242e-04  1.41819304537998e-04  1.36844121880639e-04  1.32025624817038e-04  
1.27357703830094e-04  1.22834357683919e-04  1.18449712522262e-04  1.14198039975438e-04  
1.10073774112633e-04  1.06071527091799e-04  1.02186103377057e-04  9.84125124062789e-05  
9.47459796140450e-05  9.11819557331074e-05  8.77161243110983e-05  8.43444074060936e-05  
8.10629694378571e-05  7.78682191930269e-05  7.47568099995808e-05  7.17256381065821e-05  
6.87718393183600e-05  6.58927839530112e-05  6.30860702074644e-05  6.03495160266399e-05  
5.76811495881737e-05  5.50791985242832e-05  5.25420780134310e-05  5.00683778826884e-05  
4.76568488698943e-05  4.53063881982039e-05  4.30160246219539e-05  4.07849031008023e-05  
3.86122692665090e-05  3.64974538365351e-05  3.44398571337391e-05  3.24389338643074e-05  
3.04941782978697e-05  2.86051099899201e-05  2.67712601778743e-05  2.49921589717012e-05  
2.32673234476938e-05  2.15962467462140e-05  1.99783882589815e-05  1.84131649788868e-05  
1.68999440720777e-05  1.54380367188604e-05  1.40266932534803e-05  1.26650996207242e-05  
1.13523751526047e-05  1.00875716535207e-05  8.86967376842512e-06  7.69760059777540e-06  
6.57020850696699e-06  5.48629506874168e-06  4.44460406423954e-06  3.44383146010418e-06  
2.48263226720498e-06  1.55962818213789e-06  6.73415902747318e-07  -1.77423996578876e-07  
-9.94317744581199e-07  -1.77868873130319e-06  -2.53194766628589e-06  -3.25548265895569e-06  
-3.95064934499302e-06  -4.61876117739770e-06  -5.26108000020961e-06  -5.87880701617797e-06  
-6.47307425731949e-06  -7.04493665586676e-06  -7.59536481102508e-06  -8.12523853406136e-06  
-8.63534124754977e-06  -9.12635530429642e-06  -9.59885828054161e-06  -1.00533202867200e-05  
-1.04901023291726e-05  -1.09094557447180e-05  -1.13115227161359e-05  -1.16963378674778e-05  
-1.20638309266692e-05  -1.24138304312589e-05  -1.27460684381787e-05  -1.30601861992125e-05  
-1.33557407402034e-05  -1.36322122820441e-05  -1.38890124326505e-05  -1.41254930660127e-05  
-1.43409558030053e-05  -1.45346620022277e-05  -1.47058431600726e-05  -1.48537116225622e-05  
-1.49774715015943e-05  -1.50763296915985e-05  -1.51495068802714e-05  -1.51962484471677e-05  
-1.52158351459515e-05  -1.52075934697061e-05  -1.51709055998465e-05  -1.51052188459523e-05  
-1.50100544887472e-05  -1.48850159437477e-05  -1.47297961712324e-05  -1.45441842652110e-05  
-1.43280711624312e-05  -1.40814544215251e-05  -1.38044420323463e-05  -1.34972552220914e-05  
-1.31602302395927e-05  -1.27938191033287e-05  -1.23985893146292e-05  -1.19752225411467e-05  
-1.15245122911380e-05  -1.10473606057565e-05  -1.05447738039781e-05  -1.00178573277887e-05  
-9.46780974111609e-06  -8.89591594114980e-06  -8.30353965328587e-06  -7.69211528246895e-06  
-7.06313920016734e-06  -6.41816055301962e-06  -5.75877168081927e-06  -5.08659823353657e-06  
-4.40328908341111e-06  -3.71050612440697e-06  -3.00991405331918e-06  -2.30317022855188e-06  
-1.59191469626965e-06  -8.77760475218538e-07  -1.62284185839259e-07  5.52982893442148e-07  
1.26656326509976e-06  1.97704107566648e-06  2.68306933642713e-06  3.38337644254188e-06  
4.07677193962936e-06  4.76215149311666e-06  5.43850102428903e-06  6.10489998478552e-06  
6.76052375101988e-06  7.40464512733664e-06  8.03663495544723e-06  8.65596183548095e-06  
9.26219097571992e-06  9.85498219114263e-06  1.04340870825192e-05  1.09993454336392e-05  
1.15506808727839e-05  1.20880958476222e-05  1.26116659737910e-05  1.31215338178100e-05  
1.36179021823474e-05  1.41010269661376e-05  1.45712096720641e-05  1.50287896416370e-05  
1.54741360939343e-05  1.59076400500982e-05  1.63297062216614e-05  1.67407449444109e-05  
1.71411642355551e-05  1.75313620483788e-05  1.79117188007232e-05  1.82825902460474e-05  
1.86443007517663e-05  1.89971370490515e-05  1.93413425073568e-05  1.96771119862898e-05  
2.00045873083651e-05  2.03238533897288e-05  2.06349350623425e-05  2.09377946107630e-05  
2.12323300397110e-05  2.15183740842234e-05  2.17956939655153e-05  2.20639918860567e-05  
2.23229062551835e-05  2.25720136260070e-05  2.28108313184795e-05  2.30388206995868e-05  
2.32553910816752e-05  2.34599041990539e-05  2.36516792134313e-05  2.38299981985319e-05  
2.39941120470900e-05  2.41432467414124e-05  2.42766099263900e-05  2.43933977208987e-05  
2.44928017020297e-05  2.45740159960148e-05  2.46362444106007e-05  2.46787075404516e-05  
2.47006497845144e-05  2.47013462083448e-05  2.46801091924469e-05  2.46362948088896e-05  
2.45693088703138e-05  2.44786125998164e-05  2.43637278778405e-05  2.42242420191925e-05  
2.40598120483434e-05  2.38701684364476e-05  2.36551182766890e-05  2.34145478755938e-05  
2.31484247458387e-05  2.28567989915051e-05  2.25398040824137e-05  2.21976570190372e-05  
2.18306578977659e-05  2.14391888896085e-05  2.10237126491907e-05  2.05847701819131e-05  
2.01229781943326e-05  1.96390259625042e-05  1.91336717554973e-05  1.86077388530302e-05  
1.80621112020050e-05  1.74977287585908e-05  1.69155825618766e-05  1.63167095914119e-05  
1.57021874579465e-05  1.50731289788507e-05  1.44306766900780e-05  1.37759973451919e-05  
1.31102764510510e-05  1.24347128892833e-05  1.17505136674857e-05  1.10588888475751e-05  
1.03610466890143e-05  9.65818904592624e-06  8.95150705213918e-06  8.24217712548463e-06  
7.53135731510178e-06  6.82018401569276e-06  6.10976906586315e-06  5.40119724176555e-06  
4.69552415551091e-06  3.99377456175885e-06  3.29694107011271e-06  2.60598325833880e-06  
1.92182717550450e-06  1.24536522086557e-06  5.77456379369864e-07  -8.10732073965081e-08  
-7.29429364000999e-07  -1.36684872319573e-06  -1.99259732028739e-06  -2.60596897676616e-06  
-3.20628350657939e-06  -3.79288478383417e-06  -4.36513871231930e-06  -4.92243113660891e-06  
-5.46416573350192e-06  -5.98976192592736e-06  -6.49865285625345e-06  -6.99028346100985e-06  
-7.46410867929031e-06  -7.91959183375351e-06  -8.35620321393264e-06  -8.77341889427922e-06  
-9.17071981163636e-06  -9.54759112691011e-06  -9.90352189122831e-06  -1.02380050332411e-05  
-1.05505376776798e-05  -1.08406218062544e-05  -1.11077652643260e-05  -1.13514831104952e-05  
-1.15712993090821e-05  -1.17667487524657e-05  -1.19373796033444e-05  -1.20827559391532e-05  
-1.22024606760122e-05  -1.22960987507050e-05  -1.23633005312232e-05  -1.24037254237177e-05  
-1.24170656430249e-05  -1.24030501113409e-05  -1.23614484430700e-05  -1.22920749786347e-05  
-1.21947928237263e-05  -1.20695178503492e-05  -1.19162226189546e-05  -1.17349401742743e-05  
-1.15257676757905e-05  -1.12888698171570e-05  -1.10244819943620e-05  -1.07329131839662e-05  
-1.04145484920615e-05  -1.00698513395647e-05  -9.69936525158252e-06  -9.30371522028643e-06  
-8.88360861596564e-06  -8.43983562413269e-06  -7.97326918934157e-06  -7.48486445074967e-06  
-6.97565766129427e-06  -6.44676458214220e-06  -5.89937835301593e-06  -5.33476683992745e-06  
-4.75426946914468e-06  -4.15929355934380e-06  -3.55131016642592e-06  -2.93184946511132e-06  
-2.30249568909631e-06  -1.66488166006652e-06  -1.02068293649829e-06  -3.71611619646998e-07  
2.80590147147971e-07  9.34156940531010e-07  1.58730704212819e-06  2.23824959552338e-06  
2.88519189073666e-06  3.52634672790638e-06  4.15993980883485e-06  4.78421710820647e-06  
5.39745217491542e-06  5.99795331428893e-06  6.58407060183210e-06  7.15420268390935e-06  
7.70680331867538e-06  8.24038761462432e-06  8.75353792722256e-06  9.24490937417567e-06  
9.71323493670294e-06  1.01573301145818e-05  1.05760971078730e-05  1.09685285011367e-05  
1.13337104317533e-05  1.16708252259901e-05  1.19791534914016e-05  1.22580756598300e-05  
1.25070729785991e-05  1.27257279498822e-05  1.29137242275112e-05  1.30708459785162e-05  
1.31969767271673e-05  1.32920976959761e-05  1.33562856696465e-05  1.33897104051910e-05  
1.33926316166503e-05  1.33653955677336e-05  1.33084313051582e-05  1.32222465697325e-05  
1.31074234232290e-05  1.29646136305718e-05  1.27945338400009e-05  1.25979606003635e-05  
1.23757252590836e-05  1.21287087837032e-05  1.18578365470270e-05  1.15640731170820e-05  
1.12484170924524e-05  1.09118960209850e-05  1.05555614373553e-05  1.01804840542965e-05  
9.78774913976187e-06  9.37845210776223e-06  8.95369435137363e-06  8.51457933716679e-06  
8.06220898438420e-06  7.59768034319543e-06  7.12208258494216e-06  6.63649431279793e-06  
6.14198119997428e-06  5.63959395555703e-06  5.13036661638102e-06  4.61531515963905e-06  
4.09543642827055e-06  3.57170735545031e-06  3.04508447442730e-06  2.51650369449179e-06  
1.98688032345406e-06  1.45710931298093e-06  9.28065701681398e-07  4.00605228822315e-07  
-1.24434909633057e-07  -6.46235191484793e-07  -1.16399281711411e-06  -1.67692070697910e-06  
-2.18424647692575e-06  -2.68521142539568e-06  -3.17906956032415e-06  -3.66508669373128e-06  
-4.14253963563735e-06  -4.61071551024121e-06  -5.06891121972660e-06  -5.51643307874371e-06  
-5.95259663857688e-06  -6.37672671765856e-06  -6.78815765396771e-06  -7.18623379010989e-06  
-7.57031019807622e-06  -7.93975365017647e-06  -8.29394383693556e-06  -8.63227482896743e-06  
-8.95415677910541e-06  -9.25901785505398e-06  -9.54630639070010e-06  -9.81549324005576e-06  
-1.00660743180473e-05  -1.02975733029725e-05  -1.05095444792536e-05  -1.07015756945027e-05  
-1.08732913986838e-05  -1.10243557387009e-05  -1.11544756735331e-05  -1.12634040762339e-05  
-1.13509427889909e-05  -1.14169455948317e-05  -1.14613210698285e-05  -1.14840352816070e-05  
-1.14851142968933e-05  -1.14646464635122e-05  -1.14227844345608e-05  -1.13597469009125e-05  
-1.12758200018785e-05  -1.11713583857398e-05  -1.10467858927582e-05  -1.09025958369339e-05  
-1.07393508640447e-05  -1.05576823664848e-05  -1.03582894362666e-05  -1.01419373421223e-05  
-9.90945551448298e-06  -9.66173502689982e-06  -9.39972556129085e-06  -9.12443184586791e-06  
-8.83690955565447e-06  -8.53826066924890e-06  -8.22962827602241e-06  -7.91219083928957e-06  
-7.58715592985146e-06  -7.25575346545195e-06  -6.91922851723806e-06  -6.57883378228244e-06  
-6.23582187019819e-06  -5.89143760837648e-06  -5.54691063812447e-06  -5.20344863661835e-06  
-4.86223156429967e-06  -4.52440736947885e-06  -4.19108958834922e-06  -3.86335722450019e-06  
-3.54225716989107e-06  -3.22880922047765e-06  -2.92401344336517e-06  -2.62885927246971e-06  
-2.34433526410776e-06  -2.07143799049676e-06  -1.81117812604655e-06  -1.56458148823303e-06  
-1.33268269895921e-06  -1.11650932843711e-06  -9.17054927178937e-07  -7.35240280383114e-07  
-5.71863497880536e-07  -4.27541117425467e-07  -3.02644078768616e-07  -1.97234030273965e-07  
-1.11006698211200e-07  -4.32497396244428e-08  7.17762893696332e-09  4.18370131018178e-08  
6.26710913850465e-08  7.19305534166685e-08  7.20701257453884e-08  6.56199004052281e-08  
5.50417457606771e-08  4.25833725807023e-08  3.01441839722180e-08  1.91670181507289e-08  
1.05681399530358e-08  4.71444615718639e-09  1.45214153003492e-09  1.85657411348056e-10  
0.00000000000000e+00  
                Type                   L                   N
                   0                   2                   0
0.00000000000000e+00  5.37430706884796e-04  2.14868013384546e-03  4.83062261576280e-03  
8.57805675789583e-03  1.33837174852924e-02  1.92382928694573e-02  2.61304456898759e-02  
3.40468396760265e-02  4.29721703636610e-02  5.28892004874225e-02  6.37787998203136e-02  
7.56199893591719e-02  8.83899897441626e-02  1.02064273789393e-01  1.16616622991121e-01  
1.32019187869691e-01  1.48242551991302e-01  1.65255799506055e-01  1.83026586029439e-01  
2.01521212685487e-01  2.20704703121425e-01  2.40540883295594e-01  2.60992463832914e-01  
2.82021124735157e-01  3.03587602226795e-01  3.25651777511316e-01  3.48172767207500e-01  
3.71109015230505e-01  3.94418385878442e-01  4.18058257881725e-01  4.41985619169683e-01  
4.66157162106850e-01  4.90529378949955e-01  5.15058657275984e-01  5.39701375131755e-01  
5.64413995656259e-01  5.89153160928574e-01  6.13875784796482e-01  6.38539144444008e-01  
6.63100970459884e-01  6.87519535173586e-01  7.11753739030861e-01  7.35763194786785e-01  
7.59508309301135e-01  7.82950362728412e-01  8.06051584902996e-01  8.28775228728821e-01  
8.51085640392441e-01  8.72948326228473e-01  8.94330016077127e-01  9.15198722984786e-01  
9.35523799110320e-01  9.55275987712123e-01  9.74427471103456e-01  9.92951914476758e-01  
1.01082450551095e+00  1.02802198968943e+00  1.04452270127029e+00  1.06030658986448e+00  
1.07535524259168e+00  1.08965190179794e+00  1.10318147833363e+00  1.11593056040397e+00  
1.12788741801913e+00  1.13904200308437e+00  1.14938594518453e+00  1.15891254313094e+00  
1.16761675235140e+00  1.17549516821707e+00  1.18254600541223e+00  1.18876907346463e+00  
1.19416574856556e+00  1.19873894181931e+00  1.20249306407183e+00  1.20543398747788e+00  
1.20756900397445e+00  1.20890678083641e+00  1.20945731349738e+00  1.20923187582544e+00  
1.20824296804854e+00  1.20650426252974e+00  1.20403054759584e+00  1.20083766962650e+00  
1.19694247361283e+00  1.19236274239602e+00  1.18711713479718e+00  1.18122512284893e+00  
1.17470692833859e+00  1.16758345887059e+00  1.15987624365306e+00  1.15160736921016e+00  
1.14279941521745e+00  1.13347539065263e+00  1.12365867044845e+00  1.11337293282841e+00  
1.10264209749899e+00  1.09149026486489e+00  1.07994165642575e+00  1.06802055650490e+00  
1.05575125545143e+00  1.04315799444837e+00  1.03026491205013e+00  1.01709599256270e+00  
1.00367501637055e+00  9.90025512304009e-01  9.76170712131002e-01  9.62133507246778e-01  
9.47936407625401e-01  9.33601503086563e-01  9.19150426921423e-01  9.04604321911419e-01  
8.89983808764333e-01  8.75308956982607e-01  8.60599258169725e-01  8.45873601771748e-01  
8.31150253242554e-01  8.16446834613304e-01  8.01780307438860e-01  7.87166958086666e-01  
7.72622385326647e-01  7.58161490174343e-01  7.43798467933466e-01  7.29546802378647e-01  
7.15419262014081e-01  7.01427898339305e-01  6.87584046049268e-01  6.73898325092338e-01  
6.60380644506770e-01  6.47040207953612e-01  6.33885520861795e-01  6.20924399099559e-01  
6.08163979084984e-01  5.95610729247641e-01  5.83270462752844e-01  5.71148351399953e-01  
5.59248940606417e-01  5.47576165389879e-01  5.36133367261543e-01  5.24923311945247e-01  
5.13948207838092e-01  5.03209725130216e-01  4.92709015503174e-01  4.82446732328490e-01  
4.72423051290189e-01  4.62637691357518e-01  4.53089936036553e-01  4.43778654832005e-01  
4.34702324853192e-01  4.25859052500888e-01  4.17246595174484e-01  4.08862382941725e-01  
4.00703540116008e-01  3.92766906689029e-01  3.85049059569297e-01  3.77546333579738e-01  
3.70254842170278e-01  3.63170497803889e-01  3.56289031977153e-01  3.49606014838864e-01  
3.43116874372622e-01  3.36816915111706e-01  3.30701336356812e-01  3.24765249869441e-01  
3.19003697015850e-01  3.13411665338594e-01  3.07984104534655e-01  3.02715941821143e-01  
2.97602096671442e-01  2.92637494906519e-01  2.87817082127949e-01  2.83135836480937e-01  
2.78588780737407e-01  2.74170993690882e-01  2.69877620856624e-01  2.65703884472113e-01  
2.61645092794660e-01  2.57696648694543e-01  2.53854057543732e-01  2.50112934401895e-01  
2.46469010503007e-01  2.42918139047525e-01  2.39456300306732e-01  2.36079606047473e-01  
2.32784303287150e-01  2.29566777390451e-01  2.26423554520936e-01  2.23351303462157e-01  
2.20346836824628e-01  2.17407111656482e-01  2.14529229477196e-01  2.11710435755274e-01  
2.08948118852192e-01  2.06239808456338e-01  2.03583173531995e-01  2.00976019809661e-01  
1.98416286845236e-01  1.95902044676629e-01  1.93431490107382e-01  1.91002942647793e-01  
1.88614840144772e-01  1.86265734132331e-01  1.83954284935142e-01  1.81679256557961e-01  
1.79439511393969e-01  1.77234004785181e-01  1.75061779467998e-01  1.72921959936791e-01  
1.70813746758007e-01  1.68736410866774e-01  1.66689287877282e-01  1.64671772437398e-01  
1.62683312656912e-01  1.60723404637751e-01  1.58791587133094e-01  1.56887436360987e-01  
1.55010560996409e-01  1.53160597364087e-01  1.51337204852562e-01  1.49540061568061e-01  
1.47768860244772e-01  1.46023304426022e-01  1.44303104928722e-01  1.42607976601263e-01  
1.40937635382801e-01  1.39291795669637e-01  1.37670167992161e-01  1.36072457003546e-01  
1.34498359779226e-01  1.32947564423950e-01  1.31419748981174e-01  1.29914580637421e-01  
1.28431715212369e-01  1.26970796923519e-01  1.25531458412579e-01  1.24113321019086e-01  
1.22715995285321e-01  1.21339081675220e-01  1.19982171488852e-01  1.18644847953002e-01  
1.17326687467569e-01  1.16027260986848e-01  1.14746135514261e-01  1.13482875688821e-01  
1.12237045441501e-01  1.11008209699741e-01  1.09795936118553e-01  1.08599796817153e-01  
1.07419370100572e-01  1.06254242146510e-01  1.05104008638563e-01  1.03968276328010e-01  
1.02846664507554e-01  1.01738806381684e-01  1.00644350319766e-01  9.95629609794735e-02  
9.84943202897615e-02  9.74381282842575e-02  9.63941037776436e-02  9.53619848793640e-02  
9.43415293407531e-02  9.33325147334543e-02  9.23347384587617e-02  9.13480175892456e-02  
9.03721885457132e-02  8.94071066141929e-02  8.84526453091807e-02  8.75086955908698e-02  
8.65751649454582e-02  8.56519763388947e-02  8.47390670555755e-02  8.38363874345179e-02  
8.29438995164229e-02  8.20615756157760e-02  8.11893968327255e-02  8.03273515199143e-02  
7.94754337197270e-02  7.86336415875373e-02  7.78019758165164e-02  7.69804380793800e-02  
7.61690295021228e-02  7.53677491843127e-02  7.45765927799047e-02  7.37955511517890e-02  
7.30246091124202e-02  7.22637442618939e-02  7.15129259337581e-02  7.07721142576657e-02  
7.00412593467324e-02  6.93203006161404e-02  6.86091662381620e-02  6.79077727373718e-02  
6.72160247283814e-02  6.65338147969945e-02  6.58610235242411e-02  6.51975196513334e-02  
6.45431603821997e-02  6.38977918189159e-02  6.32612495240685e-02  6.26333592028746e-02  
6.20139374967577e-02  6.14027928790362e-02  6.07997266424517e-02  6.02045339674332e-02  
5.96170050592919e-02  5.90369263419545e-02  5.84640816953816e-02  5.78982537235021e-02  
5.73392250392968e-02  5.67867795536109e-02  5.62407037543519e-02  5.57007879629412e-02  
5.51668275552255e-02  5.46386241345197e-02  5.41159866450369e-02  5.35987324146566e-02  
5.30866881167857e-02  5.25796906419625e-02  5.20775878708416e-02  5.15802393412531e-02  
5.10875168031625e-02  5.05993046565301e-02  5.01155002682948e-02  4.96360141659538e-02  
4.91607701064756e-02  4.86897050205577e-02  4.82227688334936e-02  4.77599241651594e-02  
4.73011459128313e-02  4.68464207217060e-02  4.63957463491003e-02  4.59491309293373e-02  
4.55065921472884e-02  4.50681563294098e-02  4.46338574618899e-02  4.42037361461951e-02  
4.37778385028772e-02  4.33562150349497e-02  4.29389194624850e-02  4.25260075403016e-02  
4.21175358707050e-02  4.17135607232291e-02  4.13141368731712e-02  4.09193164704666e-02  
4.05291479500605e-02  4.01436749944567e-02  3.97629355585301e-02  3.93869609660030e-02  
3.90157750862062e-02  3.86493935988858e-02  3.82878233538810e-02  3.79310618315070e-02  
3.75790967084193e-02  3.72319055326527e-02  3.68894555103997e-02  3.65517034059526e-02  
3.62185955550885e-02  3.58900679910226e-02  3.55660466809327e-02  3.52464478699502e-02  
3.49311785284440e-02  3.46201368974125e-02  3.43132131258310e-02  3.40102899929141e-02  
3.37112437074318e-02  3.34159447754875e-02  3.31242589275228e-02  3.28360480947643e-02  
3.25511714248891e-02  3.22694863263403e-02  3.19908495304994e-02  3.17151181607951e-02  
3.14421507978242e-02  3.11718085296559e-02  3.09039559767028e-02  3.06384622808570e-02  
3.03752020490010e-02  3.01140562415296e-02  2.98549129971105e-02  2.95976683856172e-02  
2.93422270819263e-02  2.90885029541180e-02  2.88364195605138e-02  2.85859105509403e-02  
2.83369199685976e-02  2.80894024499402e-02  2.78433233210174e-02  2.75986585897813e-02  
2.73553948349235e-02  2.71135289928455e-02  2.68730680453891e-02  2.66340286119490e-02  
2.63964364505306e-02  2.61603258732226e-02  2.59257390823873e-02  2.56927254346420e-02  
2.54613406404020e-02  2.52316459073683e-02  2.50037070368641e-02  2.47775934823643e-02  
2.45533773798884e-02  2.43311325601712e-02  2.41109335526559e-02  2.38928545913872e-02  
2.36769686328134e-02  2.34633463953332e-02  2.32520554301564e-02  2.30431592326775e-02  
2.28367164031117e-02  2.26327798645909e-02  2.24313961463014e-02  2.22326047385430e-02  
2.20364375258287e-02  2.18429183033174e-02  2.16520623810057e-02  2.14638762791888e-02  
2.12783575177586e-02  2.10954945009394e-02  2.09152664980883e-02  2.07376437202044e-02  
2.05625874908254e-02  2.03900505090319e-02  2.02199772013612e-02  2.00523041585390e-02  
1.98869606520973e-02  1.97238692251598e-02  1.95629463509474e-02  1.94041031518985e-02  
1.92472461717199e-02  1.90922781921762e-02  1.89390990860174e-02  1.87876066971102e-02  
1.86376977386103e-02  1.84892686998671e-02  1.83422167527144e-02  1.81964406478438e-02  
1.80518415921098e-02  1.79083240978464e-02  1.77657967956090e-02  1.76241732021635e-02  
1.74833724360415e-02  1.73433198735537e-02  1.72039477387891e-02  1.70651956218379e-02  
1.69270109202309e-02  1.67893491994000e-02  1.66521744688067e-02  1.65154593712677e-02  
1.63791852839049e-02  1.62433423300524e-02  1.61079293023794e-02  1.59729534983840e-02  
1.58384304703118e-02  1.57043836924213e-02  1.55708441493481e-02  1.54378498501175e-02  
1.53054452730966e-02  1.51736807478609e-02  1.50426117805766e-02  1.49122983300501e-02  
1.47828040420737e-02  1.46541954500948e-02  1.45265411505486e-02  1.43999109614232e-02  
1.42743750727653e-02  1.41500031978818e-02  1.40268637339550e-02  1.39050229406615e-02  
1.37845441451623e-02  1.36654869815379e-02  1.35479066723553e-02  1.34318533595954e-02  
1.33173714916359e-02  1.32044992723905e-02  1.30932681780395e-02  1.29837025460827e-02  
1.28758192406815e-02  1.27696273974648e-02  1.26651282501466e-02  1.25623150404567e-02  
1.24611730120267e-02  1.23616794880134e-02  1.22638040313766e-02  1.21675086858975e-02  
1.20727482951878e-02  1.19794708961611e-02  1.18876181826822e-02  1.17971260344019e-02  
1.17079251051372e-02  1.16199414645633e-02  1.15330972864549e-02  1.14473115762629e-02  
1.13625009304274e-02  1.12785803195281e-02  1.11954638871581e-02  1.11130657562592e-02  
1.10313008346184e-02  1.09500856112510e-02  1.08693389355149e-02  1.07889827710035e-02  
1.07089429165468e-02  1.06291496870064e-02  1.05495385469864e-02  1.04700506910826e-02  
1.03906335648578e-02  1.03112413213568e-02  1.02318352086451e-02  1.01523838845777e-02  
1.00728636557577e-02  9.99325863843030e-03  9.91356083986048e-03  9.83377015956107e-03  
9.75389431056089e-03  9.67394866171798e-03  9.59395600288681e-03  9.51394623553636e-03  
9.43395599216509e-03  9.35402818858211e-03  9.27421151379797e-03  9.19455986289011e-03  
9.11513171878153e-03  9.03598948937264e-03  8.95719880690616e-03  8.87882779681431e-03  
8.80094632358592e-03  8.72362522140797e-03  8.64693551747053e-03  8.57094765587621e-03  
8.49573073006897e-03  8.42135173158687e-03  8.34787482275886e-03  8.27536064069624e-03  
8.20386563959246e-03  8.13344147793516e-03  8.06413445675615e-03  7.99598501450715e-03  
7.92902728355860e-03  7.86328871267024e-03  7.79878975910437e-03  7.73554365332363e-03  
7.67355623847134e-03  7.61282588605999e-03  7.55334348851341e-03  7.49509252841669e-03  
7.43804922355342e-03  7.38218274602666e-03  7.32745551301913e-03  7.27382354601532e-03  
7.22123689461911e-03  7.16964012045408e-03  7.11897283602769e-03  7.06917029289456e-03  
7.02016401296785e-03  6.97188245639748e-03  6.92425171908518e-03  6.87719625261672e-03  
6.83063959918458e-03  6.78450513393948e-03  6.73871680715615e-03  6.69319987861778e-03  
6.64788163672625e-03  6.60269209502042e-03  6.55756465903485e-03  6.51243675675620e-03  
6.46725042632046e-03  6.42195285505420e-03  6.37649686447201e-03  6.33084133641137e-03  
6.28495157610231e-03  6.23879960862614e-03  6.19236440590439e-03  6.14563204208580e-03  
6.09859577593042e-03  6.05125605954533e-03  6.00362047358373e-03  5.95570358976615e-03  
5.90752676233361e-03  5.85911785075872e-03  5.81051087674390e-03  5.76174561920112e-03  
5.71286715153185e-03  5.66392532610882e-03  5.61497421138988e-03  5.56607148756419e-03  
5.51727780704447e-03  5.46865612646375e-03  5.42027101710588e-03  5.37218796091298e-03  
5.32447263933231e-03  5.27719022233098e-03  5.23040466487890e-03  5.18417801811380e-03  
5.13856976222757e-03  5.09363616787831e-03  5.04942969262023e-03  5.00599841847150e-03  
4.96338553630004e-03  4.92162888221629e-03  4.88076053061525e-03  4.84080644791312e-03  
4.80178621040035e-03  4.76371278895484e-03  4.72659240267583e-03  4.69042444277871e-03  
4.65520146737116e-03  4.62090926699711e-03  4.58752700011046e-03  4.55502739692024e-03  
4.52337702935278e-03  4.49253664419930e-03  4.46246155587145e-03  4.43310209458810e-03  
4.40440410524654e-03  4.37630949172751e-03  4.34875680092194e-03  4.32168184037067e-03  
4.29501832307749e-03  4.26869853278475e-03  4.24265400280758e-03  4.21681620139391e-03  
4.19111721652456e-03  4.16549043308769e-03  4.13987119545350e-03  4.11419744863805e-03  
4.08841035147925e-03  4.06245485554611e-03  4.03628024387221e-03  4.00984062402041e-03  
3.98309537047549e-03  3.95600951188475e-03  3.92855405924750e-03  3.90070627176705e-03  
3.87244985772835e-03  3.84377510843889e-03  3.81467896396104e-03  3.78516501007329e-03  
3.75524340660469e-03  3.72493074799630e-03  3.69424985763853e-03  3.66322951821787e-03  
3.63190414095850e-03  3.60031337727349e-03  3.56850167692877e-03  3.53651779736808e-03  
3.50441426934361e-03  3.47224682444458e-03  3.44007379049720e-03  3.40795546113405e-03  
3.37595344609292e-03  3.34413000898947e-03  3.31254739943475e-03  3.28126718641462e-03  
3.25034959982788e-03  3.21985288699037e-03  3.18983269074480e-03  3.16034145558996e-03  
3.13142786794660e-03  3.10313633631438e-03  3.07550651666267e-03  3.04857288792066e-03  
3.02236438191224e-03  2.99690407151694e-03  2.97220892022958e-03  2.94828959565921e-03  
2.92515034884181e-03  2.90278896056346e-03  2.88119675519716e-03  2.86035868185778e-03  
2.84025346198665e-03  2.82085380179424e-03  2.80212666731547e-03  2.78403361919381e-03  
2.76653120369313e-03  2.74957139585670e-03  2.73310209020060e-03  2.71706763383974e-03  
2.70140939650643e-03  2.68606637155087e-03  2.67097580168822e-03  2.65607382301047e-03  
2.64129612059483e-03  2.62657858891809e-03  2.61185799025044e-03  2.59707260421282e-03  
2.58216286178601e-03  2.56707195721597e-03  2.55174643149091e-03  2.53613672136202e-03  
2.52019766823575e-03  2.50388898167789e-03  2.48717565274291e-03  2.47002831285559e-03  
2.45242353453709e-03  2.43434407086524e-03  2.41577903118962e-03  2.39672399128262e-03  
2.37718103677702e-03  2.35715873943419e-03  2.33667206647364e-03  2.31574222388703e-03  
2.29439643533593e-03  2.27266765890236e-03  2.25059424459039e-03  2.22821953609929e-03  
2.20559142095322e-03  2.18276183360636e-03  2.15978621663236e-03  2.13672294552924e-03  
2.11363272305663e-03  2.09057794932589e-03  2.06762207412511e-03  2.04482893813525e-03  
2.02226210981701e-03  1.99998422478903e-03  1.97805633449807e-03  1.95653727088377e-03  
1.93548303358349e-03  1.91494620598847e-03  1.89497540617025e-03  1.87561477833960e-03  
1.85690353008501e-03  1.83887552017109e-03  1.82155890115569e-03  1.80497582052845e-03  
1.78914218346726e-03  1.77406747968354e-03  1.75975467616383e-03  1.74620017694439e-03  
1.73339385036261e-03  1.72131912353835e-03  1.70995314314768e-03  1.69926700086614e-03  
1.68922602119882e-03  1.67979010876656e-03  1.67091415150684e-03  1.66254847567207e-03  
1.65463934797171e-03  1.64712951971452e-03  1.63995880737779e-03  1.63306470364302e-03  
1.62638301262923e-03  1.61984850279344e-03  1.61339557078355e-03  1.60695890941200e-03  
1.60047417286684e-03  1.59387863229993e-03  1.58711181502544e-03  1.58011612072047e-03  
1.57283740825085e-03  1.56522554704157e-03  1.55723492726402e-03  1.54882492353402e-03  
1.53996030728366e-03  1.53061160349011e-03  1.52075538801343e-03  1.51037452240030e-03  
1.49945832364620e-03  1.48800266707796e-03  1.47601002119802e-03  1.46348941403513e-03  
1.45045633124277e-03  1.43693254689301e-03  1.42294588860515e-03  1.40852993932375e-03  
1.39372367871957e-03  1.37857106780873e-03  1.36312058097491e-03  1.34742469013229e-03  
1.33153930626091e-03  1.31552318399817e-03  1.29943729536197e-03  1.28334417900451e-03  
1.26730727167007e-03  1.25139022871664e-03  1.23565624070008e-03  1.22016735306457e-03  
1.20498379597836e-03  1.19016333126088e-03  1.17576062318981e-03  1.16182663975369e-03  
1.14840809061364e-03  1.13554690768688e-03  1.12327977383747e-03  1.11163770468751e-03  
1.10064568802956e-03  1.09032238474897e-03  1.08067989454170e-03  1.07172358906791e-03  
1.06345201449677e-03  1.05585686469485e-03  1.04892302559733e-03  1.04262869057319e-03  
1.03694554587454e-03  1.03183902453769e-03  1.02726862640876e-03  1.02318830127505e-03  
1.01954689144128e-03  1.01628862946147e-03  1.01335368617179e-03  1.01067876362914e-03  
1.00819772709269e-03  1.00584226976500e-03  1.00354260364710e-03  1.00122816957732e-03  
9.98828359302263e-04  9.96273242266887e-04  9.93494289747920e-04  9.90425088937248e-04  
9.87002039659332e-04  9.83165026549592e-04  9.78858059731637e-04  9.74029877327200e-04  
9.68634503475161e-04  9.62631755964904e-04  9.55987698062707e-04  9.48675029645785e-04  
9.40673413344471e-04  9.31969732025131e-04  9.22558274613075e-04  9.12440847956342e-04  
9.01626813163678e-04  8.90133045586961e-04  8.77983818381252e-04  8.65210610334623e-04  
8.51851839410648e-04  8.37952524200187e-04  8.23563876192717e-04  8.08742826489500e-04  
7.93551491236315e-04  7.78056580686869e-04  7.62328757386129e-04  7.46441949491861e-04  
7.30472625723141e-04  7.14499038837304e-04  6.98600444875183e-04  6.82856305691361e-04  
6.67345482484191e-04  6.52145428167561e-04  6.37331386467544e-04  6.22975605604571e-04  
6.09146574301976e-04  5.95908287673168e-04  5.83319550267371e-04  5.71433323193460e-04  
5.60296121800928e-04  5.49947469862827e-04  5.40419415577475e-04  5.31736113965795e-04  
5.23913479382279e-04  5.16958910852188e-04  5.10871091762023e-04  5.05639864048169e-04  
5.01246175374391e-04  4.97662095852601e-04  4.94850898570914e-04  4.92767195543948e-04  
4.91357117683251e-04  4.90558524078372e-04  4.90301222428862e-04  4.90507179170013e-04  
4.91090695131984e-04  4.91958521156291e-04  4.93009888827437e-04  4.94136435510217e-04  
4.95222011478215e-04  4.96142371425269e-04  4.96764774246746e-04  4.96947544412103e-04  
4.96539685477789e-04  4.95380680044653e-04  4.93300657867653e-04  4.90121160071659e-04  
4.85656765617176e-04  4.79717867573862e-04  4.72114881322461e-04  4.62664124331594e-04  
4.51195518751320e-04  4.37562128202245e-04  4.21651348731541e-04  4.03397338257751e-04  
3.82794005102071e-04  3.59907609727862e-04  3.34887798086281e-04  3.07975718917902e-04  
2.79507820909366e-04  2.49914013913288e-04  2.19709135320991e-04  1.89477094378623e-04  
1.59847657472848e-04  1.31466545060277e-04  1.04960271138003e-04  8.08978855308659e-05  
5.97523847656814e-05  4.18649482188262e-05  2.74152575700460e-05  1.64009228969409e-05  
8.62846000911616e-06  3.71737657167812e-06  1.11780769478514e-06  1.40908757281778e-07  
-0.00000000000000e+00  
