<Coefficient>
	 9 Total number of radial orbitals.
	Type	L	Zeta-Orbital
	  Fe 	0	    1
	  -0.23457338325226
	  -0.23943769824354
	  -0.30743518348771
	  -0.31851308020963
	  -0.29659248600396
	  -0.20896720835316
	  -0.13067655788578
	  -0.04478568922950
	   0.00188706163578
	   0.04317121976187
	   0.04525670104267
	   0.05512591255656
	   0.03374437462427
	   0.03532249391439
	   0.00932800991659
	   0.01757143222034
	  -0.00709061278283
	   0.01361853999399
	  -0.02557706804125
	Type	L	Zeta-Orbital
	  Fe 	0	    2
	   0.28240421709630
	  -0.04750967796577
	  -0.19744368735578
	  -0.26059928510879
	  -0.19957115100610
	  -0.15860976788277
	  -0.07963381323628
	  -0.04571216125196
	   0.00636473122143
	   0.01049557734959
	   0.03922863463848
	   0.01903855045702
	   0.03747232248749
	   0.00605175946685
	   0.02739465756040
	  -0.00939079411988
	   0.02276605300168
	  -0.02327839725278
	   0.04744446579502
	Type	L	Zeta-Orbital
	  Fe 	0	    3
	   0.17940876486567
	  -0.57614720371910
	  -0.56760475015780
	  -0.12391780549839
	   0.70266932754801
	   0.26854790257275
	   0.37942333671543
	   0.09775452624088
	   0.15614212162293
	  -0.00124110603517
	   0.12181027969544
	  -0.07680126146402
	   0.01575005908549
	  -0.12826069189335
	   0.01489315253208
	  -0.12173151189029
	   0.06824506651343
	  -0.12805374965830
	   0.20975919904723
	Type	L	Zeta-Orbital
	  Fe 	0	    4
	  -0.39010689993041
	   0.95071648969567
	  -0.27975607506467
	  -0.47127393727804
	  -0.01817727967383
	  -0.02006084251807
	   0.01129473765263
	   0.04672643060199
	   0.07117609178096
	   0.12215806749677
	   0.08178693300226
	   0.09598665081368
	  -0.00854169085147
	   0.03996970805559
	  -0.06015841388016
	   0.03734381088196
	  -0.07267360474229
	   0.07029642608070
	  -0.16293089965016
	Type	L	Zeta-Orbital
	  Fe 	1	    1
	   0.05270561286390
	   0.29942009933287
	   0.48170489026982
	   0.63612057458147
	   0.66531824409613
	   0.64945143655607
	   0.56354052290428
	   0.48231687011284
	   0.37028738770294
	   0.28789063516804
	   0.19541485309325
	   0.14326684812760
	   0.08043132193151
	   0.05870651159727
	   0.01923964987902
	   0.02145681769019
	  -0.00576484013458
	   0.01256204329803
	  -0.04896858449113
	Type	L	Zeta-Orbital
	  Fe 	1	    2
	  -0.87491865422810
	   0.41869745429828
	   0.38347800336739
	   0.48591911255841
	   0.24437444349624
	   0.25820255657470
	   0.05118494468612
	   0.12453260657724
	  -0.04067196574874
	   0.06550270144885
	  -0.08607249997087
	   0.07381422529189
	  -0.09078840079363
	   0.09202353355261
	  -0.10805756759106
	   0.11855860389178
	  -0.13742890063116
	   0.16040525728050
	  -0.65844226867481
	Type	L	Zeta-Orbital
	  Fe 	2	    1
	  -0.21517375665493
	  -0.35215171527271
	  -0.49245210253354
	  -0.55904628113675
	  -0.63392277076772
	  -0.63846336740477
	  -0.64803421896416
	  -0.59158890366823
	  -0.54191762080744
	  -0.43186978510231
	  -0.35195916623842
	  -0.23109149376084
	  -0.16782018665071
	  -0.07456796830239
	  -0.05516240898972
	   0.00027635257386
	  -0.01709892284100
	  -0.00072599510873
	  -0.18550849723827
	Type	L	Zeta-Orbital
	  Fe 	2	    2
	  -1.01873574723253
	  -0.31033910639290
	   0.25781461575211
	   0.37480369735443
	   0.44902932065249
	   0.49149980391508
	   0.48781799203861
	   0.48480986411849
	   0.37746089715970
	   0.37598014834113
	   0.22543026615872
	   0.21673024826074
	   0.07150949623574
	   0.10097035118735
	  -0.02352157670409
	   0.05867110399438
	  -0.05712746508843
	   0.00415463108367
	  -0.62505124986273
	Type	L	Zeta-Orbital
	  Fe 	3	    1
	   1.15536836424002
	   0.47378389309020
	   0.04731938835177
	   0.17371396420160
	   0.07007054442278
	   0.03973636144231
	   0.03872292741238
	   0.01313056402419
	   0.06912024951355
	  -0.04096041284060
	   0.05226931375487
	  -0.03262874345714
	   0.04923161866870
	  -0.04337838592377
	   0.05793630727799
	  -0.04405190314213
	   0.03467408730724
	   0.39564649966323
	   1.57147851979244
</Coefficient>
<Mkb>
Left spillage = 7.1207131284e-03
</Mkb>
