<Coefficient>
	 7 Total number of radial orbitals.
	Type	L	Zeta-Orbital
	  Tl 	0	    1
	  -0.15741114657490
	  -0.21719260908749
	  -0.07571758569259
	   0.06136247731074
	   0.11966111052531
	   0.11523417945288
	   0.08072116974809
	   0.04428171869480
	   0.01779337127029
	   0.00465215731519
	  -0.00026179687015
	  -0.00018419751605
	  -0.00001268788065
	   0.00067389306283
	  -0.00009444838688
	   0.00032310740330
	  -0.00046669317288
	   0.00042336867201
	  -0.00045130018848
	   0.00054632115505
	  -0.00059660173706
	   0.00064932078861
	  -0.00074177983090
	   0.00088117735407
	  -0.00124525287982
	Type	L	Zeta-Orbital
	  Tl 	0	    2
	  -0.47470210006730
	   0.25703030749317
	   0.10184844803289
	  -0.17797977354499
	  -0.28483302226935
	  -0.25312654110700
	  -0.16568184920478
	  -0.09340570884047
	  -0.03933945585611
	  -0.01511341676871
	  -0.01071713700269
	  -0.00082916678559
	  -0.00939321900621
	   0.00468163035028
	  -0.00589502927053
	   0.00849576741491
	  -0.00877972668610
	   0.00975345603011
	  -0.01133222082113
	   0.01344058425476
	  -0.01381214806334
	   0.01696255796054
	  -0.01895238594243
	   0.02069517319651
	  -0.03182307628137
	Type	L	Zeta-Orbital
	  Tl 	1	    1
	   0.25475451193937
	   0.21192441798948
	   0.10760918990477
	   0.01109018077134
	  -0.02439137039172
	  -0.03558075770743
	  -0.02091633964930
	  -0.01298794559477
	  -0.00044239816533
	  -0.00229630749973
	   0.00281688705827
	  -0.00309067775279
	   0.00247999756069
	  -0.00334375297913
	   0.00341031685967
	  -0.00365422809657
	   0.00408440737048
	  -0.00437048207508
	   0.00482496214087
	  -0.00525127070393
	   0.00584386810645
	  -0.00660607142146
	   0.00761276827694
	  -0.00960199219904
	   0.02231992427678
	Type	L	Zeta-Orbital
	  Tl 	1	    2
	  -0.49658925402233
	   0.48298285410773
	   0.98193740357754
	  -0.04730852172732
	  -0.06574540197943
	  -0.29719846777421
	  -0.06083556600555
	  -0.09892093159263
	   0.04169629619782
	  -0.04119001320391
	   0.03296325608225
	  -0.03932470647429
	   0.02622357876628
	  -0.03067792778816
	   0.02854920544568
	  -0.02840481130288
	   0.02483621250132
	  -0.02984735953693
	   0.02897462550475
	  -0.02967416245657
	   0.03240547054734
	  -0.03474693367683
	   0.03780768714125
	  -0.04841157142151
	   0.10269475551093
	Type	L	Zeta-Orbital
	  Tl 	2	    1
	   0.05887360639345
	   0.18766475974061
	   0.33387206234433
	   0.44901723325688
	   0.50941427919903
	   0.50799569963436
	   0.45212005795797
	   0.35985716474560
	   0.25472479760205
	   0.15807969444811
	   0.08462911808963
	   0.03739618860363
	   0.01320730602182
	   0.00298968532961
	   0.00045318649616
	  -0.00015362855793
	   0.00016439555564
	  -0.00015989015236
	   0.00012253308181
	  -0.00018386180480
	   0.00020636317240
	  -0.00018751107820
	   0.00022436623564
	  -0.00025073251818
	   0.00140123491636
	Type	L	Zeta-Orbital
	  Tl 	2	    2
	  -0.17709328355756
	  -0.90662394264558
	  -0.65071006299747
	  -0.12743755418518
	   0.24246550208345
	   0.41527277576603
	   0.49401914960343
	   0.52781337979991
	   0.53078826322271
	   0.46106041417587
	   0.37620195268539
	   0.25784491316607
	   0.17456654944290
	   0.08405704620633
	   0.04755985726776
	   0.00328796008283
	   0.00924680129488
	  -0.01337878867793
	   0.01149722195402
	  -0.01128224162268
	   0.01813839764376
	  -0.01383118840289
	   0.01629998034011
	  -0.01945951330907
	   0.11239868710406
	Type	L	Zeta-Orbital
	  Tl 	3	    1
	  -0.15144240171441
	  -0.72770334602159
	  -0.73130969372767
	  -0.81087707862300
	  -0.57956357343163
	  -0.44290791566358
	  -0.24001942987690
	  -0.19361611506979
	  -0.06957276491285
	  -0.05900554858815
	   0.02702735725050
	  -0.00903279258527
	   0.03539179197743
	  -0.02149859488359
	   0.02856529830563
	  -0.03091750291155
	   0.02773460077711
	  -0.03364883265276
	   0.03543642423980
	  -0.03526632662001
	   0.03628512755414
	  -0.04275450213873
	   0.03495997806759
	   0.05277786461702
	   0.65437458982446
</Coefficient>
<Mkb>
Left spillage = 3.5428992928e-03
</Mkb>
