<Coefficient>
	 3 Total number of radial orbitals.
	Type	L	Zeta-Orbital
	  He 	0	    1
	   0.05295819443307
	   0.15499394819042
	   0.23077044987687
	   0.26326640427614
	   0.26817292347020
	   0.25722770618909
	   0.24034742485494
	   0.22020293288918
	   0.19915975026196
	   0.17818193273475
	   0.15790310674027
	   0.13837701956802
	   0.12021632872971
	   0.10295875387049
	   0.08718838985357
	   0.07251281360490
	   0.05930309615337
	   0.04731631843858
	   0.03686478118345
	   0.02782167955464
	   0.02040311677446
	   0.01422357918760
	   0.00953248814559
	   0.00585641170486
	   0.00338978847054
	   0.00155592274635
	   0.00062936683693
	  -0.00008910117618
	Type	L	Zeta-Orbital
	  He 	0	    2
	   0.21956248463429
	   0.50376400365739
	   0.25706331482724
	  -0.13664182895938
	  -0.38159023657221
	  -0.49786092791655
	  -0.53431285764153
	  -0.52541585573642
	  -0.48494720459011
	  -0.43686502279729
	  -0.39072690935155
	  -0.34326216091550
	  -0.29860483582304
	  -0.25384542561393
	  -0.21317296893462
	  -0.17479795316061
	  -0.13997870897963
	  -0.10647545458276
	  -0.07980018578988
	  -0.05430131888592
	  -0.03677714291113
	  -0.02032764071556
	  -0.01123805998607
	  -0.00232128738940
	  -0.00051336781735
	   0.00363636375348
	   0.00116141757357
	   0.00348959440064
	Type	L	Zeta-Orbital
	  He 	1	    1
	   0.26630320439286
	   0.29143939178159
	   0.50025187782382
	   0.64809561371781
	   0.74620661536152
	   0.69666583418749
	   0.66399157933650
	   0.54128330136976
	   0.44326820468377
	   0.33833766953625
	   0.28306595971000
	   0.22404430153067
	   0.19408227682407
	   0.14528695114432
	   0.12888999528707
	   0.09200505463967
	   0.08556392536643
	   0.05912275113398
	   0.06121407386554
	   0.03709475992362
	   0.04372878031696
	   0.01826912099377
	   0.02851787613027
	   0.00322657270648
	   0.01816649833501
	  -0.00794733472460
	   0.01635814602230
	  -0.02874469470166
</Coefficient>
<Mkb>
Left spillage = 5.8160332123e-05
</Mkb>
