0	3.082418544767345
1	2.6502427034102007
2	2.2943694688136844
3	1.9715158414930378
4	1.697226348583804
5	1.4778842405354227
6	1.3051170916598176
7	1.165537713978444
8	1.0475910027070303
9	0.9436235199113358
10	0.8502303839756202
11	0.7663641896668433
12	0.6911340350363305
13	0.6233189061107125
14	0.5619989776834865
15	0.5067744611919264
16	0.45747393461750985
17	0.41388321776059167
18	0.3756392270348318
19	0.34222101117276454
20	0.3129978001919951
21	0.28731808603181913
22	0.26460134307798133
23	0.24439088667002432
24	0.22635968768662723
25	0.21028699959227826
26	0.1960237646373728
27	0.1834554921768746
28	0.17246980658588984
29	0.16293787245320357
30	0.15471278393582635
31	0.14763810344241154
32	0.14155748677875574
33	0.13632217382817793
34	0.13179766720289046
35	0.12786950333321315
36	0.12444541193998959
37	0.1214526492367417
38	0.11883296718227432
39	0.1165384839152112
40	0.11452914812498245
41	0.11277042073428165
42	0.11123065537200845
43	0.10987946595140324
44	0.10868819796296444
45	0.10763177632320836
46	0.10669023516689904
47	0.10584910246120585
48	0.10509894354278909
49	0.10443436160618202
50	0.10385225585705843
51	0.10334941890586151
52	0.10292039376515603
53	0.1025566373906518
54	0.10224715440716792
55	0.10197992659989638
56	0.10174346998759609
57	0.10152824723606743
58	0.10132770263901751
59	0.10113851143424385
60	0.10095986215486108
61	0.10079217951911376
62	0.1006359686897952
63	0.10049114926001054
64	0.10035683538447172
65	0.10023145061611297
66	0.10011315172894189
67	0.10000042681355192
68	0.0998925499170444
69	0.099789657373501
70	0.0996925083281015
71	0.09960213855967427
72	0.09951951426655684
73	0.09944520313386335
74	0.09937914386819388
75	0.09932063195228777
76	0.09926851651981601
77	0.09922147623504736
78	0.09917827050015139
79	0.09913794833941103
80	0.0990999895873319
81	0.09906431012740712
82	0.09903111566542439
83	0.09900069002711634
84	0.09897321838242015
85	0.09894868203048315
86	0.09892682954621478
87	0.09890723717616484
88	0.09888944242901658
89	0.09887307835221262
90	0.09885793723323981
91	0.0988439548873847
92	0.0988311487905857
93	0.09881953897044873
94	0.09880907756058298
95	0.09879962206804821
96	0.09879096874281286
97	0.09878291909678302
98	0.09877533654867203
99	0.0987681723907582
100	0.09876146047238012
101	0.0987552833750334
102	0.09874972168342082
103	0.09874481183213835
104	0.09874053192338732
105	0.09873681246736754
106	0.09873355862526048
107	0.09873067555968557
108	0.0987280900717872
109	0.09872575956655988
110	0.09872366639430463
111	0.09872180583722681
112	0.09872017537691208
113	0.09871876654440433
114	0.09871756039961693
115	0.09871652924398927
116	0.09871564306995992
117	0.0987148755967832
118	0.09871420750122957
119	0.09871362750088179
120	0.09871313091535755
121	0.09871271541782298
122	0.09871237662833113
123	0.09871210643380453
124	0.09871189381260007
125	0.09871172669439782
126	0.09871159430656595
127	0.09871148909057752
128	0.09871140670626553
129	0.09871134431577448
130	0.09871129893048396
131	0.09871126676569678
132	0.0987112433854892
133	0.09871122452166162
134	0.09871120726284953
135	0.09871119062877515
136	0.09871117504138194
137	0.09871116134520858
138	0.09871115005322588
139	0.09871114092447511
140	0.0987111329749669
141	0.09871112497420362
142	0.0987111159920422
143	0.09871110556409216
144	0.09871109359056124
145	0.09871108020420402
146	0.0987110656089372
147	0.09871104995142894
148	0.09871103336092062
149	0.09871101605802152
150	0.09871099836389409
151	0.09871098065888845
152	0.09871096336495955
153	0.0987109468907902
154	0.09871093153769389
155	0.09871091745129296
156	0.09871090461478055
157	0.0987108928491099
158	0.09871088186953064
159	0.09871087140943755
160	0.09871086132382509
161	0.0987108516224944
162	0.09871084244693809
163	0.09871083399083411
164	0.0987108263890221
165	0.0987108196522807
166	0.09871081368132963
167	0.09871080832361548
168	0.09871080344044195
169	0.09871079896153775
170	0.0987107948935658
171	0.09871079128232449
172	0.09871078816741495
173	0.09871078555182626
174	0.09871078338854415
175	0.09871078159121863
176	0.09871078006354693
177	0.09871077872519532
178	0.0987107775252778
179	0.09871077644600228
180	0.09871077549306347
181	0.0987107746760318
182	0.09871077399312016
183	0.09871077342664983
184	0.098710772947058
185	0.09871077252450611
186	0.09871077214167583
187	0.09871077179711099
188	0.09871077149827062
189	0.09871077125114294
190	0.0987107710515935
191	0.09871077088328781
192	0.0987107707246115
193	0.09871077055895586
194	0.09871077038096118
195	0.09871077019672503
196	0.09871077001873918
197	0.09871076985824638
198	0.09871076972010068
199	0.09871076960260754
200	0.09871076950040054
201	0.098710769408077
202	0.0987107693228989
203	0.0987107692449875
204	0.09871076917558873
205	0.09871076911538919
206	0.0987107690636247
207	0.09871076901813264
208	0.09871076897645331
209	0.09871076893710953
210	0.09871076890009572
211	0.09871076886664122
212	0.09871076883841576
213	0.09871076881643724
214	0.09871076880044553
215	0.09871076878909664
216	0.09871076878060514
217	0.0987107687734889
218	0.09871076876705495
219	0.09871076876127055
220	0.09871076875626712
221	0.09871076875194024
222	0.09871076874783535
223	0.09871076874334184
224	0.09871076873807241
225	0.0987107687320806
226	0.09871076872577078
227	0.09871076871965695
228	0.0987107687141051
229	0.0987107687091854
230	0.09871076870473082
231	0.09871076870050055
232	0.09871076869630242
233	0.09871076869206889
234	0.09871076868785161
235	0.09871076868374928
236	0.09871076867985075
237	0.09871076867620299
238	0.09871076867279939
239	0.09871076866960829
240	0.09871076866661306
241	0.09871076866382811
242	0.09871076866129627
243	0.09871076865906125
244	0.09871076865713468
245	0.09871076865548348
246	0.09871076865404899
247	0.09871076865277773
248	0.09871076865164637
249	0.09871076865066712
250	0.09871076864986297
251	0.09871076864924253
252	0.09871076864878955
253	0.09871076864846261
254	0.0987107686482178
255	0.09871076864802408
256	0.09871076864786564
257	0.09871076864774386
258	0.09871076864766096
259	0.09871076864761208
260	0.09871076864758258
261	0.09871076864755898
262	0.0987107686475246
263	0.09871076864747771
264	0.09871076864742215
265	0.09871076864736973
266	0.09871076864732876
267	0.09871076864730138
268	0.09871076864728244
269	0.09871076864726448
270	0.0987107686472409
271	0.09871076864721105
272	0.0987107686471788
273	0.09871076864714777
274	0.09871076864711922
275	0.09871076864709065
276	0.0987107686470604
277	0.09871076864702649
278	0.09871076864699119
279	0.09871076864695565
280	0.09871076864692321
281	0.09871076864689599
282	0.09871076864687137
283	0.0987107686468478
284	0.0987107686468246
285	0.09871076864680071
286	0.09871076864677772
287	0.09871076864675624
288	0.0987107686467372
289	0.0987107686467217
290	0.09871076864670794
291	0.09871076864669638
292	0.09871076864668532
293	0.09871076864667652
294	0.09871076864666734
295	0.09871076864666078
296	0.09871076864665436
297	0.09871076864664857
298	0.09871076864664338
299	0.09871076864663936
300	0.09871076864663456
301	0.0987107686466317
302	0.09871076864662852
303	0.09871076864662712
304	0.09871076864662498
305	0.09871076864662376
306	0.09871076864662343
307	0.09871076864662288
308	0.09871076864662194
309	0.09871076864662182
310	0.09871076864662126
311	0.0987107686466212
312	0.09871076864662104
313	0.09871076864662075
314	0.09871076864661998
315	0.09871076864661932
316	0.09871076864661904
317	0.09871076864661985
318	0.09871076864661811
319	0.09871076864661854
320	0.09871076864661882
321	0.09871076864661825
322	0.09871076864661765
323	0.09871076864661776
324	0.09871076864661725
325	0.09871076864661699
326	0.09871076864661663
327	0.09871076864661683
328	0.09871076864661625
329	0.0987107686466165
330	0.0987107686466161
331	0.09871076864661635
332	0.09871076864661626
333	0.09871076864661574
334	0.09871076864661602
335	0.09871076864661521
336	0.09871076864661535
337	0.0987107686466158
338	0.09871076864661549
339	0.09871076864661528
340	0.09871076864661499
341	0.09871076864661507
342	0.09871076864661552
343	0.0987107686466153
344	0.09871076864661521
345	0.09871076864661496
346	0.09871076864661464
347	0.098710768646615
348	0.0987107686466153
349	0.09871076864661488
350	0.09871076864661486
351	0.09871076864661443
352	0.09871076864661438
353	0.09871076864661557
354	0.09871076864661489
355	0.09871076864661507
356	0.09871076864661489
357	0.09871076864661477
358	0.09871076864661503
359	0.0987107686466151
360	0.09871076864661424
361	0.09871076864661497
362	0.0987107686466146
363	0.09871076864661521
364	0.09871076864661531
365	0.09871076864661507
366	0.09871076864661489
367	0.0987107686466148
368	0.0987107686466146
369	0.09871076864661506
370	0.09871076864661489
371	0.09871076864661453
372	0.09871076864661449
373	0.09871076864661534
374	0.09871076864661499
375	0.0987107686466151
376	0.09871076864661493
377	0.09871076864661486
378	0.0987107686466156
379	0.09871076864661504
380	0.09871076864661461
381	0.09871076864661459
382	0.09871076864661474
383	0.09871076864661467
384	0.09871076864661461
385	0.09871076864661492
386	0.0987107686466144
387	0.09871076864661446
388	0.0987107686466148
389	0.09871076864661506
390	0.09871076864661502
391	0.09871076864661432
392	0.09871076864661518
393	0.09871076864661497
394	0.09871076864661509
395	0.09871076864661477
396	0.09871076864661488
397	0.0987107686466151
398	0.09871076864661504
399	0.0987107686466149
400	0.09871076864661472
401	0.09871076864661465
402	0.09871076864661471
403	0.09871076864661497
404	0.09871076864661493
405	0.09871076864661443
406	0.09871076864661485
407	0.09871076864661522
408	0.09871076864661472
409	0.09871076864661464
410	0.09871076864661457
411	0.09871076864661488
