  0.000000   -1.74427914431910   -2.96226766288717    0.00000000000000    0.00000000000000  
  0.010000   -1.74407006180787   -2.96177989238943   -0.06295513520122   -0.00081956762587  
  0.020000   -1.74344297795888   -2.96031704832782   -0.12583912895147   -0.00327622052831  
  0.030000   -1.74239838370333   -2.95788053214046   -0.18858097141208   -0.00736381497217  
  0.040000   -1.74093709684994   -2.95447267670475   -0.25110991564002   -0.01307213201166  
  0.050000   -1.73906026146856   -2.95009674206795   -0.31335560821420   -0.02038690833450  
  0.060000   -1.73676934702403   -2.94475690948957   -0.37524821887894   -0.02928987929380  
  0.070000   -1.73406614725767   -2.93845827381496   -0.43671856888167   -0.03975883397843  
  0.080000   -1.73095277881221   -2.93120683420497   -0.49769825768631   -0.05176768213102  
  0.090000   -1.72743167959601   -2.92300948325160   -0.55811978774859   -0.06528653268155  
  0.100000   -1.72350560688115   -2.91387399451511   -0.61791668704592   -0.08028178362462  
  0.110000   -1.71917763512973   -2.90380900852226   -0.67702362906121   -0.09671622292929  
  0.120000   -1.71445115354188   -2.89282401727091   -0.73537654992819   -0.11454914013221  
  0.130000   -1.70932986331884   -2.88092934728999   -0.79291276245452   -0.13373644822854  
  0.140000   -1.70381777463390   -2.86813614130853   -0.84957106674878   -0.15423081543953  
  0.150000   -1.69791920330360   -2.85445633859126   -0.90529185718773   -0.17598180640218  
  0.160000   -1.69163876715189   -2.83990265400204   -0.96001722547204   -0.19893603229438  
  0.170000   -1.68498138205930   -2.82448855585965   -1.01369105953007   -0.22303730937889  
  0.180000   -1.67795225768974   -2.80822824265378   -1.06625913804264   -0.24822682542098  
  0.190000   -1.67055689288731   -2.79113661869158   -1.11766922037472   -0.27444331340872  
  0.200000   -1.66280107073612   -2.77322926874769   -1.16787113171414   -0.30162323198065  
  0.210000   -1.65469085327635   -2.75452243179265   -1.21681684323181   -0.32970095194352  
  0.220000   -1.64623257587019   -2.73503297387639   -1.26446054709314   -0.35860894824379  
  0.230000   -1.63743284121232   -2.71477836024477   -1.31075872616553   -0.38827799673859  
  0.240000   -1.62829851297988   -2.69377662676820   -1.35567021828279   -0.41863737509792  
  0.250000   -1.61883670911812   -2.67204635076196   -1.39915627494348   -0.44961506715692  
  0.260000   -1.60905479475860   -2.64960662127827   -1.44118061433637   -0.48113797002788  
  0.270000   -1.59896037476820   -2.62647700894982   -1.48170946860294   -0.51313210327401  
  0.280000   -1.58856128592803   -2.60267753546442   -1.52071162526367   -0.54552281944286  
  0.290000   -1.57786558874285   -2.57822864274943   -1.55815846275123   -0.57823501525517  
  0.300000   -1.56688155888281   -2.55315116194364   -1.59402398001110   -0.61119334274557  
  0.310000   -1.55561767826086   -2.52746628223300   -1.62828482014648   -0.64432241965494  
  0.320000   -1.54408262575046   -2.50119551962482   -1.66092028810114   -0.67754703838024  
  0.330000   -1.53228526755005   -2.47436068573315   -1.69191236239063   -0.71079237279585  
  0.340000   -1.52023464720194   -2.44698385664595   -1.72124570090827   -0.74398418227183  
  0.350000   -1.50793997527533   -2.41908734194205   -1.74890764084876   -0.77704901222772  
  0.360000   -1.49541061872440   -2.39069365392331   -1.77488819280771   -0.80991439057665  
  0.370000   -1.48265608993430   -2.36182547712463   -1.79918002913118   -0.84250901943297  
  0.380000   -1.46968603546951   -2.33250563816125   -1.82177846660395   -0.87476296147686  
  0.390000   -1.45651022454048   -2.30275707596965   -1.84268144358016   -0.90660782039277  
  0.400000   -1.44313853720633   -2.27260281249502   -1.86188949167388   -0.93797691482303  
  0.410000   -1.42958095233278   -2.24206592387489   -1.87940570214074   -0.96880544530538  
  0.420000   -1.41584753532601   -2.21116951216481   -1.89523568709476   -0.99903065369166  
  0.430000   -1.40194842566476   -2.17993667764864   -1.90938753571696   -1.02859197457608  
  0.440000   -1.38789382425424   -2.14839049177199   -1.92187176562404   -1.05743117829332  
  0.450000   -1.37369398062667   -2.11655397073425   -1.93270126957650   -1.08549250508102  
  0.460000   -1.35935918001483   -2.08445004977039   -1.94189125771612   -1.11272279003625  
  0.470000   -1.34489973032560   -2.05210155815058   -1.94945919553220   -1.13907157853213  
  0.480000   -1.33032594904200   -2.01953119492189   -1.95542473776518   -1.16449123179838  
  0.490000   -1.31564815008279   -1.98676150541294   -1.95980965846427   -1.18893702240809  
  0.500000   -1.30087663064962   -1.95381485851878   -1.96263777742341   -1.21236721945229  
  0.510000   -1.28602165809218   -1.92071342478027   -1.96393488322638   -1.23474316322390  
  0.520000   -1.27109345682274   -1.88747915526888   -1.96372865313794   -1.25602932927282  
  0.530000   -1.25610219531108   -1.85413376128471   -1.96204857008291   -1.27619338173475  
  0.540000   -1.24105797319190   -1.82069869487298   -1.95892583695960   -1.29520621587697  
  0.550000   -1.22597080851606   -1.78719513016116   -1.95439328853740   -1.31304198984491  
  0.560000   -1.21085062517756   -1.75364394551656   -1.94848530119127   -1.32967814563394  
  0.570000   -1.19570724054737   -1.72006570652191   -1.94123770072775   -1.34509541935073  
  0.580000   -1.18055035334540   -1.68648064976416   -1.93268766855847   -1.35927784086795  
  0.590000   -1.16538953178075   -1.65290866742982   -1.92287364647757   -1.37221272301504  
  0.600000   -1.15023420199027   -1.61936929269845   -1.91183524029919   -1.38389064048528  
  0.610000   -1.13509363680421   -1.58588168592428   -1.89961312261013   -1.39430539867654  
  0.620000   -1.11997694486686   -1.55246462159464   -1.88624893489130   -1.40345399271838  
  0.630000   -1.10489306013927   -1.51913647605281   -1.87178518925886   -1.41133655697265  
  0.640000   -1.08985073180931   -1.48591521597161   -1.85626517007318   -1.41795630532729  
  0.650000   -1.07485851463363   -1.45281838756389   -1.83973283565988   -1.42331946263444  
  0.660000   -1.05992475973408   -1.41986310651488   -1.82223272038291   -1.42743518767310  
  0.670000   -1.04505760586987   -1.38706604862141   -1.80380983730466   -1.43031548804435  
  0.680000   -1.03026497120497   -1.35444344112262   -1.78450958166253   -1.43197512743260  
  0.690000   -1.01555454558843   -1.32201105470683   -1.76437763538561   -1.43243152568996  
  0.700000   -1.00093378336364   -1.28978419617913   -1.74345987286792   -1.43170465222213  
  0.710000   -0.98640989672039   -1.25777770177480   -1.72180226820839   -1.42981691317344  
  0.720000   -0.97198984960186   -1.22600593110382   -1.69945080411942   -1.42679303292546  
  0.730000   -0.95768035217648   -1.19448276171219   -1.67645138269852   -1.42265993043820  
  0.740000   -0.94348785588271   -1.16322158424666   -1.65284973824881   -1.41744659097496  
  0.750000   -0.92941854905259   -1.13223529820959   -1.62869135232554   -1.41118393376174  
  0.760000   -0.91547835311793   -1.10153630829198   -1.60402137117663   -1.40390467613912  
  0.770000   -0.90167291940099   -1.07113652127313   -1.57888452573607   -1.39564319476969  
  0.780000   -0.88800762648915   -1.04104734347629   -1.55332505431905   -1.38643538446603  
  0.790000   -0.87448757819159   -1.01127967877041   -1.52738662815811   -1.37631851520457  
  0.800000   -0.86111760207339   -0.98184392710938   -1.50111227990928   -1.36533108788781  
  0.810000   -0.84790224856092   -0.95274998360023   -1.47454433524696   -1.35351268941274  
  0.820000   -0.83484579061044   -0.92400723809339   -1.44772434765593   -1.34090384759595  
  0.830000   -0.82195222392983   -0.89562457528826   -1.42069303651823   -1.32754588649654  
  0.840000   -0.80922526774182   -0.86761037534857   -1.39349022858216   -1.31348078266614  
  0.850000   -0.79666836607532   -0.83997251502220   -1.36615480288976   -1.29875102284170  
  0.860000   -0.78428468957000   -0.81271836926121   -1.33872463922861   -1.28339946358081  
  0.870000   -0.77207713777750   -0.78585481333807   -1.31123657016300   -1.26746919332149  
  0.880000   -0.76004834194178   -0.75938822545447   -1.28372633668888   -1.25100339732898  
  0.890000   -0.74820066823928   -0.73332448983972   -1.25622854754622   -1.23404522597060  
  0.900000   -0.73653622145903   -0.70766900033572   -1.22877664221229   -1.21663766673698  
  0.910000   -0.72505684910118   -0.68242666446555   -1.20140285758833   -1.19882342040370  
  0.920000   -0.71376414587222   -0.65760190798317   -1.17413819838247   -1.18064478170145  
  0.930000   -0.70265945855371   -0.63319867990098   -1.14701241118113   -1.16214352483647  
  0.940000   -0.69174389122124   -0.60922045799229   -1.12005396219151   -1.14336079417467  
  0.950000   -0.68101831078950   -0.58567025476519   -1.09329001862795   -1.12433700037458  
  0.960000   -0.67048335285902   -0.56255062390374   -1.06674643370542   -1.10511172222438  
  0.970000   -0.66013942783995   -0.53986366717207   -1.04044773519445   -1.08572361440854  
  0.980000   -0.64998672732797   -0.51761104177609   -1.01441711748237   -1.06621032139900  
  0.990000   -0.64002523070756   -0.49579396817680   -0.98867643707772   -1.04660839763506  
  1.000000   -0.63025471195769   -0.47441323834825   -0.96324621148585   -1.02695323412545  
  1.010000   -0.62067474663555   -0.45346922447233   -0.93814562137601   -1.00727899157506  
  1.020000   -0.61128471901387   -0.43296188806120   -0.91339251595257   -0.98761854010827  
  1.030000   -0.60208382934803   -0.41289078949752   -0.88900342143572   -0.96800340563071  
  1.040000   -0.59307110124960   -0.39325509798079   -0.86499355255016   -0.94846372284115  
  1.050000   -0.58424538914352   -0.37405360186748   -0.84137682691382   -0.92902819487636  
  1.060000   -0.57560538578675   -0.35528471939081   -0.81816588221261   -0.90972405954310  
  1.070000   -0.56714962982720   -0.33694650974497   -0.79537209604152   -0.89057706206418  
  1.080000   -0.55887651338213   -0.31903668451711   -0.77300560828738   -0.87161143423862  
  1.090000   -0.55078428961662   -0.30155261944918   -0.75107534592363   -0.85284987989074  
  1.100000   -0.54287108030316   -0.28449136651000   -0.72958905008337   -0.83431356645885  
  1.110000   -0.53513488334462   -0.26784966625709   -0.70855330527306   -0.81602212255121  
  1.120000   -0.52757358024393   -0.25162396046606   -0.68797357058591   -0.79799364127537  
  1.130000   -0.52018494350448   -0.23581040500425   -0.66785421277121   -0.78024468912737  
  1.140000   -0.51296664394677   -0.22040488292410   -0.64819854101339   -0.76279032020839  
  1.150000   -0.50591625792756   -0.20540301775062   -0.62900884327285   -0.74564409551998  
  1.160000   -0.49903127444880   -0.19080018693608   -0.61028642403904   -0.72881810707372  
  1.170000   -0.49230910214513   -0.17659153545435   -0.59203164334541   -0.71232300653760  
  1.180000   -0.48574707613911   -0.16277198950621   -0.57424395689559   -0.69616803813003  
  1.190000   -0.47934246475499   -0.14933627030621   -0.55692195714991   -0.68036107546198  
  1.200000   -0.47309247608252   -0.13627890792127   -0.54006341522220   -0.66490866202015  
  1.210000   -0.46699426438327   -0.12359425513028   -0.52366532343758   -0.64981605497695  
  1.220000   -0.46104493633305   -0.11127650127395   -0.50772393840355   -0.63508727200911  
  1.230000   -0.45524155709479   -0.09931968606374   -0.49223482444866   -0.62072514080335  
  1.240000   -0.44958115621720   -0.08771771331858   -0.47719289728517   -0.60673135092637  
  1.250000   -0.44406073335524   -0.07646436459822   -0.46259246775524   -0.59310650773714  
  1.260000   -0.43867726380935   -0.06555331270231   -0.44842728552308   -0.57985018802112  
  1.270000   -0.43342770388101   -0.05497813500439   -0.43469058257945   -0.56696099703010  
  1.280000   -0.42830899604282   -0.04473232659083   -0.42137511642857   -0.55443662661607  
  1.290000   -0.42331807392223   -0.03480931317521   -0.40847321283216   -0.54227391415435  
  1.300000   -0.41845186709801   -0.02520246375929   -0.39597680798997   -0.53046890195913  
  1.310000   -0.41370730570981   -0.01590510301314   -0.38387749004118   -0.51901689690354  
  1.320000   -0.40908132488089   -0.00691052334751   -0.37216653977653   -0.50791252996692  
  1.330000   -0.40457086895509    0.00178800334689   -0.36083497045660   -0.49714981544346  
  1.340000   -0.40017289554908    0.01019721431724   -0.34987356663775   -0.48672220955861  
  1.350000   -0.39588437942134    0.01832384494626   -0.33927292191329   -0.47662266825319  
  1.360000   -0.39170231615977    0.02617461815081   -0.32902347548380   -0.46684370390931  
  1.370000   -0.38762372568956    0.03375623420053   -0.31911554747734   -0.45737744080680  
  1.380000   -0.38364565560380    0.04107536097451   -0.30953937294667   -0.44821566911454  
  1.390000   -0.37976518431865    0.04813862467139   -0.30028513447792   -0.43934989723668  
  1.400000   -0.37597942405577    0.05495260098700   -0.29134299335165   -0.43077140235033  
  1.410000   -0.37228552365410    0.06152380677120   -0.28270311920475   -0.42247127898737  
  1.420000   -0.36868067121361    0.06785869217399   -0.27435571814848   -0.41444048553016  
  1.430000   -0.36516209657330    0.07396363328846   -0.26629105930507   -0.40666988850730  
  1.440000   -0.36172707362600    0.07984492529652   -0.25849949973262   -0.39915030459244  
  1.450000   -0.35837292247226    0.08550877612090   -0.25097150771494   -0.39187254022566  
  1.460000   -0.35509701141579    0.09096130058519   -0.24369768440008   -0.38482742879319  
  1.470000   -0.35189675880271    0.09620851508121   -0.23666878377813   -0.37800586531732  
  1.480000   -0.34876963470695    0.10125633274152   -0.22987573099583   -0.37139883862383  
  1.490000   -0.34571316246391    0.10611055911236   -0.22330963901207   -0.36499746096944  
  1.500000   -0.34272492005479    0.11077688832083   -0.21696182360475   -0.35879299512631  
  1.510000   -0.33980254134351    0.11526089972792   -0.21082381674600   -0.35277687893456  
  1.520000   -0.33694371716861    0.11956805505755   -0.20488737836859   -0.34694074734692  
  1.530000   -0.33414619629197    0.12370369598979   -0.19914450655220   -0.34127645200232  
  1.540000   -0.33140778620679    0.12767304220504   -0.19358744616382   -0.33577607837678  
  1.550000   -0.32872635380675    0.13148118986435   -0.18820869599177   -0.33043196057088  
  1.560000   -0.32609982591862    0.13513311050986   -0.18300101441770   -0.32523669380324  
  1.570000   -0.32352618970059    0.13863365036771   -0.17795742367563   -0.32018314468843  
  1.580000   -0.32100349290867    0.14198753003516   -0.17307121275123   -0.31526445938610  
  1.590000   -0.31852984403350    0.14519934453220   -0.16833593897863   -0.31047406971537  
  1.600000   -0.31610341231021    0.14827356369736   -0.16374542839537   -0.30580569733493  
  1.610000   -0.31372242760397    0.15121453290649   -0.15929377491943   -0.30125335609469  
  1.620000   -0.31138518017411    0.15402647409294   -0.15497533841505   -0.29681135266955  
  1.630000   -0.30909002031988    0.15671348704677   -0.15078474171623   -0.29247428558919  
  1.640000   -0.30683535791101    0.15927955097079   -0.14671686667918   -0.28823704278081  
  1.650000   -0.30461966180658    0.16172852627049   -0.14276684933609   -0.28409479774328  
  1.660000   -0.30244145916591    0.16406415655540   -0.13893007422431   -0.28004300447247  
  1.670000   -0.30029933465531    0.16629007082916   -0.13520216796536   -0.27607739125751  
  1.680000   -0.29819192955493    0.16840978584598   -0.13157899216892   -0.27219395346720  
  1.690000   -0.29611794077014    0.17042670861148   -0.12805663573691   -0.26838894544442  
  1.700000   -0.29407611975214    0.17234413900641   -0.12463140664225   -0.26465887162460  
  1.710000   -0.29206527133266    0.17416527251208   -0.12129982325642   -0.26100047699111  
  1.720000   -0.29008425247818    0.17589320301750   -0.11805860529881   -0.25741073697793  
  1.730000   -0.28813197096886    0.17753092568846   -0.11490466447923   -0.25388684692535  
  1.740000   -0.28620738400818    0.17908133988009   -0.11183509490355   -0.25042621119075  
  1.750000   -0.28430949676901    0.18054725207506   -0.10884716331023   -0.24702643201156  
  1.760000   -0.28243736088238    0.18193137883084   -0.10593829920307   -0.24368529821219  
  1.770000   -0.28059007287533    0.18323634972034   -0.10310608494321   -0.24040077384171  
  1.780000   -0.27876677256428    0.18446471025155   -0.10034824586021   -0.23717098682295  
  1.790000   -0.27696664141076    0.18561892475274   -0.09766264043930   -0.23399421768793  
  1.800000   -0.27518890084613    0.18670137921123   -0.09504725063843   -0.23086888846854  
  1.810000   -0.27343281057236    0.18771438405476   -0.09250017238528   -0.22779355180502  
  1.820000   -0.27169766684574    0.18866017686589   -0.09001960630087   -0.22476688032863  
  1.830000   -0.26998280075059    0.18954092502093   -0.08760384869273   -0.22178765636870  
  1.840000   -0.26828757646989    0.19035872824625   -0.08525128285651   -0.21885476202795  
  1.850000   -0.26661138955984    0.19111562108603   -0.08296037072127   -0.21596716966396  
  1.860000   -0.26495366523521    0.19181357527657   -0.08072964486948   -0.21312393280855  
  1.870000   -0.26331385667218    0.19245450202363   -0.07855770095892   -0.21032417755108  
  1.880000   -0.26169144333531    0.19304025418012   -0.07644319056958   -0.20756709440611  
  1.890000   -0.26008592933504    0.19357262832287   -0.07438481449464   -0.20485193068034  
  1.900000   -0.25849684182183    0.19405336672786   -0.07238131649070   -0.20217798334879  
  1.910000   -0.25692372942285    0.19448415924449   -0.07043147749861   -0.19954459244514  
  1.920000   -0.25536616072681    0.19486664507022   -0.06853411034230   -0.19695113496686  
  1.930000   -0.25382372282212    0.19520241442781   -0.06668805490947   -0.19439701929138  
  1.940000   -0.25229601989331    0.19549301014804   -0.06489217381431   -0.19188168009578  
  1.950000   -0.25078267188003    0.19573992916148   -0.06314534853917   -0.18940457376895  
  1.960000   -0.24928331320282    0.19594462390362   -0.06144647604872   -0.18696517430208  
  1.970000   -0.24779759155903    0.19610850363774   -0.05979446586707   -0.18456296964040  
  1.980000   -0.24632516679211    0.19623293570095   -0.05818823760562   -0.18219745847697  
  1.990000   -0.24486570983671    0.19631924667852   -0.05662671892645   -0.17986814746692  
  2.000000   -0.24341890174179    0.19636872351242   -0.05510884392397   -0.17757454883905  
  2.010000   -0.24198443277313    0.19638261454971   -0.05363355190506   -0.17531617838038  
  2.020000   -0.24056200159632    0.19636213053695   -0.05219978654597   -0.17309255376798  
  2.030000   -0.23915131454075    0.19630844556643   -0.05080649540278   -0.17090319322202  
  2.040000   -0.23775208494433    0.19622269798030   -0.04945262975027   -0.16874761445333  
  2.050000   -0.23636403257857    0.19610599123834   -0.04813714472329   -0.16662533387877  
  2.060000   -0.23498688315268    0.19595939475505   -0.04685899973332   -0.16453586607792  
  2.070000   -0.23362036789521    0.19578394471151   -0.04561715913235   -0.16247872346480  
  2.080000   -0.23226422321096    0.19558064484703   -0.04441059309576   -0.16045341614930  
  2.090000   -0.23091819041069    0.19535046723558   -0.04323827869534   -0.15845945196351  
  2.100000   -0.22958201551045    0.19509435305122   -0.04209920113393   -0.15649633662926  
  2.110000   -0.22825544909706    0.19481321332667   -0.04099235511292   -0.15456357404457  
  2.120000   -0.22693824625602    0.19450792970854   -0.03991674630468   -0.15266066666763  
  2.130000   -0.22563016655739    0.19417935521231   -0.03887139290220   -0.15078711597864  
  2.140000   -0.22433097409527    0.19382831497978   -0.03785532721935   -0.14894242300124  
  2.150000   -0.22304043757599    0.19345560704093   -0.03686759731595   -0.14712608886682  
  2.160000   -0.22175833044990    0.19306200308205   -0.03590726862300   -0.14533761540655  
  2.170000   -0.22048443108159    0.19264824922110   -0.03497342554490   -0.14357650575778  
  2.180000   -0.21921852295303    0.19221506679103   -0.03406517301670   -0.14184226497272  
  2.190000   -0.21796039489415    0.19176315313123   -0.03318163799611   -0.14013440061938  
  2.200000   -0.21670984133525    0.19129318238674   -0.03232197087168   -0.13845242336590  
  2.210000   -0.21546666257569    0.19080580631465   -0.03148534677032   -0.13679584754109  
  2.220000   -0.21423066506317    0.19030165509636   -0.03067096674894   -0.13516419166553  
  2.230000   -0.21300166167826    0.18978133815435   -0.02987805885737   -0.13355697894871  
  2.240000   -0.21177947201868    0.18924544497147   -0.02910587906103   -0.13197373774913  
  2.250000   -0.21056392267820    0.18869454591071   -0.02835371201424   -0.13041400199553  
  2.260000   -0.20935484751505    0.18812919303288   -0.02762087167684   -0.12887731156814  
  2.270000   -0.20815208790521    0.18754992090964   -0.02690670176857   -0.12736321264022  
  2.280000   -0.20695549297604    0.18695724742898   -0.02621057605793   -0.12587125798073  
  2.290000   -0.20576491981604    0.18635167459021   -0.02553189848372   -0.12440100721971  
  2.300000   -0.20458023365700    0.18573368928543   -0.02487010310952   -0.12295202707865  
  2.310000   -0.20340130802506    0.18510376406424   -0.02422465391303   -0.12152389156855  
  2.320000   -0.20222802485766    0.18446235787874   -0.02359504441383   -0.12011618215868  
  2.330000   -0.20106027458372    0.18380991680571   -0.02298079714477   -0.11872848791942  
  2.340000   -0.19989795616498    0.18314687474286   -0.02238146297341   -0.11736040564257  
  2.350000   -0.19874097709656    0.18247365407664   -0.02179662028177   -0.11601153994275  
  2.360000   -0.19758925336576    0.18179066631849   -0.02122587401317   -0.11468150334325  
  2.370000   -0.19644270936801    0.18109831270754   -0.02066885459682   -0.11336991634960  
  2.380000   -0.19530127777983    0.18039698477711   -0.02012521676108   -0.11207640751418  
  2.390000   -0.19416489938885    0.17968706488334   -0.01959463824759   -0.11080061349448  
  2.400000   -0.19303352288149    0.17896892669420   -0.01907681843903   -0.10954217910764  
  2.410000   -0.19190710458926    0.17824293563742   -0.01857147691370   -0.10830075738331  
  2.420000   -0.19078560819525    0.17750944930653   -0.01807835194058   -0.10707600961663  
  2.430000   -0.18966900440258    0.17676881782419   -0.01759719892894   -0.10586760542247  
  2.440000   -0.18855727056704    0.17602138416254   -0.01712778884637   -0.10467522279178  
  2.450000   -0.18745039029666    0.17526748442070   -0.01666990661928   -0.10349854815041  
  2.460000   -0.18634835302098    0.17450744805975   -0.01622334952989   -0.10233727642018  
  2.470000   -0.18525115353338    0.17374159809604   -0.01578792562296   -0.10119111108171  
  2.480000   -0.18415879150989    0.17297025125401   -0.01536345213574   -0.10005976423797  
  2.490000   -0.18307127100832    0.17219371807989   -0.01494975396356   -0.09894295667707  
  2.500000   -0.18198859995154    0.17141230301824   -0.01454666217317   -0.09784041793263  
  2.510000   -0.18091078959898    0.17062630445338   -0.01415401257509   -0.09675188633961  
  2.520000   -0.17983785401063    0.16983601471823   -0.01377164436535   -0.09567710908320  
  2.530000   -0.17876980950774    0.16904172007307   -0.01339939884628   -0.09461584223823  
  2.540000   -0.17770667413448    0.16824370065741   -0.01303711823496   -0.09356785079640  
  2.550000   -0.17664846712488    0.16744223041786   -0.01268464456677   -0.09253290867843  
  2.560000   -0.17559520837926    0.16663757701545   -0.01234181870067   -0.09151079872828  
  2.570000   -0.17454691795423    0.16583000171585   -0.01200847943155   -0.09050131268669  
  2.580000   -0.17350361557037    0.16501975926597   -0.01168446271395   -0.08950425114106  
  2.590000   -0.17246532014119    0.16420709776060   -0.01136960100022   -0.08851942344923  
  2.600000   -0.17143204932729    0.16339225850283   -0.01106372269515   -0.08754664763465  
  2.610000   -0.17040381911878    0.16257547586171   -0.01076665172783   -0.08658575025084  
  2.620000   -0.16938064344929    0.16175697713095   -0.01047820724060   -0.08563656621304  
  2.630000   -0.16836253384426    0.16093698239208   -0.01019820339352   -0.08469893859595  
  2.640000   -0.16734949910606    0.16011570438544   -0.00992644928206   -0.08377271839590  
  2.650000   -0.16634154503801    0.15929334839241   -0.00966274896459   -0.08285776425725  
  2.660000   -0.16533867420912    0.15847011213178   -0.00940690159514   -0.08195394216240  
  2.670000   -0.16434088576093    0.15764618567326   -0.00915870165636   -0.08106112508578  
  2.680000   -0.16334817525743    0.15682175137067   -0.00891793928637   -0.08017919261255  
  2.690000   -0.16236053457873    0.15599698381723   -0.00868440069287   -0.07930803052318  
  2.700000   -0.16137795185864    0.15517204982494   -0.00845786864685   -0.07844753034553  
  2.710000   -0.16040041146589    0.15434710842992   -0.00823812304794   -0.07759758887684  
  2.720000   -0.15942789402859    0.15352231092506   -0.00802494155280   -0.07675810767803  
  2.730000   -0.15846037650080    0.15269780092110   -0.00781810025764   -0.07592899254365  
  2.740000   -0.15749783226982    0.15187371443697   -0.00761737442554   -0.07511015295091  
  2.750000   -0.15654023130263    0.15105018001971   -0.00742253924928   -0.07430150149178  
  2.760000   -0.15558754032930    0.15022731889404   -0.00723337063997   -0.07350295329242  
  2.770000   -0.15463972306102    0.14940524514136   -0.00704964603196   -0.07271442542461  
  2.780000   -0.15369674044000    0.14858406590745   -0.00687114519460   -0.07193583631391  
  2.790000   -0.15275855091842    0.14776388163798   -0.00669765104140   -0.07116710514975  
  2.800000   -0.15182511076308    0.14694478634047   -0.00652895042762   -0.07040815130256  
  2.810000   -0.15089637438236    0.14612686787112   -0.00636483492747   -0.06965889375323  
  2.820000   -0.14997229467206    0.14531020824463   -0.00620510158262   -0.06891925054030  
  2.830000   -0.14905282337609    0.14449488396486   -0.00604955361416   -0.06818913822998  
  2.840000   -0.14813791145850    0.14368096637392   -0.00589800109065   -0.06746847141430  
  2.850000   -0.14722750948263    0.14286852201703   -0.00575026154570   -0.06675716224235  
  2.860000   -0.14632156799369    0.14205761302044   -0.00560616053879   -0.06605511998931  
  2.870000   -0.14542003790068    0.14124829747941   -0.00546553215432   -0.06536225066774  
  2.880000   -0.14452287085377    0.14044062985311   -0.00532821943392   -0.06467845668534  
  2.890000   -0.14363001961341    0.13963466136340   -0.00519407473849   -0.06400363655281  
  2.900000   -0.14274143840735    0.13883044039414   -0.00506296003677   -0.06333768464498  
  2.910000   -0.14185708327207    0.13802801288781   -0.00493474711823   -0.06268049101825  
  2.920000   -0.14097691237530    0.13722742273627   -0.00480931772891   -0.06203194128623  
  2.930000   -0.14010088631631    0.13642871216237   -0.00468656362945   -0.06139191655544  
  2.940000   -0.13922896840127    0.13563192208933   -0.00456638657573   -0.06076029342213  
  2.950000   -0.13836112489079    0.13483709249495   -0.00444869822278   -0.06013694403055  
  2.960000   -0.13749732521745    0.13404426274769   -0.00433341995401   -0.05952173619253  
  2.970000   -0.13663754217124    0.13325347192198   -0.00422048263783   -0.05891453356759  
  2.980000   -0.13578175205107    0.13246475909028   -0.00410982631519   -0.05831519590204  
  2.990000   -0.13492993478111    0.13167816358964   -0.00400139982149   -0.05772357932501  
  3.000000   -0.13408207399089    0.13089372526071   -0.00389516034738   -0.05713953669869  
  3.010000   -0.13323815705847    0.13011148465749   -0.00379107294340   -0.05656291801956  
  3.020000   -0.13239817511636    0.12933148322628   -0.00368910997372   -0.05599357086656  
  3.030000   -0.13156212302038    0.12855376345289   -0.00358925052492   -0.05543134089212  
  3.040000   -0.13072999928176    0.12777836897698   -0.00349147977597   -0.05487607235080  
  3.050000   -0.12990180596334    0.12700534467319   -0.00339578833575   -0.05432760866068  
  3.060000   -0.12907754854098    0.12623473669889   -0.00330217155501   -0.05378579299138  
  3.070000   -0.12825723573172    0.12546659250849   -0.00321062881943   -0.05325046887309  
  3.080000   -0.12744087929036    0.12470096083504   -0.00312116283077   -0.05272148082006  
  3.090000   -0.12662849377673    0.12393789163959   -0.00303377888306   -0.05219867496221  
  3.100000   -0.12582009629581    0.12317743602969   -0.00294848414067   -0.05168189967833  
  3.110000   -0.12501570621353    0.12241964614817   -0.00286528692508   -0.05117100622406  
  3.120000   -0.12421534485095    0.12166457503411   -0.00278419601685   -0.05066584934806  
  3.130000   -0.12341903515998    0.12091227645768   -0.00270521997911   -0.05016628788997  
  3.140000   -0.12262680138381    0.12016280473130   -0.00262836650873   -0.04967218535339  
  3.150000   -0.12183866870536    0.11941621449935   -0.00255364182062   -0.04918341044816  
  3.160000   -0.12105466288731    0.11867256050910   -0.00248105007054   -0.04869983759553  
  3.170000   -0.12027480990717    0.11793189736574   -0.00241059282117   -0.04822134739112  
  3.180000   -0.11949913559097    0.11719427927425   -0.00234226855582   -0.04774782702020  
  3.190000   -0.11872766524911    0.11645975977142   -0.00227607224336   -0.04727917062076  
  3.200000   -0.11796042331797    0.11572839145085   -0.00221199495779   -0.04681527959029  
  3.210000   -0.11719743301064    0.11500022568448   -0.00215002355495   -0.04635606283245  
  3.220000   -0.11643871598018    0.11427531234345   -0.00209014040846   -0.04590143694091  
  3.230000   -0.11568429199867    0.11355369952190   -0.00203232320629   -0.04545132631786  
  3.240000   -0.11493417865499    0.11283543326656   -0.00197654480877   -0.04500566322556  
  3.250000   -0.11418839107442    0.11212055731535   -0.00192277316823   -0.04456438776998  
  3.260000   -0.11344694166238    0.11140911284795   -0.00187097130994   -0.04412744781623  
  3.270000   -0.11270983987506    0.11070113825118   -0.00182109737324   -0.04369479883622  
  3.280000   -0.11197709201880    0.10999666890181   -0.00177310471134   -0.04326640368963  
  3.290000   -0.11124870108028    0.10929573696944   -0.00172694204775   -0.04284223234014  
  3.300000   -0.11052466658884    0.10859837124152   -0.00168255368649   -0.04242226150929  
  3.310000   -0.10980498451244    0.10790459697272   -0.00163987977323   -0.04200647427131  
  3.320000   -0.10908964718787    0.10721443576036   -0.00159885660357   -0.04159485959248  
  3.330000   -0.10837864328599    0.10652790544741   -0.00155941697456   -0.04118741181964  
  3.340000   -0.10767195781213    0.10584502005433   -0.00152149057511   -0.04078413012261  
  3.350000   -0.10696957214153    0.10516578974057   -0.00148500441062   -0.04038501789596  
  3.360000   -0.10627146408946    0.10449022079652   -0.00144988325697   -0.03999008212606  
  3.370000   -0.10557760801507    0.10381831566606   -0.00141605013856   -0.03959933272950  
  3.380000   -0.10488797495805    0.10315007299975   -0.00138342682536   -0.03921278186959  
  3.390000   -0.10420253280652    0.10248548773836   -0.00135193434330   -0.03883044325749  
  3.400000   -0.10352124649454    0.10182455122614   -0.00132149349280   -0.03845233144521  
  3.410000   -0.10284407822719    0.10116725135279   -0.00129202536975   -0.03807846111731  
  3.420000   -0.10217098773098    0.10051357272297   -0.00126345188378   -0.03770884638848  
  3.430000   -0.10150193252706    0.09986349685190   -0.00123569626836   -0.03734350011409  
  3.440000   -0.10083686822462    0.09921700238515   -0.00120868357770   -0.03698243322057  
  3.450000   -0.10017574883143    0.09857406534071   -0.00118234116550   -0.03662565406236  
  3.460000   -0.09951852707866    0.09793465937104   -0.00115659914090   -0.03627316781194  
  3.470000   -0.09886515475666    0.09729875604274   -0.00113139079727   -0.03592497588914  
  3.480000   -0.09821558305844    0.09666632513108   -0.00110665300977   -0.03558107543530  
  3.490000   -0.09756976292763    0.09603733492681   -0.00108232659805   -0.03524145883786  
  3.500000   -0.09692764540741    0.09541175255216   -0.00105835665078   -0.03490611330990  
  3.510000   -0.09628918198716    0.09478954428324   -0.00103469280926   -0.03457502052904  
  3.520000   -0.09565432494334    0.09417067587562   -0.00101128950752   -0.03424815633934  
  3.530000   -0.09502302767156    0.09355511289017   -0.00098810616727   -0.03392549051901  
  3.540000   -0.09439524500643    0.09294282101592   -0.00096510734593   -0.03360698661650  
  3.550000   -0.09377093352628    0.09233376638709   -0.00094226283705   -0.03329260185636  
  3.560000   -0.09315005183987    0.09172791589103   -0.00091954772245   -0.03298228711597  
  3.570000   -0.09253256085222    0.09112523746448   -0.00089694237614   -0.03267598697311  
  3.580000   -0.09191842400732    0.09052570037509   -0.00087443242061   -0.03237363982404  
  3.590000   -0.09130760750520    0.08992927548575   -0.00085200863625   -0.03207517807065  
  3.600000   -0.09070008049141    0.08933593549913   -0.00082966682547   -0.03178052837475  
  3.610000   -0.09009581521734    0.08874565518030   -0.00080740763334   -0.03148961197691  
  3.620000   -0.08949478716964    0.08815841155523   -0.00078523632685   -0.03120234507635  
  3.630000   -0.08889697516775    0.08757418408345   -0.00076316253564   -0.03091863926808  
  3.640000   -0.08830236142872    0.08699295480327   -0.00074119995702   -0.03063840203266  
  3.650000   -0.08771093159863    0.08641470844830   -0.00071936602863   -0.03036153727348  
  3.660000   -0.08712267475055    0.08583943253424   -0.00069768157232   -0.03008794589607  
  3.670000   -0.08653758334911    0.08526711741519   -0.00067617041304   -0.02981752642329  
  3.680000   -0.08595565318209    0.08469775630920   -0.00065485897678   -0.02955017564023  
  3.690000   -0.08537688325976    0.08413134529275   -0.00063377587171   -0.02928578926188  
  3.700000   -0.08480127568313    0.08356788326450   -0.00061295145685   -0.02902426261695  
  3.710000   -0.08422883548236    0.08300737187879   -0.00059241740252   -0.02876549134051  
  3.720000   -0.08365957042701    0.08244981544957   -0.00057220624710   -0.02850937206848  
  3.730000   -0.08309349081003    0.08189522082594   -0.00055235095433   -0.02825580312668  
  3.740000   -0.08253060920768    0.08134359724065   -0.00053288447555   -0.02800468520736  
  3.750000   -0.08197094021768    0.08079495613309   -0.00051383932101   -0.02775592202625  
  3.760000   -0.08141450017822    0.08024931094869   -0.00049524714434   -0.02750942095334  
  3.770000   -0.08086130687061    0.07970667691682   -0.00047713834410   -0.02726509361080  
  3.780000   -0.08031137920842    0.07916707080946   -0.00045954168596   -0.02702285643205  
  3.790000   -0.07976473691619    0.07863051068310   -0.00044248394906   -0.02678263117603  
  3.800000   -0.07922140020078    0.07809701560659   -0.00042598959952   -0.02654434539154  
  3.810000   -0.07868138941863    0.07756660537753   -0.00041008049411   -0.02630793282671  
  3.820000   -0.07814472474201    0.07703930023036   -0.00039477561638   -0.02607333377956  
  3.830000   -0.07761142582766    0.07651512053873   -0.00038009084750   -0.02584049538590  
  3.840000   -0.07708151149082    0.07599408651550   -0.00036603877352   -0.02560937184171  
  3.850000   -0.07655499938790    0.07547621791314   -0.00035262853050   -0.02537992455765  
  3.860000   -0.07603190571080    0.07496153372767   -0.00033986568841   -0.02515212224423  
  3.870000   -0.07551224489574    0.07445005190901   -0.00032775217441   -0.02492594092662  
  3.880000   -0.07499602934943    0.07394178908073   -0.00031628623577   -0.02470136388911  
  3.890000   -0.07448326919519    0.07343676027186   -0.00030546244219   -0.02447838154971  
  3.900000   -0.07397397204130    0.07293497866362   -0.00029527172681   -0.02425699126621  
  3.910000   -0.07346814277395    0.07243645535335   -0.00028570146524   -0.02403719707573  
  3.920000   -0.07296578337650    0.07194119913819   -0.00027673559088   -0.02381900937045  
  3.930000   -0.07246689277696    0.07144921632054   -0.00026835474524   -0.02360244451278  
  3.940000   -0.07197146672485    0.07096051053726   -0.00026053646094   -0.02338752439402  
  3.950000   -0.07147949769883    0.07047508261425   -0.00025325537528   -0.02317427594103  
  3.960000   -0.07099097484567    0.06999293044791   -0.00024648347178   -0.02296273057594  
  3.970000   -0.07050588395119    0.06951404891463   -0.00024019034669   -0.02275292363442  
  3.980000   -0.07002420744348    0.06903842980911   -0.00023434349770   -0.02254489374857  
  3.990000   -0.06954592442806    0.06856606181222   -0.00022890863142   -0.02233868220065  
  4.000000   -0.06907101075476    0.06809693048868   -0.00022384998624   -0.02213433225431  
  4.010000   -0.06859943911561    0.06763101831452   -0.00021913066734   -0.02193188847012  
  4.020000   -0.06813117917262    0.06716830473412   -0.00021471298994   -0.02173139601244  
  4.030000   -0.06766619771421    0.06670876624615   -0.00021055882745   -0.02153289995462  
  4.040000   -0.06720445883882    0.06625237651772   -0.00020662996075   -0.02133644458969  
  4.050000   -0.06674592416371    0.06579910652547   -0.00020288842520   -0.02114207275347  
  4.060000   -0.06629055305709    0.06534892472222   -0.00019929685160   -0.02094982516705  
  4.070000   -0.06583830289113    0.06490179722762   -0.00019581879801   -0.02075973980520  
  4.080000   -0.06538912931347    0.06445768804089   -0.00019241906889   -0.02057185129723  
  4.090000   -0.06494298653465    0.06401655927348   -0.00018906401861   -0.02038619036625  
  4.100000   -0.06449982762854    0.06357837139952   -0.00018572183636   -0.02020278331248  
  4.110000   -0.06405960484292    0.06314308352147   -0.00018236280977   -0.02002165154584  
  4.120000   -0.06362226991734    0.06271065364842   -0.00017895956479   -0.01984281117249  
  4.130000   -0.06318777440500    0.06228103898440   -0.00017548727966   -0.01966627263931  
  4.140000   -0.06275606999570    0.06185419622372   -0.00017192387109   -0.01949204044005  
  4.150000   -0.06232710883676    0.06143008185063   -0.00016825015101   -0.01932011288575  
  4.160000   -0.06190084384880    0.06100865244029   -0.00016444995266   -0.01915048194189  
  4.170000   -0.06147722903343    0.06058986495816   -0.00016051022508   -0.01898313313356  
  4.180000   -0.06105621976994    0.06017367705488   -0.00015642109529   -0.01881804551966  
  4.190000   -0.06063777309805    0.05976004735380   -0.00015217589795   -0.01865519173604  
  4.200000   -0.06022184798435    0.05934893572846   -0.00014777117258   -0.01849453810716  
  4.210000   -0.05980840556952    0.05894030356714   -0.00014320662851   -0.01833604482480  
  4.220000   -0.05939740939448    0.05853411402220   -0.00013848507854   -0.01817966619195  
  4.230000   -0.05898882560294    0.05813033224157   -0.00013361234205   -0.01802535092910  
  4.240000   -0.05858262311879    0.05772892558038   -0.00012859711899   -0.01787304253976  
  4.250000   -0.05817877379659    0.05732986379054   -0.00012345083631   -0.01772267973116  
  4.260000   -0.05777725254376    0.05693311918663   -0.00011818746864   -0.01757419688579  
  4.270000   -0.05737803741346    0.05653866678641   -0.00011282333535   -0.01742752457871  
  4.280000   -0.05698110966734    0.05614648442471   -0.00010737687622   -0.01728259013529  
  4.290000   -0.05658645380759    0.05575655283961   -0.00010186840824   -0.01713931822339  
  4.300000   -0.05619405757822    0.05536885573021   -0.00009631986625   -0.01699763147391  
  4.310000   -0.05580391193545    0.05498337978535   -0.00009075453010   -0.01685745112317  
  4.320000   -0.05541601098776    0.05460011468320   -0.00008519674135   -0.01671869767048  
  4.330000   -0.05503035190625    0.05421905306169   -0.00007967161234   -0.01658129154403  
  4.340000   -0.05464693480608    0.05384019046029   -0.00007420473089   -0.01644515376814  
  4.350000   -0.05426576260053    0.05346352523351   -0.00006882186334   -0.01631020662515  
  4.360000   -0.05388684082884    0.05308905843731   -0.00006354865924   -0.01617637430488  
  4.370000   -0.05351017745984    0.05271679368941   -0.00005841036058   -0.01604358353514  
  4.380000   -0.05313578267313    0.05234673700496   -0.00005343151837   -0.01591176418662  
  4.390000   -0.05276366862013    0.05197889660934   -0.00004863571949   -0.01578084984619  
  4.400000   -0.05239384916722    0.05161328272979   -0.00004404532646   -0.01565077835245  
  4.410000   -0.05202633962367    0.05124990736807   -0.00003968123258   -0.01552149228822  
  4.420000   -0.05166115645689    0.05088878405643   -0.00003556263484   -0.01539293942496  
  4.430000   -0.05129831699777    0.05052992759928   -0.00003170682676   -0.01526507311442  
  4.440000   -0.05093783913916    0.05017335380307   -0.00002812901293   -0.01513785262374  
  4.450000   -0.05057974103017    0.04981907919715   -0.00002484214715   -0.01501124341049  
  4.460000   -0.05022404076944    0.04946712074833   -0.00002185679539   -0.01488521733494  
  4.470000   -0.04987075610028    0.04911749557186   -0.00001918102482   -0.01475975280746  
  4.480000   -0.04951990411057    0.04877022064181   -0.00001682031985   -0.01463483486953  
  4.490000   -0.04917150094037    0.04842531250364   -0.00001477752563   -0.01451045520776  
  4.500000   -0.04882556150004    0.04808278699166   -0.00001305281950   -0.01438661210069  
  4.510000   -0.04848209920150    0.04774265895436   -0.00001164371037   -0.01426331029912  
  4.520000   -0.04814112570524    0.04740494199008   -0.00001054506568   -0.01414056084126  
  4.530000   -0.04780265068544    0.04706964819568   -0.00000974916565   -0.01401838080467  
  4.540000   -0.04746668161555    0.04673678793067   -0.00000924578378   -0.01389679299763  
  4.550000   -0.04713322357607    0.04640636959904   -0.00000902229272   -0.01377582559320  
  4.560000   -0.04680227908664    0.04607839945090   -0.00000906379422   -0.01365551170979  
  4.570000   -0.04647384796380    0.04575288140587   -0.00000935327145   -0.01353588894274  
  4.580000   -0.04614792720576    0.04542981689983   -0.00000987176224   -0.01341699885153  
  4.590000   -0.04582451090521    0.04510920475663   -0.00001059855108   -0.01329888640829  
  4.600000   -0.04550359019110    0.04479104108577   -0.00001151137781   -0.01318159941310  
  4.610000   -0.04518515319955    0.04447531920723   -0.00001258666089   -0.01306518788216  
  4.620000   -0.04486918507437    0.04416202960396   -0.00001379973271   -0.01294970341528  
  4.630000   -0.04455566799707    0.04385115990250   -0.00001512508451   -0.01283519854910  
  4.640000   -0.04424458124580    0.04354269488190   -0.00001653661839   -0.01272172610277  
  4.650000   -0.04393590128279    0.04323661651079   -0.00001800790377   -0.01260933852281  
  4.660000   -0.04362960186928    0.04293290401214   -0.00001951243564   -0.01249808723385  
  4.670000   -0.04332565420666    0.04263153395505   -0.00002102389206   -0.01238802200204  
  4.680000   -0.04302402710259    0.04233248037268   -0.00002251638823   -0.01227919031742  
  4.690000   -0.04272468716022    0.04203571490496   -0.00002396472463   -0.01217163680189  
  4.700000   -0.04242759898870    0.04174120696484   -0.00002534462679   -0.01206540264850  
  4.710000   -0.04213272543294    0.04144892392626   -0.00002663297427   -0.01196052509803  
  4.720000   -0.04184002782017    0.04115883133195   -0.00002780801671   -0.01185703695801  
  4.730000   -0.04154946622105    0.04087089311913   -0.00002884957481   -0.01175496616924  
  4.740000   -0.04126099972264    0.04058507186068   -0.00002973922434   -0.01165433542397  
  4.750000   -0.04097458671056    0.04030132901954   -0.00003046046150   -0.01155516183981  
  4.760000   -0.04069018515763    0.04001962521368   -0.00003099884806   -0.01145745669247  
  4.770000   -0.04040775291609    0.03973992048922   -0.00003134213496   -0.01136122521011  
  4.780000   -0.04012724801059    0.03946217459871   -0.00003148036340   -0.01126646643127  
  4.790000   -0.03984862892911    0.03918634728214   -0.00003140594240   -0.01117317312770  
  4.800000   -0.03957185490897    0.03891239854774   -0.00003111370241   -0.01108133179291  
  4.810000   -0.03929688621509    0.03864028894981   -0.00003060092446   -0.01099092269635  
  4.820000   -0.03902368440793    0.03836997986092   -0.00002986734490   -0.01090192000258  
  4.830000   -0.03875221259848    0.03810143373586   -0.00002891513564   -0.01081429195425  
  4.840000   -0.03848243568773    0.03783461436459   -0.00002774886057   -0.01072800111663  
  4.850000   -0.03821432058850    0.03756948711192   -0.00002637540848   -0.01064300468144  
  4.860000   -0.03794783642743    0.03730601914147   -0.00002480390358   -0.01055925482648  
  4.870000   -0.03768295472514    0.03704417962179   -0.00002304559445   -0.01047669912744  
  4.880000   -0.03741964955295    0.03678393991262   -0.00002111372291   -0.01039528101753  
  4.890000   -0.03715789766462    0.03652527372949   -0.00001902337413   -0.01031494029016  
  4.900000   -0.03689767860195    0.03626815728515   -0.00001679130968   -0.01023561363943  
  4.910000   -0.03663897477312    0.03601256940638   -0.00001443578530   -0.01015723523280  
  4.920000   -0.03638177150326    0.03575849162512   -0.00001197635532   -0.01007973731009  
  4.930000   -0.03612605705664    0.03550590824314   -0.00000943366581   -0.01000305080249  
  4.940000   -0.03587182263042    0.03525480636952   -0.00000682923855   -0.00992710596531  
  4.950000   -0.03561906232005    0.03500517593071   -0.00000418524816   -0.00985183301794  
  4.960000   -0.03536777305669    0.03475700965320   -0.00000152429452   -0.00977716278427  
  4.970000   -0.03511795451740    0.03451030301879    0.00000113082710   -0.00970302732727  
  4.980000   -0.03486960900892    0.03426505419316    0.00000375735596   -0.00962936057098  
  4.990000   -0.03462274132633    0.03402126392845    0.00000633279349   -0.00955609890361  
  5.000000   -0.03437735858791    0.03377893544078    0.00000883512643   -0.00948318175566  
  5.010000   -0.03413347004802    0.03353807426401    0.00001124304325   -0.00941055214704  
  5.020000   -0.03389108688970    0.03329868808124    0.00001353614181   -0.00933815719768  
  5.030000   -0.03365022199920    0.03306078653578    0.00001569512616   -0.00926594859639  
  5.040000   -0.03341088972456    0.03282438102338    0.00001770199075   -0.00919388302327  
  5.050000   -0.03317310562079    0.03258948446794    0.00001954019016   -0.00912192252133  
  5.060000   -0.03293688618401    0.03235611108285    0.00002119479291   -0.00905003481359  
  5.070000   -0.03270224857726    0.03212427612039    0.00002265261793   -0.00897819356253  
  5.080000   -0.03246921035074    0.03189399561172    0.00002390235234   -0.00890637856915  
  5.090000   -0.03223778915909    0.03166528609996    0.00002493464970   -0.00883457590988  
  5.100000   -0.03200800247866    0.03143816436911    0.00002574220787   -0.00876277800983  
  5.110000   -0.03177986732739    0.03121264717144    0.00002631982576   -0.00869098365176  
  5.120000   -0.03155339999025    0.03098875095612    0.00002666443871   -0.00861919792088  
  5.130000   -0.03132861575269    0.03076649160169    0.00002677513233   -0.00854743208588  
  5.140000   -0.03110552864493    0.03054588415513    0.00002665313469   -0.00847570341769  
  5.150000   -0.03088415119948    0.03032694258008    0.00002630178739   -0.00840403494785  
  5.160000   -0.03066449422431    0.03010967951660    0.00002572649564   -0.00833245516896  
  5.170000   -0.03044656659384    0.02989410605499    0.00002493465839   -0.00826099768044  
  5.180000   -0.03023037505986    0.02968023152590    0.00002393557907   -0.00818970078325  
  5.190000   -0.03001592408419    0.02946806330862    0.00002274035821   -0.00811860702776  
  5.200000   -0.02980321569468    0.02925760665972    0.00002136176905   -0.00804776271952  
  5.210000   -0.02959224936605    0.02904886456345    0.00001981411756   -0.00797721738797  
  5.220000   -0.02938302192663    0.02884183760559    0.00001811308848   -0.00790702322355  
  5.230000   -0.02917552749194    0.02863652387191    0.00001627557893   -0.00783723448909  
  5.240000   -0.02896975742576    0.02843291887215    0.00001431952142   -0.00776790691151  
  5.250000   -0.02876570032909    0.02823101549047    0.00001226369810   -0.00769909705992  
  5.260000   -0.02856334205703    0.02803080396261    0.00001012754828   -0.00763086171676  
  5.270000   -0.02836266576348    0.02783227188020    0.00000793097106   -0.00756325724811  
  5.280000   -0.02816365197314    0.02763540422196    0.00000569412516   -0.00749633897989  
  5.290000   -0.02796627868016    0.02744018341169    0.00000343722809   -0.00743016058604  
  5.300000   -0.02777052147250    0.02724658940230    0.00000118035645   -0.00736477349513  
  5.310000   -0.02757635368057    0.02705459978507   -0.00000105675040   -0.00730022632128  
  5.320000   -0.02738374654904    0.02686418992314   -0.00000325488155   -0.00723656432521  
  5.330000   -0.02719266942973    0.02667533310778   -0.00000539553865   -0.00717382891089  
  5.340000   -0.02700308999406    0.02648800073605   -0.00000746111112   -0.00711205716287  
  5.350000   -0.02681497446265    0.02630216250784   -0.00000943504084   -0.00705128142886  
  5.360000   -0.02662828785009    0.02611778664057   -0.00001130197475   -0.00699152895188  
  5.370000   -0.02644299422227    0.02593484009933   -0.00001304790383   -0.00693282155557  
  5.380000   -0.02625905696387    0.02575328884011   -0.00001466028733   -0.00687517538571  
  5.390000   -0.02607643905333    0.02557309806381   -0.00001612816100   -0.00681860071073  
  5.400000   -0.02589510334260    0.02539423247842   -0.00001744222840   -0.00676310178280  
  5.410000   -0.02571501283897    0.02521665656689   -0.00001859493461   -0.00670867676113  
  5.420000   -0.02553613098618    0.02504033485786   -0.00001958052159   -0.00665531769797  
  5.430000   -0.02535842194200    0.02486523219666   -0.00002039506490   -0.00660301058736  
  5.440000   -0.02518185084966    0.02469131401397   -0.00002103649156   -0.00655173547607  
  5.450000   -0.02500638410041    0.02451854658925   -0.00002150457897   -0.00650146663545  
  5.460000   -0.02483198958452    0.02434689730650   -0.00002180093515   -0.00645217279229  
  5.470000   -0.02465863692851    0.02417633489978   -0.00002192896063   -0.00640381741628  
  5.480000   -0.02448629771597    0.02400682968594   -0.00002189379243   -0.00635635906099  
  5.490000   -0.02431494569000    0.02383835378236   -0.00002170223104   -0.00630975175478  
  5.500000   -0.02414455693519    0.02367088130743   -0.00002136265116   -0.00626394543756  
  5.510000   -0.02397511003734    0.02350438856183   -0.00002088489722   -0.00621888643886  
  5.520000   -0.02380658621932    0.02333885418874   -0.00002028016500   -0.00617451799216  
  5.530000   -0.02363896945182    0.02317425931144   -0.00001956087049   -0.00613078078030  
  5.540000   -0.02347224653766    0.02301058764678   -0.00001874050759   -0.00608761350617  
  5.550000   -0.02330640716904    0.02284782559349   -0.00001783349609   -0.00604495348292  
  5.560000   -0.02314144395700    0.02268596229438   -0.00001685502160   -0.00600273723752  
  5.570000   -0.02297735243282    0.02252498967176   -0.00001582086908   -0.00596090112150  
  5.580000   -0.02281413102125    0.02236490243571   -0.00001474725177   -0.00591938192264  
  5.590000   -0.02265178098592    0.02220569806505   -0.00001365063723   -0.00587811747129  
  5.600000   -0.02249030634727    0.02204737676122   -0.00001254757237   -0.00583704723517  
  5.610000   -0.02232971377391    0.02188994137543   -0.00001145450916   -0.00579611289650  
  5.620000   -0.02217001244831    0.02173339730976   -0.00001038763285   -0.00575525890577  
  5.630000   -0.02201121390822    0.02157775239318   -0.00000936269441   -0.00571443300620  
  5.640000   -0.02185333186521    0.02142301673362   -0.00000839484887   -0.00567358672401  
  5.650000   -0.02169638200211    0.02126920254760   -0.00000749850116   -0.00563267581908  
  5.660000   -0.02154038175140    0.02111632396892   -0.00000668716088   -0.00559166069186  
  5.670000   -0.02138535005649    0.02096439683840   -0.00000597330760   -0.00555050674213  
  5.680000   -0.02123130711832    0.02081343847664   -0.00000536826773   -0.00550918467633  
  5.690000   -0.02107827412969    0.02066346744202   -0.00000488210433   -0.00546767076006  
  5.700000   -0.02092627299990    0.02051450327624   -0.00000452352078   -0.00542594701364  
  5.710000   -0.02077532607232    0.02036656624004   -0.00000429977920   -0.00538400134851  
  5.720000   -0.02062545583765    0.02021967704143   -0.00000421663430   -0.00534182764344  
  5.730000   -0.02047668464571    0.02007385655939   -0.00000427828333   -0.00529942575969  
  5.740000   -0.02032903441844    0.01992912556544   -0.00000448733241   -0.00525680149526  
  5.750000   -0.02018252636698    0.01978550444605   -0.00000484477941   -0.00521396647861  
  5.760000   -0.02003718071553    0.01964301292849   -0.00000535001364   -0.00517093800333  
  5.770000   -0.01989301643481    0.01950166981283   -0.00000600083194   -0.00512773880526  
  5.780000   -0.01975005098748    0.01936149271278   -0.00000679347116   -0.00508439678473  
  5.790000   -0.01960830008824    0.01922249780786   -0.00000772265633   -0.00504094467670  
  5.800000   -0.01946777748088    0.01908469960939   -0.00000878166410   -0.00499741967239  
  5.810000   -0.01932849473435    0.01894811074266   -0.00000996240051   -0.00495386299629  
  5.820000   -0.01919046106009    0.01881274174729   -0.00001125549241   -0.00491031944305  
  5.830000   -0.01905368315217    0.01867860089793   -0.00001265039122   -0.00486683687905  
  5.840000   -0.01891816505201    0.01854569404706   -0.00001413548815   -0.00482346571383  
  5.850000   -0.01878390803897    0.01841402449141   -0.00001569823938   -0.00478025834688  
  5.860000   -0.01865091054780    0.01828359286331   -0.00001732530000   -0.00473726859548  
  5.870000   -0.01851916811401    0.01815439704829   -0.00001900266527   -0.00469455110960  
  5.880000   -0.01838867334750    0.01802643212952   -0.00002071581754   -0.00465216077973  
  5.890000   -0.01825941593493    0.01789969035983   -0.00002244987754   -0.00461015214390  
  5.900000   -0.01813138267069    0.01777416116168   -0.00002418975818   -0.00456857879987  
  5.910000   -0.01800455751636    0.01764983115495   -0.00002592031954   -0.00452749282861  
  5.920000   -0.01787892168803    0.01752668421250   -0.00002762652323   -0.00448694423481  
  5.930000   -0.01775445377068    0.01740470154292   -0.00002929358462   -0.00444698041038  
  5.940000   -0.01763112985862    0.01728386179979   -0.00003090712154   -0.00440764562616  
  5.950000   -0.01750892372056    0.01716414121628   -0.00003245329764   -0.00436898055718  
  5.960000   -0.01738780698789    0.01704551376398   -0.00003391895929   -0.00433102184617  
  5.970000   -0.01726774936425    0.01692795133444   -0.00003529176448   -0.00429380170986  
  5.980000   -0.01714871885442    0.01681142394153   -0.00003656030248   -0.00425734759187  
  5.990000   -0.01703068201045    0.01669589994290   -0.00003771420319   -0.00422168186580  
  6.000000   -0.01691360419249    0.01658134627826   -0.00003874423500   -0.00418682159142  
  6.010000   -0.01679744984202    0.01646772872224   -0.00003964239030   -0.00415277832637  
  6.020000   -0.01668218276467    0.01635501214940   -0.00004040195787   -0.00411955799520  
  6.030000   -0.01656776642002    0.01624316080885   -0.00004101758146   -0.00408716081693  
  6.040000   -0.01645416421558    0.01613213860571   -0.00004148530408   -0.00405558129192  
  6.050000   -0.01634133980199    0.01602190938684   -0.00004180259755   -0.00402480824784  
  6.060000   -0.01622925736680    0.01591243722791   -0.00004196837730   -0.00399482494431  
  6.070000   -0.01611788192377    0.01580368671913   -0.00004198300215   -0.00396560923499  
  6.080000   -0.01600717959499    0.01569562324681   -0.00004184825931   -0.00393713378530  
  6.090000   -0.01589711788312    0.01558821326795   -0.00004156733485   -0.00390936634341  
  6.100000   -0.01578766593091    0.01548142457527   -0.00004114476991   -0.00388227006161  
  6.110000   -0.01567879476572    0.01537522655001   -0.00004058640341   -0.00385580386476  
  6.120000   -0.01557047752647    0.01526959040001   -0.00003989930168   -0.00382992286166  
  6.130000   -0.01546268967080    0.01516448938083   -0.00003909167610   -0.00380457879530  
  6.140000   -0.01535540916055    0.01505989899754   -0.00003817278945   -0.00377972052710  
  6.150000   -0.01524861662351    0.01495579718538   -0.00003715285206   -0.00375529455007  
  6.160000   -0.01514229549002    0.01485216446735   -0.00003604290900   -0.00373124552569  
  6.170000   -0.01503643210296    0.01474898408719   -0.00003485471943   -0.00370751683866  
  6.180000   -0.01493101580000    0.01464624211652   -0.00003360062937   -0.00368405116400  
  6.190000   -0.01482603896741    0.01454392753481   -0.00003229343940   -0.00366079104049  
  6.200000   -0.01472149706460    0.01444203228168   -0.00003094626847   -0.00363767944447  
  6.210000   -0.01461738861939    0.01434055128060   -0.00002957241546   -0.00361466035824  
  6.220000   -0.01451371519378    0.01423948243407   -0.00002818521976   -0.00359167932693  
  6.230000   -0.01441048132061    0.01413882659004   -0.00002679792244   -0.00356868399833  
  6.240000   -0.01430769441166    0.01403858747989   -0.00002542352935   -0.00354562463999  
  6.250000   -0.01420536463798    0.01393877162863   -0.00002407467763   -0.00352245462832  
  6.260000   -0.01410350478358    0.01383938823800   -0.00002276350686   -0.00349913090462  
  6.270000   -0.01400213007392    0.01374044904370   -0.00002150153638   -0.00347561439348  
  6.280000   -0.01390125798064    0.01364196814799   -0.00002029954972   -0.00345187037912  
  6.290000   -0.01380090800460    0.01354396182929   -0.00001916748752   -0.00342786883597  
  6.300000   -0.01370110143905    0.01344644833066   -0.00001811434998   -0.00340358471006  
  6.310000   -0.01360186111542    0.01334944762905   -0.00001714810956   -0.00337899814842  
  6.320000   -0.01350321113395    0.01325298118772   -0.00001627563515   -0.00335409467412  
  6.330000   -0.01340517658192    0.01315707169398   -0.00001550262810   -0.00332886530528  
  6.340000   -0.01330778324200    0.01306174278510   -0.00001483357088   -0.00330330661691  
  6.350000   -0.01321105729373    0.01296701876471   -0.00001427168880   -0.00327742074494  
  6.360000   -0.01311502501082    0.01287292431271   -0.00001381892510   -0.00325121533250  
  6.370000   -0.01301971245732    0.01277948419138   -0.00001347592963   -0.00322470341916  
  6.380000   -0.01292514518555    0.01268672295059   -0.00001324206106   -0.00319790327424  
  6.390000   -0.01283134793871    0.01259466463502   -0.00001311540274   -0.00317083817612  
  6.400000   -0.01273834436115    0.01250333249621   -0.00001309279175   -0.00314353613973  
  6.410000   -0.01264615671896    0.01241274871231   -0.00001316986094   -0.00311602959530  
  6.420000   -0.01255480563380    0.01232293411829   -0.00001334109333   -0.00308835502170  
  6.430000   -0.01246430983244    0.01223390794929   -0.00001359988840   -0.00306055253810  
  6.440000   -0.01237468591455    0.01214568759953   -0.00001393863939   -0.00303266545849  
  6.450000   -0.01228594814101    0.01205828839944   -0.00001434882081   -0.00300473981345  
  6.460000   -0.01219810824481    0.01197172341295   -0.00001482108529   -0.00297682384448  
  6.470000   -0.01211117526652    0.01188600325718   -0.00001534536856   -0.00294896747582  
  6.480000   -0.01202515541587    0.01180113594625   -0.00001591100162   -0.00292122176959  
  6.490000   -0.01194005196088    0.01171712676084   -0.00001650682878   -0.00289363836977  
  6.500000   -0.01185586514582    0.01163397814486   -0.00001712133036   -0.00286626894080  
  6.510000   -0.01177259213860    0.01155168963025   -0.00001774274885   -0.00283916460669  
  6.520000   -0.01169022700845    0.01147025779083   -0.00001835921711   -0.00281237539653  
  6.530000   -0.01160876073398    0.01138967622564   -0.00001895888725   -0.00278594970196  
  6.540000   -0.01152818124174    0.01130993557201   -0.00001953005905   -0.00275993375254  
  6.550000   -0.01144847347497    0.01123102354845   -0.00002006130640   -0.00273437111410  
  6.560000   -0.01136961949187    0.01115292502685   -0.00002054160056   -0.00270930221563  
  6.570000   -0.01129159859264    0.01107562213347   -0.00002096042895   -0.00268476390933  
  6.580000   -0.01121438747401    0.01099909437783   -0.00002130790834   -0.00266078906860  
  6.590000   -0.01113796041003    0.01092331880826   -0.00002157489116   -0.00263740622790  
  6.600000   -0.01106228945710    0.01084827019269   -0.00002175306404   -0.00261463926846  
  6.610000   -0.01098734468178    0.01077392122305   -0.00002183503746   -0.00259250715284  
  6.620000   -0.01091309440876    0.01070024274122   -0.00002181442562   -0.00257102371136  
  6.630000   -0.01083950548703    0.01062720398453   -0.00002168591587   -0.00255019748225  
  6.640000   -0.01076654357144    0.01055477284837   -0.00002144532693   -0.00253003160754  
  6.650000   -0.01069417341719    0.01048291616345   -0.00002108965534   -0.00251052378546  
  6.660000   -0.01062235918420    0.01041159998497   -0.00002061710973   -0.00249166628002  
  6.670000   -0.01055106474866    0.01034078989104   -0.00002002713264   -0.00247344598754  
  6.680000   -0.01048025401857    0.01027045128728   -0.00001932040960   -0.00245584455951  
  6.690000   -0.01040989125034    0.01020054971482   -0.00001849886555   -0.00243883858048  
  6.700000   -0.01033994136334    0.01013105115853   -0.00001756564862   -0.00242239979906  
  6.710000   -0.01027037024926    0.01006192235261   -0.00001652510140   -0.00240649540970  
  6.720000   -0.01020114507344    0.00999313108040   -0.00001538272019   -0.00239108838235  
  6.730000   -0.01013223456500    0.00992464646557   -0.00001414510259   -0.00237613783644  
  6.740000   -0.01006360929306    0.00985643925168   -0.00001281988395   -0.00236159945546  
  6.750000   -0.00999524192626    0.00978848206747   -0.00001141566354   -0.00234742593768  
  6.760000   -0.00992710747301    0.00972074967509   -0.00000994192099   -0.00233356747850  
  6.770000   -0.00985918350002    0.00965321919884   -0.00000840892406   -0.00231997227929  
  6.780000   -0.00979145032697    0.00958587033210   -0.00000682762866   -0.00230658707748  
  6.790000   -0.00972389119532    0.00951868552034   -0.00000520957208   -0.00229335769243  
  6.800000   -0.00965649240946    0.00945165011817   -0.00000356676067   -0.00228022958143  
  6.810000   -0.00958924344881    0.00938475251910   -0.00000191155292   -0.00226714839996  
  6.820000   -0.00952213704953    0.00931798425621   -0.00000025653942   -0.00225406056055  
  6.830000   -0.00945516925512    0.00925134007298    0.00000138557939   -0.00224091378429  
  6.840000   -0.00938833943506    0.00918481796324    0.00000300211617   -0.00222765763939  
  6.850000   -0.00932165027131    0.00911841917967    0.00000458051931   -0.00221424406112  
  6.860000   -0.00925510771270    0.00905214821086    0.00000610849380   -0.00220062784777  
  6.870000   -0.00918872089728    0.00898601272674    0.00000757411936   -0.00218676712743  
  6.880000   -0.00912250204357    0.00892002349284    0.00000896596445   -0.00217262379081  
  6.890000   -0.00905646631131    0.00885419425415    0.00001027319510   -0.00215816388555  
  6.900000   -0.00899063163311    0.00878854158946    0.00001148567758   -0.00214335796788  
  6.910000   -0.00892501851841    0.00872308473743    0.00001259407381   -0.00212818140804  
  6.920000   -0.00885964983155    0.00865784539604    0.00001358992851   -0.00211261464622  
  6.930000   -0.00879455054596    0.00859284749711    0.00001446574748   -0.00209664339636  
  6.940000   -0.00872974747666    0.00852811695806    0.00001521506606   -0.00208025879558  
  6.950000   -0.00866526899372    0.00846368141309    0.00001583250718   -0.00206345749784  
  6.960000   -0.00860114471912    0.00839956992636    0.00001631382856   -0.00204624171062  
  6.970000   -0.00853740521007    0.00833581268981    0.00001665595846   -0.00202861917432  
  6.980000   -0.00847408163161    0.00827244070845    0.00001685701990   -0.00201060308454  
  6.990000   -0.00841120542167    0.00820948547617    0.00001691634293   -0.00199221195792  
  7.000000   -0.00834880795179    0.00814697864505    0.00001683446512   -0.00197346944300  
  7.010000   -0.00828692018665    0.00808495169137    0.00001661312006   -0.00195440407789  
  7.020000   -0.00822557234584    0.00802343558156    0.00001625521436   -0.00193504899731  
  7.030000   -0.00816479357093    0.00796246044128    0.00001576479315   -0.00191544159191  
  7.040000   -0.00810461160123    0.00790205523076    0.00001514699467   -0.00189562312343  
  7.050000   -0.00804505246136    0.00784224742975    0.00001440799438   -0.00187563829946  
  7.060000   -0.00798614016361    0.00778306273492    0.00001355493931   -0.00185553481245  
  7.070000   -0.00792789642817    0.00772452477291    0.00001259587316   -0.00183536284732  
  7.080000   -0.00787034042384    0.00766665483173    0.00001153965327   -0.00181517456308  
  7.090000   -0.00781348853197    0.00760947161319    0.00001039585996   -0.00179502355354  
  7.100000   -0.00775735413592    0.00755299100897    0.00000917469958   -0.00177496429273  
  7.110000   -0.00770194743820    0.00749722590249    0.00000788690196   -0.00175505157074  
  7.120000   -0.00764727530727    0.00744218599859    0.00000654361358   -0.00173533992578  
  7.130000   -0.00759334115553    0.00738787768297    0.00000515628737   -0.00171588307832  
  7.140000   -0.00754014484987    0.00733430391274    0.00000373657038   -0.00169673337309  
  7.150000   -0.00748768265584    0.00728146413926    0.00000229619048   -0.00167794123472  
  7.160000   -0.00743594721610    0.00722935426445    0.00000084684314   -0.00165955464270  
  7.170000   -0.00738492756369    0.00717796663073   -0.00000059992046   -0.00164161863094  
  7.180000   -0.00733460916992    0.00712729004535   -0.00000203280293   -0.00162417481732  
  7.190000   -0.00728497402687    0.00707730983862   -0.00000344086664   -0.00160726096778  
  7.200000   -0.00723600076382    0.00702800795596   -0.00000481363513   -0.00159091059984  
  7.210000   -0.00718766479660    0.00697936308295   -0.00000614118904   -0.00157515262941  
  7.220000   -0.00713993850878    0.00693135080230   -0.00000741425539   -0.00156001106454  
  7.230000   -0.00709279146295    0.00688394378157   -0.00000862428967   -0.00154550474959  
  7.240000   -0.00704619064051    0.00683711198983   -0.00000976354966   -0.00153164716211  
  7.250000   -0.00700010070753    0.00679082294141   -0.00001082516043   -0.00151844626488  
  7.260000   -0.00695448430461    0.00674504196463   -0.00001180316993   -0.00150590441451  
  7.270000   -0.00690930235783    0.00669973249286   -0.00001269259457   -0.00149401832766  
  7.280000   -0.00686451440820    0.00665485637551   -0.00001348945450   -0.00148277910521  
  7.290000   -0.00682007895633    0.00661037420584   -0.00001419079816   -0.00147217231430  
  7.300000   -0.00677595381939    0.00656624566269   -0.00001479471612   -0.00146217812730  
  7.310000   -0.00673209649680    0.00652242986285   -0.00001530034390   -0.00145277151645  
  7.320000   -0.00668846454135    0.00647888572082   -0.00001570785405   -0.00144392250217  
  7.330000   -0.00664501593221    0.00643557231247   -0.00001601843747   -0.00143559645248  
  7.340000   -0.00660170944633    0.00639244923925   -0.00001623427431   -0.00142775443060  
  7.350000   -0.00655850502456    0.00634947698934   -0.00001635849484   -0.00142035358709  
  7.360000   -0.00651536412921    0.00630661729235   -0.00001639513071   -0.00141334759261  
  7.370000   -0.00647225008931    0.00626383346413   -0.00001634905720   -0.00140668710680  
  7.380000   -0.00642912843046    0.00622109073822   -0.00001622592714   -0.00140032027861  
  7.390000   -0.00638596718588    0.00617835658092   -0.00001603209715   -0.00139419327275  
  7.400000   -0.00634273718567    0.00613560098655   -0.00001577454716   -0.00138825081708  
  7.410000   -0.00629941232133    0.00609279675026   -0.00001546079399   -0.00138243676517  
  7.420000   -0.00625596978297    0.00604991971546   -0.00001509879995   -0.00137669466830  
  7.430000   -0.00621239026665    0.00600694899334   -0.00001469687745   -0.00137096835098  
  7.440000   -0.00616865814979    0.00596386715240   -0.00001426359071   -0.00136520248410  
  7.450000   -0.00612476163277    0.00592066037567   -0.00001380765544   -0.00135934314973  
  7.460000   -0.00608069284509    0.00587731858428   -0.00001333783783   -0.00135333839180  
  7.470000   -0.00603644791492    0.00583383552566   -0.00001286285366   -0.00134713874690  
  7.480000   -0.00599202700108    0.00579020882552   -0.00001239126868   -0.00134069774968  
  7.490000   -0.00594743428699    0.00574644000281   -0.00001193140146   -0.00133397240775  
  7.500000   -0.00590267793623    0.00570253444720   -0.00001149122942   -0.00132692364083  
  7.510000   -0.00585777001008    0.00565850135923   -0.00001107829926   -0.00131951667993  
  7.520000   -0.00581272634729    0.00561435365320   -0.00001069964268   -0.00131172142208  
  7.530000   -0.00576756640730    0.00557010782380   -0.00001036169813   -0.00130351273704  
  7.540000   -0.00572231307777    0.00552578377716   -0.00001007023955   -0.00129487072267  
  7.550000   -0.00567699244831    0.00548140462797   -0.00000983031271   -0.00128578090633  
  7.560000   -0.00563163355205    0.00543699646425   -0.00000964617985   -0.00127623438999  
  7.570000   -0.00558626807748    0.00539258808176   -0.00000952127321   -0.00126622793764  
  7.580000   -0.00554093005288    0.00534821069044   -0.00000945815780   -0.00125576400381  
  7.590000   -0.00549565550626    0.00530389759546   -0.00000945850386   -0.00124485070298  
  7.600000   -0.00545048210374    0.00525968385571   -0.00000952306927   -0.00123350171993  
  7.610000   -0.00540544876971    0.00521560592283   -0.00000965169201   -0.00122173616196  
  7.620000   -0.00536059529213    0.00517170126412   -0.00000984329280   -0.00120957835431  
  7.630000   -0.00531596191659    0.00512800797271   -0.00001009588775   -0.00119705758083  
  7.640000   -0.00527158893297    0.00508456436869   -0.00001040661098   -0.00118420777250  
  7.650000   -0.00522751625832    0.00504140859485   -0.00001077174688   -0.00117106714684  
  7.660000   -0.00518378302012    0.00499857821089   -0.00001118677165   -0.00115767780182  
  7.670000   -0.00514042714360    0.00495610978994   -0.00001164640368   -0.00114408526851  
  7.680000   -0.00509748494717    0.00491403852114   -0.00001214466217   -0.00113033802679  
  7.690000   -0.00505499074974    0.00487239782224   -0.00001267493347   -0.00111648698926  
  7.700000   -0.00501297649380    0.00483121896586   -0.00001323004427   -0.00110258495842  
  7.710000   -0.00497147138778    0.00479053072314   -0.00001380234096   -0.00108868606280  
  7.720000   -0.00493050157134    0.00475035902819   -0.00001438377429   -0.00107484517773  
  7.730000   -0.00489008980681    0.00471072666682   -0.00001496598846   -0.00106111733680  
  7.740000   -0.00485025519990    0.00467165299256   -0.00001554041356   -0.00104755713991  
  7.750000   -0.00481101295253    0.00463315367300   -0.00001609836061   -0.00103421816423  
  7.760000   -0.00477237415041    0.00459524046894   -0.00001663111796   -0.00102115238399  
  7.770000   -0.00473434558750    0.00455792104891   -0.00001713004823   -0.00100840960516  
  7.780000   -0.00469692962946    0.00452119884093   -0.00001758668461   -0.00099603692107  
  7.790000   -0.00466012411755    0.00448507292334   -0.00001799282561   -0.00098407819437  
  7.800000   -0.00462392231435    0.00444953795597   -0.00001834062730   -0.00097257357103  
  7.810000   -0.00458831289197    0.00441458415280   -0.00001862269189   -0.00096155903141  
  7.820000   -0.00455327996343    0.00438019729648   -0.00001883215191   -0.00095106598306  
  7.830000   -0.00451880315720    0.00434635879527   -0.00001896274909   -0.00094112089981  
  7.840000   -0.00448485773450    0.00431304578192   -0.00001900890697   -0.00093174501081  
  7.850000   -0.00445141474877    0.00428023125419   -0.00001896579662   -0.00092295404311  
  7.860000   -0.00441844124613    0.00424788425592   -0.00001882939477   -0.00091475802046  
  7.870000   -0.00438590050543    0.00421597009742   -0.00001859653366   -0.00090716112080  
  7.880000   -0.00435375231576    0.00418445061336   -0.00001826494219   -0.00090016159388  
  7.890000   -0.00432195328960    0.00415328445631   -0.00001783327783   -0.00089375174044  
  7.900000   -0.00429045720861    0.00412242742327   -0.00001730114906   -0.00088791795303  
  7.910000   -0.00425921539947    0.00409183281266   -0.00001666912803   -0.00088264081864  
  7.920000   -0.00422817713642    0.00406145180865   -0.00001593875334   -0.00087789528212  
  7.930000   -0.00419729006711    0.00403123388951   -0.00001511252284   -0.00087365086908  
  7.940000   -0.00416650065793    0.00400112725647   -0.00001419387665   -0.00086987196617  
  7.950000   -0.00413575465514    0.00397107927923   -0.00001318717041   -0.00086651815620  
  7.960000   -0.00410499755742    0.00394103695427   -0.00001209763910   -0.00086354460479  
  7.970000   -0.00407417509584    0.00391094737176   -0.00001093135184   -0.00086090249497  
  7.980000   -0.00404323371680    0.00388075818683   -0.00000969515803   -0.00085853950536  
  7.990000   -0.00401212106353    0.00385041809096   -0.00000839662543   -0.00085640032728  
  8.000000   -0.00398078645186    0.00381987727911   -0.00000704397085   -0.00085442721579  
  8.010000   -0.00394918133564    0.00378908790823   -0.00000564598397   -0.00085256056895  
  8.020000   -0.00391725975770    0.00375800454291   -0.00000421194534   -0.00085073952982  
  8.030000   -0.00388497878188    0.00372658458385   -0.00000275153914   -0.00084890260490  
  8.040000   -0.00385229890215    0.00369478867515   -0.00000127476168   -0.00084698829293  
  8.050000   -0.00381918442478    0.00366258108644    0.00000020817336   -0.00084493571763  
  8.060000   -0.00378560381989    0.00362993006601    0.00000168693215   -0.00084268525801  
  8.070000   -0.00375153003886    0.00359680816159    0.00000315115927   -0.00084017916973  
  8.080000   -0.00371694079427    0.00356319250538    0.00000459057669   -0.00083736219120  
  8.090000   -0.00368181879964    0.00352906506040    0.00000599508215   -0.00083418212817  
  8.100000   -0.00364615196627    0.00349441282554    0.00000735484592   -0.00083059041072  
  8.110000   -0.00360993355501    0.00345922799702    0.00000866040502   -0.00082654261686  
  8.120000   -0.00357316228101    0.00342350808429    0.00000990275389   -0.00082199895728  
  8.130000   -0.00353584237027    0.00338725597886    0.00001107343069   -0.00081692471597  
  8.140000   -0.00349798356670    0.00335047997503    0.00001216459817   -0.00081129064223  
  8.150000   -0.00345960108929    0.00331319374163    0.00001316911861   -0.00080507328957  
  8.160000   -0.00342071553915    0.00327541624468    0.00001408062171   -0.00079825529790  
  8.170000   -0.00338135275685    0.00323717162110    0.00001489356508   -0.00079082561584  
  8.180000   -0.00334154363057    0.00319848900393    0.00001560328648   -0.00078277966039  
  8.190000   -0.00330132385656    0.00315940230038    0.00001620604748   -0.00077411941215  
  8.200000   -0.00326073365328    0.00311994992389    0.00001669906792   -0.00076485344458  
  8.210000   -0.00321981743129    0.00308017448233    0.00001708055100   -0.00075499688668  
  8.220000   -0.00317862342157    0.00304012242452    0.00001734969866   -0.00074457131900  
  8.230000   -0.00313720326476    0.00299984364774    0.00001750671711   -0.00073360460358  
  8.240000   -0.00309561156483    0.00295939106938    0.00001755281248   -0.00072213064910  
  8.250000   -0.00305390541055    0.00291882016610    0.00001749017662   -0.00071018911319  
  8.260000   -0.00301214386869    0.00287818848419    0.00001732196327   -0.00069782504441  
  8.270000   -0.00297038745309    0.00283755512513    0.00001705225473   -0.00068508846706  
  8.280000   -0.00292869757396    0.00279698021068    0.00001668601947   -0.00067203391264  
  8.290000   -0.00288713597207    0.00275652433192    0.00001622906105   -0.00065871990210  
  8.300000   -0.00284576414249    0.00271624798690    0.00001568795895   -0.00064520838389  
  8.310000   -0.00280464275294    0.00267621101167    0.00001507000180   -0.00063156413285  
  8.320000   -0.00276383106162    0.00263647200971    0.00001438311377   -0.00061785411577  
  8.330000   -0.00272338633962    0.00259708778453    0.00001363577487   -0.00060414682954  
  8.340000   -0.00268336330290    0.00255811278053    0.00001283693585   -0.00059051161838  
  8.350000   -0.00264381355890    0.00251959853703    0.00001199592876   -0.00057701797646  
  8.360000   -0.00260478507270    0.00248159316031    0.00001112237382   -0.00056373484290  
  8.370000   -0.00256632165744    0.00244414081834    0.00001022608377   -0.00055072989585  
  8.380000   -0.00252846249361    0.00240728126295    0.00000931696650   -0.00053806885264  
  8.390000   -0.00249124168170    0.00237104938353    0.00000840492701   -0.00052581478274  
  8.400000   -0.00245468783208    0.00233547479656    0.00000749976963   -0.00051402744044  
  8.410000   -0.00241882369605    0.00230058147459    0.00000661110159   -0.00050276262373  
  8.420000   -0.00238366584133    0.00226638741812    0.00000574823865   -0.00049207156579  
  8.430000   -0.00234922437477    0.00223290437318    0.00000492011412   -0.00048200036519  
  8.440000   -0.00231550271472    0.00220013759709    0.00000413519176   -0.00047258946031  
  8.450000   -0.00228249741451    0.00216808567401    0.00000340138368   -0.00046387315341  
  8.460000   -0.00225019803789    0.00213674038107    0.00000272597404   -0.00045587918871  
  8.470000   -0.00221858708604    0.00210608660516    0.00000211554915   -0.00044862838880  
  8.480000   -0.00218763997463    0.00207610230875    0.00000157593478   -0.00044213435238  
  8.490000   -0.00215732505775    0.00204675854208    0.00000111214134   -0.00043640321588  
  8.500000   -0.00212760369334    0.00201801949661    0.00000072831724   -0.00043143348021  
  8.510000   -0.00209843034263    0.00198984259282    0.00000042771111   -0.00042721590298  
  8.520000   -0.00206975269261    0.00196217859193    0.00000021264304   -0.00042373345461  
  8.530000   -0.00204151178726    0.00193497171816    0.00000008448511   -0.00042096133574  
  8.540000   -0.00201364214880    0.00190815977375    0.00000004365129   -0.00041886705070  
  8.550000   -0.00198607186542    0.00188167422450    0.00000008959659   -0.00041741052997  
  8.560000   -0.00195872261691    0.00185544022880    0.00000022082521   -0.00041654429167  
  8.570000   -0.00193150960459    0.00182937657810    0.00000043490721   -0.00041621362939  
  8.580000   -0.00190434134753    0.00180339551302    0.00000072850286   -0.00041635681052  
  8.590000   -0.00187711930444    0.00177740237629    0.00000109739381   -0.00041690526647  
  8.600000   -0.00184973728109    0.00175129506443    0.00000153651947   -0.00041778375364  
  8.610000   -0.00182208058781    0.00172496324423    0.00000204001717   -0.00041891046285  
  8.620000   -0.00179402492301    0.00169828731116    0.00000260126395   -0.00042019705533  
  8.630000   -0.00176543497907    0.00167113708553    0.00000321291787   -0.00042154860694  
  8.640000   -0.00173616279697    0.00164337027112    0.00000386695655   -0.00042286344952  
  8.650000   -0.00170604593963    0.00161483074177    0.00000455471100   -0.00042403291084  
  8.660000   -0.00167490560934    0.00158534677435    0.00000526689313   -0.00042494097320  
  8.670000   -0.00164254490356    0.00155472941118    0.00000599361662   -0.00042546389640  
  8.680000   -0.00160874748085    0.00152277120916    0.00000672441214   -0.00042546988301  
  8.690000   -0.00157327699167    0.00148924571099    0.00000744824033   -0.00042481890183  
  8.700000   -0.00153587770654    0.00145390804850    0.00000815350846   -0.00042336282731  
  8.710000   -0.00149627683729    0.00141649714779    0.00000882809996   -0.00042094609227  
  8.720000   -0.00145418907968    0.00137674003787    0.00000945942904   -0.00041740708589  
  8.730000   -0.00140932389252    0.00133435875213    0.00001003453568   -0.00041258054702  
  8.740000   -0.00136139595228    0.00128908024087    0.00001054023804   -0.00040630119941  
  8.750000   -0.00131013906952    0.00124064956864    0.00001096335981   -0.00039840883874  
  8.760000   -0.00125532361425    0.00118884644408    0.00001129104769   -0.00038875500512  
  8.770000   -0.00119677717113    0.00113350482054    0.00001151118962   -0.00037721125347  
  8.780000   -0.00113440774225    0.00107453492351    0.00001161293579   -0.00036367886814  
  8.790000   -0.00106822835895    0.00101194662741    0.00001158731289   -0.00034809966305  
  8.800000   -0.00099838149370    0.00094587265697    0.00001142790777   -0.00033046727911  
  8.810000   -0.00092516122969    0.00087658967576    0.00001113158042   -0.00031083815801  
  8.820000   -0.00084903081205    0.00080453500591    0.00001069915063   -0.00028934116597  
  8.830000   -0.00077063303632    0.00073031656138    0.00001013598852   -0.00026618469487  
  8.840000   -0.00069079098864    0.00065471363061    0.00000945243107   -0.00024166001819  
  8.850000   -0.00061049698566    0.00057866645931    0.00000866394504   -0.00021613975434  
  8.860000   -0.00053088819341    0.00050325318221    0.00000779096507   -0.00019007051250  
  8.870000   -0.00045320832482    0.00042965352546    0.00000685835419   -0.00016395917058  
  8.880000   -0.00037875597494    0.00035909980302    0.00000589446295   -0.00013835274810  
  8.890000   -0.00030882146560    0.00029281697778    0.00000492980113   -0.00011381245241  
  8.900000   -0.00024461541157    0.00023195483343    0.00000399537829   -0.00009088313871  
  8.910000   -0.00018719344245    0.00017751646661    0.00000312081344   -0.00007006006004  
  8.920000   -0.00013738246165    0.00013028821164    0.00000233235202   -0.00005175531161  
  8.930000   -0.00009571435233    0.00009077661528    0.00000165095661   -0.00003626671521  
  8.940000   -0.00006237303784    0.00005915807943    0.00000109064973   -0.00002375197974  
  8.950000   -0.00003716021213    0.00003524622900    0.00000065728042   -0.00001421077017  
  8.960000   -0.00001948387954    0.00001848094540    0.00000034785902   -0.00000747681517  
  8.970000   -0.00000837216012    0.00000794140688    0.00000015055859   -0.00000322141179  
  8.980000   -0.00000251277247    0.00000238353266    0.00000004542101   -0.00000096871388  
  8.990000   -0.00000031639908    0.00000030012901    0.00000000573690   -0.00000012211742  
  9.000000   -0.00000000000000   -0.00000000000000   -0.00000000000000    0.00000000000000  
