<Coefficient>
	 14 Total number of radial orbitals.
	Type	L	Zeta-Orbital
	  Co 	0	    1
	  -0.22548870114621
	  -0.09075082223202
	   0.06863302163597
	   0.17260154782640
	   0.16828242953195
	   0.15964623531741
	   0.11251120053401
	   0.08691300895529
	   0.04425017114044
	   0.02721740715053
	  -0.00155632144981
	  -0.00507907441330
	  -0.02160063166741
	  -0.01514193317198
	  -0.02508751644835
	  -0.01164768355279
	  -0.02070571697025
	  -0.00382352970975
	  -0.01514450545630
	   0.00417864538516
	  -0.01279655874109
	   0.01660106340977
	Type	L	Zeta-Orbital
	  Co 	0	    2
	  -0.09610003226840
	  -0.21170963721638
	  -0.33166816215060
	  -0.40820886143508
	  -0.42850180566528
	  -0.38584418898305
	  -0.30993146514557
	  -0.21630549128576
	  -0.12967101541837
	  -0.05435999202570
	  -0.00150058866109
	   0.03470946845734
	   0.05059319334635
	   0.05638561876691
	   0.04997512972750
	   0.04229643533349
	   0.02896835613819
	   0.02058080236304
	   0.00952652826244
	   0.00619402822226
	  -0.00066455326158
	   0.00242176599966
	Type	L	Zeta-Orbital
	  Co 	0	    3
	   0.22982642662646
	  -0.12558672265141
	   0.01093623349508
	   0.06922446940763
	  -0.07396419067368
	  -0.02975891085049
	  -0.09823390250291
	  -0.00408707573672
	  -0.04286962652370
	   0.01073450610477
	  -0.02344873810492
	   0.01740289038309
	  -0.00264881461520
	   0.01135586637879
	  -0.00276254206257
	   0.01000320147918
	  -0.00474720013079
	   0.00648928491612
	  -0.00708850780507
	   0.00236902430913
	  -0.00574244594743
	   0.00520626875541
	Type	L	Zeta-Orbital
	  Co 	0	    4
	  -0.16728521543826
	   0.25253045624194
	   0.26860814137246
	   0.02463253942471
	  -0.21937625501006
	  -0.25070475111490
	  -0.26727900049096
	  -0.12846871762854
	  -0.10230537262133
	  -0.01250418473539
	  -0.00731950444679
	   0.04627641460739
	   0.04003296435548
	   0.03950769787526
	   0.02796376616758
	   0.04103863412635
	   0.00176001540723
	   0.02443319481713
	  -0.01674263871963
	   0.01369738182336
	  -0.02545654518184
	   0.03052995253762
	Type	L	Zeta-Orbital
	  Co 	0	    5
	  -0.95644536831277
	  -0.03013880314464
	   0.35919204561794
	  -0.67216856169070
	  -1.01762587312669
	   0.41395923889721
	  -0.18371803304772
	   0.06481139941434
	  -0.27040536244220
	  -0.21317302531643
	  -0.46992255351024
	  -0.22448987885270
	  -0.29566688335486
	  -0.13208028736147
	  -0.21276921646937
	  -0.02527119868902
	  -0.06108131268903
	   0.07850825599882
	  -0.07341191980043
	   0.09410436648686
	  -0.04321686861671
	   0.23351781407346
	Type	L	Zeta-Orbital
	  Co 	0	    6
	  -0.13987959176838
	  -0.17137539419903
	  -0.52441421456243
	  -0.01417447351227
	   0.44702093765037
	  -0.21292061267901
	   0.00010377240254
	  -0.49612279151549
	  -0.45703363776495
	  -0.71978829835573
	  -0.53144758274726
	  -0.61290714466101
	  -0.40793441293339
	  -0.35934633294820
	  -0.13344135710731
	  -0.10640800383795
	   0.06773179241686
	   0.02746847322755
	   0.17011277090559
	   0.07468458743996
	   0.17137244994850
	  -0.01769465090325
	Type	L	Zeta-Orbital
	  Co 	1	    1
	   0.03835219613010
	   0.14925793856028
	   0.30192410736173
	   0.44522027731310
	   0.54684609250882
	   0.59635410439169
	   0.59907962619436
	   0.56612233762681
	   0.50930423335285
	   0.43955338075393
	   0.36520519727213
	   0.29303064056710
	   0.22685295479318
	   0.16902835190080
	   0.12073807227501
	   0.08237246245451
	   0.05287314968165
	   0.03166039870902
	   0.01705158568416
	   0.00791113767184
	   0.00255630344519
	   0.00034951230559
	Type	L	Zeta-Orbital
	  Co 	1	    2
	   0.32621012788230
	   0.20339277698881
	   0.09079570834474
	  -0.02786590337705
	  -0.04568032630649
	  -0.08531464684153
	  -0.06778632030475
	  -0.08327299914227
	  -0.05606265774613
	  -0.06495887428379
	  -0.03594604740885
	  -0.04673740503588
	  -0.01756801871655
	  -0.03244801362957
	  -0.00362942116942
	  -0.02388066562090
	   0.00682842254264
	  -0.02013529214255
	   0.01485218418685
	  -0.02161417234794
	   0.02500159066022
	  -0.07426785782449
	Type	L	Zeta-Orbital
	  Co 	1	    3
	  -1.72604692257202
	   0.69586287375235
	   0.70411163536773
	  -0.01262884930327
	  -0.19775040582545
	  -0.28621466514391
	  -0.27168435650899
	  -0.31174781780639
	  -0.27672907445508
	  -0.25068810192830
	  -0.23626925843385
	  -0.16252162325630
	  -0.15702347547259
	  -0.05758392484240
	  -0.10170928120303
	   0.00174000143089
	  -0.09409854353049
	   0.03319037544183
	  -0.09088894379533
	   0.08214907960156
	  -0.11162137275328
	   0.32462014033378
	Type	L	Zeta-Orbital
	  Co 	2	    1
	   0.11335529190176
	   0.22942261070204
	   0.34582778352146
	   0.43023854208767
	   0.50879526752096
	   0.55476473622233
	   0.59199243184670
	   0.59446607346316
	   0.58446916623351
	   0.53914424947922
	   0.48567695886894
	   0.40565341773077
	   0.33053080033673
	   0.24255818225402
	   0.17564082089185
	   0.10615941733118
	   0.06725851405445
	   0.02673304900315
	   0.01700706887729
	  -0.00234899174471
	   0.00315725991146
	  -0.04513118130419
	Type	L	Zeta-Orbital
	  Co 	2	    2
	  -0.40833295639857
	  -0.28463970125741
	  -0.15974827939565
	  -0.01260698293614
	   0.01143800581836
	   0.11457200057524
	   0.10408954250199
	   0.15544876427407
	   0.11583097018697
	   0.15265623758358
	   0.09967590149962
	   0.12562909015486
	   0.06403368650596
	   0.08903401364441
	   0.01914862709854
	   0.05522348824774
	  -0.01534020205566
	   0.03572249999566
	  -0.03650757952573
	   0.03086596470334
	  -0.03136418331630
	   0.31432261985201
	Type	L	Zeta-Orbital
	  Co 	2	    3
	  -1.38059379561480
	   0.64518305915479
	   0.55851581383947
	   0.41661150263978
	  -0.07220021524104
	  -0.03166393670146
	  -0.20070587656949
	  -0.13560360662150
	  -0.29394082566847
	  -0.17435705284527
	  -0.31923133731548
	  -0.14440103200123
	  -0.29757974826880
	  -0.08879305313017
	  -0.25850615700819
	   0.00352016650449
	  -0.20902847598791
	   0.09788100174687
	  -0.16552449383626
	   0.17520910627425
	  -0.12171491144685
	   1.41305938788510
	Type	L	Zeta-Orbital
	  Co 	3	    1
	  -0.41248051346399
	  -0.47498189936391
	  -0.25813922936296
	  -0.29939703450061
	  -0.19877287086449
	  -0.14407160003935
	  -0.05508763047356
	  -0.06637455554264
	  -0.03782093829586
	  -0.05761085661180
	  -0.01231669929973
	  -0.02471002838017
	   0.00311632469355
	  -0.02978666167741
	  -0.00600258953983
	  -0.01567619189029
	   0.01309104101066
	  -0.01711106190101
	   0.00823054953582
	  -0.00848763174224
	  -0.06428526562214
	  -0.35118571484971
	Type	L	Zeta-Orbital
	  Co 	3	    2
	   0.20157575945241
	   0.21687171280255
	  -1.08450158119429
	  -1.37012222649087
	  -0.94002463189835
	  -0.54491496479480
	  -0.32830138806720
	  -0.30202469117184
	  -0.26906011136549
	  -0.22477671071579
	  -0.14803437426497
	  -0.12342695091448
	  -0.09110155932266
	  -0.05635639567314
	  -0.04181980331057
	  -0.01290982807693
	  -0.02039220650369
	  -0.01887617403324
	  -0.02610881207428
	   0.03675393819545
	  -0.19179894904746
	  -0.36399713909851
</Coefficient>
<Mkb>
Left spillage = 9.2696265964e-04
</Mkb>
