0	0.0015143168825402136
1	0.0012358298849127073
2	0.0010418776016634763
3	0.0009212236552585716
4	0.0008467512587702853
5	0.0007920531643678607
6	0.000747432594715649
7	0.0007097397347171535
8	0.0006774560454286251
9	0.0006497041604328489
10	0.0006259335999942335
11	0.0006057304773518332
12	0.0005887067363263998
13	0.0005744616304289029
14	0.0005625872280589021
15	0.0005526866169645849
16	0.0005443917892583636
17	0.0005373789940582456
18	0.0005313785522329041
19	0.0005261765942799255
20	0.0005216096856233491
21	0.0005175555899906344
22	0.0005139232981929255
23	0.0005106442146087222
24	0.0005076652476497495
25	0.0005049438688950528
26	0.0005024448863597305
27	0.0005001385458094879
28	0.0004979995426307665
29	0.0004960065686409668
30	0.000494142105591383
31	0.0004923922722885828
32	0.00049074660982589
33	0.000489197744790651
34	0.00048774091139553745
35	0.000486373349393205
36	0.0004850936282071775
37	0.0004839009735208589
38	0.0004827946812102817
39	0.00048177368910391614
40	0.00048083634265845115
41	0.00047998034710521536
42	0.0004792028596671971
43	0.00047850065207121053
44	0.0004778702710047846
45	0.0004773081409042436
46	0.00047681058278679363
47	0.00047637375545787924
48	0.0004759935524651635
49	0.0004756655031195095
50	0.0004753847255815006
51	0.0004751459650336362
52	0.0004749437247399763
53	0.0004747724698855524
54	0.0004746268622931752
55	0.0004745019756850834
56	0.0004743934489402153
57	0.000474297555835676
58	0.00047421119608433897
59	0.0004741318342474499
60	0.00047405742260641477
61	0.00047398633893098817
62	0.00047391735390554216
63	0.00047384962350313826
64	0.0004737826871587619
65	0.0004737164485957917
66	0.00047365112321475525
67	0.0004735871501270324
68	0.0004735250817100336
69	0.00047346547278494136
70	0.0004734087917712207
71	0.00047335536800557784
72	0.00047330537688532767
73	0.00047325885315557505
74	0.00047321571704363196
75	0.00047317579953367884
76	0.00047313885996022554
77	0.00047310459711377175
78	0.0004730726601525799
79	0.0004730426657196733
80	0.0004730142235177227
81	0.0004729869669628004
82	0.0004729605815708502
83	0.00047293482338501164
84	0.00047290952298718495
85	0.0004728845757196866
86	0.0004728599232489165
87	0.0004728355336626555
88	0.0004728113863034139
89	0.0004727874643590565
90	0.0004727637544984053
91	0.0004727402502365289
92	0.0004727169551132339
93	0.0004726938830382634
94	0.00047267105530109896
95	0.000472648495614721
96	0.0004726262253144322
97	0.0004726042603790864
98	0.00047258261075504613
99	0.000472561281299848
100	0.00047254027311265773
101	0.00047251958422921066
102	0.0004724992093840992
103	0.00047247913929838006
104	0.00047245936031941406
105	0.000472439855075336
106	0.00047242060426046846
107	0.0004724015890591766
108	0.0004723827933821856
109	0.00047236420517267764
110	0.00047234581645370097
111	0.00047232762232389254
112	0.0004723096194732424
113	0.0004722918048647864
114	0.00047227417501323704
115	0.00047225672593282405
116	0.00047223945352077454
117	0.00047222235401522827
118	0.0004722054242397221
119	0.00047218866154464915
120	0.00047217206354142286
121	0.00047215562783011497
122	0.0004721393518821908
123	0.0004721232331282444
124	0.00047210726917563907
125	0.00047209145802353344
126	0.0004720757981633052
127	0.00047206028853189575
128	0.00047204492837315176
129	0.00047202971709937636
130	0.0004720146542337192
131	0.0004719997394482002
132	0.0004719849726561442
133	0.00047197035408490614
134	0.0004719558842692154
135	0.0004719415639476571
136	0.0004719273938991883
137	0.00047191337477334335
138	0.0004718995069726848
139	0.0004718857906067896
140	0.00047187222550773653
141	0.00047185881127628706
142	0.0004718455473287405
143	0.00047183243292836014
144	0.00047181946721036534
145	0.0004718066492131478
146	0.00047179397792577565
147	0.0004717814523496038
148	0.000471769071558195
149	0.0004717568347331455
150	0.0004717447411673341
151	0.00047173279023379565
152	0.0004717209813382753
153	0.0004717093138722457
154	0.0004716977871828198
155	0.000471686400562167
156	0.0004716751532544796
157	0.00047166404446722195
158	0.00047165307338108023
159	0.0004716422391533773
160	0.00047163154091926654
161	0.00047162097779152913
162	0.0004716105488640175
163	0.00047160025321597973
164	0.0004715900899154212
165	0.00047158005801873883
166	0.000471570156565378
167	0.00047156038457282225
168	0.00047155074103082817
169	0.00047154122490141955
170	0.00047153183512247456
171	0.0004715225706138394
172	0.0004715134302830578
173	0.0004715044130277702
174	0.0004714955177365157
175	0.0004714867432868586
176	0.00047147808854464156
177	0.00047146955236426893
178	0.00047146113358976133
179	0.00047145283105692805
180	0.0004714446435945549
181	0.00047143657002447585
182	0.00047142860916102704
183	0.0004714207598102094
184	0.00047141302077019243
185	0.0004714053908321961
186	0.00047139786878210835
187	0.0004713904534027405
188	0.000471383143473771
189	0.00047137593777428147
190	0.00047136883508263445
191	0.00047136183417801047
192	0.00047135493384170633
193	0.0004713481328581048
194	0.00047134143001546455
195	0.0004713348241059857
196	0.00047132831392625047
197	0.0004713218982760856
198	0.0004713155759595854
199	0.0004713093457839976
200	0.0004713032065611723
201	0.0004712971571081356
202	0.000471291196246755
203	0.00047128532280546145
204	0.00047127953561872517
205	0.00047127383352795925
206	0.00047126821538197956
207	0.0004712626800375172
208	0.0004712572263596875
209	0.00047125185322212794
210	0.0004712465595074509
211	0.000471241344106811
212	0.00047123620592054227
213	0.0004712311438584275
214	0.0004712261568392842
215	0.00047122124379189224
216	0.0004712164036546642
217	0.0004712116353762345
218	0.0004712069379156226
219	0.0004712023102422316
220	0.0004711977513358441
221	0.00047119326018700406
222	0.00047118883579705634
223	0.0004711844771786765
224	0.0004711801833552757
225	0.00047117595336094607
226	0.0004711717862417144
227	0.00047116768105417685
228	0.0004711636368663808
229	0.000471159652758106
230	0.0004711557278197314
231	0.0004711518611540388
232	0.00047114805187434587
233	0.00047114429910574126
234	0.00047114060198466133
235	0.0004711369596590992
236	0.0004711333712879891
237	0.0004711298360421973
238	0.0004711263531031293
239	0.00047112292166425276
240	0.00047111954092936173
241	0.00047111621011432594
242	0.0004711129284454427
243	0.00047110969516027043
244	0.0004711065095074281
245	0.0004711033707463575
246	0.00047110027814728685
247	0.00047109723099123625
248	0.0004710942285699634
249	0.00047109127018588016
250	0.0004710883551516128
251	0.000471085482790438
252	0.00047108265243587757
253	0.00047107986343155125
254	0.0004710771151312391
255	0.000471074406898681
256	0.0004710717381076629
257	0.0004710691081414182
258	0.0004710665163933423
259	0.00047106396226578325
260	0.00047106144517112327
261	0.00047105896453046846
262	0.000471056519774389
263	0.00047105411034312347
264	0.00047105173568474967
265	0.00047104939525720064
266	0.0004710470885266302
267	0.0004710448149679692
268	0.00047104257406482407
269	0.00047104036530882143
270	0.0004710381881999662
271	0.00047103604224682164
272	0.0004710339269653584
273	0.00047103184187979565
274	0.00047102978652239645
275	0.0004710277604324456
276	0.00047102576315758007
277	0.00047102379425219536
278	0.00047102185327842395
279	0.0004710199398056946
280	0.00047101805341009945
281	0.0004710161936752774
282	0.0004710143601912133
283	0.0004710125525552282
284	0.00047101077037074257
285	0.0004710090132482424
286	0.0004710072808042815
287	0.0004710055726622333
288	0.00047100388845108994
289	0.00047100222780655204
290	0.0004710005903700188
291	0.00047099897578873435
292	0.00047099738371632414
293	0.0004709958138115353
294	0.00047099426573920427
295	0.00047099273916919774
296	0.0004709912337774835
297	0.0004709897492450346
298	0.0004709882852579195
299	0.0004709868415079231
300	0.0004709854176913594
301	0.0004709840135096649
302	0.0004709826286695034
303	0.0004709812628820487
304	0.0004709799158631573
305	0.0004709785873338436
306	0.0004709772770189984
307	0.0004709759846485194
308	0.0004709747099566311
309	0.0004709734526818199
310	0.00047097221256671255
311	0.00047097098935839455
312	0.0004709697828078582
313	0.0004709685926702567
314	0.0004709674187047054
315	0.00047096626067414716
316	0.0004709651183453756
317	0.0004709639914889944
318	0.00047096287987933086
319	0.00047096178329441153
320	0.0004709607015154277
321	0.0004709596343277295
322	0.00047095858151939487
323	0.00047095754288253123
324	0.00047095651821218694
325	0.00047095550730690233
326	0.0004709545099680616
327	0.0004709535260005329
328	0.00047095255521225065
329	0.00047095159741427793
330	0.00047095065242002
331	0.00047094972004679543
332	0.0004709488001142678
333	0.00047094789244494514
334	0.0004709469968639951
335	0.00047094611319956493
336	0.0004709452412827588
337	0.0004709443809464669
338	0.0004709435320271142
339	0.00047094269436319803
340	0.00047094186779545914
341	0.0004709410521679784
342	0.00047094024732613086
343	0.0004709394531186717
344	0.00047093866939599757
345	0.00047093789601123585
346	0.0004709371328197597
347	0.00047093637967853674
348	0.00047093563644753933
349	0.000470934902988476
350	0.0004709341791653591
351	0.00047093346484387356
352	0.00047093275989220425
353	0.0004709320641800792
354	0.00047093137757990485
355	0.0004709306999651516
356	0.00047093003121181183
357	0.00047092937119756973
358	0.0004709287198017322
359	0.00047092807690590137
360	0.0004709274423929428
361	0.00047092681614775976
362	0.00047092619805692165
363	0.0004709255880087606
364	0.0004709249858928509
365	0.0004709243916011913
366	0.0004709238050265526
367	0.0004709232260638811
368	0.00047092265460948194
369	0.0004709220905609491
370	0.0004709215338177537
371	0.0004709209842808018
372	0.00047092044185217285
373	0.0004709199064355586
374	0.0004709193779362269
375	0.00047091885626049027
376	0.00047091834131616833
377	0.0004709178330125665
378	0.00047091733126012383
379	0.0004709168359706066
380	0.00047091634705722274
381	0.0004709158644341994
382	0.0004709153880170411
383	0.0004709149177228281
384	0.00047091445346928026
385	0.00047091399517565087
386	0.0004709135427621714
387	0.000470913096150559
388	0.0004709126552629587
389	0.00047091222002362674
390	0.0004709117903568873
391	0.0004709113661888509
392	0.0004709109474463246
393	0.0004709105340572427
394	0.0004709101259507421
395	0.00047090972305660877
396	0.00047090932530575205
397	0.000470908932630393
398	0.00047090854496317
399	0.000470908162238143
400	0.0004709077843898023
401	0.00047090741135414433
402	0.0004709070430674921
403	0.00047090667946749723
404	0.00047090632049246877
405	0.00047090596608183105
406	0.0004709056161751127
407	0.00047090527071371856
408	0.00047090492963922526
409	0.00047090459289402496
410	0.0004709042604216325
411	0.00047090393216604694
412	0.00047090360807210374
413	0.000470903288085711
414	0.00047090297215290927
415	0.0004709026602210539
416	0.00047090235223814266
417	0.00047090204815250584
418	0.00047090174791347835
419	0.0004709014514711233
420	0.00047090115877600853
421	0.00047090086977965797
422	0.00047090058443383873
423	0.0004709003026914948
424	0.00047090002450586084
425	0.000470899749830672
426	0.0004708994786208418
427	0.00047089921083121505
428	0.00047089894641793017
429	0.0004708986853370622
430	0.000470898427545927
431	0.0004708981730019011
432	0.0004708979216632147
433	0.0004708976734886451
434	0.00047089742843715637
435	0.0004708971864689489
436	0.0004708969475442938
437	0.0004708967116240773
438	0.000470896478669479
439	0.000470896248642864
440	0.00047089602150640966
441	0.0004708957972230706
442	0.0004708955757564142
443	0.00047089535707026565
444	0.00047089514112925426
445	0.0004708949278979877
446	0.0004708947173421275
447	0.0004708945094272131
448	0.00047089430411987736
449	0.0004708941013865247
450	0.00047089390119449057
451	0.00047089370351140376
452	0.00047089350830514787
453	0.0004708933155444265
454	0.00047089312519796095
455	0.00047089293723506266
456	0.00047089275162541137
457	0.00047089256833924014
458	0.00047089238734688676
459	0.0004708922086193682
460	0.0004708920321278518
461	0.00047089185784400707
462	0.0004708916857397984
463	0.00047089151578788064
464	0.0004708913479607963
465	0.00047089118223145467
466	0.00047089101857357955
467	0.00047089085696117765
468	0.0004708906973678937
469	0.0004708905397685003
470	0.00047089038413789387
471	0.0004708902304509704
472	0.000470890078683457
473	0.00047088992881103866
474	0.0004708897808099517
475	0.0004708896346564078
476	0.0004708894903272565
477	0.0004708893477994792
478	0.000470889207050494
479	0.0004708890680577307
480	0.00047088893079943117
481	0.0004708887952536055
482	0.0004708886613986598
483	0.00047088852921342995
484	0.00047088839867686825
485	0.000470888269768505
486	0.00047088814246775134
487	0.0004708880167544209
488	0.0004708878926089143
489	0.0004708877700110454
490	0.0004708876489418687
491	0.0004708875293821305
492	0.0004708874113127961
493	0.000470887294715471
494	0.00047088717957151545
495	0.0004708870658628763
496	0.00047088695357151527
497	0.00047088684267980674
498	0.0004708867331702606
499	0.0004708866250256028
500	0.00047088651822866804
501	0.0004708864127627507
502	0.0004708863086111985
503	0.00047088620575781075
504	0.0004708861041860828
505	0.0004708860038804225
506	0.00047088590482468554
507	0.00047088580700339986
508	0.00047088571040136327
509	0.00047088561500307395
510	0.000470885520793815
511	0.0004708854277587606
512	0.0004708853358831214
513	0.00047088524515280234
514	0.00047088515555318176
515	0.00047088506707052333
516	0.0004708849796906033
517	0.00047088489340017385
518	0.00047088480818534723
519	0.00047088472403275126
520	0.0004708846409294807
521	0.00047088455886223066
522	0.0004708844778182256
523	0.00047088439778497903
524	0.0004708843187495026
525	0.0004708842406997256
526	0.00047088416362346615
527	0.0004708840875087331
528	0.0004708840123432324
529	0.00047088393811544585
530	0.00047088386481377377
531	0.0004708837924266666
532	0.0004708837209429507
533	0.00047088365035107205
534	0.0004708835806404087
535	0.00047088351179970804
536	0.00047088344381848523
537	0.00047088337668602104
538	0.00047088331039169977
539	0.0004708832449252827
540	0.0004708831802764206
541	0.0004708831164350781
542	0.00047088305339122776
543	0.0004708829911350908
544	0.00047088292965680965
545	0.0004708828689468685
546	0.00047088280899584606
547	0.0004708827497940606
548	0.0004708826913326417
549	0.00047088263360219534
550	0.0004708825765936102
551	0.00047088252029825494
552	0.00047088246470710694
553	0.0004708824098115521
554	0.0004708823556031199
555	0.00047088230207297806
556	0.0004708822492130832
557	0.00047088219701507694
558	0.0004708821454706228
559	0.0004708820945719832
560	0.0004708820443108639
561	0.00047088199467962554
562	0.0004708819456702567
563	0.00047088189727539654
564	0.000470881849487291
565	0.00047088180229842136
566	0.00047088175570139895
567	0.0004708817096890113
568	0.00047088166425406704
569	0.00047088161938931613
570	0.00047088157508776943
571	0.00047088153134247456
572	0.0004708814881465501
573	0.00047088144549347727
574	0.0004708814033761809
575	0.0004708813617882799
576	0.0004708813207231403
577	0.00047088128017433624
578	0.0004708812401357065
579	0.0004708812006006251
580	0.00047088116156309486
581	0.0004708811230168939
582	0.0004708810849560272
583	0.0004708810473745086
584	0.0004708810102663616
585	0.00047088097362585617
586	0.00047088093744702736
587	0.0004708809017244184
588	0.00047088086645207964
589	0.00047088083162492075
590	0.0004708807972371106
591	0.0004708807632833089
592	0.00047088072975818706
593	0.0004708806966564463
594	0.00047088066397295574
595	0.0004708806317022242
596	0.00047088059983959425
597	0.00047088056837973696
598	0.0004708805373178365
599	0.0004708805066489143
600	0.0004708804763681293
601	0.0004708804464706903
602	0.00047088041695185885
603	0.000470880387806924
604	0.0004708803590314669
605	0.00047088033062061294
606	0.0004708803025700747
607	0.0004708802748753776
608	0.0004708802475320671
609	0.00047088022053586075
610	0.0004708801938824265
611	0.0004708801675676239
612	0.00047088014158707444
613	0.00047088011593681914
614	0.0004708800906128013
615	0.00047088006561074635
616	0.00047088004092695287
617	0.000470880016557367
618	0.00047087999249812254
619	0.0004708799687452424
620	0.0004708799452951593
621	0.00047087992214401165
622	0.0004708798992880691
623	0.00047087987672389796
624	0.00047087985444750483
625	0.0004708798324557082
626	0.000470879810744729
627	0.00047087978931124235
628	0.00047087976815156536
629	0.0004708797472626395
630	0.00047087972664101825
631	0.0004708797062832689
632	0.000470879686186111
633	0.0004708796663463161
634	0.0004708796467608997
635	0.0004708796274264542
636	0.00047087960834011174
637	0.0004708795894985606
638	0.00047087957089896157
639	0.0004708795525381152
640	0.0004708795344131279
641	0.0004708795165212363
642	0.000470879498859188
643	0.000470879481424506
644	0.00047087946421422793
645	0.0004708794472253956
646	0.0004708794304554079
647	0.0004708794139016395
648	0.00047087939756117994
649	0.0004708793814315576
650	0.00047087936551019226
651	0.00047087934979413913
652	0.00047087933428116086
653	0.0004708793189687882
654	0.0004708793038542846
655	0.00047087928893521283
656	0.0004708792742092059
657	0.00047087925967391584
658	0.0004708792453268427
659	0.0004708792311656987
660	0.00047087921718821896
661	0.0004708792033919901
662	0.0004708791897747804
663	0.00047087917633450353
664	0.0004708791630688429
665	0.00047087914997550175
666	0.000470879137052428
667	0.0004708791242974118
668	0.00047087911170857084
669	0.0004708790992835657
670	0.0004708790870204204
671	0.00047087907491745375
672	0.00047087906297194315
673	0.00047087905118254155
674	0.00047087903954703974
675	0.0004708790280635083
676	0.0004708790167300845
677	0.0004708790055448849
678	0.00047087899450593755
679	0.00047087898361152414
680	0.00047087897285992076
681	0.0004708789622492328
682	0.0004708789517775758
683	0.0004708789414433291
684	0.00047087893124464177
685	0.0004708789211800472
686	0.00047087891124753206
687	0.00047087890144588185
688	0.00047087889177290106
689	0.0004708788822272853
690	0.00047087887280749223
691	0.00047087886351188747
692	0.000470878854338565
693	0.00047087884528648923
694	0.00047087883635378596
695	0.00047087882753897044
696	0.0004708788188408367
697	0.00047087881025761153
698	0.00047087880178801433
699	0.00047087879343031037
700	0.0004708787851835324
701	0.00047087877704597497
702	0.0004708787690162377
703	0.000470878761093169
704	0.00047087875327521254
705	0.0004708787455610599
706	0.0004708787379494419
707	0.0004708787304391185
708	0.00047087872302871897
709	0.0004708787157168895
710	0.00047087870850252427
711	0.000470878701384345
712	0.000470878694361189
713	0.0004708786874316942
714	0.00047087868059479096
715	0.000470878673849238
716	0.00047087866719390563
717	0.0004708786606275095
718	0.00047087865414911735
719	0.0004708786477574037
720	0.00047087864145138565
721	0.00047087863523007187
722	0.00047087862909218984
723	0.00047087862303673726
724	0.000470878617062651
725	0.00047087861116886355
726	0.00047087860535424756
727	0.0004708785996180244
728	0.0004708785939593026
729	0.00047087858837666866
730	0.00047087858286927914
731	0.0004708785774363718
732	0.0004708785720767153
733	0.0004708785667896531
734	0.00047087856157389
735	0.0004708785564285765
736	0.00047087855135335033
737	0.0004708785463467163
738	0.00047087854140794326
739	0.0004708785365361717
740	0.00047087853173063683
741	0.00047087852699025166
742	0.00047087852231441154
743	0.0004708785177020897
744	0.000470878513152641
745	0.00047087850866510693
746	0.00047087850423876813
747	0.00047087849987271103
748	0.00047087849556637097
749	0.00047087849131875466
750	0.0004708784871292244
751	0.0004708784829969691
752	0.0004708784789213877
753	0.00047087847490145625
754	0.00047087847093662714
755	0.0004708784670262964
756	0.0004708784631695959
757	0.0004708784593658414
758	0.00047087845561437217
759	0.0004708784519144241
760	0.00047087844826543886
761	0.00047087844466669966
762	0.0004708784411175561
763	0.0004708784376173072
764	0.00047087843416544436
765	0.0004708784307611433
766	0.0004708784274040248
767	0.0004708784240931954
768	0.0004708784208282538
769	0.0004708784176084238
770	0.0004708784144331303
771	0.00047087841130218707
772	0.00047087840821462
773	0.00047087840516979907
774	0.00047087840216725164
775	0.00047087839920656195
776	0.00047087839628719136
777	0.00047087839340834533
778	0.00047087839056946174
779	0.00047087838777043196
780	0.0004708783850103424
781	0.00047087838228873955
782	0.0004708783796052298
783	0.00047087837695938784
784	0.0004708783743504173
785	0.00047087837177801765
786	0.0004708783692417544
787	0.0004708783667410942
788	0.0004708783642753901
789	0.0004708783618444251
790	0.0004708783594475869
791	0.0004708783570844763
792	0.000470878354754682
793	0.0004708783524576865
794	0.0004708783501931705
795	0.00047087834796042186
796	0.00047087834575930843
797	0.00047087834358928993
798	0.0004708783414499525
799	0.0004708783393409045
800	0.0004708783372617702
801	0.0004708783352120454
802	0.00047087833319145374
803	0.00047087833119936046
804	0.0004708783292357733
805	0.0004708783272999734
806	0.0004708783253918904
807	0.0004708783235108072
808	0.00047087832165656763
809	0.00047087831982872247
810	0.0004708783180271215
811	0.0004708783162509395
812	0.00047087831450043545
813	0.0004708783127749162
814	0.0004708783110740754
815	0.0004708783093975577
816	0.0004708783077451049
817	0.0004708783061164109
818	0.0004708783045109259
819	0.00047087830292874224
820	0.00047087830136919147
821	0.00047087829983198795
822	0.00047087829831703024
823	0.0004708782968239639
824	0.00047087829535226997
825	0.0004708782939020125
826	0.0004708782924726088
827	0.0004708782910638457
828	0.0004708782896754804
829	0.0004708782883073613
830	0.00047087828695886085
831	0.0004708782856299834
832	0.00047087828432038715
833	0.0004708782830299248
834	0.00047087828175808864
835	0.0004708782805048107
836	0.0004708782792697756
837	0.00047087827805283026
838	0.0004708782768533483
839	0.0004708782756716613
840	0.00047087827450703287
841	0.00047087827335963136
842	0.0004708782722288785
843	0.00047087827111473384
844	0.0004708782700168764
845	0.00047087826893513137
846	0.00047087826786923394
847	0.00047087826681903273
848	0.0004708782657843053
849	0.0004708782647647118
850	0.0004708782637601215
851	0.0004708782627705104
852	0.0004708782617953044
853	0.00047087826083443216
854	0.0004708782598879622
855	0.00047087825895529784
856	0.0004708782580365318
857	0.0004708782571313848
858	0.0004708782562395452
859	0.00047087825536100327
860	0.00047087825449551303
861	0.0004708782536429407
862	0.0004708782528029545
863	0.00047087825197553943
864	0.0004708782511603587
865	0.0004708782503573413
866	0.0004708782495663369
867	0.00047087824878708695
868	0.00047087824801944324
869	0.000470878247263432
870	0.00047087824651851685
871	0.0004708782457850229
872	0.0004708782450621675
873	0.0004708782443504135
874	0.00047087824364934656
875	0.00047087824295875797
876	0.0004708782422785314
877	0.0004708782416085528
878	0.0004708782409486348
879	0.00047087824029861975
880	0.0004708782396585231
881	0.00047087823902803997
882	0.00047087823840711733
883	0.0004708782377956609
884	0.0004708782371931415
885	0.00047087823660006526
886	0.0004708782360158719
887	0.0004708782354405456
888	0.00047087823487394835
889	0.0004708782343159277
890	0.00047087823376638547
891	0.0004708782332253305
892	0.00047087823269239556
893	0.00047087823216765466
894	0.0004708782316509002
895	0.00047087823114196173
896	0.0004708782306408655
897	0.0004708782301475008
898	0.00047087822966157664
899	0.00047087822918320316
900	0.0004708782287121305
901	0.0004708782282483289
902	0.00047087822779159064
903	0.0004708782273418467
904	0.00047087822689901383
905	0.00047087822646307734
906	0.00047087822603391737
907	0.00047087822561126533
908	0.0004708782251950655
909	0.0004708782247853301
910	0.0004708782243821428
911	0.0004708782239850165
912	0.00047087822359404366
913	0.0004708782232091759
914	0.00047087822283019076
915	0.0004708782224572062
916	0.0004708782220899405
917	0.00047087822172837924
918	0.0004708782213724912
919	0.0004708782210221626
920	0.0004708782206772652
921	0.00047087822033778994
922	0.0004708782200035352
923	0.0004708782196746515
924	0.0004708782193508713
925	0.0004708782190320339
926	0.00047087821871823275
927	0.0004708782184094951
928	0.0004708782181055039
929	0.0004708782178062149
930	0.00047087821751172243
931	0.00047087821722185827
932	0.00047087821693658413
933	0.0004708782166556706
934	0.0004708782163793548
935	0.0004708782161073284
936	0.00047087821583956756
937	0.0004708782155761325
938	0.0004708782153168421
939	0.0004708782150616823
940	0.000470878214810464
941	0.00047087821456329106
942	0.00047087821432015796
943	0.0004708782140806719
944	0.00047087821384511326
945	0.0004708782136132775
946	0.00047087821338517855
947	0.0004708782131606853
948	0.0004708782129397213
949	0.0004708782127225432
950	0.00047087821250849055
951	0.00047087821229804507
952	0.00047087821209096663
953	0.0004708782118871974
954	0.0004708782116867147
955	0.0004708782114894889
956	0.0004708782112953985
957	0.0004708782111043707
958	0.0004708782109164398
959	0.00047087821073144026
960	0.00047087821054966135
961	0.00047087821037066575
962	0.00047087821019464016
963	0.00047087821002136465
964	0.00047087820985095805
965	0.0004708782096832615
966	0.00047087820951843004
967	0.0004708782093560542
968	0.0004708782091963983
969	0.00047087820903944644
970	0.0004708782088849096
971	0.0004708782087329519
972	0.0004708782085835529
973	0.0004708782084363414
974	0.0004708782082917312
975	0.0004708782081495931
976	0.0004708782080095484
977	0.0004708782078718558
978	0.0004708782077364307
979	0.00047087820760333035
980	0.0004708782074722053
981	0.00047087820734337585
982	0.00047087820721675785
983	0.00047087820709207535
984	0.00047087820696931483
985	0.00047087820684881
986	0.00047087820673027123
987	0.0004708782066136331
988	0.0004708782064989466
989	0.0004708782063861008
990	0.0004708782062750731
991	0.0004708782061659483
992	0.0004708782060587573
993	0.00047087820595312303
994	0.0004708782058494117
995	0.0004708782057473749
996	0.0004708782056470532
997	0.0004708782055485045
998	0.0004708782054512669
999	0.0004708782053559189
1000	0.00047087820526219677
1001	0.0004708782051697732
1002	0.00047087820507912907
1003	0.0004708782049899138
1004	0.0004708782049022642
1005	0.0004708782048159892
1006	0.00047087820473131755
1007	0.00047087820464796723
1008	0.00047087820456584206
1009	0.00047087820448540326
1010	0.0004708782044060535
1011	0.0004708782043282121
1012	0.0004708782042516489
1013	0.0004708782041762721
1014	0.0004708782041023625
1015	0.0004708782040296884
1016	0.00047087820395814284
1017	0.000470878203887668
1018	0.0004708782038186634
1019	0.0004708782037506927
1020	0.0004708782036837966
1021	0.00047087820361819965
1022	0.00047087820355357654
1023	0.00047087820349020525
1024	0.0004708782034278754
1025	0.000470878203366562
1026	0.00047087820330625837
1027	0.0004708782032470883
1028	0.0004708782031889225
1029	0.00047087820313160766
1030	0.0004708782030753447
1031	0.0004708782030201693
1032	0.0004708782029657647
1033	0.00047087820291242627
1034	0.0004708782028598729
1035	0.0004708782028082772
1036	0.0004708782027577226
1037	0.0004708782027078128
1038	0.00047087820265885957
1039	0.0004708782026108627
1040	0.00047087820256349006
1041	0.00047087820251691897
1042	0.00047087820247147013
1043	0.00047087820242644804
1044	0.00047087820238242114
1045	0.00047087820233908547
1046	0.0004708782022965846
1047	0.00047087820225469334
1048	0.00047087820221356044
1049	0.0004708782021731261
1050	0.00047087820213364304
1051	0.00047087820209457695
1052	0.00047087820205627567
1053	0.00047087820201867467
1054	0.0004708782019815501
1055	0.00047087820194524486
1056	0.0004708782019095335
1057	0.0004708782018745363
1058	0.0004708782018401266
1059	0.00047087820180616427
1060	0.0004708782017728542
1061	0.0004708782017401929
1062	0.0004708782017082469
1063	0.0004708782016766223
1064	0.0004708782016456862
1065	0.00047087820161526765
1066	0.00047087820158524143
1067	0.0004708782015559839
1068	0.00047087820152704753
1069	0.00047087820149865564
1070	0.0004708782014708635
1071	0.00047087820144351973
1072	0.00047087820141657064
1073	0.0004708782013903122
1074	0.0004708782013643616
1075	0.00047087820133902205
1076	0.0004708782013139183
1077	0.00047087820128939844
1078	0.00047087820126531907
1079	0.0004708782012415304
1080	0.00047087820121826464
1081	0.0004708782011955727
1082	0.00047087820117312795
1083	0.00047087820115108677
1084	0.0004708782011293934
1085	0.00047087820110811913
1086	0.0004708782010873299
1087	0.0004708782010668656
1088	0.0004708782010466963
1089	0.00047087820102688783
1090	0.0004708782010075351
1091	0.0004708782009885458
1092	0.0004708782009697278
1093	0.0004708782009513845
1094	0.00047087820093334894
1095	0.0004708782009155989
1096	0.00047087820089829376
1097	0.00047087820088113463
1098	0.0004708782008643569
1099	0.00047087820084793744
1100	0.0004708782008317618
1101	0.0004708782008158778
1102	0.0004708782008003417
1103	0.00047087820078493825
1104	0.00047087820077003703
1105	0.0004708782007552253
1106	0.0004708782007406952
1107	0.00047087820072656047
1108	0.0004708782007126486
1109	0.0004708782006988894
1110	0.0004708782006855151
1111	0.0004708782006722999
1112	0.0004708782006594146
1113	0.00047087820064664127
1114	0.0004708782006341432
1115	0.0004708782006219694
1116	0.00047087820060986866
1117	0.0004708782005980791
1118	0.00047087820058650133
1119	0.0004708782005750406
1120	0.0004708782005640031
1121	0.0004708782005530756
1122	0.0004708782005422951
1123	0.0004708782005316614
1124	0.00047087820052124505
1125	0.00047087820051113215
1126	0.0004708782005011246
1127	0.00047087820049140125
1128	0.0004708782004818588
1129	0.0004708782004723876
1130	0.0004708782004630705
1131	0.0004708782004539943
1132	0.00047087820044515064
1133	0.0004708782004364045
1134	0.00047087820042774904
1135	0.00047087820041936555
1136	0.0004708782004111671
1137	0.00047087820040303015
1138	0.0004708782003951877
1139	0.0004708782003872826
1140	0.0004708782003796705
1141	0.00047087820037202983
1142	0.000470878200364704
1143	0.00047087820035747805
1144	0.0004708782003504056
1145	0.00047087820034339285
1146	0.00047087820033664505
1147	0.0004708782003298554
1148	0.00047087820032320354
1149	0.00047087820031685613
1150	0.0004708782003106059
1151	0.0004708782003042959
1152	0.000470878200298145
1153	0.00047087820029226014
1154	0.00047087820028641347
1155	0.0004708782002806482
1156	0.00047087820027508714
1157	0.0004708782002694851
1158	0.0004708782002639762
1159	0.0004708782002586702
1160	0.0004708782002535256
1161	0.0004708782002483898
1162	0.0004708782002433397
1163	0.0004708782002383944
1164	0.00047087820023367777
1165	0.0004708782002288964
1166	0.00047087820022421507
1167	0.0004708782002196646
1168	0.0004708782002152638
1169	0.0004708782002107292
1170	0.0004708782002064287
1171	0.00047087820020223
1172	0.000470878200198048
1173	0.0004708782001941185
1174	0.00047087820019002714
1175	0.0004708782001861109
1176	0.0004708782001823782
1177	0.00047087820017865603
1178	0.00047087820017497397
1179	0.00047087820017129587
1180	0.00047087820016776625
1181	0.0004708782001643066
1182	0.0004708782001608723
1183	0.0004708782001576157
1184	0.0004708782001542002
1185	0.0004708782001511168
1186	0.00047087820014795657
1187	0.00047087820014493804
1188	0.0004708782001418508
1189	0.0004708782001389212
1190	0.00047087820013606065
1191	0.00047087820013315906
1192	0.00047087820013032566
1193	0.0004708782001276799
1194	0.0004708782001249192
1195	0.0004708782001223138
1196	0.00047087820011973517
1197	0.00047087820011721337
1198	0.0004708782001148034
1199	0.0004708782001123539
1200	0.0004708782001099227
1201	0.000470878200107575
1202	0.00047087820010522616
1203	0.00047087820010300045
1204	0.00047087820010086013
1205	0.0004708782000987873
1206	0.0004708782000966702
1207	0.0004708782000945256
1208	0.00047087820009252023
1209	0.00047087820009059203
1210	0.00047087820008853904
1211	0.00047087820008667557
1212	0.00047087820008473674
1213	0.0004708782000830059
1214	0.0004708782000812518
1215	0.0004708782000793814
1216	0.00047087820007768786
1217	0.0004708782000759845
1218	0.0004708782000743963
1219	0.0004708782000726758
1220	0.00047087820007119793
1221	0.00047087820006959803
1222	0.0004708782000679825
1223	0.00047087820006662715
1224	0.0004708782000651554
1225	0.0004708782000636058
1226	0.00047087820006223597
1227	0.0004708782000609208
1228	0.00047087820005945944
1229	0.000470878200058156
1230	0.0004708782000569232
1231	0.0004708782000555239
1232	0.0004708782000544138
1233	0.0004708782000531574
1234	0.00047087820005196283
1235	0.00047087820005079585
1236	0.0004708782000495994
1237	0.0004708782000486029
1238	0.0004708782000473687
1239	0.000470878200046285
1240	0.0004708782000453097
1241	0.0004708782000442509
1242	0.00047087820004328547
1243	0.00047087820004231495
1244	0.0004708782000413257
1245	0.0004708782000403451
1246	0.00047087820003939015
1247	0.0004708782000384593
1248	0.000470878200037564
1249	0.00047087820003666837
1250	0.0004708782000358633
1251	0.0004708782000349709
1252	0.00047087820003423466
1253	0.0004708782000333415
1254	0.00047087820003258684
1255	0.00047087820003183917
1256	0.00047087820003110267
1257	0.00047087820003025667
1258	0.0004708782000295333
1259	0.00047087820002885783
1260	0.00047087820002811125
1261	0.00047087820002748474
1262	0.0004708782000267648
1263	0.00047087820002616256
1264	0.00047087820002552776
1265	0.00047087820002479484
1266	0.0004708782000242642
1267	0.0004708782000236671
1268	0.0004708782000230097
1269	0.0004708782000225293
1270	0.00047087820002197494
1271	0.00047087820002138903
1272	0.0004708782000208677
1273	0.0004708782000203542
1274	0.00047087820001992026
1275	0.0004708782000193397
1276	0.00047087820001884273
1277	0.0004708782000183339
1278	0.00047087820001785453
1279	0.0004708782000174875
1280	0.0004708782000169872
1281	0.00047087820001642767
1282	0.00047087820001600895
1283	0.00047087820001566054
1284	0.00047087820001517493
1285	0.0004708782000147898
1286	0.00047087820001440097
1287	0.00047087820001400784
1288	0.0004708782000136213
1289	0.0004708782000132502
1290	0.0004708782000128538
1291	0.00047087820001252086
1292	0.0004708782000120749
1293	0.00047087820001173763
1294	0.000470878200011482
1295	0.00047087820001112055
1296	0.0004708782000108724
1297	0.0004708782000105475
1298	0.0004708782000102026
1299	0.00047087820000987773
1300	0.0004708782000096246
1301	0.00047087820000931953
1302	0.00047087820000896787
1303	0.0004708782000087844
1304	0.0004708782000084552
1305	0.0004708782000082413
1306	0.00047087820000790947
1307	0.0004708782000077653
1308	0.0004708782000075419
1309	0.00047087820000714907
1310	0.00047087820000699034
1311	0.00047087820000672834
1312	0.0004708782000064763
1313	0.0004708782000062785
1314	0.00047087820000605066
1315	0.0004708782000058747
1316	0.0004708782000056873
1317	0.00047087820000542947
1318	0.0004708782000052602
1319	0.0004708782000050816
1320	0.00047087820000486926
1321	0.0004708782000047098
1322	0.00047087820000446133
1323	0.000470878200004291
1324	0.00047087820000413244
1325	0.0004708782000039359
1326	0.0004708782000037587
1327	0.00047087820000348175
1328	0.00047087820000345215
1329	0.0004708782000032117
1330	0.0004708782000031798
1331	0.00047087820000291976
1332	0.000470878200002819
1333	0.0004708782000026485
1334	0.0004708782000026507
1335	0.0004708782000024023
1336	0.0004708782000023089
1337	0.0004708782000021322
1338	0.0004708782000021192
1339	0.0004708782000019293
1340	0.0004708782000017391
1341	0.00047087820000159513
1342	0.00047087820000147706
1343	0.00047087820000141635
1344	0.000470878200001327
1345	0.0004708782000011761
1346	0.000470878200001072
1347	0.00047087820000093366
1348	0.0004708782000009112
1349	0.0004708782000007811
1350	0.0004708782000006508
1351	0.00047087820000057766
1352	0.0004708782000004434
1353	0.00047087820000044496
1354	0.0004708782000004071
1355	0.00047087820000025295
1356	0.0004708782000000394
1357	0.00047087820000011265
1358	0.00047087820000001925
1359	0.0004708781999998901
1360	0.000470878199999875
1361	0.00047087819999980316
1362	0.00047087819999968103
1363	0.00047087819999952745
1364	0.0004708781999994458
1365	0.00047087819999954225
1366	0.00047087819999942955
1367	0.0004708781999993438
1368	0.00047087819999927066
1369	0.0004708781999991636
1370	0.0004708781999991377
1371	0.0004708781999990355
1372	0.00047087819999896735
1373	0.00047087819999888913
1374	0.00047087819999886696
1375	0.00047087819999887
1376	0.0004708781999987731
1377	0.0004708781999986914
1378	0.00047087819999873333
1379	0.00047087819999868546
1380	0.0004708781999986494
1381	0.0004708781999984782
1382	0.00047087819999846764
1383	0.00047087819999835966
1384	0.0004708781999983252
1385	0.0004708781999984089
1386	0.0004708781999982375
1387	0.0004708781999982655
1388	0.0004708781999981303
1389	0.0004708781999981915
1390	0.00047087819999817095
1391	0.00047087819999811967
1392	0.0004708781999981097
1393	0.00047087819999800534
1394	0.00047087819999792945
1395	0.0004708781999979454
1396	0.0004708781999978633
1397	0.0004708781999978812
1398	0.00047087819999785914
1399	0.00047087819999770176
1400	0.00047087819999785
1401	0.00047087819999772556
1402	0.00047087819999775603
1403	0.00047087819999774416
1404	0.0004708781999977021
1405	0.00047087819999765926
1406	0.00047087819999758125
1407	0.0004708781999976281
1408	0.00047087819999753843
1409	0.00047087819999757773
1410	0.000470878199997433
1411	0.00047087819999752574
1412	0.0004708781999974616
1413	0.0004708781999974809
1414	0.00047087819999740214
1415	0.0004708781999974762
1416	0.0004708781999974031
1417	0.00047087819999735287
1418	0.00047087819999738637
1419	0.0004708781999973597
1420	0.00047087819999735026
1421	0.0004708781999971818
1422	0.000470878199997304
1423	0.00047087819999726103
1424	0.00047087819999736566
1425	0.00047087819999719463
1426	0.0004708781999973327
1427	0.00047087819999718633
1428	0.00047087819999719533
1429	0.0004708781999971872
1430	0.0004708781999970868
1431	0.0004708781999970975
1432	0.00047087819999703883
1433	0.0004708781999970955
1434	0.00047087819999702425
1435	0.000470878199996996
1436	0.00047087819999691355
1437	0.0004708781999970445
1438	0.0004708781999970493
1439	0.0004708781999970235
1440	0.00047087819999696586
1441	0.00047087819999699573
1442	0.00047087819999699
1443	0.0004708781999969585
1444	0.0004708781999969249
1445	0.00047087819999699486
1446	0.0004708781999970314
1447	0.000470878199996994
1448	0.0004708781999968877
1449	0.00047087819999694174
1450	0.0004708781999968867
1451	0.0004708781999969122
1452	0.0004708781999969867
1453	0.00047087819999693133
1454	0.00047087819999687343
1455	0.00047087819999691095
1456	0.0004708781999968086
1457	0.0004708781999968012
1458	0.00047087819999681597
1459	0.00047087819999683467
1460	0.00047087819999687647
1461	0.00047087819999687896
1462	0.00047087819999684324
1463	0.0004708781999967423
1464	0.00047087819999687224
1465	0.0004708781999967906
1466	0.0004708781999967638
1467	0.00047087819999680106
1468	0.00047087819999672506
1469	0.0004708781999967306
1470	0.0004708781999968004
1471	0.0004708781999966805
1472	0.0004708781999967772
1473	0.00047087819999675916
1474	0.0004708781999968171
1475	0.00047087819999675374
1476	0.00047087819999684785
1477	0.0004708781999968017
1478	0.0004708781999967138
1479	0.00047087819999672067
1480	0.00047087819999664266
1481	0.0004708781999967878
1482	0.0004708781999967535
1483	0.0004708781999967086
1484	0.0004708781999968056
1485	0.00047087819999667286
1486	0.0004708781999966744
1487	0.00047087819999658606
1488	0.0004708781999966394
1489	0.0004708781999966996
1490	0.0004708781999967159
1491	0.0004708781999966277
1492	0.0004708781999965871
1493	0.00047087819999656986
1494	0.0004708781999965762
1495	0.00047087819999673357
1496	0.00047087819999668
1497	0.0004708781999966314
1498	0.0004708781999967122
1499	0.00047087819999671124
1500	0.00047087819999664364
1501	0.00047087819999653684
1502	0.0004708781999966506
1503	0.00047087819999665984
1504	0.00047087819999661593
1505	0.0004708781999965698
1506	0.00047087819999667
1507	0.00047087819999659035
1508	0.00047087819999656563
1509	0.0004708781999966131
1510	0.0004708781999966515
1511	0.0004708781999965652
1512	0.00047087819999661404
1513	0.00047087819999659176
1514	0.0004708781999966368
1515	0.000470878199996557
1516	0.00047087819999656617
1517	0.0004708781999965906
1518	0.00047087819999665025
1519	0.0004708781999966136
1520	0.0004708781999965533
1521	0.0004708781999966979
1522	0.00047087819999656427
1523	0.00047087819999657127
1524	0.00047087819999660634
1525	0.00047087819999660347
1526	0.00047087819999660704
1527	0.00047087819999657083
1528	0.0004708781999965214
1529	0.0004708781999965713
1530	0.0004708781999965913
1531	0.0004708781999965001
1532	0.00047087819999660217
1533	0.0004708781999967037
1534	0.00047087819999659555
1535	0.0004708781999966368
1536	0.00047087819999665236
1537	0.00047087819999667573
1538	0.00047087819999655067
1539	0.0004708781999965776
1540	0.0004708781999965384
1541	0.0004708781999965978
1542	0.00047087819999654356
1543	0.0004708781999966286
1544	0.00047087819999664163
1545	0.0004708781999965805
1546	0.00047087819999649684
1547	0.0004708781999965438
1548	0.0004708781999966441
1549	0.00047087819999658005
1550	0.0004708781999965375
1551	0.00047087819999662363
1552	0.000470878199996722
1553	0.0004708781999965487
1554	0.0004708781999965785
1555	0.0004708781999966041
1556	0.00047087819999665095
1557	0.0004708781999965512
1558	0.0004708781999965411
1559	0.00047087819999668744
1560	0.0004708781999965943
1561	0.00047087819999653223
1562	0.00047087819999652063
1563	0.00047087819999664
1564	0.00047087819999660786
1565	0.0004708781999965959
1566	0.0004708781999965214
1567	0.0004708781999965572
1568	0.0004708781999966656
1569	0.00047087819999659403
1570	0.00047087819999661116
1571	0.0004708781999966093
1572	0.00047087819999653776
1573	0.00047087819999651624
1574	0.00047087819999652524
1575	0.0004708781999965894
1576	0.00047087819999665806
1577	0.00047087819999657804
1578	0.0004708781999965498
1579	0.00047087819999652237
1580	0.0004708781999965751
1581	0.0004708781999966375
1582	0.00047087819999655663
1583	0.0004708781999965228
1584	0.00047087819999650226
1585	0.0004708781999965709
1586	0.00047087819999660265
1587	0.0004708781999965004
1588	0.0004708781999965497
1589	0.0004708781999964973
1590	0.0004708781999965625
1591	0.0004708781999966055
1592	0.0004708781999966036
1593	0.00047087819999662244
1594	0.0004708781999965628
1595	0.0004708781999965369
1596	0.00047087819999656037
1597	0.0004708781999965185
