<Coefficient>
	 2 Total number of radial orbitals.
	Type	L	Zeta-Orbital
	  Ar 	0	    1
	   0.59130404212878
	  -0.24148369828726
	  -0.16671622918891
	  -0.10961864711390
	  -0.03725350656900
	  -0.00314056328470
	   0.03994927925106
	   0.03904243889575
	   0.05518469411410
	   0.03234659013194
	   0.04499498383939
	   0.01235059849698
	   0.03148959076450
	  -0.00524775824217
	   0.02408890655439
	  -0.01735928076277
	   0.02390131231066
	  -0.02496350649907
	   0.02862148000391
	  -0.03334100211720
	   0.04051793489962
	  -0.06686617396025
	Type	L	Zeta-Orbital
	  Ar 	1	    1
	  -0.73850039095489
	  -0.48758966375543
	  -0.46308575203738
	  -0.30710709435086
	  -0.25294815707058
	  -0.13689612981564
	  -0.10446084682514
	  -0.03073736119789
	  -0.03406578611515
	   0.01542197216768
	  -0.01100737348954
	   0.02797466090634
	  -0.01219921943234
	   0.02913527813497
	  -0.02048028566518
	   0.02899910288771
	  -0.02878289227361
	   0.03356246728683
	  -0.03709681523510
	   0.04316614503366
	  -0.05485664835166
	   0.16038982915936
</Coefficient>
<Mkb>
Left spillage = 1.8607894130e+00
</Mkb>
