<Coefficient>
	 14 Total number of radial orbitals.
	Type	L	Zeta-Orbital
	  Nb 	0	    1
	   0.08339762329484
	   0.21075615877823
	   0.30283353896243
	   0.31399121468911
	   0.24798759572695
	   0.13639492579859
	   0.02175706121554
	  -0.07333437779686
	  -0.13561955498142
	  -0.16621133782711
	  -0.16903694660367
	  -0.15338319383293
	  -0.12615614126161
	  -0.09570192720627
	  -0.06575032380758
	  -0.04094506911880
	  -0.02125880745902
	  -0.00860759412484
	  -0.00051821662937
	   0.00240249165936
	   0.00343436950575
	   0.00178710589012
	   0.00077509265412
	  -0.00143372012107
	  -0.00139203670913
	Type	L	Zeta-Orbital
	  Nb 	0	    2
	  -0.19031020361894
	  -0.06905138251844
	   0.04076481616114
	   0.09872785638792
	   0.07351349600398
	   0.06030060117587
	   0.03230524896434
	   0.02305793266123
	   0.00581948179831
	   0.00324886448642
	  -0.00620617543515
	  -0.00342238733503
	  -0.00941056041111
	  -0.00408378048393
	  -0.00883943354425
	  -0.00185856631097
	  -0.00695033346895
	   0.00102413780206
	  -0.00512514134370
	   0.00369334395374
	  -0.00421867172061
	   0.00567502850915
	  -0.00459812371878
	   0.00749388193674
	  -0.00829918922169
	Type	L	Zeta-Orbital
	  Nb 	0	    3
	   0.03809007076970
	  -0.33810283735733
	  -0.18532920056284
	   0.00348194520199
	   0.05188623393993
	  -0.03298510758045
	  -0.18508945256611
	  -0.23218114823796
	  -0.27570651177146
	  -0.27487982006194
	  -0.27915816705499
	  -0.23365716123474
	  -0.18319739822505
	  -0.12255523416212
	  -0.07866845988517
	  -0.03895991453234
	  -0.01582062894165
	   0.00237230592895
	   0.00955693939342
	   0.00782184535635
	   0.00384786745822
	  -0.00205713291227
	  -0.00273198849363
	  -0.01020837744451
	  -0.00617917299696
	Type	L	Zeta-Orbital
	  Nb 	0	    4
	   0.16392772287265
	  -0.18389675359637
	   0.00644566347223
	   0.12241302835699
	   0.13631280255652
	   0.18539575958875
	   0.12592271823749
	   0.11099835294015
	   0.04902406030764
	   0.05208566553508
	   0.02615325081663
	   0.03224047384600
	   0.00601755375547
	   0.00961591949860
	  -0.00552726582824
	  -0.00211822920698
	  -0.00624926146692
	  -0.00533394197390
	  -0.00595040980201
	  -0.00302552896327
	   0.00199624943269
	  -0.00051048394207
	   0.00501020147224
	   0.00047954570912
	   0.00887310440400
	Type	L	Zeta-Orbital
	  Nb 	0	    5
	   1.28951232820283
	  -0.69517618997641
	   0.38740556165369
	  -0.02526831684937
	  -0.39117277720185
	  -0.18114777666760
	  -0.24644602731791
	  -0.16203644226737
	  -0.00444125587894
	   0.34578436512638
	   0.40757238674726
	   0.38557138428551
	   0.30935176729502
	   0.23538459190199
	   0.17758947950205
	   0.10558192727989
	   0.09589079239480
	   0.01321611705185
	   0.03604580371750
	  -0.03570565127066
	   0.03205148298195
	  -0.05155800090193
	   0.04244230308959
	  -0.06509379269369
	   0.08345381968558
	Type	L	Zeta-Orbital
	  Nb 	0	    6
	   0.03167356038058
	   0.27207425166577
	  -0.15408508308109
	   0.12390648334011
	   0.15867452461863
	  -0.25841405393344
	  -0.30974000240357
	  -0.13609183419612
	   0.18164106758063
	   0.21741216486286
	   0.24635060142457
	   0.14874349930606
	   0.15606861265219
	   0.10317133652924
	   0.08028699408452
	   0.02220040162272
	   0.02959996957312
	   0.00976538477030
	   0.00797926466529
	   0.00047790708068
	  -0.00019930891710
	  -0.01267977577608
	   0.00543673921407
	   0.00362617994628
	  -0.00405091413188
	Type	L	Zeta-Orbital
	  Nb 	1	    1
	  -0.05807830424972
	  -0.19782395512971
	  -0.34091743827998
	  -0.42594244721009
	  -0.43232133279656
	  -0.38114471990813
	  -0.29780470796456
	  -0.20711614939179
	  -0.12313544716816
	  -0.05524238385928
	  -0.00633235977111
	   0.02360592558864
	   0.03824474424700
	   0.04079399329855
	   0.03620699435009
	   0.02717974788191
	   0.01757372957570
	   0.00846207394819
	   0.00196356095588
	  -0.00252737804503
	  -0.00399354997617
	  -0.00418823621770
	  -0.00247878852411
	  -0.00101427315670
	   0.00124317464170
	Type	L	Zeta-Orbital
	  Nb 	1	    2
	  -0.26850174898979
	  -0.15199080875135
	  -0.05047635708647
	   0.07906907295289
	   0.09499987675679
	   0.10805098727041
	   0.06265216232121
	   0.05140072286497
	   0.01824743478395
	   0.01991933615655
	  -0.00409924668715
	   0.00127598332366
	  -0.01572490699293
	  -0.00158605772603
	  -0.01515596975235
	   0.00191702789379
	  -0.01184155011514
	   0.00722737115395
	  -0.01006645698240
	   0.01071827181616
	  -0.01033150899229
	   0.01350893021043
	  -0.01436682852545
	   0.01857310247634
	  -0.04313345643049
	Type	L	Zeta-Orbital
	  Nb 	1	    3
	   0.88627479835443
	  -0.23784609043837
	   0.17297485824942
	   0.14947397337973
	   0.27219018480753
	   0.30321399317485
	   0.20176131551048
	   0.06075275633029
	  -0.03453481895831
	  -0.04410867874980
	   0.02077679354536
	  -0.00712423580437
	   0.00725730231321
	  -0.03740648462731
	   0.01042096059348
	  -0.03964111314762
	   0.02452757705016
	  -0.03397957688675
	   0.03186409023087
	  -0.04609001175605
	   0.04343728889657
	  -0.05872976427768
	   0.05777488283716
	  -0.08234371102027
	   0.16893893825343
	Type	L	Zeta-Orbital
	  Nb 	2	    1
	   0.16581896224575
	   0.27851422853563
	   0.36565652959747
	   0.37189188831052
	   0.36218934601972
	   0.31546649128921
	   0.27587462733708
	   0.21895320712515
	   0.17766400199205
	   0.12867617242292
	   0.09975175612110
	   0.06467812771120
	   0.05000872538789
	   0.02713940052150
	   0.02332960071258
	   0.00765044970084
	   0.01075593023611
	  -0.00131178483866
	   0.00609093638446
	  -0.00517055301367
	   0.00521439302100
	  -0.00715166210137
	   0.00615160186934
	  -0.00839894865447
	   0.04239182976003
	Type	L	Zeta-Orbital
	  Nb 	2	    2
	  -0.34741305280879
	  -0.04604260386051
	   0.02405973298689
	   0.20187021229336
	   0.23044035684771
	   0.27450590655146
	   0.15631571973418
	   0.14185201925725
	   0.08429140643424
	   0.10223295140545
	   0.04481152159180
	   0.06339723783756
	   0.01119091770063
	   0.03662922602817
	  -0.01154679449730
	   0.02678692226192
	  -0.02357979230844
	   0.02068616653045
	  -0.03162529330021
	   0.02346605889032
	  -0.03878818355456
	   0.02772771668020
	  -0.04435618755965
	   0.03565888303724
	  -0.24083516740698
	Type	L	Zeta-Orbital
	  Nb 	2	    3
	  -0.40463898957050
	   0.94188318919643
	   0.48814628039750
	   0.15326390548090
	  -0.15483186856206
	  -0.22131715496024
	  -0.47734794189093
	  -0.29536663471821
	  -0.11484091726860
	   0.01506614959833
	  -0.08153833830617
	   0.00169287973617
	  -0.07611448137199
	   0.02179618651155
	  -0.05425116685603
	   0.05315592789496
	  -0.05652090302593
	   0.06044175906656
	  -0.06017190414430
	   0.07886556196513
	  -0.07048981730785
	   0.08830242287242
	  -0.09012027071964
	   0.10519347727347
	  -0.59212217018894
	Type	L	Zeta-Orbital
	  Nb 	3	    1
	  -0.03401853671710
	  -0.35496649853668
	  -0.37567284146636
	  -0.49325964024408
	  -0.49337507582439
	  -0.45141048214287
	  -0.29821525102225
	  -0.23973290169937
	  -0.16319751086758
	  -0.15201205941241
	  -0.09866517748046
	  -0.09520337649160
	  -0.04081961387322
	  -0.05212809806717
	  -0.01134112284136
	  -0.03116426617710
	   0.00846443847092
	  -0.02343863114483
	   0.01661970376467
	  -0.01972517659742
	   0.02008804130412
	  -0.02306893368370
	   0.02101754749177
	   0.02919010905699
	   0.36263263060929
	Type	L	Zeta-Orbital
	  Nb 	3	    2
	  -0.18122648044757
	  -1.05096015205777
	  -0.38921727462583
	  -0.06936138406891
	   0.18569801175256
	   0.58537091350300
	   0.87338031571648
	   0.66014285900970
	   0.35681507967721
	   0.17495128741457
	   0.16022932749696
	   0.10455002045643
	   0.13217466990652
	   0.04614175899230
	   0.06932021197536
	  -0.00274644015964
	   0.04865592179347
	  -0.02312330423373
	   0.04233665018762
	  -0.03747474315873
	   0.04137100336230
	  -0.04811289957662
	   0.04341876656361
	   0.04444422160405
	   0.67360116861441
</Coefficient>
<Mkb>
Left spillage = 2.3233367717e-03
</Mkb>
