0	4.04483055300687
1	3.249376594672397
2	2.660293420512146
3	2.279452499251232
4	1.9751846535595838
5	1.7277622182066699
6	1.5253650627349022
7	1.3581407869279287
8	1.217797348933158
9	1.0976977515702249
10	0.9927960115865788
11	0.8994296808384712
12	0.815064920083939
13	0.7380416529629548
14	0.6673380460073459
15	0.6023652437191496
16	0.5427994128471479
17	0.4884526040784107
18	0.43917906937628715
19	0.39481197787470357
20	0.35512604115035684
21	0.3198224199154628
22	0.2885323441637492
23	0.2608350679418179
24	0.23628465382434793
25	0.2144394433668117
26	0.19488855051922574
27	0.17727138127608827
28	0.16128846957124943
29	0.14670400915556334
30	0.13334178665651283
31	0.12107668879328631
32	0.1098238199761656
33	0.09952686500196561
34	0.090146910402437
35	0.08165259996993054
36	0.0740122418177971
37	0.06718825701303018
38	0.061134119110476594
39	0.05579366918897488
40	0.0511024301280978
41	0.04699033779909552
42	0.04338520317457819
43	0.04021623880331462
44	0.03741711045824346
45	0.03492816743098805
46	0.032697711774676966
47	0.030682346018223023
48	0.028846567006409595
49	0.027161844511820993
50	0.025605442279655072
51	0.024159216195490503
52	0.022808570514802024
53	0.02154168026618518
54	0.02034900879696274
55	0.019223077687611806
56	0.018158394802231827
57	0.017151424016605216
58	0.016200489342639443
59	0.015305541221385655
60	0.014467762192199977
61	0.013689039173645959
62	0.012971368134589323
63	0.012316276458192797
64	0.011724346801756304
65	0.011194906621259984
66	0.010725915991753291
67	0.010314050672734498
68	0.009954945148842315
69	0.009643537694919435
70	0.009374449923492933
71	0.009142337321486692
72	0.008942162649624415
73	0.008769366315320612
74	0.00861993155411784
75	0.008490362454213023
76	0.00837760596476717
77	0.008278953493238346
78	0.008191954004645195
79	0.008114360759208291
80	0.008044120928519768
81	0.007979404433806896
82	0.007918658106692284
83	0.007860665448416525
84	0.007804591535294065
85	0.007749996590447509
86	0.007696809141997596
87	0.007645258693816486
88	0.007595776468678284
89	0.007548879298082134
90	0.007505054925085024
91	0.007464666389502116
92	0.007427889094046787
93	0.007394687602040745
94	0.007364831642971987
95	0.007337943794625796
96	0.00731356626759768
97	0.007291232049674939
98	0.007270526614979744
99	0.007251130013773201
100	0.007232834427587365
101	0.007215537906933502
102	0.00719921974643278
103	0.0071839058651143135
104	0.007169633239164291
105	0.007156421038097645
106	0.007144253265282042
107	0.00713307427776224
108	0.007122795441311792
109	0.007113309033575712
110	0.007104504662541167
111	0.007096283871385194
112	0.00708856991440563
113	0.007081311421095116
114	0.007074480326583893
115	0.007068065668563889
116	0.007062065449672238
117	0.007056478742097153
118	0.007051299709823272
119	0.007046514458356254
120	0.007042100813828111
121	0.007038030463517517
122	0.007034272471199883
123	0.007030797053554149
124	0.007027578643826324
125	0.007024597603237137
126	0.0070218403679850085
127	0.007019298232062716
128	0.007016965270528905
129	0.007014836045083049
130	0.007012903690184308
131	0.007011158786697853
132	0.0070095891598913555
133	0.007008180473123322
134	0.007006917301078351
135	0.007005784299409771
136	0.0070047671425715625
137	0.007003853042574466
138	0.007003030830709636
139	0.007002290723746316
140	0.007001623966163888
141	0.007001022530310856
142	0.007000478985190736
143	0.006999986548085724
144	0.006999539250302739
145	0.00699913210654931
146	0.006998761185204626
147	0.006998423523441737
148	0.00699811689392911
149	0.006997839483869156
150	0.006997589574390988
151	0.006997365302909187
152	0.006997164559159722
153	0.006996985021216122
154	0.006996824296878809
155	0.00699668011066143
156	0.006996550472553145
157	0.006996433779773229
158	0.006996328829481037
159	0.006996234749229715
160	0.006996150874345185
161	0.006996076612022405
162	0.0069960113297388195
163	0.006995954293213492
164	0.006995904661618149
165	0.006995861530745259
166	0.006995824003010228
167	0.006995791259034793
168	0.00699576260918276
169	0.006995737512632776
170	0.006995715562964042
171	0.006995696449223727
172	0.006995679907329286
173	0.006995665677329338
174	0.006995653478034278
175	0.006995643003689515
176	0.0069956339400967125
177	0.006995625992155569
178	0.006995618912460747
179	0.006995612521653484
180	0.006995606714826559
181	0.006995601453028358
182	0.0069955967432337686
183	0.006995592612877514
184	0.0069955890856688826
185	0.0069955861640571765
186	0.006995583821128161
187	0.006995582001840528
188	0.0069955806311594705
189	0.006995579625440788
190	0.006995578903423991
191	0.0069955783942124835
192	0.00699557804107792
193	0.006995577801401287
194	0.0069955776440357295
195	0.006995577545727
196	0.006995577487992202
197	0.006995577455239233
198	0.0069955774342309925
199	0.006995577414459621
200	0.006995577388767648
201	0.0069955773536353304
202	0.006995577308805281
203	0.0069955772562959925
204	0.006995577199072961
205	0.006995577139801833
206	0.006995577080017687
207	0.006995577019883258
208	0.00699557695849516
209	0.0069955768945180455
210	0.006995576826859863
211	0.0069955767551497395
212	0.006995576679879175
213	0.0069955766022271725
214	0.006995576523697389
215	0.006995576445734112
216	0.006995576369464942
217	0.006995576295629469
218	0.006995576224664548
219	0.0069955761568627145
220	0.0069955760924992165
221	0.006995576031867676
222	0.006995575975205962
223	0.006995575922575037
224	0.006995575873748231
225	0.006995575828181352
226	0.006995575785091824
227	0.006995575743624239
228	0.006995575703048494
229	0.006995575662932332
230	0.006995575623222091
231	0.006995575584229955
232	0.006995575546515403
233	0.006995575510726472
234	0.006995575477429192
235	0.0069955754469874735
236	0.006995575419508472
237	0.006995575394868111
238	0.006995575372783079
239	0.0069955753529163025
240	0.006995575334961658
241	0.006995575318700123
242	0.006995575304010332
243	0.006995575290837329
244	0.0069955752791489995
245	0.006995575268889871
246	0.006995575259957369
247	0.006995575252201136
248	0.0069955752454468854
249	0.006995575239520515
250	0.0069955752342796915
251	0.006995575229621048
252	0.00699557522548134
253	0.006995575221821606
254	0.006995575218611139
255	0.00699557521581281
256	0.006995575213377752
257	0.006995575211249737
258	0.006995575209369441
259	0.006995575207686474
260	0.006995575206163883
261	0.006995575204780126
262	0.0069955752035272155
263	0.006995575202405966
264	0.006995575201420792
265	0.006995575200572657
266	0.006995575199859575
267	0.00699557519927514
268	0.006995575198809067
269	0.006995575198446613
270	0.006995575198174203
271	0.006995575197976791
272	0.006995575197840474
273	0.006995575197751375
274	0.006995575197697011
275	0.006995575197665277
276	0.006995575197646225
277	0.006995575197633829
278	0.006995575197623603
279	0.006995575197612618
280	0.006995575197601295
281	0.006995575197590058
282	0.006995575197580109
283	0.006995575197571323
284	0.006995575197563765
285	0.006995575197556036
286	0.006995575197547766
287	0.006995575197538376
288	0.006995575197527361
289	0.006995575197515884
290	0.006995575197503476
291	0.006995575197491297
292	0.006995575197479589
293	0.006995575197467072
294	0.006995575197454092
295	0.006995575197438907
296	0.006995575197422765
297	0.006995575197403998
298	0.006995575197383929
299	0.006995575197363377
300	0.006995575197343146
301	0.006995575197322382
302	0.00699557519730249
303	0.006995575197284416
304	0.006995575197266479
305	0.006995575197249103
306	0.006995575197232347
307	0.006995575197215842
308	0.006995575197200773
309	0.006995575197186497
310	0.006995575197173256
311	0.006995575197161812
312	0.0069955751971517875
313	0.006995575197142931
314	0.006995575197135786
315	0.006995575197129304
316	0.0069955751971236
317	0.00699557519711867
318	0.006995575197114307
319	0.006995575197111118
320	0.006995575197107846
321	0.006995575197104433
322	0.0069955751971020105
323	0.006995575197099684
324	0.006995575197097573
325	0.006995575197095927
326	0.00699557519709429
327	0.006995575197092586
328	0.006995575197091731
329	0.006995575197090785
330	0.0069955751970893635
331	0.006995575197088551
332	0.006995575197088397
333	0.006995575197087965
334	0.0069955751970874605
335	0.0069955751970874214
336	0.0069955751970866105
337	0.0069955751970865844
338	0.006995575197086561
339	0.006995575197086133
340	0.006995575197086072
341	0.006995575197086242
342	0.006995575197085894
343	0.006995575197086071
344	0.006995575197086051
345	0.006995575197085789
346	0.006995575197085799
347	0.006995575197085859
348	0.006995575197085866
349	0.006995575197085532
350	0.006995575197085748
351	0.006995575197085992
352	0.006995575197085602
353	0.006995575197085742
354	0.006995575197085667
355	0.006995575197085664
356	0.006995575197085747
357	0.006995575197085821
358	0.006995575197085672
359	0.006995575197085343
360	0.006995575197085485
361	0.006995575197085665
362	0.006995575197085373
363	0.006995575197085319
364	0.006995575197085665
365	0.006995575197085673
366	0.006995575197085715
367	0.00699557519708526
368	0.006995575197085325
369	0.006995575197085293
370	0.006995575197085636
371	0.0069955751970852305
372	0.006995575197085375
373	0.006995575197085255
374	0.006995575197085423
375	0.0069955751970853
376	0.006995575197085641
377	0.0069955751970854135
378	0.0069955751970849755
379	0.006995575197085116
380	0.006995575197085379
381	0.006995575197085082
382	0.006995575197085162
383	0.006995575197085392
384	0.006995575197085188
385	0.006995575197085172
386	0.006995575197085254
387	0.006995575197084924
388	0.006995575197085083
389	0.006995575197085231
390	0.006995575197085241
391	0.006995575197085148
392	0.006995575197085251
393	0.0069955751970851975
394	0.00699557519708528
395	0.006995575197085221
396	0.0069955751970851975
397	0.0069955751970853216
398	0.0069955751970849946
399	0.006995575197085325
400	0.006995575197085391
401	0.006995575197085166
402	0.006995575197085254
403	0.006995575197085264
404	0.006995575197085294
405	0.006995575197085068
406	0.006995575197084887
407	0.006995575197085147
408	0.006995575197085272
409	0.006995575197084999
410	0.0069955751970851385
411	0.006995575197085264
412	0.006995575197085013
413	0.006995575197085137
414	0.006995575197085255
415	0.0069955751970850796
416	0.006995575197084745
417	0.006995575197084983
418	0.006995575197085498
419	0.006995575197085352
420	0.0069955751970853745
421	0.0069955751970847465
422	0.006995575197085104
423	0.00699557519708524
424	0.006995575197085277
425	0.006995575197085408
426	0.00699557519708484
427	0.006995575197085517
428	0.006995575197085391
429	0.0069955751970850995
430	0.006995575197085234
431	0.006995575197085307
432	0.0069955751970854135
433	0.006995575197085138
434	0.006995575197085163
435	0.006995575197085582
436	0.006995575197085119
437	0.006995575197085148
438	0.006995575197084979
439	0.006995575197085392
440	0.006995575197085012
441	0.006995575197084938
442	0.006995575197085571
443	0.00699557519708552
444	0.006995575197084968
445	0.00699557519708486
446	0.006995575197085046
447	0.0069955751970852
448	0.0069955751970850605
449	0.006995575197085254
450	0.006995575197085006
451	0.006995575197085032
452	0.006995575197085337
453	0.0069955751970850084
454	0.006995575197085314
455	0.006995575197085291
456	0.00699557519708506
457	0.0069955751970852305
458	0.00699557519708534
459	0.0069955751970851784
460	0.006995575197085014
461	0.006995575197085187
462	0.006995575197085415
463	0.006995575197085148
464	0.006995575197084714
465	0.00699557519708498
466	0.0069955751970853415
467	0.006995575197085131
468	0.006995575197085277
469	0.006995575197085002
470	0.006995575197085092
471	0.006995575197085012
472	0.006995575197085286
473	0.0069955751970852955
474	0.006995575197085347
475	0.006995575197085048
476	0.006995575197084962
477	0.00699557519708487
478	0.0069955751970849364
479	0.0069955751970849816
480	0.006995575197085326
481	0.006995575197085301
482	0.006995575197085207
483	0.006995575197085221
484	0.006995575197085223
485	0.006995575197085173
486	0.006995575197085319
487	0.006995575197085192
488	0.006995575197085114
489	0.006995575197085443
490	0.006995575197085147
491	0.006995575197085254
492	0.006995575197085088
493	0.006995575197085412
494	0.0069955751970847005
495	0.006995575197085218
496	0.0069955751970849625
497	0.006995575197085104
498	0.006995575197085087
499	0.0069955751970852634
500	0.006995575197085339
501	0.0069955751970849035
502	0.006995575197085362
503	0.0069955751970852695
504	0.006995575197084907
505	0.006995575197085014
506	0.006995575197085063
507	0.006995575197085023
508	0.00699557519708504
509	0.006995575197085392
510	0.0069955751970852235
511	0.006995575197085197
512	0.006995575197085163
513	0.006995575197085222
514	0.00699557519708519
515	0.006995575197085388
516	0.006995575197085276
517	0.006995575197085185
518	0.006995575197085325
519	0.006995575197085167
520	0.006995575197085202
521	0.006995575197084992
522	0.006995575197085529
523	0.006995575197085339
524	0.006995575197085289
525	0.0069955751970855
526	0.006995575197085245
527	0.006995575197085521
528	0.006995575197085321
529	0.006995575197085077
530	0.006995575197085363
531	0.0069955751970851715
532	0.006995575197085079
533	0.00699557519708491
534	0.006995575197085396
535	0.006995575197084902
536	0.006995575197085217
537	0.006995575197085016
538	0.006995575197085048
539	0.006995575197085309
540	0.006995575197085304
541	0.006995575197085145
542	0.006995575197084875
543	0.006995575197085437
544	0.0069955751970855904
545	0.006995575197085357
