<Coefficient>
	 3 Total number of radial orbitals.
	Type	L	Zeta-Orbital
	  Ga 	0	    1
	  -0.25696996447078
	  -0.52771262870394
	  -0.45729823135531
	  -0.19541876283702
	   0.03921712710370
	   0.18587501789772
	   0.24957892692772
	   0.25530596106385
	   0.22596425655946
	   0.18069535407264
	   0.13134287460589
	   0.08633006911163
	   0.04900802105045
	   0.02250067249707
	   0.00516958385276
	  -0.00360295351647
	  -0.00740499701452
	  -0.00630029184639
	  -0.00363291850390
	   0.00016834193701
	   0.00168014235696
	   0.00331478070255
	   0.00305965435062
	   0.00314103611081
	   0.00115101155286
	   0.00057894668911
	  -0.00135890744350
	  -0.00111780343188
	  -0.00234444729860
	  -0.00101418629046
	  -0.00185882178327
	Type	L	Zeta-Orbital
	  Ga 	1	    1
	  -0.37897352149392
	  -0.60442976230809
	  -0.56155299679569
	  -0.37269912649101
	  -0.21660154167781
	  -0.09239469891454
	  -0.01831732794482
	   0.03008498433339
	   0.04252248768711
	   0.04288875384345
	   0.03098944964975
	   0.01877300494214
	   0.00348867264493
	  -0.00431763997753
	  -0.01300480790368
	  -0.01248090323646
	  -0.01363977147778
	  -0.00755425875003
	  -0.00703172288631
	   0.00040388993707
	  -0.00069181686235
	   0.00406888710817
	   0.00008624316926
	   0.00375205990727
	  -0.00252035899578
	   0.00144321078931
	  -0.00510158922983
	   0.00090559259609
	  -0.00567845493256
	   0.00333267870310
	  -0.00693641092939
	Type	L	Zeta-Orbital
	  Ga 	2	    1
	   0.01545562926832
	   0.06382318863128
	   0.14497715338434
	   0.24655528089239
	   0.35715746031086
	   0.46871175743253
	   0.57546059806143
	   0.67200334174794
	   0.75338043376292
	   0.81515189398712
	   0.85334451626529
	   0.86447341538223
	   0.84855366716847
	   0.80586478268747
	   0.73994484329206
	   0.65683502133931
	   0.56173491095100
	   0.46263451745115
	   0.36533815214051
	   0.27524592223068
	   0.19737231656623
	   0.13337921334119
	   0.08412938686115
	   0.04846314143276
	   0.02504370662352
	   0.01081972303236
	   0.00347218933897
	   0.00027884295118
	  -0.00041606434018
	  -0.00029019033697
	   0.00019709752286
</Coefficient>
<Mkb>
Left spillage = 4.1013135903e-03
</Mkb>
