0	0.008063003325187734
1	0.007745193309658518
2	0.0063548174848004745
3	0.00536412604414303
4	0.004664143019824313
5	0.004139316650850325
6	0.0037246168566118175
7	0.0033847696499630254
8	0.0031006397614784654
9	0.002860913400899757
10	0.0026581742743062506
11	0.0024870157161071315
12	0.0023431136759522898
13	0.002222802327390415
14	0.002122867271853449
15	0.0020404455861998644
16	0.0019729853117114423
17	0.001918218334674017
18	0.0018741195819754108
19	0.0018388651004870105
20	0.0018108076317807267
21	0.0017884697743540017
22	0.0017705478157126623
23	0.0017559198336046383
24	0.0017436500468413798
25	0.0017329829523286737
26	0.0017233268672057645
27	0.0017142325753171203
28	0.001705374308039719
29	0.0016965355520073132
30	0.0016875963464108332
31	0.0016785181642047767
32	0.0016693260026277219
33	0.001660089859957591
34	0.0016509077143399332
35	0.0016418908160001884
36	0.0016331508279649304
37	0.0016247878845164448
38	0.0016168794691535854
39	0.0016094716236100634
40	0.0016025750008343777
41	0.0015961676650912001
42	0.0015902044180057691
43	0.0015846298789950067
44	0.0015793910935859982
45	0.0015744460106685962
46	0.0015697663034306812
47	0.0015653352999593227
48	0.0015611430809653307
49	0.0015571808821397588
50	0.0015534363484472915
51	0.0015498905708919587
52	0.0015465174212438782
53	0.0015432853108750368
54	0.0015401609604172857
55	0.0015371141742810115
56	0.0015341222566500603
57	0.00153117282124563
58	0.001528264337062388
59	0.001525404555287582
60	0.0015226076047705026
61	0.0015198907618761241
62	0.001517271681036915
63	0.00151476642729929
64	0.001512388266998367
65	0.0015101470174199666
66	0.0015080487992003985
67	0.0015060961209119859
68	0.0015042882338250395
69	0.0015026216360385044
70	0.001501090575587399
71	0.0014996874660171907
72	0.0014984032410332966
73	0.0014972277330975517
74	0.0014961501110260654
75	0.0014951593095336262
76	0.0014942443379471735
77	0.0014933944212879708
78	0.0014925990520643446
79	0.0014918481054742008
80	0.0014911321274653946
81	0.0014904427767685761
82	0.001489773286224088
83	0.0014891187835164939
84	0.0014884763790679544
85	0.001487845027067382
86	0.0014872252291103325
87	0.0014866186571910434
88	0.001486027748777863
89	0.0014854553057735205
90	0.001484904124808994
91	0.0014843766865434772
92	0.0014838749232447448
93	0.0014834000681962542
94	0.0014829525809258333
95	0.0014825321457506853
96	0.001482137748081587
97	0.0014817678275879302
98	0.0014814204858069762
99	0.0014810937031930378
100	0.0014807855164893913
101	0.001480494127860597
102	0.001480217948277512
103	0.0014799555988676402
104	0.001479705895415761
105	0.0014794678299870894
106	0.0014792405530638312
107	0.0014790233569755241
108	0.0014788156631827653
109	0.001478617015260472
110	0.0014784270743666919
111	0.0014782456093370671
112	0.001478072474471643
113	0.0014779075747273001
114	0.001477750824921077
115	0.001477602111757549
116	0.00147746126480421
117	0.0014773280384417296
118	0.0014772021045788815
119	0.0014770830557916527
120	0.0014769704183332315
121	0.0014768636732125477
122	0.0014767622821811777
123	0.0014766657150325762
124	0.0014765734748709348
125	0.0014764851180364231
126	0.0014764002652386473
127	0.0014763186016298127
128	0.001476239866823056
129	0.0014761638396147867
130	0.001476090323716236
131	0.0014760191386656862
132	0.00147595011615372
133	0.0014758830992678104
134	0.0014758179422539727
135	0.0014757545100120512
136	0.001475692677789861
137	0.0014756323313332947
138	0.0014755733670139034
139	0.0014755156912769063
140	0.0014754592192835433
141	0.0014754038732280284
142	0.0014753495808864355
143	0.001475296274674312
144	0.0014752438912358627
145	0.0014751923715252257
146	0.0014751416613018806
147	0.0014750917118699258
148	0.0014750424807516804
149	0.0014749939320255418
150	0.001474946036236331
151	0.0014748987698702423
152	0.0014748521144586583
153	0.0014748060554504335
154	0.0014747605810504468
155	0.001474715681357641
156	0.0014746713478889875
157	0.0014746275734401413
158	0.0014745843520513088
159	0.0014745416789501524
160	0.001474499550515226
161	0.001474457964284962
162	0.001474416919002133
163	0.0014743764144976202
164	0.0014743364513843493
165	0.0014742970306218877
166	0.0014742581531883338
167	0.0014742198199018475
168	0.0014741820314490065
169	0.0014741447884734366
170	0.0014741080916448968
171	0.001474071941688707
172	0.0014740363393466781
173	0.0014740012853211232
174	0.0014739667801590662
175	0.001473932824184681
176	0.0014738994174236576
177	0.0014738665595526767
178	0.0014738342498888017
179	0.0014738024873643227
180	0.001473771270521427
181	0.001473740597507778
182	0.0014737104660631777
183	0.001473680873506797
184	0.0014736518167357616
185	0.0014736232922427394
186	0.0014735952961342606
187	0.0014735678241665983
188	0.0014735408717603702
189	0.001473514434031775
190	0.0014734885058203522
191	0.0014734630817369587
192	0.0014734381561904203
193	0.001473413723413658
194	0.0014733897774714352
195	0.0014733663122741606
196	0.0014733433215788172
197	0.0014733207990023772
198	0.0014732987380248037
199	0.0014732771319849554
200	0.0014732559741001696
201	0.001473235257469417
202	0.0014732149751007506
203	0.00147319511992599
204	0.001473175684824316
205	0.0014731566626418429
206	0.0014731380462060695
207	0.0014731198283378859
208	0.0014731020018670191
209	0.0014730845596472193
210	0.0014730674945610703
211	0.0014730507995415016
212	0.0014730344675668193
213	0.001473018491669024
214	0.001473002864943607
215	0.0014729875805488588
216	0.0014729726317065288
217	0.0014729580117140914
218	0.001472943713947938
219	0.0014729297318721362
220	0.001472916059048687
221	0.0014729026891332686
222	0.0014728896158917517
223	0.001472876833188949
224	0.0014728643350058416
225	0.001472852115425978
226	0.001472840168651996
227	0.0014728284889916202
228	0.001472817070872787
229	0.00147280590882189
230	0.0014727949974867051
231	0.0014727843316216154
232	0.0014727739060889041
233	0.001472763715857824
234	0.0014727537560075743
235	0.0014727440217235915
236	0.0014727345082920006
237	0.0014727252111016442
238	0.0014727161256440065
239	0.001472707247509916
240	0.0014726985723872365
241	0.0014726900960546664
242	0.0014726818143854352
243	0.0014726737233468038
244	0.0014726658189887698
245	0.0014726580974453705
246	0.0014726505549404753
247	0.0014726431877725877
248	0.0014726359923216462
249	0.0014726289650431323
250	0.001472622102465247
251	0.0014726154011863763
252	0.0014726088578799045
253	0.0014726024692861895
254	0.0014725962322044604
255	0.0014725901435073238
256	0.0014725842001268728
257	0.0014725783990534966
258	0.00147257273733854
259	0.0014725672120897697
260	0.0014725618204700023
261	0.0014725565596985946
262	0.0014725514270457704
263	0.0014725464198310943
264	0.0014725415354271416
265	0.0014725367712541673
266	0.0014725321247800749
267	0.0014725275935209576
268	0.0014725231750314484
269	0.0014725188669205407
270	0.0014725146668334039
271	0.0014725105724613138
272	0.0014725065815357188
273	0.0014725026918253725
274	0.0014724989011475921
275	0.0014724952073529964
276	0.0014724916083298548
277	0.0014724881020069251
278	0.0014724846863507
279	0.0014724813593590194
280	0.0014724781190728364
281	0.0014724749635637664
282	0.0014724718909386641
283	0.0014724688993388902
284	0.0014724659869404925
285	0.0014724631519519088
286	0.0014724603926134356
287	0.001472457707197873
288	0.0014724550940117842
289	0.0014724525513888159
290	0.0014724500776982427
291	0.0014724476713352456
292	0.0014724453307276171
293	0.0014724430543324256
294	0.0014724408406358272
295	0.001472438688150755
296	0.001472436595420422
297	0.001472434561015323
298	0.0014724325835365048
299	0.001472430661604826
300	0.001472428793874223
301	0.001472426979024608
302	0.0014724252157583399
303	0.0014724235028059245
304	0.001472421838923633
305	0.0014724202228921304
306	0.0014724186535140626
307	0.0014724171296211308
308	0.0014724156500676975
309	0.0014724142137268349
310	0.0014724128195004883
311	0.0014724114663115062
312	0.0014724101531049594
313	0.0014724088788479139
314	0.0014724076425306494
315	0.0014724064431628128
316	0.0014724052797789144
317	0.001472404151430248
318	0.0014724030571895053
319	0.0014724019961522327
320	0.0014724009674314555
321	0.0014723999701600312
322	0.0014723990034911916
323	0.0014723980665962884
324	0.0014723971586663722
325	0.0014723962789068774
326	0.001472395426547179
327	0.0014723946008316031
328	0.0014723938010224973
329	0.0014723930263978106
330	0.0014723922762511913
331	0.0014723915498994695
332	0.0014723908466678255
333	0.0014723901659035679
334	0.0014723895069621588
335	0.0014723888692263164
336	0.0014723882520794342
337	0.0014723876549328086
338	0.0014723870772051229
339	0.0014723865183314748
340	0.0014723859777581495
341	0.0014723854549511816
342	0.0014723849493828197
343	0.001472384460542428
344	0.0014723839879368797
345	0.0014723835310770882
346	0.0014723830894889892
347	0.0014723826627142287
348	0.0014723822503061245
349	0.0014723818518240974
350	0.001472381466846756
351	0.0014723810949567975
352	0.0014723807357517283
353	0.00147238038884338
354	0.001472380053845038
355	0.0014723797303873864
356	0.0014723794181102793
357	0.0014723791166615793
358	0.0014723788256975968
359	0.0014723785448886157
360	0.0014723782739101312
361	0.0014723780124507582
362	0.0014723777602028859
363	0.0014723775168700097
364	0.0014723772821652339
365	0.0014723770558072286
366	0.0014723768375250195
367	0.0014723766270561428
368	0.001472376424143632
369	0.0014723762285354328
370	0.0014723760399929498
371	0.0014723758582813216
372	0.0014723756831730409
373	0.0014723755144474481
374	0.0014723753518886408
375	0.0014723751952905005
376	0.0014723750444520381
377	0.0014723748991749119
378	0.0014723747592735566
379	0.0014723746245627039
380	0.0014723744948621992
381	0.0014723743700011994
382	0.0014723742498164677
383	0.0014723741341401064
384	0.0014723740228165662
385	0.0014723739156960113
386	0.001472373812631446
387	0.0014723737134764905
388	0.0014723736180971855
389	0.0014723735263578051
390	0.001472373438130262
391	0.0014723733532887538
392	0.0014723732717137792
393	0.0014723731932849
394	0.0014723731178928315
395	0.001472373045425825
396	0.001472372975778255
397	0.001472372908849681
398	0.0014723728445355934
399	0.0014723727827467327
400	0.0014723727233864857
401	0.001472372666367702
402	0.0014723726116028528
403	0.0014723725590092692
404	0.001472372508503011
405	0.0014723724600116492
406	0.0014723724134571904
407	0.0014723723687673016
408	0.0014723723258713477
409	0.0014723722847025146
410	0.0014723722451958617
411	0.0014723722072860063
412	0.0014723721709138159
413	0.001472372136022117
414	0.001472372102552394
415	0.0014723720704485019
416	0.0014723720396624708
417	0.001472372010139772
418	0.0014723719818330813
419	0.0014723719546930459
420	0.0014723719286761497
421	0.0014723719037395512
422	0.0014723718798399555
423	0.0014723718569348756
424	0.0014723718349870575
425	0.00147237181395721
426	0.0014723717938118152
427	0.0014723717745142493
428	0.001472371756027896
429	0.0014723717383256806
430	0.0014723717213713293
431	0.0014723717051399142
432	0.0014723716895972793
433	0.0014723716747188315
434	0.0014723716604770687
435	0.001472371646845332
436	0.0014723716337972188
437	0.0014723716213144032
438	0.0014723716093687342
439	0.0014723715979395246
440	0.0014723715870063488
441	0.0014723715765483838
442	0.0014723715665461985
443	0.0014723715569818522
444	0.0014723715478339422
445	0.001472371539087425
446	0.0014723715307258926
447	0.0014723715227325156
448	0.0014723715150922298
449	0.0014723715077896284
450	0.0014723715008110078
451	0.0014723714941432288
452	0.0014723714877722719
453	0.0014723714816838281
454	0.001472371475868299
455	0.0014723714703162019
456	0.001472371465010389
457	0.0014723714599453072
458	0.0014723714551075383
459	0.0014723714504894514
460	0.001472371446079673
461	0.00147237144187143
462	0.0014723714378536584
463	0.0014723714340194034
464	0.0014723714303594639
465	0.0014723714268692672
466	0.0014723714235386136
467	0.001472371420361338
468	0.0014723714173279947
469	0.0014723714144374543
470	0.0014723714116796323
471	0.0014723714090504913
472	0.0014723714065430476
473	0.001472371404152811
474	0.001472371401874402
475	0.0014723713996996225
476	0.0014723713976307095
477	0.0014723713956563444
478	0.0014723713937766438
479	0.0014723713919834493
480	0.0014723713902762376
481	0.0014723713886498385
482	0.0014723713871003462
483	0.0014723713856263515
484	0.001472371384220926
485	0.0014723713828829247
486	0.0014723713816078643
487	0.0014723713803944595
488	0.001472371379240112
489	0.0014723713781412179
490	0.0014723713770950489
491	0.001472371376099367
492	0.0014723713751494938
493	0.001472371374250268
494	0.0014723713733905946
495	0.0014723713725769685
496	0.0014723713718013433
497	0.0014723713710620065
498	0.0014723713703607667
499	0.0014723713696918924
500	0.001472371369056812
501	0.0014723713684544587
502	0.0014723713678805278
503	0.001472371367336503
504	0.0014723713668177085
505	0.0014723713663248657
506	0.001472371365857824
507	0.0014723713654135496
508	0.0014723713649902564
509	0.0014723713645883848
510	0.0014723713642075791
511	0.0014723713638465118
512	0.0014723713635030075
513	0.0014723713631752846
514	0.0014723713628665618
515	0.001472371362572175
516	0.0014723713622932842
517	0.001472371362027396
518	0.0014723713617765717
519	0.001472371361537339
520	0.0014723713613121257
521	0.001472371361096932
522	0.0014723713608930822
523	0.0014723713606993106
524	0.001472371360515876
525	0.0014723713603405253
526	0.0014723713601769613
527	0.0014723713600213258
528	0.0014723713598729514
529	0.0014723713597319104
530	0.001472371359600141
531	0.0014723713594717
532	0.0014723713593542498
533	0.00147237135923989
534	0.0014723713591321356
535	0.0014723713590308293
536	0.0014723713589333994
537	0.001472371358843122
538	0.0014723713587560157
539	0.0014723713586747942
540	0.0014723713585972496
541	0.0014723713585235699
542	0.001472371358454361
543	0.0014723713583888974
544	0.0014723713583266796
545	0.001472371358268046
546	0.0014723713582127846
547	0.0014723713581589505
548	0.0014723713581103258
549	0.0014723713580619762
550	0.001472371358016991
551	0.0014723713579745418
552	0.001472371357935056
553	0.0014723713578990198
554	0.001472371357862458
555	0.001472371357827983
556	0.0014723713577959676
557	0.0014723713577671853
558	0.0014723713577380823
559	0.0014723713577115918
560	0.0014723713576859027
561	0.0014723713576620993
562	0.0014723713576396348
563	0.0014723713576179531
564	0.0014723713575979706
565	0.0014723713575780018
566	0.0014723713575603807
567	0.001472371357543925
568	0.0014723713575271885
569	0.0014723713575121038
570	0.0014723713574983938
571	0.0014723713574844347
572	0.001472371357472485
573	0.0014723713574596533
574	0.0014723713574481543
575	0.0014723713574371473
576	0.0014723713574272454
577	0.0014723713574178524
578	0.0014723713574081078
579	0.0014723713573997993
580	0.0014723713573919718
581	0.001472371357385021
582	0.0014723713573774832
583	0.001472371357371082
584	0.0014723713573652117
585	0.001472371357359063
586	0.001472371357353865
587	0.0014723713573474354
588	0.001472371357342791
589	0.00147237135733897
590	0.0014723713573325983
591	0.0014723713573304444
592	0.001472371357324736
593	0.0014723713573221281
594	0.0014723713573183636
595	0.0014723713573151851
596	0.0014723713573124909
597	0.0014723713573103242
598	0.0014723713573070174
599	0.0014723713573040666
600	0.0014723713573018902
601	0.0014723713572990808
602	0.0014723713572975155
603	0.001472371357293887
604	0.0014723713572927758
605	0.0014723713572904573
606	0.001472371357289789
607	0.0014723713572882048
608	0.0014723713572869935
609	0.001472371357283787
610	0.0014723713572851712
611	0.001472371357282914
612	0.0014723713572831307
613	0.0014723713572812169
614	0.0014723713572799592
615	0.0014723713572790476
616	0.0014723713572789858
617	0.0014723713572776136
618	0.0014723713572766797
619	0.0014723713572769252
620	0.0014723713572756653
621	0.001472371357274987
622	0.0014723713572748285
623	0.0014723713572735166
624	0.0014723713572727913
625	0.001472371357272371
626	0.0014723713572711832
627	0.0014723713572702259
628	0.0014723713572709698
629	0.001472371357269878
630	0.0014723713572699464
631	0.0014723713572703055
632	0.0014723713572703265
633	0.0014723713572691928
634	0.0014723713572690987
635	0.0014723713572686716
636	0.0014723713572687071
637	0.00147237135726731
638	0.001472371357267991
639	0.0014723713572672085
640	0.0014723713572670476
641	0.0014723713572665983
642	0.0014723713572663815
643	0.0014723713572676446
644	0.0014723713572678658
645	0.001472371357265819
646	0.0014723713572672014
647	0.0014723713572663672
648	0.0014723713572671671
649	0.001472371357266812
650	0.0014723713572670474
651	0.0014723713572662867
652	0.0014723713572666296
653	0.0014723713572660202
654	0.0014723713572671448
655	0.0014723713572662306
656	0.0014723713572657449
657	0.0014723713572657355
658	0.0014723713572645024
659	0.001472371357267237
660	0.0014723713572653402
661	0.0014723713572659303
662	0.0014723713572669301
663	0.001472371357265483
664	0.0014723713572665068
665	0.0014723713572666612
666	0.0014723713572656763
667	0.0014723713572645913
668	0.00147237135726503
669	0.0014723713572645754
670	0.0014723713572644484
671	0.0014723713572657082
672	0.0014723713572661373
673	0.0014723713572658277
674	0.0014723713572651572
675	0.0014723713572654996
676	0.0014723713572661879
677	0.0014723713572660057
678	0.0014723713572658927
679	0.0014723713572652227
680	0.0014723713572658936
681	0.00147237135726528
682	0.0014723713572654606
683	0.0014723713572657234
684	0.0014723713572653203
685	0.0014723713572648196
686	0.0014723713572656928
687	0.0014723713572650221
688	0.001472371357265304
689	0.0014723713572654554
690	0.0014723713572645629
691	0.001472371357265367
692	0.0014723713572655816
693	0.001472371357264676
694	0.001472371357265496
695	0.001472371357265876
696	0.0014723713572651433
697	0.0014723713572661304
698	0.001472371357265016
699	0.0014723713572653257
700	0.0014723713572654038
701	0.0014723713572655853
702	0.0014723713572662618
703	0.0014723713572644978
704	0.0014723713572645139
705	0.0014723713572654463
706	0.0014723713572657403
707	0.0014723713572639798
708	0.0014723713572649228
709	0.0014723713572642268
710	0.0014723713572654777
711	0.0014723713572638887
712	0.0014723713572655417
713	0.001472371357265483
714	0.0014723713572651752
715	0.0014723713572659016
716	0.0014723713572648075
717	0.0014723713572658264
718	0.0014723713572651555
719	0.0014723713572660413
720	0.0014723713572654094
721	0.0014723713572649868
722	0.0014723713572644005
723	0.0014723713572659374
724	0.0014723713572638475
725	0.001472371357264741
726	0.001472371357264761
727	0.0014723713572658466
728	0.0014723713572661382
729	0.0014723713572648129
730	0.0014723713572651212
731	0.0014723713572653366
732	0.0014723713572647908
733	0.0014723713572652166
734	0.001472371357266079
735	0.001472371357264791
736	0.001472371357264581
737	0.001472371357265514
738	0.0014723713572645535
739	0.001472371357265228
740	0.0014723713572655267
741	0.0014723713572658277
742	0.0014723713572651607
743	0.0014723713572648424
744	0.0014723713572659754
745	0.001472371357265356
746	0.0014723713572664073
747	0.0014723713572647563
748	0.0014723713572656106
749	0.0014723713572648435
750	0.001472371357265393
751	0.001472371357265586
752	0.0014723713572652758
753	0.0014723713572653398
754	0.0014723713572640398
755	0.0014723713572655944
756	0.0014723713572651457
757	0.0014723713572642716
758	0.0014723713572644096
759	0.0014723713572649458
760	0.0014723713572653233
761	0.0014723713572644362
762	0.001472371357264914
763	0.0014723713572653695
764	0.001472371357265288
765	0.0014723713572643573
766	0.0014723713572644404
767	0.0014723713572665814
768	0.0014723713572656933
769	0.0014723713572644432
770	0.001472371357265855
771	0.0014723713572649334
772	0.0014723713572654632
773	0.0014723713572648552
774	0.0014723713572653936
775	0.001472371357264989
