<Coefficient>
	 7 Total number of radial orbitals.
	Type	L	Zeta-Orbital
	  Pb 	0	    1
	   0.11232711104071
	   0.21312081689048
	   0.15170413543977
	   0.02949904214954
	  -0.05452087736027
	  -0.08532342378521
	  -0.07661202696790
	  -0.05184485035502
	  -0.02706249523161
	  -0.01047793314864
	  -0.00219906191958
	   0.00006858867496
	   0.00026828465383
	  -0.00026801877163
	  -0.00021689061125
	  -0.00019275485127
	   0.00014729725118
	  -0.00004976062796
	   0.00012901718984
	  -0.00015904580282
	   0.00013025374270
	  -0.00014656577489
	   0.00019254466091
	  -0.00018226504140
	   0.00020716327128
	  -0.00023695976971
	   0.00026516611711
	  -0.00033006519753
	Type	L	Zeta-Orbital
	  Pb 	0	    2
	   0.40902235022373
	  -0.27085793768213
	  -0.41582663059701
	  -0.11726651586273
	   0.23922377982078
	   0.39376746148462
	   0.35766690703470
	   0.23562835880782
	   0.13689330436101
	   0.05961352741199
	   0.02834256159893
	   0.00831493409441
	   0.01003186023678
	  -0.00018008132063
	   0.00569920147609
	  -0.00579874813131
	   0.00508683649932
	  -0.00531948716853
	   0.00748877543305
	  -0.00615145595896
	   0.00735188590943
	  -0.00855705377461
	   0.00925474612990
	  -0.01052405842013
	   0.01011323362412
	  -0.01187043627211
	   0.01487442304963
	  -0.01759782782663
	Type	L	Zeta-Orbital
	  Pb 	1	    1
	  -0.17886915934848
	  -0.24033773005009
	  -0.17313992069444
	  -0.07541479411303
	  -0.01222917351346
	   0.02103248594182
	   0.02384389565586
	   0.01802672750965
	   0.00685094727631
	   0.00215146665022
	  -0.00175464491251
	   0.00038209798662
	  -0.00018858285981
	   0.00194065475923
	  -0.00006185884869
	   0.00139522438082
	  -0.00109713765479
	   0.00107365560650
	  -0.00129243558459
	   0.00139662281643
	  -0.00142627826490
	   0.00159455330000
	  -0.00177345692291
	   0.00187236642253
	  -0.00211406323208
	   0.00245448764953
	  -0.00301708241021
	   0.00565108885640
	Type	L	Zeta-Orbital
	  Pb 	1	    2
	   0.71453078449213
	  -0.11141747456371
	  -0.51128361651062
	  -0.14534885200189
	  -0.04556655480705
	   0.10801698200423
	   0.03118146793607
	   0.03178852848285
	  -0.01725185261287
	   0.00145261798247
	  -0.00854844460002
	   0.01598071238850
	   0.00965525820803
	   0.01637608832720
	   0.00499513705947
	   0.00379693158397
	  -0.00218156092735
	  -0.00109660573344
	   0.00001282565530
	  -0.00067100100611
	   0.00325306392004
	  -0.00170298921429
	   0.00305993567571
	  -0.00449929362110
	   0.00478933469830
	  -0.00548630861372
	   0.00804864495540
	  -0.01588730331315
	Type	L	Zeta-Orbital
	  Pb 	2	    1
	  -0.02888298430643
	  -0.11003728038310
	  -0.22773830077880
	  -0.34580926747195
	  -0.43512194742963
	  -0.47795440003790
	  -0.46878694267102
	  -0.41365430805338
	  -0.32927104713969
	  -0.23496032664693
	  -0.14861580593417
	  -0.08199538536598
	  -0.03813023190668
	  -0.01425178147178
	  -0.00381260463395
	  -0.00047311599712
	   0.00002936794927
	   0.00000449545551
	  -0.00002968130580
	   0.00005396790640
	   0.00001666558298
	   0.00002782719665
	  -0.00004910540030
	   0.00001103521273
	  -0.00003152321464
	   0.00005003056475
	  -0.00004070367296
	   0.00016972609908
	Type	L	Zeta-Orbital
	  Pb 	2	    2
	  -0.20958456622397
	  -0.81133141456838
	  -0.66985012165502
	  -0.42467211423392
	  -0.19217643305951
	   0.01471635854715
	   0.17502195527691
	   0.28008777070422
	   0.36388396185022
	   0.38460703693731
	   0.37382515263222
	   0.30037824757841
	   0.22363778976958
	   0.12879715430272
	   0.07288388676839
	   0.01819344874587
	   0.00987128398012
	  -0.00917694926063
	   0.00594162748078
	  -0.00702754048027
	   0.00951501363178
	  -0.00869628878359
	   0.01041419062711
	  -0.01074262592537
	   0.01185527155146
	  -0.01476937898531
	   0.01618794575719
	  -0.06551619109765
	Type	L	Zeta-Orbital
	  Pb 	3	    1
	  -0.07187844915837
	  -0.61523158620505
	  -0.78229087341504
	  -0.81369090367518
	  -0.70829264083121
	  -0.52060683522728
	  -0.33782149582828
	  -0.23950690742623
	  -0.13773588417621
	  -0.08886337234539
	  -0.02877368417610
	  -0.01541305719371
	   0.00347284266839
	  -0.01274543399262
	   0.00285866090066
	  -0.01049008667560
	   0.00832610711853
	  -0.00938190852884
	   0.00919820060588
	  -0.01181945092923
	   0.01006808651580
	  -0.01134037037548
	   0.01397313949442
	  -0.01275947428249
	   0.01467461633529
	  -0.01514211344238
	   0.00191116989046
	  -0.16875468991945
</Coefficient>
<Mkb>
Left spillage = 1.0155803625e-03
</Mkb>
