  0.000000    0.47876984466722    0.00000000000000  
  0.010000    0.47890236594994   -0.02948370093941  
  0.020000    0.47929972524545   -0.05893528433279  
  0.030000    0.47996130917878   -0.08832270258366  
  0.040000    0.48088609640154   -0.11761404778743  
  0.050000    0.48207265900726   -0.14677762106011  
  0.060000    0.48351916451364   -0.17578200124830  
  0.070000    0.48522337841263   -0.20459611281728  
  0.080000    0.48718266728913   -0.23318929271708  
  0.090000    0.48939400250948   -0.26153135602934  
  0.100000    0.49185396448092   -0.28959266020230  
  0.110000    0.49455874748299   -0.31734416768566  
  0.120000    0.49750416507192   -0.34475750678231  
  0.130000    0.50068565605901   -0.37180503054024  
  0.140000    0.50409829106341   -0.39845987351403  
  0.150000    0.50773677963959   -0.42469600623267  
  0.160000    0.51159547797937   -0.45048828721807  
  0.170000    0.51566839718758   -0.47581251240684  
  0.180000    0.51994921212993   -0.50064546183634  
  0.190000    0.52443127085092   -0.52496494346565  
  0.200000    0.52910760455850   -0.54874983401105  
  0.210000    0.53397093817137   -0.57198011668630  
  0.220000    0.53901370142366   -0.59463691574774  
  0.230000    0.54422804052038   -0.61670252775546  
  0.240000    0.54960583033582   -0.63816044947240  
  0.250000    0.55513868714550   -0.65899540233501  
  0.260000    0.56081798188094   -0.67919335344008  
  0.270000    0.56663485389459   -0.69874153300450  
  0.280000    0.57258022522076   -0.71762844826637  
  0.290000    0.57864481531668   -0.73584389380795  
  0.300000    0.58481915626553   -0.75337895829278  
  0.310000    0.59109360842208   -0.77022602762171  
  0.320000    0.59745837647884   -0.78637878452425  
  0.330000    0.60390352592927   -0.80183220461377  
  0.340000    0.61041899990233   -0.81658254894707  
  0.350000    0.61699463634063   -0.83062735314032  
  0.360000    0.62362018549253   -0.84396541310486  
  0.370000    0.63028532768656   -0.85659676747796  
  0.380000    0.63697969135462   -0.86852267683405  
  0.390000    0.64369287126840   -0.87974559977311  
  0.400000    0.65041444695194   -0.89026916599271  
  0.410000    0.65713400123118   -0.90009814646045  
  0.420000    0.66384113887993   -0.90923842081257  
  0.430000    0.67052550532024   -0.91769694211369  
  0.440000    0.67717680533340   -0.92548169912085  
  0.450000    0.68378482173695   -0.93260167620293  
  0.460000    0.69033943398170   -0.93906681107356  
  0.470000    0.69683063662190   -0.94488795050255  
  0.480000    0.70324855761084   -0.95007680417649  
  0.490000    0.70958347637376   -0.95464589688453  
  0.500000    0.71582584160919   -0.95860851921000  
  0.510000    0.72196628877001   -0.96197867691224  
  0.520000    0.72799565717528   -0.96477103918610  
  0.530000    0.73390500670411   -0.96700088598903  
  0.540000    0.73968563402336   -0.96868405462716  
  0.550000    0.74532908830158   -0.96983688579252  
  0.560000    0.75082718636233   -0.97047616924378  
  0.570000    0.75617202723136   -0.97061908932188  
  0.580000    0.76135600603324   -0.97028317049071  
  0.590000    0.76637182719450   -0.96948622309036  
  0.600000    0.77121251691250   -0.96824628948789  
  0.610000    0.77587143485057   -0.96658159080620  
  0.620000    0.78034228502284   -0.96451047440776  
  0.630000    0.78461912583380   -0.96205136230417  
  0.640000    0.78869637924092   -0.95922270065703  
  0.650000    0.79256883901080   -0.95604291052888  
  0.660000    0.79623167804253   -0.95253034003598  
  0.670000    0.79968045473493   -0.94870321804680  
  0.680000    0.80291111837758   -0.94457960956193  
  0.690000    0.80592001354869   -0.94017737290242  
  0.700000    0.80870388350651   -0.93551411882402  
  0.710000    0.81125987256455   -0.93060717166560  
  0.720000    0.81358552744406   -0.92547353262939  
  0.730000    0.81567879760161   -0.92012984528099  
  0.740000    0.81753803453250   -0.91459236334577  
  0.750000    0.81916199005529   -0.90887692086814  
  0.760000    0.82054981358571   -0.90299890478842  
  0.770000    0.82170104841262   -0.89697322998152  
  0.780000    0.82261562699184   -0.89081431679006  
  0.790000    0.82329386527774   -0.88453607107349  
  0.800000    0.82373645611570   -0.87815186678355  
  0.810000    0.82394446172235   -0.87167453106541  
  0.820000    0.82391930528363   -0.86511633187299  
  0.830000    0.82366276170411   -0.85848896807604  
  0.840000    0.82317694754411   -0.85180356202638  
  0.850000    0.82246431018396   -0.84507065454046  
  0.860000    0.82152761625776   -0.83830020224562  
  0.870000    0.82036993940150   -0.83150157722816  
  0.880000    0.81899464736256   -0.82468356891234  
  0.890000    0.81740538852023   -0.81785438809107  
  0.900000    0.81560607786849   -0.81102167302103  
  0.910000    0.81360088251407   -0.80419249748788  
  0.920000    0.81139420674443   -0.79737338074016  
  0.930000    0.80899067672141   -0.79057029918470  
  0.940000    0.80639512485723   -0.78378869973053  
  0.950000    0.80361257393031   -0.77703351466379  
  0.960000    0.80064822099882   -0.77030917793186  
  0.970000    0.79750742116999   -0.76361964271151  
  0.980000    0.79419567128318   -0.75696840013323  
  0.990000    0.79071859356431   -0.75035849903173  
  1.000000    0.78708191930868   -0.74379256659152  
  1.010000    0.78329147264834   -0.73727282975578  
  1.020000    0.77935315445904   -0.73080113726669  
  1.030000    0.77527292646046   -0.72437898220655  
  1.040000    0.77105679556174   -0.71800752491005  
  1.050000    0.76671079850267   -0.71168761612064  
  1.060000    0.76224098683874   -0.70541982026628  
  1.070000    0.75765341231608   -0.69920443873345  
  1.080000    0.75295411267988   -0.69304153302231  
  1.090000    0.74814909795729   -0.68693094767007  
  1.100000    0.74324433725318   -0.68087233283498  
  1.110000    0.73824574609394   -0.67486516643860  
  1.120000    0.73315917435186   -0.66890877576989  
  1.130000    0.72799039477930   -0.66300235846109  
  1.140000    0.72274509217859   -0.65714500275184  
  1.150000    0.71742885323053   -0.65133570696499  
  1.160000    0.71204715700085   -0.64557339812464  
  1.170000    0.70660536614060   -0.63985694965448  
  1.180000    0.70110871879326   -0.63418519810183  
  1.190000    0.69556232121765   -0.62855695884058  
  1.200000    0.68997114113264   -0.62297104071382  
  1.210000    0.68434000178612   -0.61742625958470  
  1.220000    0.67867357674751   -0.61192145077182  
  1.230000    0.67297638541986   -0.60645548035275  
  1.240000    0.66725278926439   -0.60102725532708  
  1.250000    0.66150698872741   -0.59563573263745  
  1.260000    0.65574302085657   -0.59027992705421  
  1.270000    0.64996475759059   -0.58495891793604  
  1.280000    0.64417590470410   -0.57967185488551  
  1.290000    0.63838000138659   -0.57441796232476  
  1.300000    0.63258042043226   -0.56919654302218  
  1.310000    0.62678036901537   -0.56400698060659  
  1.320000    0.62098289002372   -0.55884874111044  
  1.330000    0.61519086392125   -0.55372137358800  
  1.340000    0.60940701110893   -0.54862450985895  
  1.350000    0.60363389475194   -0.54355786343116  
  1.360000    0.59787392404003   -0.53852122765995  
  1.370000    0.59212935784671   -0.53351447320359  
  1.380000    0.58640230875247   -0.52853754483723  
  1.390000    0.58069474739651   -0.52359045768889  
  1.400000    0.57500850712117   -0.51867329296284  
  1.410000    0.56934528887319   -0.51378619321584  
  1.420000    0.56370666632582   -0.50892935725251  
  1.430000    0.55809409118626   -0.50410303470545  
  1.440000    0.55250889865322   -0.49930752036540  
  1.450000    0.54695231299003   -0.49454314832541  
  1.460000    0.54142545317969   -0.48981028600142  
  1.470000    0.53592933862886   -0.48510932809000  
  1.480000    0.53046489488935   -0.48044069052130  
  1.490000    0.52503295936662   -0.47580480446300  
  1.500000    0.51963428698613   -0.47120211042781  
  1.510000    0.51426955579040   -0.46663305253395  
  1.520000    0.50893937244042   -0.46209807296457  
  1.530000    0.50364427759765   -0.45759760666820  
  1.540000    0.49838475116399   -0.45313207633872  
  1.550000    0.49316121735924   -0.44870188770878  
  1.560000    0.48797404961749   -0.44430742518711  
  1.570000    0.48282357528576   -0.43994904786521  
  1.580000    0.47771008011020   -0.43562708591515  
  1.590000    0.47263381249723   -0.43134183739559  
  1.600000    0.46759498753897   -0.42709356547902  
  1.610000    0.46259379079419   -0.42288249610877  
  1.620000    0.45763038181822   -0.41870881609051  
  1.630000    0.45270489743700   -0.41457267161855  
  1.640000    0.44781745476226   -0.41047416723368  
  1.650000    0.44296815394709   -0.40641336520534  
  1.660000    0.43815708068227   -0.40239028532756  
  1.670000    0.43338430843606   -0.39840490511451  
  1.680000    0.42864990044127   -0.39445716037888  
  1.690000    0.42395391143519   -0.39054694617297  
  1.700000    0.41929638915942   -0.38667411807022  
  1.710000    0.41467737562764   -0.38283849376237  
  1.720000    0.41009690817099   -0.37903985494559  
  1.730000    0.40555502027130   -0.37527794946732  
  1.740000    0.40105174219401   -0.37155249370380  
  1.750000    0.39658710143271   -0.36786317513783  
  1.760000    0.39216112297862   -0.36420965510483  
  1.770000    0.38777382942856   -0.36059157167543  
  1.780000    0.38342524094539   -0.35700854264219  
  1.790000    0.37911537508563   -0.35346016857849  
  1.800000    0.37484424650860   -0.34994603593793  
  1.810000    0.37061186658215   -0.34646572016316  
  1.820000    0.36641824289964   -0.34301878877432  
  1.830000    0.36226337872277   -0.33960480440794  
  1.840000    0.35814727236484   -0.33622332777919  
  1.850000    0.35406991652840   -0.33287392054134  
  1.860000    0.35003129761115   -0.32955614801866  
  1.870000    0.34603139499313   -0.32626958179050  
  1.880000    0.34207018031789   -0.32301380210666  
  1.890000    0.33814761677963   -0.31978840011634  
  1.900000    0.33426365842736   -0.31659297989517  
  1.910000    0.33041824949671   -0.31342716025737  
  1.920000    0.32661132377889   -0.31029057634242  
  1.930000    0.32284280403545   -0.30718288096815  
  1.940000    0.31911260146686   -0.30410374574468  
  1.950000    0.31542061524152   -0.30105286194591  
  1.960000    0.31176673209135   -0.29802994113800  
  1.970000    0.30815082597871   -0.29503471556627  
  1.980000    0.30457275783884   -0.29206693830460  
  1.990000    0.30103237540066   -0.28912638317326  
  2.000000    0.29752951308815   -0.28621284443340  
  2.010000    0.29406399200336   -0.28332613626821  
  2.020000    0.29063561999142   -0.28046609206274  
  2.030000    0.28724419178687   -0.27763256349565  
  2.040000    0.28388948923988   -0.27482541945807  
  2.050000    0.28057128162024   -0.27204454481560  
  2.060000    0.27728932599603   -0.26928983903093  
  2.070000    0.27404336768357   -0.26656121466508  
  2.080000    0.27083314076420   -0.26385859577639  
  2.090000    0.26765836866329   -0.26118191623657  
  2.100000    0.26451876478608   -0.25853111798343  
  2.110000    0.26141403320472   -0.25590614923041  
  2.120000    0.25834386939043   -0.25330696265225  
  2.130000    0.25530796098437   -0.25073351356671  
  2.140000    0.25230598860072   -0.24818575813106  
  2.150000    0.24933762665520   -0.24566365157184  
  2.160000    0.24640254421220   -0.24316714646562  
  2.170000    0.24350040584364   -0.24069619108726  
  2.180000    0.24063087249281   -0.23825072784146  
  2.190000    0.23779360233649   -0.23583069179193  
  2.200000    0.23498825163866   -0.23343600930127  
  2.210000    0.23221447558964   -0.23106659679334  
  2.220000    0.22947192912451   -0.22872235964828  
  2.230000    0.22676026771506   -0.22640319123878  
  2.240000    0.22407914812985   -0.22410897211475  
  2.250000    0.22142822915744   -0.22183956934181  
  2.260000    0.21880717228816   -0.21959483599717  
  2.270000    0.21621564235042   -0.21737461082531  
  2.280000    0.21365330809776   -0.21517871805364  
  2.290000    0.21111984274379   -0.21300696736715  
  2.300000    0.20861492444214   -0.21085915403931  
  2.310000    0.20613823670963   -0.20873505921499  
  2.320000    0.20368946879096   -0.20663445033979  
  2.330000    0.20126831596406   -0.20455708172872  
  2.340000    0.19887447978553   -0.20250269526604  
  2.350000    0.19650766827640   -0.20047102122684  
  2.360000    0.19416759604865   -0.19846177920996  
  2.370000    0.19185398437366   -0.19647467917092  
  2.380000    0.18956656119409   -0.19450942254263  
  2.390000    0.18730506108123   -0.19256570343139  
  2.400000    0.18506922514018   -0.19064320987458  
  2.410000    0.18285880086566   -0.18874162514666  
  2.420000    0.18067354195166   -0.18686062909955  
  2.430000    0.17851320805827   -0.18499989952334  
  2.440000    0.17637756453960   -0.18315911351362  
  2.450000    0.17426638213653   -0.18133794883153  
  2.460000    0.17217943663868   -0.17953608524331  
  2.470000    0.17011650851979   -0.17775320582625  
  2.480000    0.16807738255097   -0.17598899822882  
  2.490000    0.16606184739634   -0.17424315587313  
  2.500000    0.16406969519561   -0.17251537908889  
  2.510000    0.16210072113797   -0.17080537616875  
  2.520000    0.16015472303202   -0.16911286433600  
  2.530000    0.15823150087587   -0.16743757061645  
  2.540000    0.15633085643172   -0.16577923260767  
  2.550000    0.15445259280913   -0.16413759913951  
  2.560000    0.15259651406068   -0.16251243082153  
  2.570000    0.15076242479377   -0.16090350047365  
  2.580000    0.14895012980203   -0.15931059343787  
  2.590000    0.14715943371933   -0.15773350777004  
  2.600000    0.14539014069940   -0.15617205431184  
  2.610000    0.14364205412339   -0.15462605664440  
  2.620000    0.14191497633774   -0.15309535092597  
  2.630000    0.14020870842405   -0.15157978561740  
  2.640000    0.13852305000262   -0.15007922110003  
  2.650000    0.13685779907054   -0.14859352919173  
  2.660000    0.13521275187547   -0.14712259256765  
  2.670000    0.13358770282514   -0.14566630409308  
  2.680000    0.13198244443296   -0.14422456607676  
  2.690000    0.13039676729933   -0.14279728945326  
  2.700000    0.12883046012800   -0.14138439290408  
  2.710000    0.12728330977670   -0.13998580192715  
  2.720000    0.12575510134071   -0.13860144786503  
  2.730000    0.12424561826780   -0.13723126690233  
  2.740000    0.12275464250300   -0.13587519904281  
  2.750000    0.12128195466086   -0.13453318707701  
  2.760000    0.11982733422326   -0.13320517555075  
  2.770000    0.11839055976009   -0.13189110974507  
  2.780000    0.11697140917040   -0.13059093467769  
  2.790000    0.11556965994116   -0.12930459413563  
  2.800000    0.11418508942085   -0.12803202974835  
  2.810000    0.11281747510492   -0.12677318011023  
  2.820000    0.11146659493017   -0.12552797996021  
  2.830000    0.11013222757501   -0.12429635942637  
  2.840000    0.10881415276266   -0.12307824334172  
  2.850000    0.10751215156431   -0.12187355063731  
  2.860000    0.10622600669929   -0.12068219381745  
  2.870000    0.10495550282951   -0.11950407852117  
  2.880000    0.10370042684540   -0.11833910317310  
  2.890000    0.10246056814085   -0.11718715872580  
  2.900000    0.10123571887461   -0.11604812849501  
  2.910000    0.10002567421608   -0.11492188808791  
  2.920000    0.09883023257325   -0.11380830542389  
  2.930000    0.09764919580111   -0.11270724084612  
  2.940000    0.09648236938875   -0.11161854732158  
  2.950000    0.09532956262391   -0.11054207072622  
  2.960000    0.09419058873365   -0.10947765021100  
  2.970000    0.09306526500045   -0.10842511864410  
  2.980000    0.09195341285279   -0.10738430312362  
  2.990000    0.09085485793006   -0.10635502555461  
  3.000000    0.08976943012155   -0.10533710328358  
  3.010000    0.08869696357945   -0.10433034978331  
  3.020000    0.08763729670648   -0.10333457538029  
  3.030000    0.08659027211845   -0.10234958801677  
  3.040000    0.08555573658262   -0.10137519403916  
  3.050000    0.08453354093288   -0.10041119900448  
  3.060000    0.08352353996296   -0.09945740849633  
  3.070000    0.08252559229893   -0.09851362894200  
  3.080000    0.08153956025264   -0.09757966842229  
  3.090000    0.08056530965778   -0.09665533746599  
  3.100000    0.07960270969032   -0.09574044982108  
  3.110000    0.07865163267541   -0.09483482319509  
  3.120000    0.07771195388255   -0.09393827995743  
  3.130000    0.07678355131137   -0.09305064779712  
  3.140000    0.07586630547000   -0.09217176032970  
  3.150000    0.07496009914830   -0.09130145764781  
  3.160000    0.07406481718808   -0.09043958681046  
  3.170000    0.07318034625262   -0.08958600226694  
  3.180000    0.07230657459739   -0.08874056621161  
  3.190000    0.07144339184435   -0.08790314886698  
  3.200000    0.07059068876163   -0.08707362869300  
  3.210000    0.06974835705066   -0.08625189252131  
  3.220000    0.06891628914253   -0.08543783561397  
  3.230000    0.06809437800520   -0.08463136164693  
  3.240000    0.06728251696341   -0.08383238261943  
  3.250000    0.06648059953232   -0.08304081869087  
  3.260000    0.06568851926651   -0.08225659794785  
  3.270000    0.06490616962520   -0.08147965610447  
  3.280000    0.06413344385479   -0.08070993613964  
  3.290000    0.06337023488931   -0.07994738787585  
  3.300000    0.06261643526942   -0.07919196750431  
  3.310000    0.06187193708040   -0.07844363706184  
  3.320000    0.06113663190911   -0.07770236386542  
  3.330000    0.06041041082017   -0.07696811991042  
  3.340000    0.05969316435101   -0.07624088123916  
  3.350000    0.05898478252541   -0.07552062728645  
  3.360000    0.05828515488516   -0.07480734020887  
  3.370000    0.05759417053899   -0.07410100420486  
  3.380000    0.05691171822786   -0.07340160483246  
  3.390000    0.05623768640590   -0.07270912833165  
  3.400000    0.05557196333547   -0.07202356095802  
  3.410000    0.05491443719542   -0.07134488833435  
  3.420000    0.05426499620097   -0.07067309482636  
  3.430000    0.05362352873388   -0.07000816294866  
  3.440000    0.05298992348130   -0.06935007280656  
  3.450000    0.05236406958178   -0.06869880157875  
  3.460000    0.05174585677672   -0.06805432304574  
  3.470000    0.05113517556563   -0.06741660716816  
  3.480000    0.05053191736356   -0.06678561971853  
  3.490000    0.04993597465894   -0.06616132196962  
  3.500000    0.04934724117024   -0.06554367044176  
  3.510000    0.04876561199977   -0.06493261671095  
  3.520000    0.04819098378309   -0.06432810727896  
  3.530000    0.04762325483249   -0.06373008350587  
  3.540000    0.04706232527312   -0.06313848160500  
  3.550000    0.04650809717040   -0.06255323269952  
  3.560000    0.04596047464753   -0.06197426293918  
  3.570000    0.04541936399186   -0.06140149367543  
  3.580000    0.04488467374920   -0.06083484169224  
  3.590000    0.04435631480520   -0.06027421948953  
  3.600000    0.04383420045292   -0.05971953561571  
  3.610000    0.04331824644616   -0.05917069504523  
  3.620000    0.04280837103795   -0.05862759959658  
  3.630000    0.04230449500395   -0.05809014838611  
  3.640000    0.04180654165062   -0.05755823831234  
  3.650000    0.04131443680806   -0.05703176456540  
  3.660000    0.04082810880770   -0.05651062115602  
  3.670000    0.04034748844516   -0.05599470145834  
  3.680000    0.03987250892855   -0.05548389876061  
  3.690000    0.03940310581290   -0.05497810681798  
  3.700000    0.03893921692135   -0.05447722040163  
  3.710000    0.03848078225383   -0.05398113583837  
  3.720000    0.03802774388419   -0.05348975153528  
  3.730000    0.03758004584674   -0.05300296848397  
  3.740000    0.03713763401339   -0.05252069073932  
  3.750000    0.03670045596235   -0.05204282586801  
  3.760000    0.03626846083989   -0.05156928536236  
  3.770000    0.03584159921619   -0.05109998501541  
  3.780000    0.03541982293680   -0.05063484525376  
  3.790000    0.03500308497096   -0.05017379142486  
  3.800000    0.03459133925818   -0.04971675403636  
  3.810000    0.03418454055448   -0.04926366894515  
  3.820000    0.03378264427957   -0.04881447749474  
  3.830000    0.03338560636643   -0.04836912659976  
  3.840000    0.03299338311443   -0.04792756877724  
  3.850000    0.03260593104746   -0.04748976212468  
  3.860000    0.03222320677800   -0.04705567024553  
  3.870000    0.03184516687847   -0.04662526212320  
  3.880000    0.03147176776083   -0.04619851194538  
  3.890000    0.03110296556532   -0.04577539888071  
  3.900000    0.03073871605933   -0.04535590681050  
  3.910000    0.03037897454704   -0.04494002401861  
  3.920000    0.03002369579052   -0.04452774284289  
  3.930000    0.02967283394284   -0.04411905929209  
  3.940000    0.02932634249360   -0.04371397263239  
  3.950000    0.02898417422714   -0.04331248494801  
  3.960000    0.02864628119359   -0.04291460068059  
  3.970000    0.02831261469293   -0.04252032615211  
  3.980000    0.02798312527185   -0.04212966907646  
  3.990000    0.02765776273322   -0.04174263806470  
  4.000000    0.02733647615805   -0.04135924212902  
  4.010000    0.02701921393922   -0.04097949019056  
  4.020000    0.02670592382679   -0.04060339059601  
  4.030000    0.02639655298396   -0.04023095064792  
  4.040000    0.02609104805314   -0.03986217615330  
  4.050000    0.02578935523135   -0.03949707099507  
  4.060000    0.02549142035387   -0.03913563673051  
  4.070000    0.02519718898542   -0.03877787222054  
  4.080000    0.02490660651772   -0.03842377329350  
  4.090000    0.02461961827243   -0.03807333244639  
  4.100000    0.02433616960830   -0.03772653858659  
  4.110000    0.02405620603154   -0.03738337681608  
  4.120000    0.02377967330819   -0.03704382826027  
  4.130000    0.02350651757724   -0.03670786994276  
  4.140000    0.02323668546364   -0.03637547470684  
  4.150000    0.02297012418980   -0.03604661118432  
  4.160000    0.02270678168459   -0.03572124381161  
  4.170000    0.02244660668888   -0.03539933289241  
  4.180000    0.02218954885642   -0.03508083470609  
  4.190000    0.02193555884923   -0.03476570166036  
  4.200000    0.02168458842657   -0.03445388248611  
  4.210000    0.02143659052670   -0.03414532247235  
  4.220000    0.02119151934057   -0.03383996373835  
  4.230000    0.02094933037696   -0.03353774553998  
  4.240000    0.02070998051837   -0.03323860460682  
  4.250000    0.02047342806717   -0.03294247550642  
  4.260000    0.02023963278177   -0.03264929103159  
  4.270000    0.02000855590238   -0.03235898260679  
  4.280000    0.01978016016628   -0.03207148070916  
  4.290000    0.01955440981246   -0.03178671529971  
  4.300000    0.01933127057577   -0.03150461626037  
  4.310000    0.01911070967057   -0.03122511383211  
  4.320000    0.01889269576419   -0.03094813904980  
  4.330000    0.01867719894052   -0.03067362416924  
  4.340000    0.01846419065417   -0.03040150308208  
  4.350000    0.01825364367560   -0.03013171171442  
  4.360000    0.01804553202789   -0.02986418840509  
  4.370000    0.01783983091589   -0.02959887425987  
  4.380000    0.01763651664819   -0.02933571347814  
  4.390000    0.01743556655304   -0.02907465364877  
  4.400000    0.01723695888884   -0.02881564601242  
  4.410000    0.01704067275010   -0.02855864568778  
  4.420000    0.01684668796988   -0.02830361185961  
  4.430000    0.01665498501957   -0.02805050792689  
  4.440000    0.01646554490699   -0.02779930160981  
  4.450000    0.01627834907373   -0.02754996501480  
  4.460000    0.01609337929285   -0.02730247465705  
  4.470000    0.01591061756763   -0.02705681144068  
  4.480000    0.01573004603257   -0.02681296059700  
  4.490000    0.01555164685732   -0.02657091158156  
  4.500000    0.01537540215460   -0.02633065793157  
  4.510000    0.01520129389274   -0.02609219708517  
  4.520000    0.01502930381378   -0.02585553016463  
  4.530000    0.01485941335768   -0.02562066172608  
  4.540000    0.01469160359339   -0.02538759947826  
  4.550000    0.01452585515740   -0.02515635397358  
  4.560000    0.01436214820003   -0.02492693827466  
  4.570000    0.01420046234014   -0.02469936759992  
  4.580000    0.01404077662847   -0.02447365895204  
  4.590000    0.01388306951987   -0.02424983073300  
  4.600000    0.01372731885452   -0.02402790234994  
  4.610000    0.01357350184835   -0.02380789381564  
  4.620000    0.01342159509253   -0.02358982534802  
  4.630000    0.01327157456197   -0.02337371697241  
  4.640000    0.01312341563261   -0.02315958813097  
  4.650000    0.01297709310727   -0.02294745730285  
  4.660000    0.01283258124972   -0.02273734163921  
  4.670000    0.01268985382643   -0.02252925661648  
  4.680000    0.01254888415571   -0.02232321571141  
  4.690000    0.01240964516342   -0.02211923010102  
  4.700000    0.01227210944487   -0.02191730839039  
  4.710000    0.01213624933208   -0.02171745637091  
  4.720000    0.01200203696573   -0.02151967681112  
  4.730000    0.01186944437105   -0.02132396928229  
  4.740000    0.01173844353679   -0.02113033002005  
  4.750000    0.01160900649663   -0.02093875182351  
  4.760000    0.01148110541190   -0.02074922399235  
  4.770000    0.01135471265515   -0.02056173230263  
  4.780000    0.01122980089332   -0.02037625902094  
  4.790000    0.01110634317007   -0.02019278295684  
  4.800000    0.01098431298617   -0.02001127955252  
  4.810000    0.01086368437728   -0.01983172100876  
  4.820000    0.01074443198836   -0.01965407644541  
  4.830000    0.01062653114402   -0.01947831209472  
  4.840000    0.01050995791395   -0.01930439152524  
  4.850000    0.01039468917314   -0.01913227589377  
  4.860000    0.01028070265595   -0.01896192422258  
  4.870000    0.01016797700380   -0.01879329369892  
  4.880000    0.01005649180591   -0.01862633999360  
  4.890000    0.00994622763275   -0.01846101759509  
  4.900000    0.00983716606191   -0.01829728015582  
  4.910000    0.00972928969611   -0.01813508084672  
  4.920000    0.00962258217333   -0.01797437271664  
  4.930000    0.00951702816882   -0.01781510905250  
  4.940000    0.00941261338914   -0.01765724373672  
  4.950000    0.00930932455827   -0.01750073159814  
  4.960000    0.00920714939590   -0.01734552875272  
  4.970000    0.00910607658823   -0.01719159293071  
  4.980000    0.00900609575145   -0.01703888378674  
  4.990000    0.00890719738845   -0.01688736318994  
  5.000000    0.00880937283906   -0.01673699549091  
  5.010000    0.00871261422431   -0.01658774776304  
  5.020000    0.00861691438537   -0.01643959001576  
  5.030000    0.00852226681768   -0.01629249537750  
  5.040000    0.00842866560088   -0.01614644024679  
  5.050000    0.00833610532534   -0.01600140440982  
  5.060000    0.00824458101586   -0.01585737112364  
  5.070000    0.00815408805333   -0.01571432716399  
  5.080000    0.00806462209508   -0.01557226283757  
  5.090000    0.00797617899469   -0.01543117195872  
  5.100000    0.00788875472198   -0.01529105179084  
  5.110000    0.00780234528389   -0.01515190295327  
  5.120000    0.00771694664710   -0.01501372929472  
  5.130000    0.00763255466292   -0.01487653773473  
  5.140000    0.00754916499537   -0.01474033807473  
  5.150000    0.00746677305280   -0.01460514278090  
  5.160000    0.00738537392396   -0.01447096674108  
  5.170000    0.00730496231885   -0.01433782699831  
  5.180000    0.00722553251504   -0.01420574246378  
  5.190000    0.00714707830978   -0.01407473361226  
  5.200000    0.00706959297839   -0.01394482216310  
  5.210000    0.00699306923928   -0.01381603075022  
  5.220000    0.00691749922574   -0.01368838258430  
  5.230000    0.00684287446496   -0.01356190111089  
  5.240000    0.00676918586411   -0.01343660966774  
  5.250000    0.00669642370383   -0.01331253114497  
  5.260000    0.00662457763892   -0.01318968765142  
  5.270000    0.00655363670633   -0.01306810019067  
  5.280000    0.00648358934017   -0.01294778834995  
  5.290000    0.00641442339359   -0.01282877000500  
  5.300000    0.00634612616734   -0.01271106104393  
  5.310000    0.00627868444452   -0.01259467511274  
  5.320000    0.00621208453128   -0.01247962338509  
  5.330000    0.00614631230294   -0.01236591435844  
  5.340000    0.00608135325504   -0.01225355367870  
  5.350000    0.00601719255890   -0.01214254399494  
  5.360000    0.00595381512093   -0.01203288484558  
  5.370000    0.00589120564519   -0.01192457257709  
  5.380000    0.00582934869863   -0.01181760029594  
  5.390000    0.00576822877818   -0.01171195785405  
  5.400000    0.00570783037917   -0.01160763186790  
  5.410000    0.00564813806433   -0.01150460577086  
  5.420000    0.00558913653270   -0.01140285989823  
  5.430000    0.00553081068781   -0.01130237160376  
  5.440000    0.00547314570436   -0.01120311540657  
  5.450000    0.00541612709295   -0.01110506316677  
  5.460000    0.00535974076195   -0.01100818428787  
  5.470000    0.00530397307622   -0.01091244594378  
  5.480000    0.00524881091195   -0.01081781332812  
  5.490000    0.00519424170702   -0.01072424992308  
  5.500000    0.00514025350668   -0.01063171778506  
  5.510000    0.00508683500384   -0.01054017784420  
  5.520000    0.00503397557379   -0.01044959021453  
  5.530000    0.00498166530290   -0.01035991451172  
  5.540000    0.00492989501115   -0.01027111017499  
  5.550000    0.00487865626823   -0.01018313679002  
  5.560000    0.00482794140314   -0.01009595440954  
  5.570000    0.00477774350707   -0.01000952386824  
  5.580000    0.00472805642982   -0.00992380708900  
  5.590000    0.00467887476949   -0.00983876737710  
  5.600000    0.00463019385587   -0.00975436969979  
  5.610000    0.00458200972751   -0.00967058094802  
  5.620000    0.00453431910275   -0.00958737017819  
  5.630000    0.00448711934513   -0.00950470883108  
  5.640000    0.00444040842333   -0.00942257092618  
  5.650000    0.00439418486621   -0.00934093322932  
  5.660000    0.00434844771337   -0.00925977539209  
  5.670000    0.00430319646158   -0.00917908006167  
  5.680000    0.00425843100784   -0.00909883296018  
  5.690000    0.00421415158943   -0.00901902293273  
  5.700000    0.00417035872160   -0.00893964196388  
  5.710000    0.00412705313360   -0.00886068516246  
  5.720000    0.00408423570343   -0.00878215071501  
  5.730000    0.00404190739227   -0.00870403980850  
  5.740000    0.00400006917883   -0.00862635652312  
  5.750000    0.00395872199467   -0.00854910769650  
  5.760000    0.00391786666068   -0.00847230276079  
  5.770000    0.00387750382568   -0.00839595355439  
  5.780000    0.00383763390746   -0.00832007411032  
  5.790000    0.00379825703699   -0.00824468042363  
  5.800000    0.00375937300621   -0.00816979020010  
  5.810000    0.00372098121989   -0.00809542258912  
  5.820000    0.00368308065208   -0.00802159790340  
  5.830000    0.00364566980752   -0.00794833732846  
  5.840000    0.00360874668820   -0.00787566262503  
  5.850000    0.00357230876570   -0.00780359582730  
  5.860000    0.00353635295913   -0.00773215894031  
  5.870000    0.00350087561929   -0.00766137363940  
  5.880000    0.00346587251880   -0.00759126097508  
  5.890000    0.00343133884846   -0.00752184108605  
  5.900000    0.00339726921991   -0.00745313292353  
  5.910000    0.00336365767429   -0.00738515398959  
  5.920000    0.00333049769703   -0.00731792009223  
  5.930000    0.00329778223850   -0.00725144511957  
  5.940000    0.00326550374026   -0.00718574083550  
  5.950000    0.00323365416673   -0.00712081669885  
  5.960000    0.00320222504179   -0.00705667970782  
  5.970000    0.00317120749018   -0.00699333427130  
  5.980000    0.00314059228299   -0.00693078210815  
  5.990000    0.00311036988701   -0.00686902217567  
  6.000000    0.00308053051733   -0.00680805062769  
  6.010000    0.00305106419268   -0.00674786080272  
  6.020000    0.00302196079298   -0.00668844324231  
  6.030000    0.00299321011858   -0.00662978573910  
  6.040000    0.00296480195041   -0.00657187341431  
  6.050000    0.00293672611076   -0.00651468882351  
  6.060000    0.00290897252376   -0.00645821208972  
  6.070000    0.00288153127526   -0.00640242106227  
  6.080000    0.00285439267134   -0.00634729149983  
  6.090000    0.00282754729493   -0.00629279727552  
  6.100000    0.00280098606000   -0.00623891060217  
  6.110000    0.00277470026288   -0.00618560227503  
  6.120000    0.00274868162998   -0.00613284192976  
  6.130000    0.00272292236174   -0.00608059831269  
  6.140000    0.00269741517222   -0.00602883956072  
  6.150000    0.00267215332391   -0.00597753348793  
  6.160000    0.00264713065758   -0.00592664787577  
  6.170000    0.00262234161680   -0.00587615076415  
  6.180000    0.00259778126689   -0.00582601074002  
  6.190000    0.00257344530810   -0.00577619722083  
  6.200000    0.00254933008307   -0.00572668072972  
  6.210000    0.00252543257820   -0.00567743315968  
  6.220000    0.00250175041927   -0.00562842802399  
  6.230000    0.00247828186105   -0.00557964069041  
  6.240000    0.00245502577123   -0.00553104859655  
  6.250000    0.00243198160872   -0.00548263144453  
  6.260000    0.00240914939657   -0.00543437137257  
  6.270000    0.00238652968971   -0.00538625310213  
  6.280000    0.00236412353801   -0.00533826405886  
  6.290000    0.00234193244473   -0.00529039446624  
  6.300000    0.00231995832109   -0.00524263741098  
  6.310000    0.00229820343714   -0.00519498887953  
  6.320000    0.00227667036951   -0.00514744776527  
  6.330000    0.00225536194660   -0.00510001584648  
  6.340000    0.00223428119161   -0.00505269773520  
  6.350000    0.00221343126412   -0.00500550079764  
  6.360000    0.00219281540057   -0.00495843504683  
  6.370000    0.00217243685447   -0.00491151300887  
  6.380000    0.00215229883668   -0.00486474956390  
  6.390000    0.00213240445649   -0.00481816176362  
  6.400000    0.00211275666397   -0.00477176862719  
  6.410000    0.00209335819424   -0.00472559091763  
  6.420000    0.00207421151404   -0.00467965090094  
  6.430000    0.00205531877132   -0.00463397209057  
  6.440000    0.00203668174813   -0.00458857897969  
  6.450000    0.00201830181736   -0.00454349676416  
  6.460000    0.00200017990378   -0.00449875105890  
  6.470000    0.00198231644962   -0.00445436761068  
  6.480000    0.00196471138516   -0.00441037201013  
  6.490000    0.00194736410449   -0.00436678940607  
  6.500000    0.00193027344678   -0.00432364422494  
  6.510000    0.00191343768309   -0.00428095989824  
  6.520000    0.00189685450906   -0.00423875860071  
  6.530000    0.00188052104323   -0.00419706100206  
  6.540000    0.00186443383139   -0.00415588603449  
  6.550000    0.00184858885653   -0.00411525067865  
  6.560000    0.00183298155461   -0.00407516977003  
  6.570000    0.00181760683575   -0.00403565582774  
  6.580000    0.00180245911084   -0.00399671890749  
  6.590000    0.00178753232307   -0.00395836648018  
  6.600000    0.00177281998441   -0.00392060333729  
  6.610000    0.00175831521627   -0.00388343152410  
  6.620000    0.00174401079436   -0.00384685030131  
  6.630000    0.00172989919698   -0.00381085613539  
  6.640000    0.00171597265655   -0.00377544271788  
  6.650000    0.00170222321360   -0.00374060101323  
  6.660000    0.00168864277302   -0.00370631933481  
  6.670000    0.00167522316172   -0.00367258344813  
  6.680000    0.00166195618737   -0.00363937670040  
  6.690000    0.00164883369750   -0.00360668017480  
  6.700000    0.00163584763859   -0.00357447286812  
  6.710000    0.00162299011424   -0.00354273188975  
  6.720000    0.00161025344232   -0.00351143268006  
  6.730000    0.00159763021007   -0.00348054924585  
  6.740000    0.00158511332701   -0.00345005441050  
  6.750000    0.00157269607493   -0.00341992007613  
  6.760000    0.00156037215451   -0.00339011749527  
  6.770000    0.00154813572821   -0.00336061754906  
  6.780000    0.00153598145886   -0.00333139102913  
  6.790000    0.00152390454378   -0.00330240892044  
  6.800000    0.00151190074386   -0.00327364268193  
  6.810000    0.00149996640755   -0.00324506452232  
  6.820000    0.00148809848932   -0.00321664766804  
  6.830000    0.00147629456256   -0.00318836662069  
  6.840000    0.00146455282672   -0.00316019740126  
  6.850000    0.00145287210860   -0.00313211777875  
  6.860000    0.00144125185780   -0.00310410748065  
  6.870000    0.00142969213642   -0.00307614838332  
  6.880000    0.00141819360290   -0.00304822468016  
  6.890000    0.00140675749047   -0.00302032302595  
  6.900000    0.00139538558006   -0.00299243265576  
  6.910000    0.00138408016822   -0.00296454547734  
  6.920000    0.00137284403007   -0.00293665613593  
  6.930000    0.00136168037795   -0.00290876205085  
  6.940000    0.00135059281579   -0.00288086342354  
  6.950000    0.00133958528997   -0.00285296321681  
  6.960000    0.00132866203686   -0.00282506710572  
  6.970000    0.00131782752777   -0.00279718340040  
  6.980000    0.00130708641159   -0.00276932294163  
  6.990000    0.00129644345590   -0.00274149897035  
  7.000000    0.00128590348688   -0.00271372697222  
  7.010000    0.00127547132881   -0.00268602449901  
  7.020000    0.00126515174355   -0.00265841096857  
  7.030000    0.00125494937070   -0.00263090744528  
  7.040000    0.00124486866889   -0.00260353640350  
  7.050000    0.00123491385893   -0.00257632147617  
  7.060000    0.00122508886919   -0.00254928719121  
  7.070000    0.00121539728382   -0.00252245869856  
  7.080000    0.00120584229431   -0.00249586149035  
  7.090000    0.00119642665482   -0.00246952111740  
  7.100000    0.00118715264172   -0.00244346290464  
  7.110000    0.00117802201779   -0.00241771166863  
  7.120000    0.00116903600128   -0.00239229143989  
  7.130000    0.00116019524032   -0.00236722519296  
  7.140000    0.00115149979281   -0.00234253458700  
  7.150000    0.00114294911197   -0.00231823971955  
  7.160000    0.00113454203786   -0.00229435889596  
  7.170000    0.00112627679473   -0.00227090841696  
  7.180000    0.00111815099440   -0.00224790238651  
  7.190000    0.00111016164565   -0.00222535254192  
  7.200000    0.00110230516944   -0.00220326810803  
  7.210000    0.00109457741986   -0.00218165567696  
  7.220000    0.00108697371073   -0.00216051911473  
  7.230000    0.00107948884744   -0.00213985949573  
  7.240000    0.00107211716386   -0.00211967506571  
  7.250000    0.00106485256396   -0.00209996123379  
  7.260000    0.00105768856767   -0.00208071059358  
  7.270000    0.00105061836065   -0.00206191297321  
  7.280000    0.00104363484753   -0.00204355551390  
  7.290000    0.00103673070798   -0.00202562277624  
  7.300000    0.00102989845516   -0.00200809687315  
  7.310000    0.00102313049615   -0.00199095762823  
  7.320000    0.00101641919343   -0.00197418275800  
  7.330000    0.00100975692724   -0.00195774807603  
  7.340000    0.00100313615793   -0.00194162771714  
  7.350000    0.00099654948783   -0.00192579437927  
  7.360000    0.00098998972202   -0.00191021958063  
  7.370000    0.00098344992749   -0.00189487392959  
  7.380000    0.00097692348997   -0.00187972740446  
  7.390000    0.00097040416802   -0.00186474964055  
  7.400000    0.00096388614384   -0.00184991022126  
  7.410000    0.00095736407023   -0.00183517897065  
  7.420000    0.00095083311327   -0.00182052624416  
  7.430000    0.00094428899039   -0.00180592321468  
  7.440000    0.00093772800333   -0.00179134215109  
  7.450000    0.00093114706567   -0.00177675668626  
  7.460000    0.00092454372480   -0.00176214207191  
  7.470000    0.00091791617787   -0.00174747541756  
  7.480000    0.00091126328171   -0.00173273591126  
  7.490000    0.00090458455658   -0.00171790501963  
  7.500000    0.00089788018362   -0.00170296666529  
  7.510000    0.00089115099609   -0.00168790737963  
  7.520000    0.00088439846436   -0.00167271642952  
  7.530000    0.00087762467488   -0.00165738591639  
  7.540000    0.00087083230317   -0.00164191084671  
  7.550000    0.00086402458123   -0.00162628917309  
  7.560000    0.00085720525944   -0.00161052180540  
  7.570000    0.00085037856350   -0.00159461259179  
  7.580000    0.00084354914668   -0.00157856826967  
  7.590000    0.00083672203776   -0.00156239838715  
  7.600000    0.00082990258530   -0.00154611519544  
  7.610000    0.00082309639858   -0.00152973351347  
  7.620000    0.00081630928583   -0.00151327056583  
  7.630000    0.00080954719039   -0.00149674579567  
  7.640000    0.00080281612517   -0.00148018065431  
  7.650000    0.00079612210631   -0.00146359836977  
  7.660000    0.00078947108642   -0.00144702369627  
  7.670000    0.00078286888819   -0.00143048264738  
  7.680000    0.00077632113887   -0.00141400221539  
  7.690000    0.00076983320635   -0.00139761007959  
  7.700000    0.00076341013740   -0.00138133430665  
  7.710000    0.00075705659864   -0.00136520304579  
  7.720000    0.00075077682087   -0.00134924422202  
  7.730000    0.00074457454729   -0.00133348523053  
  7.740000    0.00073845298602   -0.00131795263518  
  7.750000    0.00073241476757   -0.00130267187439  
  7.760000    0.00072646190756   -0.00128766697726  
  7.770000    0.00072059577509   -0.00127296029286  
  7.780000    0.00071481706710   -0.00125857223556  
  7.790000    0.00070912578906   -0.00124452104903  
  7.800000    0.00070352124214   -0.00123082259123  
  7.810000    0.00069800201697   -0.00121749014291  
  7.820000    0.00069256599428   -0.00120453424144  
  7.830000    0.00068721035230   -0.00119196254181  
  7.840000    0.00068193158087   -0.00117977970648  
  7.850000    0.00067672550240   -0.00116798732510  
  7.860000    0.00067158729923   -0.00115658386521  
  7.870000    0.00066651154746   -0.00114556465449  
  7.880000    0.00066149225676   -0.00113492189497  
  7.890000    0.00065652291602   -0.00112464470913  
  7.900000    0.00065159654430   -0.00111471921760  
  7.910000    0.00064670574679   -0.00110512864796  
  7.920000    0.00064184277517   -0.00109585347354  
  7.930000    0.00063699959198   -0.00108687158105  
  7.940000    0.00063216793830   -0.00107815846563  
  7.950000    0.00062733940431   -0.00106968745128  
  7.960000    0.00062250550190   -0.00106142993481  
  7.970000    0.00061765773884   -0.00105335565092  
  7.980000    0.00061278769385   -0.00104543295580  
  7.990000    0.00060788709173   -0.00103762912671  
  8.000000    0.00060294787804   -0.00102991067441  
  8.010000    0.00059796229254   -0.00102224366560  
  8.020000    0.00059292294076   -0.00101459405204  
  8.030000    0.00058782286305   -0.00100692800328  
  8.040000    0.00058265560035   -0.00099921223958  
  8.050000    0.00057741525621   -0.00099141436167  
  8.060000    0.00057209655439   -0.00098350317428  
  8.070000    0.00056669489146   -0.00097544899993  
  8.080000    0.00056120638391   -0.00096722397991  
  8.090000    0.00055562790935   -0.00095880235939  
  8.100000    0.00054995714125   -0.00095016075378  
  8.110000    0.00054419257703   -0.00094127839344  
  8.120000    0.00053833355901   -0.00093213734426  
  8.130000    0.00053238028811   -0.00092272270182  
  8.140000    0.00052633383003   -0.00091302275696  
  8.150000    0.00052019611381   -0.00090302913087  
  8.160000    0.00051396992283   -0.00089273687838  
  8.170000    0.00050765887797   -0.00088214455790  
  8.180000    0.00050126741342   -0.00087125426741  
  8.190000    0.00049480074492   -0.00086007164563  
  8.200000    0.00048826483085   -0.00084860583824  
  8.210000    0.00048166632641   -0.00083686942928  
  8.220000    0.00047501253125   -0.00082487833796  
  8.230000    0.00046831133083   -0.00081265168181  
  8.240000    0.00046157113219   -0.00080021160717  
  8.250000    0.00045480079443   -0.00078758308836  
  8.260000    0.00044800955459   -0.00077479369741  
  8.270000    0.00044120694953   -0.00076187334618  
  8.280000    0.00043440273434   -0.00074885400325  
  8.290000    0.00042760679817   -0.00073576938812  
  8.300000    0.00042082907793   -0.00072265464544  
  8.310000    0.00041407947084   -0.00070954600225  
  8.320000    0.00040736774636   -0.00069648041152  
  8.330000    0.00040070345843   -0.00068349518507  
  8.340000    0.00039409585869   -0.00067062761953  
  8.350000    0.00038755381134   -0.00065791461868  
  8.360000    0.00038108571067   -0.00064539231589  
  8.370000    0.00037469940160   -0.00063309570006  
  8.380000    0.00036840210429   -0.00062105824889  
  8.390000    0.00036220034321   -0.00060931157270  
  8.400000    0.00035609988148   -0.00059788507255  
  8.410000    0.00035010566097   -0.00058680561562  
  8.420000    0.00034422174867   -0.00057609723136  
  8.430000    0.00033845128988   -0.00056578083100  
  8.440000    0.00033279646845   -0.00055587395333  
  8.450000    0.00032725847443   -0.00054639053906  
  8.460000    0.00032183747933   -0.00053734073572  
  8.470000    0.00031653261883   -0.00052873073484  
  8.480000    0.00031134198289   -0.00052056264230  
  8.490000    0.00030626261289   -0.00051283438253  
  8.500000    0.00030129050495   -0.00050553963623  
  8.510000    0.00029642061861   -0.00049866781040  
  8.520000    0.00029164688925   -0.00049220403877  
  8.530000    0.00028696224247   -0.00048612920894  
  8.540000    0.00028235860780   -0.00048042001162  
  8.550000    0.00027782692867   -0.00047504900535  
  8.560000    0.00027335716469   -0.00046998468840  
  8.570000    0.00026893828196   -0.00046519156758  
  8.580000    0.00026455822609   -0.00046063021191  
  8.590000    0.00026020387272   -0.00045625727735  
  8.600000    0.00025586095018   -0.00045202548820  
  8.610000    0.00025151392967   -0.00044788356056  
  8.620000    0.00024714587981   -0.00044377605566  
  8.630000    0.00024273828537   -0.00043964315489  
  8.640000    0.00023827083371   -0.00043542035611  
  8.650000    0.00023372117863   -0.00043103810235  
  8.660000    0.00022906469841   -0.00042642136975  
  8.670000    0.00022427427414   -0.00042148926243  
  8.680000    0.00021932012473   -0.00041615468653  
  8.690000    0.00021416974563   -0.00041032420344  
  8.700000    0.00020878800907   -0.00040389819077  
  8.710000    0.00020313749118   -0.00039677146529  
  8.720000    0.00019717909616   -0.00038883454060  
  8.730000    0.00019087304523   -0.00037997569790  
  8.740000    0.00018418028804   -0.00037008403538  
  8.750000    0.00017706437367   -0.00035905362387  
  8.760000    0.00016949378646   -0.00034678882975  
  8.770000    0.00016144470847   -0.00033321076831  
  8.780000    0.00015290411675   -0.00031826472288  
  8.790000    0.00014387306328   -0.00030192821374  
  8.800000    0.00013436992274   -0.00028421923721  
  8.810000    0.00012443333640   -0.00026520403642  
  8.820000    0.00011412453588   -0.00024500363144  
  8.830000    0.00010352870904   -0.00022379825246  
  8.840000    0.00009275507795   -0.00020182880779  
  8.850000    0.00008193540393   -0.00017939459904  
  8.860000    0.00007122071864   -0.00015684668062  
  8.870000    0.00006077620269   -0.00013457655013  
  8.880000    0.00005077428771   -0.00011300023842  
  8.890000    0.00004138623201   -0.00009253831411  
  8.900000    0.00003277259833   -0.00007359278695  
  8.910000    0.00002507322436   -0.00005652233552  
  8.920000    0.00001839740258   -0.00004161764088  
  8.930000    0.00001281505573   -0.00002907882577  
  8.940000    0.00000834969397   -0.00001899703529  
  8.950000    0.00000497386063   -0.00001134202385  
  8.960000    0.00000260761678   -0.00000595723302  
  8.970000    0.00000112039089   -0.00000256327995  
  8.980000    0.00000033624781   -0.00000077007505  
  8.990000    0.00000004233759   -0.00000009702152  
  9.000000   -0.00000000000000    0.00000000000000  
