<Coefficient>
	 5 Total number of radial orbitals.
	Type	L	Zeta-Orbital
	  Ar 	0	    1
	   0.23374732344192
	  -0.09546048074742
	  -0.06590428877662
	  -0.04333314764762
	  -0.01472661579985
	  -0.00124149034946
	   0.01579227678666
	   0.01543379537821
	   0.02181496087477
	   0.01278687160432
	   0.01778688507338
	   0.00488229258704
	   0.01244809274597
	  -0.00207448174844
	   0.00952254175612
	  -0.00686226564690
	   0.00944838421745
	  -0.00986827826658
	   0.01131430510736
	  -0.01317997079423
	   0.01601707101491
	  -0.02643274538720
	Type	L	Zeta-Orbital
	  Ar 	0	    2
	   0.60655838651956
	   0.52868786738967
	   0.60283446572619
	   0.39505777661873
	   0.12564027972197
	  -0.10756108995348
	  -0.24032231643175
	  -0.30652407640411
	  -0.29680528467528
	  -0.26865187173727
	  -0.20230621755290
	  -0.15863190201303
	  -0.09324373682527
	  -0.07060657451865
	  -0.02356870270684
	  -0.02724073705663
	   0.00669560780489
	  -0.01547930006742
	   0.01613333227830
	  -0.01830181459991
	   0.02261622156126
	  -0.03751440073636
	Type	L	Zeta-Orbital
	  Ar 	1	    1
	  -0.31421646741349
	  -0.20745920187593
	  -0.19703330004546
	  -0.13066764416980
	  -0.10762414932604
	  -0.05824643946042
	  -0.04444590507254
	  -0.01307810418452
	  -0.01449427935837
	   0.00656172653993
	  -0.00468340715285
	   0.01190263300432
	  -0.00519051266889
	   0.01239645135576
	  -0.00871393311656
	   0.01233851163674
	  -0.01224651854343
	   0.01428012772602
	  -0.01578391884179
	   0.01836629170473
	  -0.02334035630897
	   0.06824251705858
	Type	L	Zeta-Orbital
	  Ar 	1	    2
	   0.69077499758564
	  -0.58730166450008
	  -0.91720954712517
	  -1.06458406875621
	  -0.82970649878545
	  -0.65924906088783
	  -0.38055613192682
	  -0.24958950710491
	  -0.06348834574656
	  -0.03916558037165
	   0.06359610079279
	   0.01497030670976
	   0.08158655424442
	  -0.00392222647377
	   0.06602737926908
	  -0.03375145679816
	   0.05674720522981
	  -0.05688887332997
	   0.06362332125090
	  -0.07571278372465
	   0.09507762086832
	  -0.27801452910182
	Type	L	Zeta-Orbital
	  Ar 	2	    1
	  -0.37806628755626
	  -0.77653616413694
	  -0.91312596753611
	  -0.82445658112841
	  -0.71032389845433
	  -0.60104858910066
	  -0.50656293751926
	  -0.42386177269367
	  -0.35871440124457
	  -0.29059490498143
	  -0.23363386559199
	  -0.17024051626891
	  -0.12458184980851
	  -0.07543546806476
	  -0.04970457175695
	  -0.01849480713314
	  -0.01153304523253
	   0.00651948842918
	  -0.00055661271788
	   0.00839540048682
	  -0.00663128465503
	   0.04554188258376
</Coefficient>
<Mkb>
Left spillage = 2.0081627883e-04
</Mkb>
