<Coefficient>
	 2 Total number of radial orbitals.
	Type	L	Zeta-Orbital
	  Kr 	0	    1
	   0.20773738943944
	   0.56616708898743
	   0.71417561563984
	   0.58653586676442
	   0.32279129303077
	   0.04237788658831
	  -0.17534137442253
	  -0.30989741967477
	  -0.36414846006592
	  -0.35825647265325
	  -0.31368423126204
	  -0.25050856679676
	  -0.18367653574984
	  -0.12258474624557
	  -0.07333026257699
	  -0.03774793910547
	  -0.01487479238101
	  -0.00253629892432
	   0.00248666211384
	   0.00281346353855
	   0.00127756518811
	  -0.00073728508240
	  -0.00186673000284
	  -0.00219607427704
	  -0.00145145169685
	  -0.00047360130032
	   0.00076466382283
	   0.00144173802401
	Type	L	Zeta-Orbital
	  Kr 	1	    1
	   0.23972049976011
	   0.59184919474472
	   0.77312484964917
	   0.75579003772206
	   0.62575311369362
	   0.44828461453639
	   0.27659987656565
	   0.12866420264984
	   0.02159824097541
	  -0.04960545740481
	  -0.08657661977883
	  -0.10118109450241
	  -0.09725130553123
	  -0.08486499111623
	  -0.06584507767132
	  -0.04826573545203
	  -0.03082577159516
	  -0.01865203311746
	  -0.00805458126774
	  -0.00325300866979
	   0.00117013285621
	   0.00097505453914
	   0.00232246986762
	   0.00008110119885
	   0.00100716248560
	  -0.00152992076940
	   0.00042426496655
	  -0.00315919160521
</Coefficient>
<Mkb>
Left spillage = 1.4532333103e-03
</Mkb>
