<Coefficient>
	 2 Total number of radial orbitals.
	Type	L	Zeta-Orbital
	  Al 	0	    1
	   0.24631117666264
	   0.44808635963705
	   0.32854967350794
	   0.09593364804896
	  -0.07709729497387
	  -0.16167596892327
	  -0.17957248548287
	  -0.15917363134070
	  -0.12241184443075
	  -0.08308967574331
	  -0.04869862570643
	  -0.02229312645026
	  -0.00420668659508
	   0.00559283535274
	   0.00973000241202
	   0.00941291658981
	   0.00747399453261
	   0.00434890000090
	   0.00220418797720
	   0.00003635856636
	  -0.00041026849916
	  -0.00103586312657
	  -0.00016494582930
	  -0.00026585944540
	   0.00079504846828
	   0.00028589075903
	   0.00097205601691
	  -0.00012453901125
	   0.00043518867230
	  -0.00088454214209
	   0.00008025616917
	Type	L	Zeta-Orbital
	  Al 	1	    1
	  -0.44453582206685
	  -0.67483484979924
	  -0.59372005957333
	  -0.38149950884865
	  -0.21687517343890
	  -0.09564417285520
	  -0.03369613986016
	  -0.00130217140278
	  -0.00068962367287
	  -0.00807650321140
	  -0.02319699915487
	  -0.03230729840116
	  -0.04310228755265
	  -0.04324282450244
	  -0.04295664824872
	  -0.03375097991662
	  -0.02828068041146
	  -0.01582886976235
	  -0.01147181811815
	  -0.00144225636891
	  -0.00174957913676
	   0.00444755091005
	  -0.00034600333655
	   0.00381493170739
	  -0.00322443123730
	   0.00171185450498
	  -0.00544056985532
	   0.00191740137957
	  -0.00546769088416
	   0.00497215942166
	  -0.00743984750631
</Coefficient>
<Mkb>
Left spillage = 2.0966496031e-02
</Mkb>
