<Coefficient>
	 11 Total number of radial orbitals.
	Type	L	Zeta-Orbital
	  W 	0	    1
	   0.06329287901674
	   0.13713979103871
	   0.18187511848057
	   0.21133416688260
	   0.23425521727524
	   0.21874280876224
	   0.17884493354712
	   0.12651379732069
	   0.07114368193552
	   0.02313174485737
	  -0.01339739018440
	  -0.03799902113880
	  -0.05210768890679
	  -0.05554138914535
	  -0.05136456314874
	  -0.04396405599493
	  -0.03444868959051
	  -0.02512282813261
	  -0.01662811508089
	  -0.01043417903116
	  -0.00556491995758
	  -0.00295984163557
	  -0.00093329933062
	  -0.00050012772903
	   0.00019441337583
	  -0.00021350130223
	   0.00022652756773
	  -0.00031670628820
	   0.00024961971050
	  -0.00037144947060
	   0.00038845784809
	Type	L	Zeta-Orbital
	  W 	0	    2
	  -0.11610461371182
	  -0.12792422232852
	  -0.00710203311594
	   0.09276348613861
	   0.13356680605298
	   0.13469326383759
	   0.11221007005104
	   0.08007789681292
	   0.04906794082966
	   0.02578012141015
	   0.00243597568401
	  -0.01242138543914
	  -0.01997926389786
	  -0.02313522862876
	  -0.02479077052213
	  -0.02208117878006
	  -0.01897301596687
	  -0.01439063133549
	  -0.01106834380174
	  -0.00699403279731
	  -0.00500587598567
	  -0.00225798489287
	  -0.00174990897876
	  -0.00007114004582
	  -0.00059612063276
	   0.00057668129249
	  -0.00047007330570
	   0.00066014009195
	  -0.00065432997337
	   0.00074353002283
	  -0.00088619296251
	Type	L	Zeta-Orbital
	  W 	0	    3
	   0.33676669815195
	   0.01986039432727
	  -0.32486074055700
	  -0.18568190389112
	   0.18397118006515
	   0.34439009788812
	   0.33058489210713
	   0.30366685883727
	   0.20321169777965
	   0.04116380984656
	   0.01504700398458
	  -0.02545020128427
	  -0.09730396916860
	  -0.11500993391446
	  -0.08890078176961
	  -0.09117845509619
	  -0.07946022093036
	  -0.06438585159724
	  -0.04002186470614
	  -0.02914014125059
	  -0.01304996280709
	  -0.01268767131905
	  -0.00101201531168
	  -0.00502825315699
	   0.00333738616330
	  -0.00458435355025
	   0.00425887316043
	  -0.00460197073625
	   0.00561728617117
	  -0.00579732737113
	   0.00690697272705
	Type	L	Zeta-Orbital
	  W 	0	    4
	   0.28720199854652
	  -0.16049452749126
	  -0.29658587691627
	   0.24898564420027
	  -0.33639495210091
	   0.03611352175267
	   0.28493087566105
	   0.42326867053295
	   0.43121850433960
	   0.09316192845202
	  -0.00067356794671
	  -0.10792241660482
	  -0.13902468961975
	  -0.18281108297597
	  -0.18175248399361
	  -0.15965161623934
	  -0.12984846742723
	  -0.10158877733517
	  -0.07572525429130
	  -0.05021567958405
	  -0.03146576505218
	  -0.01528733526556
	  -0.00942209990756
	  -0.00106017550799
	  -0.00280934343935
	   0.00297639957643
	  -0.00250293844104
	   0.00331802976942
	  -0.00361813464154
	   0.00442396803975
	  -0.00540242878230
	Type	L	Zeta-Orbital
	  W 	1	    1
	   0.02064563837927
	   0.08078142643546
	   0.17610634420155
	   0.27711405846502
	   0.34472864613031
	   0.36463633481870
	   0.35231828315104
	   0.31541434346366
	   0.26352081817778
	   0.20619256405561
	   0.15163338070344
	   0.10325097312163
	   0.06476341837472
	   0.03618826263582
	   0.01659890145053
	   0.00427962202966
	  -0.00200029060712
	  -0.00435022743499
	  -0.00421316915742
	  -0.00325060651375
	  -0.00191569044260
	  -0.00100195174195
	  -0.00024710795032
	  -0.00002660226728
	   0.00013860066008
	  -0.00004701007591
	   0.00000214187121
	  -0.00018485241189
	  -0.00004795656035
	  -0.00017165637601
	   0.00011249039472
	Type	L	Zeta-Orbital
	  W 	1	    2
	   0.30556980841958
	   0.46535094998599
	   0.38066198915137
	   0.03793860564259
	  -0.17414744953153
	  -0.24233834445068
	  -0.22610016062385
	  -0.22136448504442
	  -0.19054191963050
	  -0.16276590038934
	  -0.11488550278823
	  -0.07052662249059
	  -0.03296463904114
	  -0.02441279547744
	  -0.00875593984475
	  -0.00053572273197
	   0.01233907812219
	   0.00794066634560
	   0.00919174453009
	  -0.00020968280975
	   0.00426856756787
	  -0.00269948985295
	   0.00316913790561
	  -0.00393463052342
	   0.00354872000120
	  -0.00433712952025
	   0.00419338012824
	  -0.00498056227628
	   0.00548360877119
	  -0.00647132875509
	   0.00992995720693
	Type	L	Zeta-Orbital
	  W 	2	    1
	   0.24468016713910
	  -0.01299457335890
	  -0.11755976130623
	  -0.20006296997717
	  -0.14244656758414
	  -0.11113355357029
	  -0.06872527308463
	  -0.06110056270539
	  -0.05942985105038
	  -0.05567268347085
	  -0.03517240628142
	  -0.03169165773272
	  -0.01423083924324
	  -0.01690662307746
	  -0.00469927674853
	  -0.01071956745866
	   0.00272122558133
	  -0.00664335650305
	   0.00555759476328
	  -0.00621186420891
	   0.00706310267913
	  -0.00693112362264
	   0.00802071887593
	  -0.00814495790392
	   0.00901117251351
	  -0.00965860742075
	   0.01073649221895
	  -0.01193060146469
	   0.01381583250742
	  -0.01728692294940
	   0.04821153645361
	Type	L	Zeta-Orbital
	  W 	2	    2
	   0.58810026835723
	   0.28600687736757
	   0.23693124861388
	   0.16075524383944
	   0.30187378670399
	   0.34545591125488
	   0.38749881019354
	   0.34225311055730
	   0.28135352767822
	   0.21834893506266
	   0.19211342856938
	   0.13563301609352
	   0.11743891337558
	   0.06795152038865
	   0.05863237659317
	   0.01991002050114
	   0.02782924944356
	  -0.00369293955969
	   0.01375657499797
	  -0.01372878414802
	   0.01158160554686
	  -0.01658862321536
	   0.01407685206400
	  -0.01753553919800
	   0.01753975039804
	  -0.01939899137926
	   0.02164398628575
	  -0.02369178648853
	   0.02762985603572
	  -0.03473015543153
	   0.09606245388323
	Type	L	Zeta-Orbital
	  W 	3	    1
	   0.00419592146954
	   0.01620431023857
	   0.06790143316148
	   0.13050773221821
	   0.20582966998542
	   0.29714169442406
	   0.40482539916079
	   0.50164933133997
	   0.57867032541077
	   0.60777192474956
	   0.58851035345765
	   0.52279015545693
	   0.43244708067750
	   0.32630150897006
	   0.22756435898503
	   0.14132760070127
	   0.07968099884235
	   0.03719651159955
	   0.01578390409449
	   0.00356290282761
	   0.00157174330925
	  -0.00090474472072
	   0.00095635158805
	  -0.00090377940949
	   0.00101879178885
	  -0.00118420065724
	   0.00106149905039
	  -0.00126805936634
	   0.00135493392559
	  -0.00098316089190
	   0.01099070598674
	Type	L	Zeta-Orbital
	  W 	3	    2
	  -0.07224579861806
	  -0.11029428306553
	  -0.73969579845280
	  -0.93835883347114
	  -0.68252730932216
	  -0.25331607536732
	  -0.01674752929532
	   0.22559089994958
	   0.18705562936039
	   0.27438815253887
	   0.35692334738194
	   0.51725676722245
	   0.50375112568870
	   0.49288700249938
	   0.35779495784802
	   0.30578414182342
	   0.18289548578234
	   0.15604753610687
	   0.05216979458854
	   0.05418525207904
	  -0.01629668400097
	   0.02235201863494
	  -0.02873247001069
	   0.02451319507618
	  -0.02866123456153
	   0.03013185903934
	  -0.03062433672494
	   0.03448877237962
	  -0.03600493483864
	   0.02794040720205
	  -0.29880297069427
	Type	L	Zeta-Orbital
	  W 	4	    1
	   0.17115803829337
	   0.24141211882349
	   0.47489907569826
	   0.68621736399649
	   0.93988150632307
	   0.98595943912562
	   0.73264804007317
	   0.43219540458430
	   0.25405062711995
	   0.28594281442923
	   0.33413008630903
	   0.19702065005230
	   0.00343840946696
	  -0.05783329450954
	   0.00154352985373
	   0.08552148464560
	   0.09913636625309
	   0.04684347196365
	   0.01202303396343
	   0.00269428351371
	   0.00124138414312
	  -0.00208936184353
	  -0.00046801085631
	  -0.00228389161846
	   0.00388878345801
	  -0.00024021986270
	   0.00379356141534
	  -0.00278280376320
	   0.00521661253776
	  -0.03982575794226
	  -0.07874201126352
</Coefficient>
<Mkb>
Left spillage = 7.7771678843e-04
</Mkb>
