  0.000000    0.34380983210390   -0.27407824021538    0.00000000000000    0.00000000000000  
  0.010000    0.34427127755170   -0.27449428152828    0.02498532522680   -0.00038074025303  
  0.020000    0.34565436410296   -0.27574143346887    0.04996702161224   -0.00152214205505  
  0.030000    0.34795534637058   -0.27781678286750    0.07494142104249   -0.00342175101883  
  0.040000    0.35116799532478   -0.28071548384760    0.09990477709340   -0.00607548476914  
  0.050000    0.35528361816221   -0.28443077190001    0.12485322646068   -0.00947764531369  
  0.060000    0.36029108601499   -0.28895398351779    0.14978275108893   -0.01362093629399  
  0.070000    0.36617686939239   -0.29427458132240    0.17468914122679   -0.01849648504821  
  0.080000    0.37292508121840   -0.30038018459295    0.19956795963041   -0.02409386939897  
  0.090000    0.38051752729888   -0.30725660509138    0.22441450713141   -0.03040114906091  
  0.100000    0.38893376402387   -0.31488788805801    0.24922378977827   -0.03740490154451  
  0.110000    0.39815116308295   -0.32325635823379    0.27399048775175   -0.04509026241567  
  0.120000    0.40814498294501   -0.33234267074845    0.29870892624542   -0.05344096975356  
  0.130000    0.41888844682835   -0.34212586669687    0.32337304849216   -0.06243941263350  
  0.140000    0.43035282686301   -0.35258343321000    0.34797639110588   -0.07206668344633  
  0.150000    0.44250753412395   -0.36369136781143    0.37251206189570   -0.08230263385175  
  0.160000    0.45532021419275   -0.37542424683656    0.39697272029655   -0.09312593414955  
  0.170000    0.46875684788529   -0.38775529767729    0.42135056054643   -0.10451413584065  
  0.180000    0.48278185676463   -0.40065647460330    0.44563729772597   -0.11644373713840  
  0.190000    0.49735821304172   -0.41409853789876    0.46982415676094   -0.12889025118092  
  0.200000    0.51244755345176   -0.42805113604333    0.49390186447257   -0.14182827668588  
  0.210000    0.52801029668076   -0.44248289065655    0.51786064474468   -0.15523157078176  
  0.220000    0.54400576390601   -0.45736148391648    0.54169021686002   -0.16907312374299  
  0.230000    0.56039230200451   -0.47265374815634    0.56537979704171   -0.18332523535105  
  0.240000    0.57712740897638   -0.48832575733668    0.58891810321871   -0.19795959259989  
  0.250000    0.59416786112445   -0.50434292008609    0.61229336301752   -0.21294734846091  
  0.260000    0.61146984152842   -0.52067007399931    0.63549332496523   -0.22825920142162  
  0.270000    0.62898906934968   -0.53727158087986    0.65850527287236   -0.24386547551191  
  0.280000    0.64668092950429   -0.55411142261225    0.68131604334733   -0.25973620053260  
  0.290000    0.66450060224316   -0.57115329734957    0.70391204637806   -0.27584119220378  
  0.300000    0.68240319218354   -0.58836071570296    0.72627928890016   -0.29215013195347  
  0.310000    0.70034385634177   -0.60569709662196    0.74840340125599   -0.30863264607231  
  0.320000    0.71827793072545   -0.62312586265835    0.77026966643340   -0.32525838396550  
  0.330000    0.73616105505297   -0.64061053431066    0.79186305195906   -0.34199709524041  
  0.340000    0.75394929518012   -0.65811482315244    0.81316824430736   -0.35881870537626  
  0.350000    0.77159926282658   -0.67560272345419    0.83416968567303   -0.37569338973143  
  0.360000    0.78906823220996   -0.69303860201691    0.85485161294342   -0.39259164565370  
  0.370000    0.80631425321154   -0.71038728594416    0.87519809869533   -0.40948436247006  
  0.380000    0.82329626071537   -0.72761414808934    0.89519309403079   -0.42634288914403  
  0.390000    0.83997417978173   -0.74468518992604    0.91482047305698   -0.44313909940136  
  0.400000    0.85630902633611   -0.76156712160082    0.93406407880732   -0.45984545413775  
  0.410000    0.87226300307612   -0.77822743894032    0.95290777039321   -0.47643506093649  
  0.420000    0.88779959032156   -0.79463449719817    0.97133547117017   -0.49288173053787  
  0.430000    0.90288363155567   -0.81075758134085    0.98933121769701   -0.50916003011735  
  0.440000    0.91748141342999   -0.82656697268642    1.00687920926264   -0.52524533324451  
  0.450000    0.93156074002989   -0.84203401172545    1.02396385775288   -0.54111386641035  
  0.460000    0.94509100122294   -0.85713115696863    1.04056983762763   -0.55674275202635  
  0.470000    0.95804323493822   -0.87183203968239    1.05668213577902   -0.57211004781432  
  0.480000    0.97039018325021   -0.88611151438969    1.07228610104133   -0.58719478252246  
  0.490000    0.98210634216749   -0.89994570503024    1.08736749312622   -0.60197698791847  
  0.500000    0.99316800505216   -0.91331204669140    1.10191253075924   -0.61643772702678  
  0.510000    1.00355329962230   -0.92618932283794    1.11590793879839   -0.63055911859258  
  0.520000    1.01324221851552   -0.93855769798625    1.12934099412053   -0.64432435777054  
  0.530000    1.02221664341714   -0.95039874578544    1.14219957006795   -0.65771773305153  
  0.540000    1.03046036278199   -0.96169547248539    1.15447217925479   -0.67072463945531  
  0.550000    1.03795908320286   -0.97243233578808    1.16614801454138   -0.68333158803137  
  0.560000    1.04470043450334   -0.98259525909602    1.17721698799376   -0.69552621172403  
  0.570000    1.05067396865531   -0.99217164118732    1.18766976765598   -0.70729726767112  
  0.580000    1.05587115264421   -1.00115036136364    1.19749781197339   -0.71863463601826  
  0.590000    1.06028535542652   -1.00952178013263    1.20669340171712   -0.72952931534256  
  0.600000    1.06391182914438   -1.01727773550175    1.21524966927209   -0.73997341479113  
  0.610000    1.06674768478154   -1.02441153497514    1.22316062516384   -0.74996014304996  
  0.620000    1.06879186246344   -1.03091794335909    1.23042118171303   -0.75948379426893  
  0.630000    1.07004509662065   -1.03679316649560    1.23702717372014   -0.76853973107713  
  0.640000    1.07050987625133   -1.04203483105565    1.24297537609754   -0.77712436483136  
  0.650000    1.07019040053208   -1.04664196053648    1.24826351838024   -0.78523513324740  
  0.660000    1.06909253004033   -1.05061494761801    1.25289029606177   -0.79287047557052  
  0.670000    1.06722373386236   -1.05395552304445    1.25685537871639   -0.80002980544682  
  0.680000    1.06459303287190   -1.05666672120624    1.26015941488390   -0.80671348166204  
  0.690000    1.06121093947257   -1.05875284260687    1.26280403370818   -0.81292277691775  
  0.700000    1.05708939410508   -1.06021941340654    1.26479184333557   -0.81865984481837  
  0.710000    1.05224169882576   -1.06107314224187    1.26612642609396   -0.82392768524378  
  0.720000    1.04668244826740   -1.06132187452676    1.26681233048753   -0.82873010828409  
  0.730000    1.04042745829657   -1.06097454444488    1.26685506005686   -0.83307169691308  
  0.740000    1.03349369268279   -1.06004112484811    1.26626105916713   -0.83695776857650  
  0.750000    1.02589918809527   -1.05853257527879    1.26503769580102   -0.84039433587025  
  0.760000    1.01766297774150   -1.05646078833586    1.26319324144537   -0.84338806648122  
  0.770000    1.00880501395960   -1.05383853460617    1.26073684817277   -0.84594624256108  
  0.780000    0.99934609007210   -1.05067940638302    1.25767852303114   -0.84807671969987  
  0.790000    0.98930776180403   -1.04699776039309    1.25402909986484   -0.84978788566186  
  0.800000    0.97871226856156   -1.04280865975211    1.24980020870107   -0.85108861904207  
  0.810000    0.96758245486012   -1.03812781536677    1.24500424284496   -0.85198824799586  
  0.820000    0.95594169218220   -1.03297152699792    1.23965432383469   -0.85249650918902  
  0.830000    0.94381380153569   -1.02735662419574    1.23376426441616   -0.85262350710882  
  0.840000    0.93122297697286   -1.02130040731322    1.22734852970325   -0.85237967387046  
  0.850000    0.91819371031887   -1.01482058879876    1.22042219669576   -0.85177572964574  
  0.860000    0.90475071734640   -1.00793523496261    1.21300091233178   -0.85082264383390  
  0.870000    0.89091886562028   -1.00066270840514    1.20510085025573   -0.84953159708653  
  0.880000    0.87672310422231   -0.99302161128748    1.19673866648592   -0.84791394429081  
  0.890000    0.86218839555254   -0.98503072961718    1.18793145416800   -0.84598117860707  
  0.900000    0.84733964938866   -0.97670897871299    1.17869669760174   -0.84374489664867  
  0.910000    0.83220165937027   -0.96807535000399    1.16905222572865   -0.84121676488353  
  0.920000    0.81679904205960   -0.95914885930871    1.15901616526786   -0.83840848732879  
  0.930000    0.80115617871478   -0.94994849673040    1.14860689368544   -0.83533177460112  
  0.940000    0.78529715989627   -0.94049317829425    1.13784299218051   -0.83199831437745  
  0.950000    0.76924573301116   -0.93080169944207    1.12674319886798   -0.82841974331221  
  0.960000    0.75302525288484   -0.92089269048956    1.11532636233355   -0.82460762044929  
  0.970000    0.73665863543361   -0.91078457414015    1.10361139573212   -0.82057340215897  
  0.980000    0.72016831449665   -0.90049552513897    1.09161723159464   -0.81632841862209  
  0.990000    0.70357620187055   -0.89004343213921    1.07936277750272   -0.81188385187642  
  1.000000    0.68690365057481   -0.87944586184248    1.06686687278279   -0.80725071543286  
  1.010000    0.67017142136219   -0.86872002546369    1.05414824636435   -0.80243983546183  
  1.020000    0.65339965247382   -0.85788274756029    1.04122547593877   -0.79746183354392  
  1.030000    0.63660783262521   -0.84695043725498    1.02811694854619   -0.79232711097203  
  1.040000    0.61981477719659   -0.83593906187058    1.01484082270936   -0.78704583458669  
  1.050000    0.60303860758820   -0.82486412298532    1.00141499222338   -0.78162792411999  
  1.060000    0.58629673368953   -0.81374063490714    0.98785705170098   -0.77608304101883  
  1.070000    0.56960583940014   -0.80258310555547    0.97418426396243   -0.77042057871284  
  1.080000    0.55298187112947   -0.79140551973005    0.96041352934927   -0.76464965428805  
  1.090000    0.53644002919291   -0.78022132473710    0.94656135703036   -0.75877910152312  
  1.100000    0.51999476201265   -0.76904341833467    0.93264383835828   -0.75281746524132  
  1.110000    0.50365976302348   -0.75788413895087    0.91867662232355   -0.74677299692813  
  1.120000    0.48744797017611   -0.74675525812122    0.90467489314361   -0.74065365156123  
  1.130000    0.47137156792411   -0.73566797508369    0.89065335001279   -0.73446708559746  
  1.140000    0.45544199157440   -0.72463291346407    0.87662618902940   -0.72822065605892  
  1.150000    0.43966993387631   -0.71366011997738    0.86260708730572   -0.72192142065872  
  1.160000    0.42406535371987   -0.70275906506619    0.84860918925674   -0.71557613890559  
  1.170000    0.40863748681036   -0.69193864539094    0.83464509505372   -0.70919127412557  
  1.180000    0.39339485818347   -0.68120718808358    0.82072685121953   -0.70277299633808  
  1.190000    0.37834529642352   -0.67057245667126    0.80686594333339   -0.69632718592384  
  1.200000    0.36349594944578   -0.66004165857387    0.79307329080426   -0.68985943802161  
  1.210000    0.34885330170331   -0.64962145407629    0.77935924366390   -0.68337506759138  
  1.220000    0.33442319267935   -0.63931796667382    0.76573358132294   -0.67687911508202  
  1.230000    0.32021083652646   -0.62913679468789    0.75220551322608   -0.67037635264254  
  1.240000    0.30622084271567   -0.61908302404751    0.73878368133587   -0.66387129081677  
  1.250000    0.29245723756054   -0.60916124213180    0.72547616436860   -0.65736818566315  
  1.260000    0.27892348648391   -0.59937555256848    0.71229048369993   -0.65087104624251  
  1.270000    0.26562251689814   -0.58972959088369    0.69923361085335   -0.64438364241858  
  1.280000    0.25255674157341   -0.58022654089937    0.68631197647976   -0.63790951291787  
  1.290000    0.23972808237257   -0.57086915177577    0.67353148073323   -0.63145197359786  
  1.300000    0.22713799423577   -0.56165975559836    0.66089750494429   -0.62501412587412  
  1.310000    0.21478748930289   -0.55260028541069    0.64841492448997   -0.61859886526000  
  1.320000    0.20267716106689   -0.54369229359714    0.63608812275767   -0.61220888997434  
  1.330000    0.19080720845690   -0.53493697052252    0.62392100609865   -0.60584670957549  
  1.340000    0.17917745975552   -0.52633516333876    0.61191701966619   -0.59951465358241  
  1.350000    0.16778739626073   -0.51788739487240    0.60007916403321   -0.59321488004621  
  1.360000    0.15663617560896   -0.50959388251045    0.58841001248467   -0.58694938403802  
  1.370000    0.14572265468211   -0.50145455700619    0.57691172888067   -0.58072000602198  
  1.380000    0.13504541202762   -0.49346908113089    0.56558608598807   -0.57452844008444  
  1.390000    0.12460276972698   -0.48563686810180    0.55443448417984   -0.56837624199333  
  1.400000    0.11439281465461   -0.47795709972134    0.54345797040420   -0.56226483706422  
  1.410000    0.10441341907511   -0.47042874416723    0.53265725732805   -0.55619552781192  
  1.420000    0.09466226053356   -0.46305057337816    0.52203274256275   -0.55016950136927  
  1.430000    0.08513684099919   -0.45582117998423    0.51158452788358   -0.54418783665705  
  1.440000    0.07583450522933   -0.44873899373676    0.50131243835855   -0.53825151129124  
  1.450000    0.06675245832621   -0.44180229739644    0.49121604130604   -0.53236140821626  
  1.460000    0.05788778246472   -0.43500924204430    0.48129466500567   -0.52651832205497  
  1.470000    0.04923745277531   -0.42835786178420    0.47154741709134   -0.52072296516837  
  1.480000    0.04079835237085   -0.42184608781084    0.46197320256038   -0.51497597341976  
  1.490000    0.03256728651195   -0.41547176182177    0.45257074133795   -0.50927791164038  
  1.500000    0.02454099590963   -0.40923264875627    0.44333858534110   -0.50362927879487  
  1.510000    0.01671616916885   -0.40312644884877    0.43427513499200   -0.49803051284712  
  1.520000    0.00908945438090   -0.39715080898845    0.42537865513580   -0.49248199532814  
  1.530000    0.00165746987626   -0.39130333338081    0.41664729032337   -0.48698405560952  
  1.540000   -0.00558318584656   -0.38558159351110    0.40807907942511   -0.48153697488700  
  1.550000   -0.01263592499752   -0.37998313741281    0.39967196954718   -0.47614098988028  
  1.560000   -0.01950416215491   -0.37450549824843    0.39142382922680   -0.47079629625605  
  1.570000   -0.02619130668429   -0.36914620221233    0.38333246088858   -0.46550305178235  
  1.580000   -0.03270075588930   -0.36390277576918    0.37539561254891   -0.46026137922340  
  1.590000   -0.03903588886558   -0.35877275224382    0.36761098876027   -0.45507136898468  
  1.600000   -0.04520006102668   -0.35375367778093    0.35997626079215   -0.44993308151878  
  1.610000   -0.05119659926985   -0.34884311669548    0.35248907604981   -0.44484654950326  
  1.620000   -0.05702879774805   -0.34403865623663    0.34514706673652   -0.43981177980209  
  1.630000   -0.06269991421376   -0.33933791078960    0.33794785776867   -0.43482875522287  
  1.640000   -0.06821316689934   -0.33473852554173    0.33088907395743   -0.42989743608204  
  1.650000   -0.07357173189863   -0.33023817963991    0.32396834647384   -0.42501776159089  
  1.660000   -0.07877874101390   -0.32583458886798    0.31718331861763   -0.42018965107504  
  1.670000   -0.08383728003268   -0.32152550787302    0.31053165091304   -0.41541300504021  
  1.680000   -0.08875038739916   -0.31730873197045    0.30401102555750   -0.41068770609714  
  1.690000   -0.09352105324537   -0.31318209855796    0.29761915025164   -0.40601361975847  
  1.700000   -0.09815221874800   -0.30914348816841    0.29135376144084   -0.40139059512007  
  1.710000   -0.10264677577774   -0.30519082519186    0.28521262700063   -0.39681846543920  
  1.720000   -0.10700756680887   -0.30132207829658    0.27919354839944   -0.39229704862182  
  1.730000   -0.11123738505813   -0.29753526057839    0.27329436237357   -0.38782614763052  
  1.740000   -0.11533897482295   -0.29382842946710    0.26751294215003   -0.38340555082479  
  1.750000   -0.11931503199100   -0.29019968641816    0.26184719825340   -0.37903503224450  
  1.760000   -0.12316820469385   -0.28664717641642    0.25629507893337   -0.37471435184701  
  1.770000   -0.12690109407968   -0.28316908731823    0.25085457024944   -0.37044325570824  
  1.780000   -0.13051625518119   -0.27976364905668    0.24552369584916   -0.36622147619692  
  1.790000   -0.13401619785679   -0.27642913273370    0.24030051647577   -0.36204873213110  
  1.800000   -0.13740338778471   -0.27316384962120    0.23518312924051   -0.35792472892526  
  1.810000   -0.14068024749129   -0.26996615009245    0.23016966669373   -0.35384915873581  
  1.820000   -0.14384915739680   -0.26683442250278    0.22525829572812   -0.34982170061192  
  1.830000   -0.14691245686324   -0.26376709203799    0.22044721634594   -0.34584202065847  
  1.840000   -0.14987244523093   -0.26076261954651    0.21573466032052   -0.34190977221659  
  1.850000   -0.15273138283174   -0.25781950037054    0.21111888978122   -0.33802459606732  
  1.860000   -0.15549149196890   -0.25493626318931    0.20659819574866   -0.33418612066262  
  1.870000   -0.15815495785454   -0.25211146888635    0.20217089664582   -0.33039396238775  
  1.880000   -0.16072392949781   -0.24934370945113    0.19783533680821   -0.32664772585821  
  1.890000   -0.16320052053781   -0.24663160692380    0.19358988501479   -0.32294700425376  
  1.900000   -0.16558681001686   -0.24397381239046    0.18943293305886   -0.31929137969144  
  1.910000   -0.16788484309104   -0.24136900503495    0.18536289437639   -0.31568042363899  
  1.920000   -0.17009663167602   -0.23881589125177    0.18137820274712   -0.31211369736924  
  1.930000   -0.17222415502727   -0.23631320382354    0.17747731108147   -0.30859075245568  
  1.940000   -0.17426936025507   -0.23385970116519    0.17365869030469   -0.30511113130878  
  1.950000   -0.17623416277518   -0.23145416663586    0.16992082834711   -0.30167436775193  
  1.960000   -0.17812044669735   -0.22909540791861    0.16626222924789   -0.29827998763577  
  1.970000   -0.17993006515417   -0.22678225646696    0.16268141237738   -0.29492750948869  
  1.980000   -0.18166484057393   -0.22451356701642    0.15917691178157   -0.29161644520117  
  1.990000   -0.18332656490105   -0.22228821715843    0.15574727565023   -0.28834630074128  
  2.000000   -0.18491699976882   -0.22010510697355    0.15239106590878   -0.28511657689786  
  2.010000   -0.18643787662899   -0.21796315871974    0.14910685793237   -0.28192677004807  
  2.020000   -0.18789089684354   -0.21586131657174    0.14589324037907   -0.27877637294538  
  2.030000   -0.18927773174366   -0.21379854640640    0.14274881513782   -0.27566487552383  
  2.040000   -0.19060002266173   -0.21177383562911    0.13967219738577   -0.27259176571440  
  2.050000   -0.19185938094151   -0.20978619303584    0.13666201574819   -0.26955653026884  
  2.060000   -0.19305738793238   -0.20783464870529    0.13371691255352   -0.26655865558638  
  2.070000   -0.19419559497283   -0.20591825391564    0.13083554417515   -0.26359762853864  
  2.080000   -0.19527552336879   -0.20403608108024    0.12801658145082   -0.26067293728789  
  2.090000   -0.19629866437176   -0.20218722369677    0.12525871017020   -0.25778407209396  
  2.100000   -0.19726647916195   -0.20037079630439    0.12256063162038   -0.25493052610496  
  2.110000   -0.19818039884084   -0.19858593444389    0.11992106317920   -0.25211179612723  
  2.120000   -0.19904182443782   -0.19683179461562    0.11733873894588   -0.24932738336998  
  2.130000   -0.19985212693478   -0.19510755423078    0.11481241039828   -0.24657679416009  
  2.140000   -0.20061264731242   -0.19341241155167    0.11234084706662   -0.24385954062301  
  2.150000   -0.20132469662157   -0.19174558561696    0.10992283721320   -0.24117514132579  
  2.160000   -0.20198955608241   -0.19010631614842    0.10755718850812   -0.23852312187838  
  2.170000   -0.20260847721416   -0.18849386343612    0.10524272869161   -0.23590301548995  
  2.180000   -0.20318268199720   -0.18690750819932    0.10297830621356   -0.23331436347706  
  2.190000   -0.20371336306931   -0.18534655142094    0.10076279084182   -0.23075671572090  
  2.200000   -0.20420168395737   -0.18381031415381    0.09859507423124   -0.22822963107128  
  2.210000   -0.20464877934507   -0.18229813729757    0.09647407044608   -0.22573267769539  
  2.220000   -0.20505575537736   -0.18080938134518    0.09439871642929   -0.22326543336967  
  2.230000   -0.20542369000137   -0.17934342609905    0.09236797241269   -0.22082748571373  
  2.240000   -0.20575363334359   -0.17789967035647    0.09038082226319   -0.21841843236549  
  2.250000   -0.20604660812252   -0.17647753156525    0.08843627376068   -0.21603788109738  
  2.260000   -0.20630361009574   -0.17507644545014    0.08653335880427   -0.21368544987356  
  2.270000   -0.20652560854002   -0.17369586561164    0.08467113354445   -0.21136076684898  
  2.280000   -0.20671354676273   -0.17233526309854    0.08284867843925   -0.20906347031104  
  2.290000   -0.20686834264274   -0.17099412595634    0.08106509823383   -0.20679320856556  
  2.300000   -0.20699088919850   -0.16967195875368    0.07931952186319   -0.20454963976871  
  2.310000   -0.20708205518094   -0.16836828208930    0.07761110227889   -0.20233243170725  
  2.320000   -0.20714268568870   -0.16708263208212    0.07593901620126   -0.20014126152971  
  2.330000   -0.20717360280290   -0.16581455984743    0.07430246379924   -0.19797581543156  
  2.340000   -0.20717560623860   -0.16456363096201    0.07270066830077   -0.19583578829755  
  2.350000   -0.20714947401007   -0.16332942492135    0.07113287553728   -0.19372088330507  
  2.360000   -0.20709596310690   -0.16211153459209    0.06959835342627   -0.19163081149230  
  2.370000   -0.20701581017780   -0.16090956566277    0.06809639139651   -0.18956529129527  
  2.380000   -0.20690973221918   -0.15972313609603    0.06662629976113   -0.18752404805845  
  2.390000   -0.20677842726548   -0.15855187558538    0.06518740904366   -0.18550681352308  
  2.400000   -0.20662257507817   -0.15739542501947    0.06377906926310   -0.18351332529820  
  2.410000   -0.20644283783069   -0.15625343595673    0.06240064918373   -0.18154332631898  
  2.420000   -0.20623986078638   -0.15512557011314    0.06105153553600   -0.17959656429728  
  2.430000   -0.20601427296669   -0.15401149886561    0.05973113221484   -0.17767279116923  
  2.440000   -0.20576668780723   -0.15291090277341    0.05843885946152   -0.17577176254469  
  2.450000   -0.20549770379910   -0.15182347111968    0.05717415303569   -0.17389323716336  
  2.460000   -0.20520790511326   -0.15074890147503    0.05593646338374   -0.17203697636212  
  2.470000   -0.20489786220585   -0.14968689928479    0.05472525480963   -0.17020274355822  
  2.480000   -0.20456813240263   -0.14863717748136    0.05354000465420   -0.16839030375257  
  2.490000   -0.20421926046061   -0.14759945612274    0.05238020248880   -0.16659942305725  
  2.500000   -0.20385177910565   -0.14657346205812    0.05124534932845   -0.16482986825114  
  2.510000   -0.20346620954439   -0.14555892862108    0.05013495686995   -0.16308140636724  
  2.520000   -0.20306306194975   -0.14455559535074    0.04904854675941   -0.16135380431486  
  2.530000   -0.20264283591884   -0.14356320774076    0.04798564989387   -0.15964682853974  
  2.540000   -0.20220602090272   -0.14258151701615    0.04694580576053   -0.15796024472451  
  2.550000   -0.20175309660761   -0.14161027993718    0.04592856181747   -0.15629381753181  
  2.560000   -0.20128453336714   -0.14064925862982    0.04493347291845   -0.15464731039174  
  2.570000   -0.20080079248577   -0.13969822044158    0.04396010078453   -0.15302048533493  
  2.580000   -0.20030232655334   -0.13875693782178    0.04300801352431   -0.15141310287244  
  2.590000   -0.19978957973128   -0.13782518822460    0.04207678520433   -0.14982492192256  
  2.600000   -0.19926298801082   -0.13690275403359    0.04116599547053   -0.14825569978501  
  2.610000   -0.19872297944403   -0.13598942250578    0.04027522922120   -0.14670519216176  
  2.620000   -0.19816997434845   -0.13508498573362    0.03940407633137   -0.14517315322404  
  2.630000   -0.19760438548635   -0.13418924062278    0.03855213142806   -0.14365933572404  
  2.640000   -0.19702661821983   -0.13330198888368    0.03771899371543   -0.14216349114975  
  2.650000   -0.19643707064281   -0.13242303703482    0.03690426684828   -0.14068536992106  
  2.660000   -0.19583613369159   -0.13155219641560    0.03610755885215   -0.13922472162447  
  2.670000   -0.19522419123523   -0.13068928320656    0.03532848208766   -0.13778129528395  
  2.680000   -0.19460162014730   -0.12983411845488    0.03456665325653   -0.13635483966472  
  2.690000   -0.19396879036089   -0.12898652810295    0.03382169344628   -0.13494510360660  
  2.700000   -0.19332606490821   -0.12814634301807    0.03309322821055   -0.13355183638347  
  2.710000   -0.19267379994681   -0.12731339902118    0.03238088768144   -0.13217478808484  
  2.720000   -0.19201234477396   -0.12648753691274    0.03168430671022   -0.13081371001565  
  2.730000   -0.19134204183109   -0.12566860249406    0.03100312503270   -0.12946835511002  
  2.740000   -0.19066322670006   -0.12485644658222    0.03033698745526   -0.12813847835474  
  2.750000   -0.18997622809288   -0.12405092501735    0.02968554405746   -0.12682383721808  
  2.760000   -0.18928136783681   -0.12325189866062    0.02904845040732   -0.12552419207965  
  2.770000   -0.18857896085635   -0.12245923338193    0.02842536778513   -0.12423930665678  
  2.780000   -0.18786931515392   -0.12167280003619    0.02781596341175   -0.12296894842319  
  2.790000   -0.18715273179065   -0.12089247442745    0.02721991067766   -0.12171288901574  
  2.800000   -0.18642950486905   -0.12011813726002    0.02663688936869   -0.12047090462501  
  2.810000   -0.18569992151862   -0.11934967407642    0.02606658588507   -0.11924277636594  
  2.820000   -0.18496426188616   -0.11858697518160    0.02550869345010   -0.11802829062469  
  2.830000   -0.18422279913172   -0.11782993555353    0.02496291230535   -0.11682723937824  
  2.840000   -0.18347579943150   -0.11707845474016    0.02442894988928   -0.11563942048350  
  2.850000   -0.18272352198868   -0.11633243674312    0.02390652099663   -0.11446463793301  
  2.860000   -0.18196621905317   -0.11559178988850    0.02339534791602   -0.11330270207464  
  2.870000   -0.18120413595097   -0.11485642668547    0.02289516054370   -0.11215342979296  
  2.880000   -0.18043751112397   -0.11412626367333    0.02240569647159   -0.11101664465054  
  2.890000   -0.17966657618073   -0.11340122125809    0.02192670104801   -0.10989217698748  
  2.900000   -0.17889155595850   -0.11268122353951    0.02145792741007   -0.10877986397825  
  2.910000   -0.17811266859714   -0.11196619812977    0.02099913648677   -0.10767954964510  
  2.920000   -0.17733012562481   -0.11125607596502    0.02055009697235   -0.10659108482765  
  2.930000   -0.17654413205564   -0.11055079111117    0.02011058526972   -0.10551432710896  
  2.940000   -0.17575488649941   -0.10985028056535    0.01968038540413   -0.10444914069857  
  2.950000   -0.17496258128289   -0.10915448405441    0.01925928890752   -0.10339539627341  
  2.960000   -0.17416740258269   -0.10846334383196    0.01884709467443   -0.10235297077799  
  2.970000   -0.17336953056921   -0.10777680447560    0.01844360879048   -0.10132174718566  
  2.980000   -0.17256913956114   -0.10709481268558    0.01804864433472   -0.10030161422288  
  2.990000   -0.17176639819000   -0.10641731708655    0.01766202115760   -0.09929246605918  
  3.000000   -0.17096146957392   -0.10574426803389    0.01728356563629   -0.09829420196530  
  3.010000   -0.17015451150006   -0.10507561742576    0.01691311040941   -0.09730672594285  
  3.020000   -0.16934567661460   -0.10441131852250    0.01655049409346   -0.09632994632860  
  3.030000   -0.16853511261961   -0.10375132577438    0.01619556098323   -0.09536377537704  
  3.040000   -0.16772296247562   -0.10309559465905    0.01584816073888   -0.09440812882503  
  3.050000   -0.16690936460906   -0.10244408152960    0.01550814806209   -0.09346292544228  
  3.060000   -0.16609445312331   -0.10179674347419    0.01517538236424   -0.09252808657188  
  3.070000   -0.16527835801238   -0.10115353818819    0.01484972742903   -0.09160353566484  
  3.080000   -0.16446120537598   -0.10051442385930    0.01453105107269   -0.09068919781297  
  3.090000   -0.16364311763504   -0.09987935906641    0.01421922480413   -0.08978499928410  
  3.100000   -0.16282421374619   -0.09924830269241    0.01391412348801   -0.08889086706388  
  3.110000   -0.16200460941444   -0.09862121385139    0.01361562501330   -0.08800672840827  
  3.120000   -0.16118441730255   -0.09799805183023    0.01332360996980   -0.08713251041045  
  3.130000   -0.16036374723633   -0.09737877604453    0.01303796133512   -0.08626813958626  
  3.140000   -0.15954270640445   -0.09676334600888    0.01275856417446   -0.08541354148152  
  3.150000   -0.15872139955202   -0.09615172132090    0.01248530535526   -0.08456864030474  
  3.160000   -0.15789992916666   -0.09554386165884    0.01221807327868   -0.08373335858842  
  3.170000   -0.15707839565640   -0.09493972679199    0.01195675762973   -0.08290761688164  
  3.180000   -0.15625689751827   -0.09433927660338    0.01170124914765   -0.08209133347668  
  3.190000   -0.15543553149696   -0.09374247112370    0.01145143941778   -0.08128442417177  
  3.200000   -0.15461439273271   -0.09314927057582    0.01120722068612   -0.08048680207188  
  3.210000   -0.15379357489783   -0.09255963542868    0.01096848569749   -0.07969837742910  
  3.220000   -0.15297317032125   -0.09197352645960    0.01073512755783   -0.07891905752366  
  3.230000   -0.15215327010061   -0.09139090482376    0.01050703962122   -0.07814874658643  
  3.240000   -0.15133396420161   -0.09081173212970    0.01028411540163   -0.07738734576313  
  3.250000   -0.15051534154413   -0.09023597051954    0.01006624850935   -0.07663475312028  
  3.260000   -0.14969749007518   -0.08966358275273    0.00985333261190   -0.07589086369235  
  3.270000   -0.14888049682838   -0.08909453229188    0.00964526141882   -0.07515556956940  
  3.280000   -0.14806444797006   -0.08852878338952    0.00944192868949   -0.07442876002383  
  3.290000   -0.14724942883218   -0.08796630117441    0.00924322826325   -0.07371032167474  
  3.300000   -0.14643552393213   -0.08740705173618    0.00904905411046   -0.07300013868793  
  3.310000   -0.14562281697978   -0.08685100220706    0.00885930040325   -0.07229809300929  
  3.320000   -0.14481139087223   -0.08629812083957    0.00867386160449   -0.07160406462892  
  3.330000   -0.14400132767673   -0.08574837707896    0.00849263257334   -0.07091793187319  
  3.340000   -0.14319270860221   -0.08520174162951    0.00831550868555   -0.07023957172157  
  3.350000   -0.14238561396039   -0.08465818651364    0.00814238596671   -0.06956886014487  
  3.360000   -0.14158012311689   -0.08411768512295    0.00797316123643   -0.06890567246149  
  3.370000   -0.14077631443336   -0.08358021226055    0.00780773226153   -0.06824988370770  
  3.380000   -0.13997426520139   -0.08304574417392    0.00764599791598   -0.06760136901849  
  3.390000   -0.13917405156925   -0.08251425857781    0.00748785834567   -0.06696000401484  
  3.400000   -0.13837574846231   -0.08198573466680    0.00733321513587   -0.06632566519355  
  3.410000   -0.13757942949827   -0.08146015311709    0.00718197147921   -0.06569823031572  
  3.420000   -0.13678516689821   -0.08093749607758    0.00703403234217   -0.06507757878998  
  3.430000   -0.13599303139459   -0.08041774714992    0.00688930462819   -0.06446359204658  
  3.440000   -0.13520309213719   -0.07990089135783    0.00674769733534   -0.06385615389858  
  3.450000   -0.13441541659827   -0.07938691510576    0.00660912170678   -0.06325515088669  
  3.460000   -0.13363007047792   -0.07887580612725    0.00647349137229   -0.06266047260425  
  3.470000   -0.13284711761073   -0.07836755342338    0.00634072247936   -0.06207201199909  
  3.480000   -0.13206661987490   -0.07786214719196    0.00621073381218   -0.06148966564954  
  3.490000   -0.13128863710477   -0.07735957874787    0.00608344689745   -0.06091333401161  
  3.500000   -0.13051322700784   -0.07685984043557    0.00595878609571   -0.06034292163516  
  3.510000   -0.12974044508724   -0.07636292553439    0.00583667867729   -0.05977833734692  
  3.520000   -0.12897034457051   -0.07586882815752    0.00571705488198   -0.05921949439860  
  3.530000   -0.12820297634559   -0.07537754314576    0.00559984796193   -0.05866631057868  
  3.540000   -0.12743838890480   -0.07488906595693    0.00548499420721   -0.05811870828689  
  3.550000   -0.12667662829755   -0.07440339255211    0.00537243295383   -0.05757661457078  
  3.560000   -0.12591773809228   -0.07392051927965    0.00526210657414   -0.05703996112390  
  3.570000   -0.12516175934838   -0.07344044275827    0.00515396044970   -0.05650868424598  
  3.580000   -0.12440873059835   -0.07296315976014    0.00504794292688   -0.05598272476529  
  3.590000   -0.12365868784075   -0.07248866709529    0.00494400525573   -0.05546202792429  
  3.600000   -0.12291166454398   -0.07201696149822    0.00484210151262   -0.05494654322954  
  3.610000   -0.12216769166128   -0.07154803951805    0.00474218850749   -0.05443622426767  
  3.620000   -0.12142679765690   -0.07108189741300    0.00464422567662   -0.05393102848904  
  3.630000   -0.12068900854342   -0.07061853105038    0.00454817496197   -0.05343091696148  
  3.640000   -0.11995434793010   -0.07015793581291    0.00445400067826   -0.05293585409655  
  3.650000   -0.11922283708201   -0.06970010651232    0.00436166936902   -0.05244580735099  
  3.660000   -0.11849449498969   -0.06924503731096    0.00427114965311   -0.05196074690644  
  3.670000   -0.11776933844874   -0.06879272165220    0.00418241206302   -0.05148064533059  
  3.680000   -0.11704738214909   -0.06834315220011    0.00409542887655   -0.05100547722308  
  3.690000   -0.11632863877307   -0.06789632078914    0.00401017394340   -0.05053521884974  
  3.700000   -0.11561311910180   -0.06745221838397    0.00392662250831   -0.05006984776865  
  3.710000   -0.11490083212906   -0.06701083505014    0.00384475103226   -0.04960934245183  
  3.720000   -0.11419178518187   -0.06657215993530    0.00376453701342   -0.04915368190622  
  3.730000   -0.11348598404679   -0.06613618126160    0.00368595880945   -0.04870284529753  
  3.740000   -0.11278343310114   -0.06570288632876    0.00360899546256   -0.04825681158081  
  3.750000   -0.11208413544804   -0.06527226152806    0.00353362652910   -0.04781555914126  
  3.760000   -0.11138809305434   -0.06484429236683    0.00345983191482   -0.04737906544861  
  3.770000   -0.11069530689032   -0.06441896350310    0.00338759171740   -0.04694730672864  
  3.780000   -0.11000577707012   -0.06399625879005    0.00331688607743   -0.04652025765474  
  3.790000   -0.10931950299185   -0.06357616132961    0.00324769503906   -0.04609789106267  
  3.800000   -0.10863648347627   -0.06315865353477    0.00317999842133   -0.04568017769098  
  3.810000   -0.10795671690297   -0.06274371719960    0.00311377570121   -0.04526708594976  
  3.820000   -0.10728020134301   -0.06233133357650    0.00304900590918   -0.04485858171967  
  3.830000   -0.10660693468703   -0.06192148345956    0.00298566753798   -0.04445462818324  
  3.840000   -0.10593691476782   -0.06151414727332    0.00292373846507   -0.04405518568984  
  3.850000   -0.10527013947634   -0.06110930516584    0.00286319588940   -0.04366021165556  
  3.860000   -0.10460660687051   -0.06070693710507    0.00280401628251   -0.04326966049882  
  3.870000   -0.10394631527570   -0.06030702297756    0.00274617535427   -0.04288348361213  
  3.880000   -0.10328926337638   -0.05990954268843    0.00268964803321   -0.04250162937019  
  3.890000   -0.10263545029808   -0.05951447626155    0.00263440846117   -0.04212404317403  
  3.900000   -0.10198487567924   -0.05912180393872    0.00258043000223   -0.04175066753054  
  3.910000   -0.10133753973229   -0.05873150627714    0.00252768526513   -0.04138144216658  
  3.920000   -0.10069344329367   -0.05834356424375    0.00247614613904   -0.04101630417616  
  3.930000   -0.10005258786240   -0.05795795930581    0.00242578384165   -0.04065518819927  
  3.940000   -0.09941497562697   -0.05757467351651    0.00237656897901   -0.04029802663032  
  3.950000   -0.09878060948057   -0.05719368959483    0.00232847161617   -0.03994474985398  
  3.960000   -0.09814949302446   -0.05681499099895    0.00228146135764   -0.03959528650596  
  3.970000   -0.09752163055971   -0.05643856199213    0.00223550743658   -0.03924956375602  
  3.980000   -0.09689702706744   -0.05606438770077    0.00219057881167   -0.03890750761025  
  3.990000   -0.09627568817786   -0.05569245416369    0.00214664427037   -0.03856904322944  
  4.000000   -0.09565762012857   -0.05532274837243    0.00210367253750   -0.03823409526042  
  4.010000   -0.09504282971248   -0.05495525830194    0.00206163238758   -0.03790258817684  
  4.020000   -0.09443132421605   -0.05458997293147    0.00202049276005   -0.03757444662599  
  4.030000   -0.09382311134843   -0.05422688225541    0.00198022287571   -0.03724959577808  
  4.040000   -0.09321819916234   -0.05386597728392    0.00194079235327   -0.03692796167456  
  4.050000   -0.09261659596736   -0.05350725003346    0.00190217132478   -0.03660947157175  
  4.060000   -0.09201831023669   -0.05315069350721    0.00186433054860   -0.03629405427656  
  4.070000   -0.09142335050818   -0.05279630166559    0.00182724151872   -0.03598164047074  
  4.080000   -0.09083172528067   -0.05244406938727    0.00179087656941   -0.03567216302054  
  4.090000   -0.09024344290678   -0.05209399242093    0.00175520897397   -0.03536555726856  
  4.100000   -0.08965851148298   -0.05174606732837    0.00172021303670   -0.03506176130498  
  4.110000   -0.08907693873827   -0.05140029141942    0.00168586417709   -0.03476071621541  
  4.120000   -0.08849873192244   -0.05105666267945    0.00165213900544   -0.03446236630296  
  4.130000   -0.08792389769506   -0.05071517969009    0.00161901538919   -0.03416665928227  
  4.140000   -0.08735244201623   -0.05037584154394    0.00158647250927   -0.03387354644362  
  4.150000   -0.08678437004031   -0.05003864775425    0.00155449090609   -0.03358298278553  
  4.160000   -0.08621968601356   -0.04970359816028    0.00152305251452   -0.03329492711450  
  4.170000   -0.08565839317672   -0.04937069282949    0.00149214068790   -0.03300934211103  
  4.180000   -0.08510049367356   -0.04903993195728    0.00146174021056   -0.03272619436116  
  4.190000   -0.08454598846634   -0.04871131576556    0.00143183729908   -0.03244545435341  
  4.200000   -0.08399487725886   -0.04838484440081    0.00140241959212   -0.03216709644104  
  4.210000   -0.08344715842818   -0.04806051783300    0.00137347612919   -0.03189109877017  
  4.220000   -0.08290282896535   -0.04773833575600    0.00134499731847   -0.03161744317437  
  4.230000   -0.08236188442620   -0.04741829749081    0.00131697489415   -0.03134611503696  
  4.240000   -0.08182431889227   -0.04710040189217    0.00128940186381   -0.03107710312230  
  4.250000   -0.08129012494272   -0.04678464725982    0.00126227244628   -0.03081039937781  
  4.260000   -0.08075929363731   -0.04647103125506    0.00123558200090   -0.03054599870878  
  4.270000   -0.08023181451074   -0.04615955082341    0.00120932694858   -0.03028389872807  
  4.280000   -0.07970767557856   -0.04585020212421    0.00118350468588   -0.03002409948342  
  4.290000   -0.07918686335460   -0.04554298046785    0.00115811349263   -0.02976660316485  
  4.300000   -0.07866936287985   -0.04523788026100    0.00113315243427   -0.02951141379531  
  4.310000   -0.07815515776262   -0.04493489496071    0.00110862125984   -0.02925853690737  
  4.320000   -0.07764423022970   -0.04463401703748    0.00108452029648   -0.02900797920948  
  4.330000   -0.07713656118815   -0.04433523794781    0.00106085034175   -0.02875974824473  
  4.340000   -0.07663213029708   -0.04403854811650    0.00103761255457   -0.02851385204586  
  4.350000   -0.07613091604913   -0.04374393692868    0.00101480834594   -0.02827029878954  
  4.360000   -0.07563289586067   -0.04345139273180    0.00099243927053   -0.02802909645361  
  4.370000   -0.07513804617015   -0.04316090284746    0.00097050692002   -0.02779025248048  
  4.380000   -0.07464634254371   -0.04287245359291    0.00094901281932   -0.02755377344997  
  4.390000   -0.07415775978724   -0.04258603031202    0.00092795832653   -0.02731966476488  
  4.400000   -0.07367227206369   -0.04230161741539    0.00090734453761   -0.02708793035223  
  4.410000   -0.07318985301499   -0.04201919842920    0.00088717219659   -0.02685857238311  
  4.420000   -0.07271047588718   -0.04173875605224    0.00086744161204   -0.02663159101383  
  4.430000   -0.07223411365788   -0.04146027222062    0.00084815258067   -0.02640698415081  
  4.440000   -0.07176073916493   -0.04118372817941    0.00082930431853   -0.02618474724155  
  4.450000   -0.07129032523501   -0.04090910456065    0.00081089540048   -0.02596487309347  
  4.460000   -0.07082284481130   -0.04063638146677    0.00079292370834   -0.02574735172249  
  4.470000   -0.07035827107890   -0.04036553855873    0.00077538638812   -0.02553217023267  
  4.480000   -0.06989657758690   -0.04009655514794    0.00075827981665   -0.02531931272791  
  4.490000   -0.06943773836623   -0.03982941029108    0.00074159957769   -0.02510876025656  
  4.500000   -0.06898172804206   -0.03956408288695    0.00072534044779   -0.02490049078945  
  4.510000   -0.06852852193985   -0.03930055177428    0.00070949639166   -0.02469447923112  
  4.520000   -0.06807809618415   -0.03903879582966    0.00069406056722   -0.02449069746443  
  4.530000   -0.06763042778922   -0.03877879406462    0.00067902533994   -0.02428911442764  
  4.540000   -0.06718549474077   -0.03852052572089    0.00066438230622   -0.02408969622327  
  4.550000   -0.06674327606804   -0.03826397036303    0.00065012232559   -0.02389240625747  
  4.560000   -0.06630375190567   -0.03800910796735    0.00063623556104   -0.02369720540839  
  4.570000   -0.06586690354476   -0.03775591900654    0.00062271152718   -0.02350405222181  
  4.580000   -0.06543271347277   -0.03750438452900    0.00060953914554   -0.02331290313195  
  4.590000   -0.06500116540186   -0.03725448623225    0.00059670680627   -0.02312371270513  
  4.600000   -0.06457224428555   -0.03700620652970    0.00058420243572   -0.02293643390390  
  4.610000   -0.06414593632350   -0.03675952861016    0.00057201356897   -0.02275101836870  
  4.620000   -0.06372222895439   -0.03651443648962    0.00056012742651   -0.02256741671444  
  4.630000   -0.06330111083713   -0.03627091505474    0.00054853099444   -0.02238557883874  
  4.640000   -0.06288257182046   -0.03602895009778    0.00053721110698   -0.02220545423887  
  4.650000   -0.06246660290140   -0.03578852834261    0.00052615453079   -0.02202699233409  
  4.660000   -0.06205319617284   -0.03554963746167    0.00051534804989   -0.02185014279018  
  4.670000   -0.06164234476088   -0.03531226608367    0.00050477855057   -0.02167485584294  
  4.680000   -0.06123404275246   -0.03507640379215    0.00049443310524   -0.02150108261726  
  4.690000   -0.06082828511415   -0.03484204111488    0.00048429905444   -0.02132877543880  
  4.700000   -0.06042506760257   -0.03460916950424    0.00047436408618   -0.02115788813496  
  4.710000   -0.06002438666769   -0.03437778130899    0.00046461631190   -0.02098837632232  
  4.720000   -0.05962623934957   -0.03414786973756    0.00045504433816   -0.02082019767755  
  4.730000   -0.05923062316985   -0.03391942881344    0.00044563733346   -0.02065331218920  
  4.740000   -0.05883753601872   -0.03369245332307    0.00043638508964   -0.02048768238794  
  4.750000   -0.05844697603872   -0.03346693875691    0.00042727807706   -0.02032327355286  
  4.760000   -0.05805894150630   -0.03324288124414    0.00041830749330   -0.02016005389188  
  4.770000   -0.05767343071230   -0.03302027748192    0.00040946530480   -0.01999799469465  
  4.780000   -0.05729044184254   -0.03279912465971    0.00040074428106   -0.01983707045616  
  4.790000   -0.05690997285960   -0.03257942037966    0.00039213802130   -0.01967725897028  
  4.800000   -0.05653202138691   -0.03236116257372    0.00038364097313   -0.01951854139203  
  4.810000   -0.05615658459633   -0.03214434941847    0.00037524844333   -0.01936090226817  
  4.820000   -0.05578365910013   -0.03192897924843    0.00036695660052   -0.01920432953593  
  4.830000   -0.05541324084856   -0.03171505046877    0.00035876246990   -0.01904881448979  
  4.840000   -0.05504532503394   -0.03150256146840    0.00035066392012   -0.01889435171692  
  4.850000   -0.05467990600203   -0.03129151053413    0.00034265964246   -0.01874093900173  
  4.860000   -0.05431697717181   -0.03108189576697    0.00033474912263   -0.01858857720083  
  4.870000   -0.05395653096415   -0.03087371500125    0.00032693260547   -0.01843727008952  
  4.880000   -0.05359855874024   -0.03066696572751    0.00031921105315   -0.01828702418143  
  4.890000   -0.05324305075029   -0.03046164501974    0.00031158609699   -0.01813784852323  
  4.900000   -0.05288999609304   -0.03025774946796    0.00030405998382   -0.01798975446640  
  4.910000   -0.05253938268634   -0.03005527511651    0.00029663551721   -0.01784275541855  
  4.920000   -0.05219119724937   -0.02985421740887    0.00028931599426   -0.01769686657658  
  4.930000   -0.05184542529633   -0.02965457113952    0.00028210513864   -0.01755210464457  
  4.940000   -0.05150205114195   -0.02945633041315    0.00027500703057   -0.01740848753913  
  4.950000   -0.05116105791863   -0.02925948861182    0.00026802603441   -0.01726603408519  
  4.960000   -0.05082242760517   -0.02906403837025    0.00026116672469   -0.01712476370531  
  4.970000   -0.05048614106666   -0.02886997155949    0.00025443381119   -0.01698469610551  
  4.980000   -0.05015217810543   -0.02867727927919    0.00024783206401   -0.01684585096085  
  4.990000   -0.04982051752229   -0.02848595185832    0.00024136623912   -0.01670824760384  
  5.000000   -0.04949113718784   -0.02829597886464    0.00023504100536   -0.01657190471871  
  5.010000   -0.04916401412280   -0.02810734912242    0.00022886087345   -0.01643684004461  
  5.020000   -0.04883912458702   -0.02792005073855    0.00022283012772   -0.01630307009068  
  5.030000   -0.04851644417604   -0.02773407113654    0.00021695276127   -0.01617060986567  
  5.040000   -0.04819594792445   -0.02754939709812    0.00021123241505   -0.01603947262485  
  5.050000   -0.04787761041512   -0.02736601481200    0.00020567232152   -0.01590966963663  
  5.060000   -0.04756140589312   -0.02718390992930    0.00020027525339   -0.01578120997114  
  5.070000   -0.04724730838348   -0.02700306762505    0.00019504347783   -0.01565410031274  
  5.080000   -0.04693529181157   -0.02682347266512    0.00018997871662   -0.01552834479833  
  5.090000   -0.04662533012501   -0.02664510947788    0.00018508211253   -0.01540394488295  
  5.100000   -0.04631739741595   -0.02646796222996    0.00018035420224   -0.01528089923385  
  5.110000   -0.04601146804266   -0.02629201490518    0.00017579489592   -0.01515920365401  
  5.120000   -0.04570751674920   -0.02611725138595    0.00017140346372   -0.01503885103586  
  5.130000   -0.04540551878210   -0.02594365553631    0.00016717852913   -0.01491983134532  
  5.140000   -0.04510545000306   -0.02577121128572    0.00016311806925   -0.01480213163648  
  5.150000   -0.04480728699636   -0.02559990271278    0.00015921942189   -0.01468573609641  
  5.160000   -0.04451100717029   -0.02542971412806    0.00015547929936   -0.01457062611972  
  5.170000   -0.04421658885146   -0.02526063015515    0.00015189380870   -0.01445678041185  
  5.180000   -0.04392401137113   -0.02509263580912    0.00014845847821   -0.01434417512011  
  5.190000   -0.04363325514285   -0.02492571657169    0.00014516828970   -0.01423278399088  
  5.200000   -0.04334430173060   -0.02475985846222    0.00014201771639   -0.01412257855142  
  5.210000   -0.04305713390679   -0.02459504810391    0.00013900076574   -0.01401352831428  
  5.220000   -0.04277173569970   -0.02443127278445    0.00013611102689   -0.01390560100221  
  5.230000   -0.04248809242973   -0.02426852051068    0.00013334172218   -0.01379876279125  
  5.240000   -0.04220619073433   -0.02410678005649    0.00013068576206   -0.01369297856938  
  5.250000   -0.04192601858122   -0.02394604100362    0.00012813580297   -0.01358821220822  
  5.260000   -0.04164756526988   -0.02378629377499    0.00012568430746   -0.01348442684479  
  5.270000   -0.04137082142123   -0.02362752966007    0.00012332360594   -0.01338158517063  
  5.280000   -0.04109577895571   -0.02346974083218    0.00012104595945   -0.01327964972525  
  5.290000   -0.04082243105977   -0.02331292035746    0.00011884362278   -0.01317858319088  
  5.300000   -0.04055077214138   -0.02315706219550    0.00011670890728   -0.01307834868563  
  5.310000   -0.04028079777471   -0.02300216119152    0.00011463424280   -0.01297891005201  
  5.320000   -0.04001250463464   -0.02284821306025    0.00011261223799   -0.01288023213791  
  5.330000   -0.03974589042170   -0.02269521436168    0.00011063573851   -0.01278228106733  
  5.340000   -0.03948095377818   -0.02254316246885    0.00010869788252   -0.01268502449792  
  5.350000   -0.03921769419612   -0.02239205552806    0.00010679215290   -0.01258843186302  
  5.360000   -0.03895611191810   -0.02224189241187    0.00010491242565   -0.01249247459555  
  5.370000   -0.03869620783178   -0.02209267266535    0.00010305301416   -0.01239712633172  
  5.380000   -0.03843798335917   -0.02194439644612    0.00010120870872   -0.01230236309237  
  5.390000   -0.03818144034163   -0.02179706445880    0.00009937481114   -0.01220816344039  
  5.400000   -0.03792658092175   -0.02165067788445    0.00009754716392   -0.01211450861243  
  5.410000   -0.03767340742322   -0.02150523830576    0.00009572217398   -0.01202138262380  
  5.420000   -0.03742192222968   -0.02136074762871    0.00009389683046   -0.01192877234552  
  5.430000   -0.03717212766395   -0.02121720800146    0.00009206871678   -0.01183666755280  
  5.440000   -0.03692402586852   -0.02107462173129    0.00009023601653   -0.01174506094453  
  5.450000   -0.03667761868853   -0.02093299120038    0.00008839751351   -0.01165394813365  
  5.460000   -0.03643290755840   -0.02079231878132    0.00008655258571   -0.01156332760858  
  5.470000   -0.03618989339301   -0.02065260675311    0.00008470119345   -0.01147320066614  
  5.480000   -0.03594857648466   -0.02051385721853    0.00008284386185   -0.01138357131676  
  5.490000   -0.03570895640653   -0.02037607202369    0.00008098165783   -0.01129444616294  
  5.500000   -0.03547103192377   -0.02023925268048    0.00007911616182   -0.01120583425226  
  5.510000   -0.03523480091287   -0.02010340029283    0.00007724943470   -0.01111774690662  
  5.520000   -0.03500026029020   -0.01996851548735    0.00007538398014   -0.01103019752923  
  5.530000   -0.03476740595026   -0.01983459834911    0.00007352270288   -0.01094320139159  
  5.540000   -0.03453623271428   -0.01970164836321    0.00007166886332   -0.01085677540262  
  5.550000   -0.03430673428965   -0.01956966436269    0.00006982602900   -0.01077093786215  
  5.560000   -0.03407890324048   -0.01943864448319    0.00006799802333   -0.01068570820154  
  5.570000   -0.03385273096959   -0.01930858612506    0.00006618887230   -0.01060110671396  
  5.580000   -0.03362820771214   -0.01917948592298    0.00006440274953   -0.01051715427699  
  5.590000   -0.03340532254078   -0.01905133972361    0.00006264392035   -0.01043387207062  
  5.600000   -0.03318406338248   -0.01892414257145    0.00006091668549   -0.01035128129326  
  5.610000   -0.03296441704658   -0.01879788870289    0.00005922532478   -0.01026940287877  
  5.620000   -0.03274636926407   -0.01867257154879    0.00005757404171   -0.01018825721739  
  5.630000   -0.03252990473744   -0.01854818374523    0.00005596690913   -0.01010786388333  
  5.640000   -0.03231500720084   -0.01842471715266    0.00005440781676   -0.01002824137173  
  5.650000   -0.03210165948969   -0.01830216288291    0.00005290042109   -0.00994940684776  
  5.660000   -0.03188984361938   -0.01818051133417    0.00005144809799   -0.00987137591029  
  5.670000   -0.03167954087195   -0.01805975223319    0.00005005389863   -0.00979416237250  
  5.680000   -0.03147073189020   -0.01793987468468    0.00004872050910   -0.00971777806161  
  5.690000   -0.03126339677812   -0.01782086722705    0.00004745021405   -0.00964223263977  
  5.700000   -0.03105751520673   -0.01770271789428    0.00004624486481   -0.00956753344783  
  5.710000   -0.03085306652431   -0.01758541428303    0.00004510585216   -0.00949368537356  
  5.720000   -0.03065002986993   -0.01746894362448    0.00004403408405   -0.00942069074561  
  5.730000   -0.03044838428919   -0.01735329286020    0.00004302996856   -0.00934854925417  
  5.740000   -0.03024810885110   -0.01723844872114    0.00004209340201   -0.00927725789918  
  5.750000   -0.03004918276476   -0.01712439780927    0.00004122376258   -0.00920681096652  
  5.760000   -0.02985158549508   -0.01701112668062    0.00004041990924   -0.00913720003229  
  5.770000   -0.02965529687601   -0.01689862192940    0.00003968018613   -0.00906841399525  
  5.780000   -0.02946029722047   -0.01678687027196    0.00003900243223   -0.00900043913691  
  5.790000   -0.02926656742586   -0.01667585862997    0.00003838399628   -0.00893325920858  
  5.800000   -0.02907408907398   -0.01656557421197    0.00003782175661   -0.00886685554463  
  5.810000   -0.02888284452460   -0.01645600459249    0.00003731214585   -0.00880120720056  
  5.820000   -0.02869281700162   -0.01634713778784    0.00003685118012   -0.00873629111454  
  5.830000   -0.02850399067113   -0.01623896232804    0.00003643449241   -0.00867208229075  
  5.840000   -0.02831635071039   -0.01613146732399    0.00003605736986   -0.00860855400259  
  5.850000   -0.02812988336736   -0.01602464252930    0.00003571479438   -0.00854567801363  
  5.860000   -0.02794457600992   -0.01591847839613    0.00003540148644   -0.00848342481410  
  5.870000   -0.02776041716448   -0.01581296612456    0.00003511195132   -0.00842176387053  
  5.880000   -0.02757739654354   -0.01570809770488    0.00003484052752   -0.00836066388577  
  5.890000   -0.02739550506200   -0.01560386595251    0.00003458143679   -0.00830009306705  
  5.900000   -0.02721473484189   -0.01550026453510    0.00003432883521   -0.00824001939907  
  5.910000   -0.02703507920568   -0.01539728799157    0.00003407686495   -0.00818041091956  
  5.920000   -0.02685653265814   -0.01529493174292    0.00003381970600   -0.00812123599429  
  5.930000   -0.02667909085686   -0.01519319209468    0.00003355162754   -0.00806246358898  
  5.940000   -0.02650275057188   -0.01509206623091    0.00003326703836   -0.00800406353518  
  5.950000   -0.02632750963459   -0.01499155219994    0.00003296053583   -0.00794600678751  
  5.960000   -0.02615336687669   -0.01489164889182    0.00003262695293   -0.00788826566960  
  5.970000   -0.02598032205948   -0.01479235600781    0.00003226140293   -0.00783081410641  
  5.980000   -0.02580837579441   -0.01469367402214    0.00003185932135   -0.00777362784039  
  5.990000   -0.02563752945560   -0.01459560413642    0.00003141650458   -0.00771668462938  
  6.000000   -0.02546778508505   -0.01449814822717    0.00003092914505   -0.00765996442446  
  6.010000   -0.02529914529165   -0.01440130878691    0.00003039386253   -0.00760344952557  
  6.020000   -0.02513161314490   -0.01430508885941    0.00002980773113   -0.00754712471381  
  6.030000   -0.02496519206424   -0.01420949196977    0.00002916830205   -0.00749097735879  
  6.040000   -0.02479988570538   -0.01411452204994    0.00002847362161   -0.00743499750003  
  6.050000   -0.02463569784435   -0.01402018336038    0.00002772224457   -0.00737917790180  
  6.060000   -0.02447263226078   -0.01392648040876    0.00002691324254   -0.00732351408063  
  6.070000   -0.02431069262121   -0.01383341786628    0.00002604620752   -0.00726800430539  
  6.080000   -0.02414988236389   -0.01374100048262    0.00002512125053   -0.00721264957001  
  6.090000   -0.02399020458593   -0.01364923300018    0.00002413899526   -0.00715745353896  
  6.100000   -0.02383166193406   -0.01355812006858    0.00002310056706   -0.00710242246633  
  6.110000   -0.02367425650006   -0.01346766616012    0.00002200757721   -0.00704756508915  
  6.120000   -0.02351798972187   -0.01337787548717    0.00002086210275   -0.00699289249614  
  6.130000   -0.02336286229129   -0.01328875192208    0.00001966666202   -0.00693841797334  
  6.140000   -0.02320887406934   -0.01320029892065    0.00001842418635   -0.00688415682799  
  6.150000   -0.02305602401001   -0.01311251944966    0.00001713798794   -0.00683012619273  
  6.160000   -0.02290431009312   -0.01302541591935    0.00001581172450   -0.00677634481188  
  6.170000   -0.02275372926716   -0.01293899012136    0.00001444936097   -0.00672283281219  
  6.180000   -0.02260427740244   -0.01285324317281    0.00001305512853   -0.00666961146024  
  6.190000   -0.02245594925523   -0.01276817546711    0.00001163348167   -0.00661670290907  
  6.200000   -0.02230873844316   -0.01268378663184    0.00001018905340   -0.00656412993654  
  6.210000   -0.02216263743218   -0.01260007549424    0.00000872660926   -0.00651191567812  
  6.220000   -0.02201763753525   -0.01251704005457    0.00000725100059   -0.00646008335681  
  6.230000   -0.02187372892273   -0.01243467746761    0.00000576711743   -0.00640865601290  
  6.240000   -0.02173090064453   -0.01235298403257    0.00000427984154   -0.00635765623635  
  6.250000   -0.02158914066367   -0.01227195519129    0.00000279400012   -0.00630710590444  
  6.260000   -0.02144843590110   -0.01219158553504    0.00000131432047   -0.00625702592738  
  6.270000   -0.02130877229129   -0.01211186881957   -0.00000015461374   -0.00620743600443  
  6.280000   -0.02117013484807   -0.01203279798851   -0.00000160840436   -0.00615835439294  
  6.290000   -0.02103250774020   -0.01195436520470   -0.00000304287828   -0.00610979769273  
  6.300000   -0.02089587437583   -0.01187656188921   -0.00000445412431   -0.00606178064786  
  6.310000   -0.02076021749516   -0.01179937876779   -0.00000583852693   -0.00601431596785  
  6.320000   -0.02062551927035   -0.01172280592404   -0.00000719279680   -0.00596741417010  
  6.330000   -0.02049176141182   -0.01164683285909   -0.00000851399759   -0.00592108344509  
  6.340000   -0.02035892527980   -0.01157144855690   -0.00000979956891   -0.00587532954573  
  6.350000   -0.02022699200018   -0.01149664155484   -0.00001104734523   -0.00583015570182  
  6.360000   -0.02009594258346   -0.01142240001859   -0.00001225557057   -0.00578556256069  
  6.370000   -0.01996575804571   -0.01134871182088   -0.00001342290885   -0.00574154815434  
  6.380000   -0.01983641953040   -0.01127556462306   -0.00001454844983   -0.00569810789356  
  6.390000   -0.01970790842975   -0.01120294595895   -0.00001563171063   -0.00565523458892  
  6.400000   -0.01958020650468   -0.01113084331996   -0.00001667263282   -0.00561291849858  
  6.410000   -0.01945329600203   -0.01105924424071   -0.00001767157522   -0.00557114740217  
  6.420000   -0.01932715976783   -0.01098813638441   -0.00001862930239   -0.00552990670015  
  6.430000   -0.01920178135576   -0.01091750762696   -0.00001954696910   -0.00548917953751  
  6.440000   -0.01907714512952   -0.01084734613924   -0.00002042610082   -0.00544894695061  
  6.450000   -0.01895323635813   -0.01077764046642   -0.00002126857061   -0.00540918803555  
  6.460000   -0.01883004130334   -0.01070837960394   -0.00002207657253   -0.00536988013646  
  6.470000   -0.01870754729812   -0.01063955306900   -0.00002285259199   -0.00533099905172  
  6.480000   -0.01858574281552   -0.01057115096721   -0.00002359937327   -0.00529251925595  
  6.490000   -0.01846461752724   -0.01050316405349   -0.00002431988455   -0.00525441413565  
  6.500000   -0.01834416235121   -0.01043558378681   -0.00002501728096   -0.00521665623592  
  6.510000   -0.01822436948773   -0.01036840237811   -0.00002569486589   -0.00517921751595  
  6.520000   -0.01810523244384   -0.01030161283104   -0.00002635605099   -0.00514206961049  
  6.530000   -0.01798674604555   -0.01023520897494   -0.00002700431537   -0.00510518409475  
  6.540000   -0.01786890643780   -0.01016918549003   -0.00002764316434   -0.00506853275007  
  6.550000   -0.01775171107212   -0.01010353792425   -0.00002827608808   -0.00503208782759  
  6.560000   -0.01763515868209   -0.01003826270177   -0.00002890652080   -0.00499582230733  
  6.570000   -0.01751924924675   -0.00997335712308   -0.00002953780065   -0.00495971015002  
  6.580000   -0.01740398394225   -0.00990881935653   -0.00003017313090   -0.00492372653910  
  6.590000   -0.01728936508222   -0.00984464842161   -0.00003081554269   -0.00488784811059  
  6.600000   -0.01717539604742   -0.00978084416389   -0.00003146785981   -0.00485205316833  
  6.610000   -0.01706208120515   -0.00971740722205   -0.00003213266578   -0.00481632188260  
  6.620000   -0.01694942581933   -0.00965433898728   -0.00003281227364   -0.00478063646996  
  6.630000   -0.01683743595206   -0.00959164155533   -0.00003350869860   -0.00474498135269  
  6.640000   -0.01672611835741   -0.00952931767187   -0.00003422363403   -0.00470934329600  
  6.650000   -0.01661548036865   -0.00946737067154   -0.00003495843085   -0.00467371152193  
  6.660000   -0.01650552977984   -0.00940580441135   -0.00003571408051   -0.00463807779853  
  6.670000   -0.01639627472295   -0.00934462319906   -0.00003649120186   -0.00460243650362  
  6.680000   -0.01628772354163   -0.00928383171728   -0.00003729003192   -0.00456678466240  
  6.690000   -0.01617988466286   -0.00922343494399   -0.00003811042064   -0.00453112195868  
  6.700000   -0.01607276646776   -0.00916343807028   -0.00003895182966   -0.00449545071946  
  6.710000   -0.01596637716259   -0.00910384641609   -0.00003981333522   -0.00445977587318  
  6.720000   -0.01586072465149   -0.00904466534487   -0.00004069363494   -0.00442410488200  
  6.730000   -0.01575581641185   -0.00898590017783   -0.00004159105855   -0.00438844764892  
  6.740000   -0.01565165937379   -0.00892755610882   -0.00004250358247   -0.00435281640049  
  6.750000   -0.01554825980469   -0.00886963812050   -0.00004342884794   -0.00431722554661  
  6.760000   -0.01544562320014   -0.00881215090281   -0.00004436418261   -0.00428169151854  
  6.770000   -0.01534375418210   -0.00875509877434   -0.00004530662535   -0.00424623258701  
  6.780000   -0.01524265640543   -0.00869848560756   -0.00004625295397   -0.00421086866221  
  6.790000   -0.01514233247380   -0.00864231475853   -0.00004719971564   -0.00417562107758  
  6.800000   -0.01504278386552   -0.00858658900186   -0.00004814325963   -0.00414051235980  
  6.810000   -0.01494401087035   -0.00853131047155   -0.00004907977207   -0.00410556598714  
  6.820000   -0.01484601253775   -0.00847648060826   -0.00005000531233   -0.00407080613872  
  6.830000   -0.01474878663712   -0.00842210011359   -0.00005091585075   -0.00403625743715  
  6.840000   -0.01465232963050   -0.00836816891180   -0.00005180730724   -0.00400194468720  
  6.850000   -0.01455663665803   -0.00831468611942   -0.00005267559035   -0.00396789261316  
  6.860000   -0.01446170153628   -0.00826165002295   -0.00005351663659   -0.00393412559740  
  6.870000   -0.01436751676959   -0.00820905806495   -0.00005432644937   -0.00390066742299  
  6.880000   -0.01427407357432   -0.00815690683874   -0.00005510113735   -0.00386754102278  
  6.890000   -0.01418136191581   -0.00810519209163   -0.00005583695175   -0.00383476823757  
  6.900000   -0.01408937055775   -0.00805390873676   -0.00005653032228   -0.00380236958572  
  6.910000   -0.01399808712357   -0.00800305087347   -0.00005717789130   -0.00377036404665  
  6.920000   -0.01390749816919   -0.00795261181588   -0.00005777654595   -0.00373876886022  
  6.930000   -0.01381758926659   -0.00790258412965   -0.00005832344785   -0.00370759934413  
  6.940000   -0.01372834509741   -0.00785295967629   -0.00005881606015   -0.00367686873114  
  6.950000   -0.01363974955564   -0.00780372966484   -0.00005925217166   -0.00364658802767  
  6.960000   -0.01355178585857   -0.00775488471029   -0.00005962991784   -0.00361676589528  
  6.970000   -0.01346443666484   -0.00770641489826   -0.00005994779843   -0.00358740855609  
  6.980000   -0.01337768419860   -0.00765830985522   -0.00006020469156   -0.00355851972319  
  6.990000   -0.01329151037851   -0.00761055882365   -0.00006039986426   -0.00353010055658  
  7.000000   -0.01320589695047   -0.00756315074146   -0.00006053297926   -0.00350214964517  
  7.010000   -0.01312082562270   -0.00751607432472   -0.00006060409797   -0.00347466301496  
  7.020000   -0.01303627820199   -0.00746931815306   -0.00006061367975   -0.00344763416321  
  7.030000   -0.01295223672976   -0.00742287075691   -0.00006056257737   -0.00342105411832  
  7.040000   -0.01286868361667   -0.00737672070551   -0.00006045202880   -0.00339491152474  
  7.050000   -0.01278560177441   -0.00733085669518   -0.00006028364543   -0.00336919275205  
  7.060000   -0.01270297474348   -0.00728526763661   -0.00006005939678   -0.00334388202693  
  7.070000   -0.01262078681574   -0.00723994274063   -0.00005978159192   -0.00331896158693  
  7.080000   -0.01253902315036   -0.00719487160135   -0.00005945285786   -0.00329441185419  
  7.090000   -0.01245766988233   -0.00715004427603   -0.00005907611500   -0.00327021162740  
  7.100000   -0.01237671422216   -0.00710545136085   -0.00005865455002   -0.00324633829017  
  7.110000   -0.01229614454598   -0.00706108406170   -0.00005819158637   -0.00322276803341  
  7.120000   -0.01221595047512   -0.00701693425943   -0.00005769085285   -0.00319947608971  
  7.130000   -0.01213612294426   -0.00697299456885   -0.00005715615034   -0.00317643697712  
  7.140000   -0.01205665425758   -0.00692925839087   -0.00005659141730   -0.00315362474994  
  7.150000   -0.01197753813228   -0.00688571995723   -0.00005600069414   -0.00313101325398  
  7.160000   -0.01189876972893   -0.00684237436741   -0.00005538808695   -0.00310857638355  
  7.170000   -0.01182034566851   -0.00679921761726   -0.00005475773097   -0.00308628833776  
  7.180000   -0.01174226403563   -0.00675624661917   -0.00005411375408   -0.00306412387330  
  7.190000   -0.01166452436820   -0.00671345921333   -0.00005346024067   -0.00304205855136  
  7.200000   -0.01158712763322   -0.00667085417023   -0.00005280119632   -0.00302006897592  
  7.210000   -0.01151007618921   -0.00662843118404   -0.00005214051362   -0.00299813302120  
  7.220000   -0.01143337373531   -0.00658619085722   -0.00005148193933   -0.00297623004585  
  7.230000   -0.01135702524771   -0.00654413467612   -0.00005082904340   -0.00295434109173  
  7.240000   -0.01128103690378   -0.00650226497816   -0.00005018518998   -0.00293244906520  
  7.250000   -0.01120541599470   -0.00646058491051   -0.00004955351078   -0.00291053889924  
  7.260000   -0.01113017082731   -0.00641909838099   -0.00004893688094   -0.00288859769454  
  7.270000   -0.01105531061613   -0.00637781000133   -0.00004833789778   -0.00286661483828  
  7.280000   -0.01098084536647   -0.00633672502351   -0.00004775886247   -0.00284458209934  
  7.290000   -0.01090678574980   -0.00629584926977   -0.00004720176483   -0.00282249369900  
  7.300000   -0.01083314297246   -0.00625518905680   -0.00004666827144   -0.00280034635638  
  7.310000   -0.01075992863894   -0.00621475111498   -0.00004615971708   -0.00277813930818  
  7.320000   -0.01068715461109   -0.00617454250339   -0.00004567709961   -0.00275587430256  
  7.330000   -0.01061483286451   -0.00613457052137   -0.00004522107827   -0.00273355556714  
  7.340000   -0.01054297534349   -0.00609484261749   -0.00004479197544   -0.00271118975152  
  7.350000   -0.01047159381591   -0.00605536629685   -0.00004438978178   -0.00268878584495  
  7.360000   -0.01040069972944   -0.00601614902752   -0.00004401416466   -0.00266635506984  
  7.370000   -0.01033030407049   -0.00597719814714   -0.00004366447983   -0.00264391075235  
  7.380000   -0.01026041722716   -0.00593852077043   -0.00004333978612   -0.00262146817131  
  7.390000   -0.01019104885762   -0.00590012369872   -0.00004303886300   -0.00259904438704  
  7.400000   -0.01012220776508   -0.00586201333216   -0.00004276023088   -0.00257665805177  
  7.410000   -0.01005390178078   -0.00582419558566   -0.00004250217376   -0.00255432920364  
  7.420000   -0.00998613765581   -0.00578667580927   -0.00004226276422   -0.00253207904638  
  7.430000   -0.00991892096322   -0.00574945871387   -0.00004203989017   -0.00250992971688  
  7.440000   -0.00985225601109   -0.00571254830283   -0.00004183128340   -0.00248790404308  
  7.450000   -0.00978614576756   -0.00567594781042   -0.00004163454931   -0.00246602529456  
  7.460000   -0.00972059179863   -0.00563965964752   -0.00004144719774   -0.00244431692846  
  7.470000   -0.00965559421929   -0.00560368535518   -0.00004126667447   -0.00242280233333  
  7.480000   -0.00959115165851   -0.00556802556666   -0.00004109039303   -0.00240150457340  
  7.490000   -0.00952726123857   -0.00553267997806   -0.00004091576659   -0.00238044613604  
  7.500000   -0.00946391856887   -0.00549764732822   -0.00004074023946   -0.00235964868490  
  7.510000   -0.00940111775447   -0.00546292538782   -0.00004056131801   -0.00233913282125  
  7.520000   -0.00933885141918   -0.00542851095794   -0.00004037660059   -0.00231891785604  
  7.530000   -0.00927711074324   -0.00539439987826   -0.00004018380620   -0.00229902159487  
  7.540000   -0.00921588551513   -0.00536058704458   -0.00003998080154   -0.00227946013823  
  7.550000   -0.00915516419714   -0.00532706643579   -0.00003976562632   -0.00226024769900  
  7.560000   -0.00909493400418   -0.00529383114994   -0.00003953651636   -0.00224139643901  
  7.570000   -0.00903518099507   -0.00526087344915   -0.00003929192443   -0.00222291632647  
  7.580000   -0.00897589017548   -0.00522818481289   -0.00003903053855   -0.00220481501564  
  7.590000   -0.00891704561172   -0.00519575599926   -0.00003875129747   -0.00218709775007  
  7.600000   -0.00885863055419   -0.00516357711363   -0.00003845340344   -0.00216976729030  
  7.610000   -0.00880062756943   -0.00513163768403   -0.00003813633182   -0.00215282386697  
  7.620000   -0.00874301867958   -0.00509992674265   -0.00003779983773   -0.00213626515962  
  7.630000   -0.00868578550785   -0.00506843291255   -0.00003744395942   -0.00212008630160  
  7.640000   -0.00862890942876   -0.00503714449896   -0.00003706901862   -0.00210427991096  
  7.650000   -0.00857237172170   -0.00500604958412   -0.00003667561758   -0.00208883614710  
  7.660000   -0.00851615372626   -0.00497513612490   -0.00003626463307   -0.00207374279259  
  7.670000   -0.00846023699803   -0.00494439205221   -0.00003583720726   -0.00205898535938  
  7.680000   -0.00840460346329   -0.00491380537123   -0.00003539473574   -0.00204454721836  
  7.690000   -0.00834923557101   -0.00488336426157   -0.00003493885257   -0.00203040975091  
  7.700000   -0.00829411644098   -0.00485305717636   -0.00003447141283   -0.00201655252104  
  7.710000   -0.00823923000626   -0.00482287293921   -0.00003399447259   -0.00200295346630  
  7.720000   -0.00818456114893   -0.00479280083834   -0.00003351026665   -0.00198958910558  
  7.730000   -0.00813009582754   -0.00476283071670   -0.00003302118430   -0.00197643476174  
  7.740000   -0.00807582119511   -0.00473295305735   -0.00003252974324   -0.00196346479678  
  7.750000   -0.00802172570653   -0.00470315906319   -0.00003203856208   -0.00195065285722  
  7.760000   -0.00796779921422   -0.00467344073033   -0.00003155033162   -0.00193797212715  
  7.770000   -0.00791403305108   -0.00464379091423   -0.00003106778523   -0.00192539558652  
  7.780000   -0.00786042009996   -0.00461420338808   -0.00003059366863   -0.00191289627195  
  7.790000   -0.00780695484871   -0.00458467289271   -0.00003013070943   -0.00190044753739  
  7.800000   -0.00775363343049   -0.00455519517761   -0.00002968158670   -0.00188802331219  
  7.810000   -0.00770045364859   -0.00452576703255   -0.00002924890093   -0.00187559835368  
  7.820000   -0.00764741498566   -0.00449638630946   -0.00002883514462   -0.00186314849195  
  7.830000   -0.00759451859698   -0.00446705193434   -0.00002844267390   -0.00185065086417  
  7.840000   -0.00754176728797   -0.00443776390909   -0.00002807368145   -0.00183808413621  
  7.850000   -0.00748916547580   -0.00440852330300   -0.00002773017093   -0.00182542870910  
  7.860000   -0.00743671913558   -0.00437933223421   -0.00002741393327   -0.00181266690849  
  7.870000   -0.00738443573147   -0.00435019384100   -0.00002712652507   -0.00179978315494  
  7.880000   -0.00733232413321   -0.00432111224337   -0.00002686924922   -0.00178676411339  
  7.890000   -0.00728039451898   -0.00429209249500   -0.00002664313817   -0.00177359882030  
  7.900000   -0.00722865826513   -0.00426314052625   -0.00002644893970   -0.00176027878711  
  7.910000   -0.00717712782403   -0.00423426307847   -0.00002628710573   -0.00174679807895  
  7.920000   -0.00712581659093   -0.00420546763038   -0.00002615778389   -0.00173315336773  
  7.930000   -0.00707473876117   -0.00417676231706   -0.00002606081229   -0.00171934395919  
  7.940000   -0.00702390917889   -0.00414815584245   -0.00002599571729   -0.00170537179340  
  7.950000   -0.00697334317872   -0.00411965738590   -0.00002596171449   -0.00169124141884  
  7.960000   -0.00692305642189   -0.00409127650399   -0.00002595771277   -0.00167695994022  
  7.970000   -0.00687306472825   -0.00406302302815   -0.00002598232148   -0.00166253694054  
  7.980000   -0.00682338390575   -0.00403490695940   -0.00002603386061   -0.00164798437817  
  7.990000   -0.00677402957905   -0.00400693836092   -0.00002611037397   -0.00163331645988  
  8.000000   -0.00672501701874   -0.00397912724967   -0.00002620964507   -0.00161854949128  
  8.010000   -0.00667636097297   -0.00395148348788   -0.00002632921570   -0.00160370170588  
  8.020000   -0.00662807550292   -0.00392401667572   -0.00002646640701   -0.00158879307467  
  8.030000   -0.00658017382374   -0.00389673604592   -0.00002661834277   -0.00157384509808  
  8.040000   -0.00653266815262   -0.00386965036151   -0.00002678197470   -0.00155888058236  
  8.050000   -0.00648556956523   -0.00384276781766   -0.00002695410960   -0.00154392340266  
  8.060000   -0.00643888786214   -0.00381609594847   -0.00002713143794   -0.00152899825521  
  8.070000   -0.00639263144646   -0.00378964153983   -0.00002731056369   -0.00151413040101  
  8.080000   -0.00634680721394   -0.00376341054898   -0.00002748803512   -0.00149934540373  
  8.090000   -0.00630142045658   -0.00373740803175   -0.00002766037619   -0.00148466886439  
  8.100000   -0.00625647478088   -0.00371163807813   -0.00002782411822   -0.00147012615548  
  8.110000   -0.00621197204146   -0.00368610375687   -0.00002797583164   -0.00145574215734  
  8.120000   -0.00616791229087   -0.00366080706967   -0.00002811215739   -0.00144154099926  
  8.130000   -0.00612429374605   -0.00363574891541   -0.00002822983764   -0.00142754580818  
  8.140000   -0.00608111277206   -0.00361092906489   -0.00002832574569   -0.00141377846731  
  8.150000   -0.00603836388308   -0.00358634614636   -0.00002839691452   -0.00140025938731  
  8.160000   -0.00599603976109   -0.00356199764196   -0.00002844056395   -0.00138700729222  
  8.170000   -0.00595413129184   -0.00353787989524   -0.00002845412593   -0.00137403902247  
  8.180000   -0.00591262761819   -0.00351398812980   -0.00002843526784   -0.00136136935687  
  8.190000   -0.00587151621024   -0.00349031647875   -0.00002838191356   -0.00134901085545  
  8.200000   -0.00583078295178   -0.00346685802497   -0.00002829226201   -0.00133697372484  
  8.210000   -0.00579041224230   -0.00344360485170   -0.00002816480309   -0.00132526570747  
  8.220000   -0.00575038711384   -0.00342054810316   -0.00002799833082   -0.00131389199583  
  8.230000   -0.00571068936149   -0.00339767805453   -0.00002779195352   -0.00130285517267  
  8.240000   -0.00567129968655   -0.00337498419079   -0.00002754510097   -0.00129215517778  
  8.250000   -0.00563219785111   -0.00335245529373   -0.00002725752850   -0.00128178930179  
  8.260000   -0.00559336284251   -0.00333007953621   -0.00002692931789   -0.00127175220696  
  8.270000   -0.00555477304645   -0.00330784458296   -0.00002656087516   -0.00126203597491  
  8.280000   -0.00551640642690   -0.00328573769693   -0.00002615292527   -0.00125263018084  
  8.290000   -0.00547824071151   -0.00326374585020   -0.00002570650370   -0.00124352199347  
  8.300000   -0.00544025358048   -0.00324185583841   -0.00002522294507   -0.00123469629976  
  8.310000   -0.00540242285740   -0.00322005439774   -0.00002470386897   -0.00122613585319  
  8.320000   -0.00536472670019   -0.00319832832312   -0.00002415116296   -0.00121782144416  
  8.330000   -0.00532714379028   -0.00317666458681   -0.00002356696314   -0.00120973209071  
  8.340000   -0.00528965351843   -0.00315505045606   -0.00002295363227   -0.00120184524782  
  8.350000   -0.00525223616525   -0.00313347360870   -0.00002231373590   -0.00119413703306  
  8.360000   -0.00521487307480   -0.00311192224564   -0.00002165001645   -0.00118658246641  
  8.370000   -0.00517754681952   -0.00309038519914   -0.00002096536581   -0.00117915572172  
  8.380000   -0.00514024135504   -0.00306885203579   -0.00002026279654   -0.00117183038750  
  8.390000   -0.00510294216307   -0.00304731315316   -0.00001954541195   -0.00116457973413  
  8.400000   -0.00506563638125   -0.00302575986916   -0.00001881637554   -0.00115737698498  
  8.410000   -0.00502831291850   -0.00300418450327   -0.00001807887990   -0.00115019558861  
  8.420000   -0.00499096255461   -0.00298258044870   -0.00001733611547   -0.00114300948925  
  8.430000   -0.00495357802325   -0.00296094223484   -0.00001659123955   -0.00113579339294  
  8.440000   -0.00491615407722   -0.00293926557923   -0.00001584734568   -0.00112852302638  
  8.450000   -0.00487868753549   -0.00291754742852   -0.00001510743390   -0.00112117538605  
  8.460000   -0.00484117731116   -0.00289578598804   -0.00001437438202   -0.00111372897489  
  8.470000   -0.00480362442016   -0.00287398073942   -0.00001365091835   -0.00110616402421  
  8.480000   -0.00476603197039   -0.00285213244618   -0.00001293959596   -0.00109846269836  
  8.490000   -0.00472840513112   -0.00283024314707   -0.00001224276892   -0.00109060928026  
  8.500000   -0.00469075108304   -0.00280831613712   -0.00001156257065   -0.00108259033563  
  8.510000   -0.00465307894900   -0.00278635593649   -0.00001090089462   -0.00107439485422  
  8.520000   -0.00461539970608   -0.00276436824737   -0.00001025937755   -0.00106601436673  
  8.530000   -0.00457772607973   -0.00274235989916   -0.00000963938540   -0.00105744303581  
  8.540000   -0.00454007242052   -0.00272033878243   -0.00000904200213   -0.00104867772045  
  8.550000   -0.00450245456488   -0.00269831377215   -0.00000846802143   -0.00103971801280  
  8.560000   -0.00446488968074   -0.00267629464085   -0.00000791794148   -0.00103056624709  
  8.570000   -0.00442739609938   -0.00265429196247   -0.00000739196282   -0.00102122748032  
  8.580000   -0.00438999313514   -0.00263231700762   -0.00000688998931   -0.00101170944498  
  8.590000   -0.00435270089429   -0.00261038163135   -0.00000641163212   -0.00100202247403  
  8.600000   -0.00431554007490   -0.00258849815430   -0.00000595621685   -0.00099217939894  
  8.610000   -0.00427853175953   -0.00256667923827   -0.00000552279356   -0.00098219542153  
  8.620000   -0.00424169720239   -0.00254493775747   -0.00000511014968   -0.00097208796110  
  8.630000   -0.00420505761306   -0.00252328666649   -0.00000471682568   -0.00096187647794  
  8.640000   -0.00416863393878   -0.00250173886628   -0.00000434113322   -0.00095158227529  
  8.650000   -0.00413244664705   -0.00248030706938   -0.00000398117583   -0.00094122828141  
  8.660000   -0.00409651551086   -0.00245900366556   -0.00000363487159   -0.00093083881397  
  8.670000   -0.00406085939834   -0.00243784058934   -0.00000329997790   -0.00092043932912  
  8.680000   -0.00402549606885   -0.00241682919047   -0.00000297411783   -0.00091005615767  
  8.690000   -0.00399044197755   -0.00239598010859   -0.00000265480796   -0.00089971623102  
  8.700000   -0.00395571209012   -0.00237530315355   -0.00000233948730   -0.00088944679952  
  8.710000   -0.00392131970964   -0.00235480719217   -0.00000202554711   -0.00087927514619  
  8.720000   -0.00388727631717   -0.00233450004290   -0.00000171036113   -0.00086922829853  
  8.730000   -0.00385359142772   -0.00231438837925   -0.00000139131622   -0.00085933274147  
  8.740000   -0.00382027246296   -0.00229447764304   -0.00000106584273   -0.00084961413430  
  8.750000   -0.00378732464210   -0.00227477196836   -0.00000073144458   -0.00084009703439  
  8.760000   -0.00375475089207   -0.00225527411700   -0.00000038572859   -0.00083080463071  
  8.770000   -0.00372255177796   -0.00223598542622   -0.00000002643280   -0.00082175848969  
  8.780000   -0.00369072545457   -0.00221690576924    0.00000034854649   -0.00081297831616  
  8.790000   -0.00365926763973   -0.00219803352911    0.00000074112930   -0.00080448173188  
  8.800000   -0.00362817160982   -0.00217936558633    0.00000115302834   -0.00079628407386  
  8.810000   -0.00359742821772   -0.00216089732031    0.00000158572754   -0.00078839821472  
  8.820000   -0.00356702593330   -0.00214262262503    0.00000204046281   -0.00078083440696  
  8.830000   -0.00353695090620   -0.00212453393868    0.00000251820542   -0.00077360015289  
  8.840000   -0.00350718705061   -0.00210662228732    0.00000301964793   -0.00076670010152  
  8.850000   -0.00347771615156   -0.00208887734218    0.00000354519313   -0.00076013597383  
  8.860000   -0.00344851799174   -0.00207128749025    0.00000409494581   -0.00075390651706  
  8.870000   -0.00341957049819   -0.00205383991773    0.00000466870764   -0.00074800748889  
  8.880000   -0.00339084990746   -0.00203652070551    0.00000526597516   -0.00074243167158  
  8.890000   -0.00336233094811   -0.00201931493616    0.00000588594095   -0.00073716891637  
  8.900000   -0.00333398703902   -0.00200220681145    0.00000652749787   -0.00073220621763  
  8.910000   -0.00330579050177   -0.00198517977934    0.00000718924652   -0.00072752781636  
  8.920000   -0.00327771278555   -0.00196821666965    0.00000786950563   -0.00072311533200  
  8.930000   -0.00324972470243   -0.00195129983700    0.00000856632552   -0.00071894792164  
  8.940000   -0.00322179667112   -0.00193441130992    0.00000927750432   -0.00071500246497  
  8.950000   -0.00319389896722   -0.00191753294483    0.00001000060689   -0.00071125377336  
  8.960000   -0.00316600197745   -0.00190064658354    0.00001073298626   -0.00070767482122  
  8.970000   -0.00313807645601   -0.00188373421288    0.00001147180730   -0.00070423699734  
  8.980000   -0.00311009378051   -0.00186677812501    0.00001221407256   -0.00070091037382  
  8.990000   -0.00308202620528   -0.00184976107704    0.00001295664981   -0.00069766399024  
  9.000000   -0.00305384710980   -0.00183266644843    0.00001369630120   -0.00069446614998  
  9.010000   -0.00302553123994   -0.00181547839476    0.00001442971365   -0.00069128472621  
  9.020000   -0.00299705493973   -0.00179818199652    0.00001515353022   -0.00068808747423  
  9.030000   -0.00296839637166   -0.00178076340143    0.00001586438210   -0.00068484234736  
  9.040000   -0.00293953572323   -0.00176320995894    0.00001655892097   -0.00068151781308  
  9.050000   -0.00291045539791   -0.00174551034573    0.00001723385136   -0.00067808316647  
  9.060000   -0.00288114018867   -0.00172765468094    0.00001788596271   -0.00067450883766  
  9.070000   -0.00285157743219   -0.00170963462989    0.00001851216076   -0.00067076669026  
  9.080000   -0.00282175714236   -0.00169144349544    0.00001910949805   -0.00066683030793  
  9.090000   -0.00279167212164   -0.00167307629585    0.00001967520317   -0.00066267526582  
  9.100000   -0.00276131804892   -0.00165452982844    0.00002020670841   -0.00065827938452  
  9.110000   -0.00273069354308   -0.00163580271827    0.00002070167563   -0.00065362296353  
  9.120000   -0.00269980020124   -0.00161689545127    0.00002115802001   -0.00064868899208  
  9.130000   -0.00266864261118   -0.00159781039129    0.00002157393153   -0.00064346333490  
  9.140000   -0.00263722833755   -0.00157855178091    0.00002194789375   -0.00063793489099  
  9.150000   -0.00260556788172   -0.00155912572564    0.00002227870000   -0.00063209572372  
  9.160000   -0.00257367461518   -0.00153954016157    0.00002256546652   -0.00062594116058  
  9.170000   -0.00254156468707   -0.00151980480658    0.00002280764257   -0.00061946986165  
  9.180000   -0.00250925690613   -0.00149993109533    0.00002300501735   -0.00061268385563  
  9.190000   -0.00247677259786   -0.00147993209839    0.00002315772366   -0.00060558854305  
  9.200000   -0.00244413543800   -0.00145982242620    0.00002326623819   -0.00059819266623  
  9.210000   -0.00241137126330   -0.00143961811826    0.00002333137852   -0.00059050824616  
  9.220000   -0.00237850786117   -0.00141933651866    0.00002335429677   -0.00058255048653  
  9.230000   -0.00234557473966   -0.00139899613866    0.00002333646994   -0.00057433764581  
  9.240000   -0.00231260287964   -0.00137861650746    0.00002327968709   -0.00056589087808  
  9.250000   -0.00227962447099   -0.00135821801237    0.00002318603336   -0.00055723404420  
  9.260000   -0.00224667263502   -0.00133782172949    0.00002305787107   -0.00054839349474  
  9.270000   -0.00221378113532   -0.00131744924648    0.00002289781806   -0.00053939782664  
  9.280000   -0.00218098407927   -0.00129712247866    0.00002270872334   -0.00053027761567  
  9.290000   -0.00214831561287   -0.00127686348003    0.00002249364046   -0.00052106512717  
  9.300000   -0.00211580961120   -0.00125669425083    0.00002225579870   -0.00051179400762  
  9.310000   -0.00208349936724   -0.00123663654308    0.00002199857243   -0.00050249895982  
  9.320000   -0.00205141728159   -0.00121671166598    0.00002172544887   -0.00049321540481  
  9.330000   -0.00201959455578   -0.00119694029259    0.00002143999463   -0.00048397913346  
  9.340000   -0.00198806089180   -0.00117734226957    0.00002114582121   -0.00047482595118  
  9.350000   -0.00195684420029   -0.00115793643156    0.00002084654999   -0.00046579131887  
  9.360000   -0.00192597032025   -0.00113874042194    0.00002054577682   -0.00045690999373  
  9.370000   -0.00189546275233   -0.00111977052129    0.00002024703670   -0.00044821567312  
  9.380000   -0.00186534240843   -0.00110104148532    0.00001995376889   -0.00043974064507  
  9.390000   -0.00183562737951   -0.00108256639357    0.00001966928265   -0.00043151544859  
  9.400000   -0.00180633272395   -0.00106435651017    0.00001939672410   -0.00042356854724  
  9.410000   -0.00177747027810   -0.00104642115801    0.00001913904440   -0.00041592601899  
  9.420000   -0.00174904849080   -0.00102876760732    0.00001889896967   -0.00040861126542  
  9.430000   -0.00172107228319   -0.00101140097957    0.00001867897285   -0.00040164474313  
  9.440000   -0.00169354293475   -0.00099432416742    0.00001848124776   -0.00039504371987  
  9.450000   -0.00166645799637   -0.00097753777125    0.00001830768577   -0.00038882205780  
  9.460000   -0.00163981123025   -0.00096104005228    0.00001815985504   -0.00038299002581  
  9.470000   -0.00161359257636   -0.00094482690219    0.00001803898282   -0.00037755414262  
  9.480000   -0.00158778814387   -0.00092889182844    0.00001794594069   -0.00037251705174  
  9.490000   -0.00156238022525   -0.00091322595408    0.00001788123301   -0.00036787742912  
  9.500000   -0.00153734732932   -0.00089781802981    0.00001784498866   -0.00036362992331  
  9.510000   -0.00151266422797   -0.00088265445546    0.00001783695597   -0.00035976512770  
  9.520000   -0.00148830200917   -0.00086771930668    0.00001785650079   -0.00035626958296  
  9.530000   -0.00146422812687   -0.00085299436118    0.00001790260765   -0.00035312580731  
  9.540000   -0.00144040643512   -0.00083845911768    0.00001797388370   -0.00035031235049  
  9.550000   -0.00141679719141   -0.00082409079846    0.00001806856500   -0.00034780386623  
  9.560000   -0.00139335701028   -0.00080986432502    0.00001818452481   -0.00034557119627  
  9.570000   -0.00137003874595   -0.00079575225430    0.00001831928316   -0.00034358145722  
  9.580000   -0.00134679127970   -0.00078172466157    0.00001847001690   -0.00034179811985  
  9.590000   -0.00132355918684   -0.00076774895557    0.00001863356942   -0.00034018106896  
  9.600000   -0.00130028225883   -0.00075378961165    0.00001880645879   -0.00033868663071  
  9.610000   -0.00127689486002   -0.00073980781119    0.00001898488339   -0.00033726755437  
  9.620000   -0.00125332510702   -0.00072576098020    0.00001916472381   -0.00033587293626  
  9.630000   -0.00122949387240   -0.00071160222808    0.00001934154008   -0.00033444807734  
  9.640000   -0.00120531363537   -0.00069727969945    0.00001951056373   -0.00033293427131  
  9.650000   -0.00118068723080   -0.00068273586837    0.00001966668455   -0.00033126852977  
  9.660000   -0.00115550658449   -0.00066790682540    0.00001980443312   -0.00032938326379  
  9.670000   -0.00112965156668   -0.00065272163317    0.00001991796123   -0.00032720595891  
  9.680000   -0.00110298914547   -0.00063710185479    0.00002000102402   -0.00032465890157  
  9.690000   -0.00107537307308   -0.00062096138875    0.00002004696946   -0.00032165903934  
  9.700000   -0.00104664438542   -0.00060420677162    0.00002004874308   -0.00031811808292  
  9.710000   -0.00101663303178   -0.00058673813052    0.00001999891751   -0.00031394298127  
  9.720000   -0.00098516096750   -0.00056845097702    0.00001988975845   -0.00030903691971  
  9.730000   -0.00095204702802   -0.00054923902570    0.00001971333954   -0.00030330099836  
  9.740000   -0.00091711384764   -0.00052899818935    0.00001946171828   -0.00029663674025  
  9.750000   -0.00088019698303   -0.00050763184330    0.00001912718372   -0.00028894954922  
  9.760000   -0.00084115624323   -0.00048505736074    0.00001870258259   -0.00028015318328  
  9.770000   -0.00079988901740   -0.00046121379957    0.00001818172486   -0.00027017522670  
  9.780000   -0.00075634513401   -0.00043607047318    0.00001755986133   -0.00025896343495  
  9.790000   -0.00071054249802   -0.00040963597215    0.00001683421579   -0.00024649269528  
  9.800000   -0.00066258246045   -0.00038196703513    0.00001600454297   -0.00023277220186  
  9.810000   -0.00061266361019   -0.00035317651444    0.00001507367193   -0.00021785230219  
  9.820000   -0.00056109247991   -0.00032343956711    0.00001404798422   -0.00020183035003  
  9.830000   -0.00050828956714   -0.00029299714919    0.00001293776902   -0.00018485481890  
  9.840000   -0.00045478912554   -0.00026215592107    0.00001175739466   -0.00016712691213  
  9.850000   -0.00040123140718   -0.00023128380142    0.00001052523971   -0.00014889896688  
  9.860000   -0.00034834644847   -0.00020080064373    0.00000926333758   -0.00013046910296  
  9.870000   -0.00029692908042   -0.00017116384838    0.00000799670701   -0.00011217181375  
  9.880000   -0.00024780557751   -0.00014284914626    0.00000675236616   -0.00009436452673  
  9.890000   -0.00020179318218   -0.00011632726456    0.00000555805826   -0.00007741054995  
  9.900000   -0.00015965457558   -0.00009203766725    0.00000444074958   -0.00006165923418  
  9.910000   -0.00012205011929   -0.00007036099879    0.00000342499195   -0.00004742457175  
  9.920000   -0.00008949127029   -0.00005159219394    0.00000253126821   -0.00003496377291  
  9.930000   -0.00006229888480   -0.00003591639887    0.00000177445589   -0.00002445756108  
  9.940000   -0.00004057010800   -0.00002338983887    0.00000116254927   -0.00001599397012  
  9.950000   -0.00002415716176   -0.00001392754715    0.00000069576988   -0.00000955728621  
  9.960000   -0.00001266059573   -0.00000729943815    0.00000036617095   -0.00000502345161  
  9.970000   -0.00000543850889   -0.00000313559829    0.00000015780335   -0.00000216275730  
  9.980000   -0.00000163196860   -0.00000094092768    0.00000004746268   -0.00000065003960  
  9.990000   -0.00000020547686   -0.00000011847036    0.00000000598419   -0.00000008192398  
 10.000000    0.00000000000000   -0.00000000000000    0.00000000000000    0.00000000000000  
