0	2.912060181805854
1	2.5048449631771517
2	2.207768155193982
3	1.960170432852891
4	1.74642622435639
5	1.5600450802536425
6	1.3953477135662955
7	1.248096611115119
8	1.1155263360185832
9	0.9960530992103369
10	0.8888610220109279
11	0.7934928300395442
12	0.7095350323978298
13	0.6363735602587437
14	0.5730444937736755
15	0.5182686626415185
16	0.470656026359574
17	0.42893611086306055
18	0.39207247299638703
19	0.3592449484429179
20	0.3297841545153601
21	0.30313077009033484
22	0.2788297379409035
23	0.25652987059863097
24	0.2359699467042582
25	0.21695568729434794
26	0.19933803023836566
27	0.18299592157578032
28	0.16782337271480202
29	0.15372365887683417
30	0.1406118843437645
31	0.12842052721788813
32	0.11710035838855548
33	0.10661532632130855
34	0.09693604842773806
35	0.08803542117639407
36	0.0798853515438693
37	0.07245292337802835
38	0.06569755307995219
39	0.05957190477956158
40	0.0540264578314146
41	0.049014423546053384
42	0.04449404834606994
43	0.04042812392774581
44	0.03678211638711097
45	0.03352186104191695
46	0.030611243126097094
47	0.02801080917709129
48	0.025678453690724325
49	0.02357211591547015
50	0.021653028896089166
51	0.01988815597939374
52	0.01825163036699261
53	0.016725539951300737
54	0.015299842088432746
55	0.013970838756075958
56	0.012738343599833916
57	0.011602575823330352
58	0.010561811418436777
59	0.009611149973570775
60	0.00874236276532872
61	0.007944814097265418
62	0.0072072934229385
63	0.006520154599014083
64	0.005876999292590336
65	0.005275489212595103
66	0.0047172396644669734
67	0.004206800726057523
68	0.00374980330360745
69	0.0033507300275955982
70	0.003011098740628373
71	0.0027286473204292633
72	0.0024975646935285005
73	0.002309462931865834
74	0.002154757923772766
75	0.0020241493331650245
76	0.001909865555476391
77	0.0018064197876097878
78	0.0017108151963876833
79	0.0016222570395469792
80	0.0015414515769544236
81	0.001469652141855062
82	0.0014077531937880124
83	0.001355735577802388
84	0.0013125709369142967
85	0.0012764882647292074
86	0.0012454374792131462
87	0.0012175923265098905
88	0.0011917365752184442
89	0.0011674145684096263
90	0.0011448321308208513
91	0.0011245896749380875
92	0.0011073522471605252
93	0.001093549971175545
94	0.0010831950434948042
95	0.0010758648715276005
96	0.0010708251956810743
97	0.0010672172025225392
98	0.0010642456145242615
99	0.0010613322989444104
100	0.001058202554692407
101	0.0010548776723272738
102	0.0010515815704723287
103	0.001048602133363752
104	0.0010461544937970667
105	0.0010442871397969929
106	0.0010428598996707144
107	0.0010415947778441375
108	0.0010401678281565562
109	0.001038301852718266
110	0.0010358347005265467
111	0.0010327509316164283
112	0.0010291710439789673
113	0.0010253049097771237
114	0.0010213898615257417
115	0.001017634890009488
116	0.0010141839802665028
117	0.0010111043991878233
118	0.0010083986414223924
119	0.0010060300062007732
120	0.0010039490313542665
121	0.0010021132664730413
122	0.0010004975480733351
123	0.0009990933291482264
124	0.000997899137719015
125	0.0009969089106088742
126	0.0009961045662702141
127	0.00099545490524085
128	0.0009949201409282442
129	0.0009944600296027818
130	0.00099404206198804
131	0.0009936464603150748
132	0.000993267108933425
133	0.0009929089839071192
134	0.000992582836196465
135	0.0009922989303197502
136	0.0009920625391264882
137	0.0009918726075169794
138	0.0009917230073569405
139	0.0009916051714158143
140	0.000991510938460578
141	0.0009914344629028261
142	0.0009913726805898001
143	0.0009913246932907575
144	0.0009912905669498917
145	0.0009912699414713411
146	0.0009912610948391474
147	0.0009912609500842486
148	0.000991265783347382
149	0.0009912720539971523
150	0.0009912770138666871
151	0.0009912789336522974
152	0.0009912769123415642
153	0.0009912704943002106
154	0.0009912593705672188
155	0.000991243245997993
156	0.0009912218887031046
157	0.0009911953712858038
158	0.0009911643467340413
159	0.0009911301334771761
160	0.0009910945589783505
161	0.0009910596401268242
162	0.0009910271808000679
163	0.0009909984088004953
164	0.0009909737940157648
165	0.000990953096243426
166	0.00099093560617813
167	0.0009909204991377484
168	0.0009909071543695853
169	0.0009908952969891417
170	0.0009908849470215842
171	0.0009908762593123755
172	0.000990869340681666
173	0.000990864117221078
174	0.0009908603019118734
175	0.0009908574575629866
176	0.0009908551150446963
177	0.0009908529025948437
178	0.0009908506333603441
179	0.000990848312703592
180	0.0009908460764316686
181	0.0009908440994440193
182	0.00099084250927411
183	0.0009908413345179545
184	0.000990840505667677
185	0.0009908398972502763
186	0.000990839384248299
187	0.0009908388878945905
188	0.000990838392298986
189	0.0009908379292679025
190	0.0009908375468240392
191	0.0009908372779819123
192	0.0009908371196142968
193	0.0009908370294619054
194	0.0009908369426494662
195	0.0009908367977574076
196	0.0009908365594585638
197	0.000990836228444182
198	0.0009908358354745522
199	0.0009908354250806242
200	0.00099083503851706
201	0.0009908347017918504
202	0.0009908344211154397
203	0.0009908341864237676
204	0.0009908339799953756
205	0.0009908337852448151
206	0.0009908335925071497
207	0.00099083340045112
208	0.000990833213560108
209	0.0009908330380247084
210	0.0009908328782441188
211	0.000990832735005994
212	0.0009908326060544996
213	0.0009908324884136887
214	0.0009908323804936742
215	0.0009908322827437686
216	0.000990832196936302
217	0.0009908321247362256
218	0.0009908320664876794
219	0.0009908320208604493
220	0.0009908319852639787
221	0.0009908319567583034
222	0.0009908319330888008
223	0.0009908319132347558
224	0.0009908318972184017
225	0.000990831885508185
226	0.0009908318783787488
227	0.0009908318754891171
228	0.0009908318758330018
229	0.0009908318779960183
230	0.0009908318805594862
231	0.0009908318824909772
232	0.0009908318833083745
233	0.0009908318829493295
234	0.0009908318815119621
235	0.0009908318790584046
236	0.0009908318755421231
237	0.0009908318708888584
238	0.0009908318651451358
239	0.000990831858573084
240	0.00099083185163309
241	0.0009908318448505911
242	0.0009908318386273288
243	0.0009908318331321813
244	0.0009908318283014558
245	0.0009908318239284421
246	0.0009908318197939005
247	0.0009908318157854292
248	0.0009908318119445545
249	0.0009908318084343114
250	0.0009908318054426713
251	0.0009908318030798233
252	0.0009908318013298989
253	0.0009908318000656274
254	0.000990831799108093
255	0.0009908317982995239
256	0.0009908317975506845
257	0.0009908317968516007
258	0.0009908317962436138
259	0.0009908317957756365
260	0.0009908317954673118
261	0.0009908317952961243
262	0.0009908317952112122
263	0.0009908317951607558
264	0.000990831795110776
265	0.0009908317950574088
266	0.0009908317950164426
267	0.0009908317950049598
268	0.0009908317950248517
269	0.000990831795059155
270	0.000990831795078844
271	0.0009908317950578097
272	0.000990831794980116
273	0.0009908317948469356
274	0.000990831794674958
275	0.0009908317944878078
276	0.0009908317943063782
277	0.0009908317941410888
278	0.0009908317939944175
279	0.0009908317938602472
280	0.000990831793734681
281	0.0009908317936161857
282	0.000990831793506481
283	0.0009908317934110475
284	0.000990831793333416
285	0.0009908317932737058
286	0.0009908317932308252
287	0.0009908317931994262
288	0.0009908317931758234
289	0.0009908317931565575
290	0.0009908317931397316
291	0.0009908317931252818
292	0.0009908317931133467
293	0.0009908317931020965
294	0.0009908317930918823
295	0.0009908317930810205
296	0.0009908317930690377
297	0.0009908317930575855
298	0.000990831793046505
299	0.0009908317930372266
300	0.000990831793029812
301	0.0009908317930244666
302	0.000990831793020482
303	0.0009908317930180479
304	0.0009908317930156143
305	0.0009908317930138143
306	0.0009908317930131065
307	0.0009908317930123966
308	0.000990831793012228
309	0.0009908317930118079
310	0.0009908317930112443
311	0.0009908317930098641
312	0.0009908317930081526
313	0.0009908317930058853
314	0.0009908317930026698
315	0.0009908317930000378
316	0.0009908317929973977
317	0.0009908317929943598
318	0.000990831792991408
319	0.0009908317929890433
320	0.0009908317929859143
321	0.0009908317929838812
322	0.0009908317929816877
323	0.000990831792981264
324	0.00099083179298009
325	0.0009908317929797062
326	0.0009908317929795268
327	0.0009908317929791075
328	0.0009908317929786283
329	0.000990831792978608
330	0.0009908317929783503
331	0.000990831792978291
332	0.0009908317929780562
333	0.0009908317929780057
334	0.000990831792978152
335	0.0009908317929782757
336	0.0009908317929782924
337	0.0009908317929780699
338	0.0009908317929782796
339	0.0009908317929779218
340	0.0009908317929778073
341	0.000990831792977552
342	0.0009908317929776453
343	0.000990831792977662
344	0.0009908317929773678
345	0.000990831792977735
346	0.0009908317929773387
347	0.0009908317929773086
348	0.0009908317929771657
349	0.0009908317929773517
350	0.000990831792977242
351	0.0009908317929768094
352	0.0009908317929768723
353	0.0009908317929767305
354	0.0009908317929766717
355	0.0009908317929767233
356	0.0009908317929767318
357	0.000990831792976413
358	0.0009908317929765965
359	0.0009908317929763577
360	0.0009908317929767391
361	0.0009908317929765672
362	0.000990831792976826
363	0.0009908317929765258
364	0.0009908317929763996
365	0.0009908317929766867
366	0.0009908317929764902
367	0.0009908317929766346
368	0.0009908317929766296
369	0.000990831792976564
370	0.000990831792976639
371	0.000990831792976812
372	0.0009908317929770672
373	0.0009908317929765466
374	0.0009908317929764273
375	0.0009908317929766732
376	0.0009908317929764813
377	0.0009908317929768614
378	0.0009908317929766116
379	0.000990831792976669
380	0.000990831792976486
381	0.0009908317929764262
382	0.0009908317929765544
383	0.0009908317929763638
384	0.0009908317929764568
385	0.0009908317929766737
386	0.000990831792976762
387	0.0009908317929764885
388	0.0009908317929765262
389	0.000990831792976782
390	0.000990831792976419
391	0.0009908317929764113
392	0.0009908317929765457
393	0.0009908317929764468
394	0.0009908317929768714
395	0.0009908317929765028
396	0.0009908317929764637
397	0.0009908317929765694
398	0.0009908317929768428
399	0.0009908317929767916
400	0.000990831792976462
401	0.0009908317929763423
402	0.000990831792976499
403	0.0009908317929764464
404	0.0009908317929766914
405	0.0009908317929765518
406	0.0009908317929766168
407	0.000990831792976473
408	0.0009908317929765234
409	0.0009908317929762818
410	0.0009908317929768328
411	0.0009908317929764232
412	0.0009908317929766828
413	0.000990831792976282
414	0.0009908317929765108
415	0.0009908317929766092
416	0.0009908317929766713
417	0.0009908317929766494
418	0.000990831792976683
419	0.0009908317929763293
420	0.0009908317929766218
421	0.0009908317929764512
422	0.0009908317929766828
423	0.0009908317929769235
424	0.0009908317929767244
425	0.0009908317929768961
426	0.0009908317929765188
427	0.0009908317929761918
428	0.0009908317929760077
429	0.0009908317929763347
430	0.0009908317929762584
431	0.0009908317929765173
432	0.0009908317929763833
433	0.0009908317929764319
434	0.0009908317929766262
435	0.000990831792976728
436	0.00099083179297655
437	0.0009908317929764778
438	0.0009908317929766786
439	0.0009908317929764067
440	0.00099083179297656
441	0.0009908317929766392
442	0.000990831792976832
443	0.00099083179297646
444	0.0009908317929764184
445	0.0009908317929765488
446	0.000990831792976677
447	0.0009908317929765715
448	0.000990831792976146
449	0.0009908317929767814
450	0.0009908317929764464
451	0.0009908317929765151
452	0.000990831792976608
453	0.0009908317929765897
454	0.0009908317929765117
455	0.0009908317929768413
456	0.0009908317929763222
457	0.0009908317929764928
458	0.000990831792976531
459	0.000990831792976537
460	0.0009908317929767628
461	0.0009908317929766934
462	0.0009908317929766628
463	0.0009908317929767086
464	0.0009908317929765843
465	0.0009908317929765988
466	0.0009908317929764646
467	0.0009908317929763536
468	0.0009908317929765852
469	0.000990831792976588
470	0.000990831792976297
471	0.0009908317929768768
472	0.0009908317929763818
473	0.0009908317929765338
474	0.0009908317929765704
475	0.0009908317929764549
476	0.000990831792977036
477	0.0009908317929768775
478	0.0009908317929765494
479	0.0009908317929767899
