0	0.00559545720967665
1	0.004832647023895812
2	0.0043292174019230615
3	0.0039410484089583905
4	0.0036202211764697406
5	0.0033508971446152046
6	0.0031247602796313895
7	0.0029352551054661665
8	0.002776776231767672
9	0.002645006286180658
10	0.0025359026042331783
11	0.0024449234523716773
12	0.002367214887969105
13	0.0022982785372356236
14	0.002234550621216004
15	0.002173583127829192
16	0.002113899287903024
17	0.0020547476974757703
18	0.001995878872502178
19	0.001937306679850295
20	0.00187907901290275
21	0.0018211240829780523
22	0.0017632110921286881
23	0.0017050363554252745
24	0.0016463605565952258
25	0.00158714344359911
26	0.0015276608187614817
27	0.0014685294244532801
28	0.0014105908623238163
29	0.0013546926567466193
30	0.001301477587592332
31	0.0012513131046237565
32	0.001204383193818595
33	0.001160841637065236
34	0.0011209091632715443
35	0.001084863408466456
36	0.001052976959291455
37	0.0010254818244579689
38	0.0010025261421723003
39	0.0009839741989670495
40	0.0009690224986069469
41	0.000956187258143827
42	0.0009441896814703066
43	0.0009328195241644022
44	0.0009228711954475509
45	0.0009154600673392093
46	0.0009111013296707922
47	0.0009091161913386503
48	0.0009081459263171575
49	0.000907093488498267
50	0.0009055575966703222
51	0.0009036062118479243
52	0.0009013822052056674
53	0.0008989493301131636
54	0.0008963752593219204
55	0.0008938421989043861
56	0.0008916064584576299
57	0.0008898218369024978
58	0.0008883958178772096
59	0.0008870355246946227
60	0.0008854678618918174
61	0.0008836289951320679
62	0.0008816632452400364
63	0.0008797936084587589
64	0.0008782114214958751
65	0.0008770360185716415
66	0.0008762933610420595
67	0.0008758807440817417
68	0.0008755814638389417
69	0.0008751758735989879
70	0.0008745590838595672
71	0.0008737562216853832
72	0.0008728537901373846
73	0.0008719339234265575
74	0.0008710575503779283
75	0.000870270399651292
76	0.0008695916621781519
77	0.0008690073782136466
78	0.0008684922451033318
79	0.0008680250098202422
80	0.0008675791162927132
81	0.000867117614042688
82	0.0008666110763810613
83	0.0008660582084560912
84	0.0008654811363227983
85	0.0008649020634922094
86	0.0008643308925482943
87	0.0008637711837195126
88	0.0008632258488450667
89	0.0008626936199124197
90	0.0008621671541371002
91	0.0008616404629876724
92	0.0008611174720457632
93	0.0008606086095241089
94	0.00086011864783389
95	0.0008596435590934422
96	0.0008591778172737435
97	0.0008587185990157366
98	0.0008582642631431015
99	0.0008578127050211091
100	0.0008573626016302447
101	0.0008569145808394076
102	0.0008564705007485889
103	0.000856033767287166
104	0.000855609104412801
105	0.0008551998576393835
106	0.0008548053218781498
107	0.0008544214896293807
108	0.0008540446883780028
109	0.0008536738098061028
110	0.0008533106208935924
111	0.0008529588096180571
112	0.0008526214607995414
113	0.0008522988862934997
114	0.0008519893679284483
115	0.0008516914095038469
116	0.0008514043457888134
117	0.0008511277905833997
118	0.0008508618437040115
119	0.0008506075143343505
120	0.0008503658958213879
121	0.0008501373745685662
122	0.0008499219345387478
123	0.0008497193123676377
124	0.0008495286395847373
125	0.0008493489365591856
126	0.0008491797980975605
127	0.0008490211320984318
128	0.0008488727558998647
129	0.0008487345944936526
130	0.0008486066436498122
131	0.0008484885650859879
132	0.000848379750388795
133	0.0008482796161507513
134	0.0008481876305692083
135	0.0008481034105139731
136	0.0008480267571454893
137	0.0008479573395518791
138	0.000847894569331447
139	0.0008478378229212968
140	0.0008477866062449886
141	0.0008477405466735993
142	0.0008476993390534172
143	0.0008476626244046307
144	0.0008476299567833975
145	0.0008476008965148415
146	0.0008475750577311575
147	0.0008475521218051673
148	0.0008475318786045774
149	0.0008475141418022517
150	0.0008474986509273846
151	0.0008474850982641328
152	0.0008474732045402483
153	0.0008474627586677672
154	0.0008474536238226661
155	0.0008474456935526251
156	0.0008474388308443262
157	0.0008474328819574106
158	0.0008474277163853551
159	0.0008474232186491024
160	0.0008474192978313731
161	0.000847415904326038
162	0.0008474129882861879
163	0.0008474104771164614
164	0.0008474082999783797
165	0.0008474063951883225
166	0.0008474047168755826
167	0.0008474032427098537
168	0.0008474019473702036
169	0.0008474007965151408
170	0.0008473997654661281
171	0.0008473988379081907
172	0.0008473980031685985
173	0.0008473972542915032
174	0.0008473965776652
175	0.0008473959581143504
176	0.0008473953865679832
177	0.0008473948571593031
178	0.0008473943704980649
179	0.0008473939292133856
180	0.0008473935306767686
181	0.0008473931702038343
182	0.0008473928402448356
183	0.0008473925333341866
184	0.00084739224938945
185	0.0008473919910230066
186	0.0008473917587013101
187	0.000847391551884879
188	0.0008473913674109342
189	0.0008473912013428325
190	0.0008473910520933556
191	0.0008473909186761709
192	0.000847390800289089
193	0.0008473906962513652
194	0.0008473906049938767
195	0.000847390525048758
196	0.0008473904554574904
197	0.0008473903953877123
198	0.0008473903439632812
199	0.0008473902999521722
200	0.0008473902622907677
201	0.0008473902302039542
202	0.0008473902027766
203	0.0008473901794579717
204	0.0008473901598740968
205	0.0008473901433753805
206	0.000847390129456931
207	0.0008473901176951967
208	0.0008473901076533347
209	0.0008473900991631874
210	0.0008473900920821842
211	0.0008473900861722711
212	0.0008473900812300948
213	0.0008473900769767816
214	0.0008473900731671791
215	0.0008473900697532424
216	0.0008473900667670839
217	0.00084739006422868
218	0.0008473900620526634
219	0.0008473900601027326
220	0.000847390058298656
221	0.0008473900565940481
222	0.00084739005498141
223	0.0008473900534427646
224	0.0008473900519237892
225	0.0008473900504172431
226	0.0008473900489278058
227	0.0008473900474549679
228	0.0008473900460201605
229	0.000847390044611197
230	0.0008473900432088489
231	0.0008473900418116102
232	0.0008473900404266035
233	0.0008473900390757551
234	0.0008473900377633347
235	0.0008473900364697775
236	0.0008473900351941807
237	0.0008473900339419806
238	0.0008473900327338636
239	0.0008473900315845443
240	0.0008473900304984371
241	0.0008473900294767899
242	0.0008473900285041554
243	0.0008473900275822667
244	0.0008473900267116183
245	0.0008473900259031802
246	0.0008473900251592345
247	0.0008473900244742516
248	0.0008473900238455788
249	0.0008473900232706553
250	0.0008473900227541651
251	0.0008473900222867539
252	0.000847390021874087
253	0.0008473900215019086
254	0.0008473900211748495
255	0.0008473900208870916
256	0.0008473900206351826
257	0.0008473900204192693
258	0.0008473900202342279
259	0.0008473900200760178
260	0.0008473900199412209
261	0.0008473900198292558
262	0.0008473900197388479
263	0.0008473900196661762
264	0.0008473900196061841
265	0.0008473900195577218
266	0.0008473900195211918
267	0.0008473900194944751
268	0.0008473900194763248
269	0.0008473900194625974
270	0.0008473900194551873
271	0.0008473900194511854
272	0.0008473900194490982
273	0.0008473900194495446
274	0.0008473900194528784
275	0.0008473900194563848
276	0.0008473900194583392
277	0.0008473900194614116
278	0.0008473900194657969
279	0.0008473900194688467
280	0.0008473900194690446
281	0.000847390019471377
282	0.0008473900194729367
283	0.000847390019471969
284	0.0008473900194733134
285	0.0008473900194722915
286	0.0008473900194693583
287	0.0008473900194675524
288	0.0008473900194655938
289	0.000847390019463219
290	0.0008473900194615381
291	0.0008473900194589369
292	0.0008473900194563503
293	0.0008473900194539462
294	0.0008473900194505684
295	0.0008473900194460979
296	0.000847390019444998
297	0.0008473900194431504
298	0.000847390019439671
299	0.0008473900194386681
300	0.0008473900194363972
301	0.0008473900194348958
302	0.000847390019433125
303	0.000847390019432818
304	0.0008473900194298495
305	0.0008473900194297234
306	0.0008473900194272725
307	0.000847390019425737
308	0.000847390019425714
309	0.0008473900194242395
310	0.0008473900194228398
311	0.000847390019422935
312	0.0008473900194226423
313	0.0008473900194234575
314	0.0008473900194219384
315	0.0008473900194232204
316	0.0008473900194224694
317	0.0008473900194213862
318	0.0008473900194208387
319	0.0008473900194208095
320	0.0008473900194198469
321	0.0008473900194209869
322	0.0008473900194204085
323	0.0008473900194216369
324	0.0008473900194191238
325	0.00084739001942155
326	0.0008473900194201118
327	0.0008473900194204737
328	0.0008473900194199955
329	0.0008473900194193886
330	0.0008473900194210237
331	0.0008473900194207912
332	0.0008473900194220965
333	0.0008473900194188522
334	0.0008473900194194944
335	0.0008473900194200766
336	0.0008473900194206705
337	0.0008473900194198318
338	0.0008473900194210796
339	0.0008473900194200314
340	0.0008473900194191077
341	0.0008473900194199247
342	0.0008473900194184167
343	0.0008473900194196886
344	0.0008473900194187884
345	0.0008473900194190766
346	0.0008473900194202906
347	0.0008473900194194699
348	0.0008473900194198268
349	0.0008473900194194943
350	0.0008473900194183519
351	0.0008473900194202412
352	0.000847390019420038
353	0.0008473900194187306
354	0.0008473900194200461
355	0.0008473900194193711
356	0.0008473900194194176
357	0.0008473900194197489
358	0.0008473900194189495
359	0.0008473900194194111
360	0.0008473900194189027
361	0.0008473900194188708
362	0.0008473900194191234
363	0.0008473900194201324
364	0.0008473900194192717
365	0.0008473900194189096
366	0.0008473900194195986
367	0.0008473900194205194
368	0.0008473900194196536
369	0.000847390019420996
370	0.0008473900194202164
371	0.0008473900194203946
372	0.0008473900194212646
373	0.0008473900194190142
374	0.0008473900194188195
375	0.000847390019419463
376	0.0008473900194196702
377	0.0008473900194202107
378	0.0008473900194194606
379	0.0008473900194183344
380	0.0008473900194200046
381	0.0008473900194192688
382	0.0008473900194200639
383	0.0008473900194200653
384	0.0008473900194192991
385	0.0008473900194203027
386	0.0008473900194196506
387	0.0008473900194191787
388	0.0008473900194182741
389	0.0008473900194186432
390	0.0008473900194181671
391	0.0008473900194193376
392	0.0008473900194201095
393	0.0008473900194197997
394	0.0008473900194195922
395	0.0008473900194201844
396	0.0008473900194198859
397	0.0008473900194187992
398	0.0008473900194202704
399	0.0008473900194204218
400	0.0008473900194182377
401	0.000847390019419894
402	0.0008473900194206379
403	0.0008473900194180508
404	0.0008473900194187248
405	0.0008473900194193737
406	0.0008473900194197068
407	0.000847390019419911
408	0.0008473900194199666
409	0.0008473900194187623
410	0.0008473900194178284
411	0.0008473900194203502
412	0.000847390019420422
413	0.0008473900194200533
414	0.0008473900194185644
415	0.0008473900194195365
416	0.000847390019420227
417	0.0008473900194194221
418	0.0008473900194187807
419	0.0008473900194198622
420	0.0008473900194188596
421	0.0008473900194192342
422	0.0008473900194205163
423	0.0008473900194212972
424	0.0008473900194205889
425	0.0008473900194197833
426	0.0008473900194204643
427	0.0008473900194194503
428	0.0008473900194194307
429	0.0008473900194202351
430	0.0008473900194187144
431	0.0008473900194197469
432	0.0008473900194221813
433	0.0008473900194233616
434	0.0008473900194261234
435	0.0008473900194377893
436	0.0008473900194633521
437	0.0008473900195262957
438	0.0008473900196839308
439	0.0008473900200846517
440	0.0008473900211050803
441	0.0008473900237435116
442	0.0008473900306314989
443	0.0008473900488147074
444	0.0008473900972959961
445	0.0008473902277780672
446	0.000847390581569811
447	0.0008473915430560417
448	0.0008473941271670557
449	0.0008474007471443037
450	0.0008474153994283431
451	0.0008474367283035519
452	0.0008474409635732867
453	0.0008474129643750942
454	0.0008474020595879085
455	0.0008474213093556363
456	0.0008474148301660046
457	0.0008473914269809475
458	0.0008474014434901438
459	0.0008474119777805057
460	0.0008473980388298226
461	0.0008473986688708225
