0	5.4230506652318615
1	4.5122691349742245
2	3.738200422914847
3	3.123376206188233
4	2.646366356492173
5	2.2815936689267335
6	2.004130860175751
7	1.7921059610994754
8	1.6279219495587718
9	1.4982710296543797
10	1.393513597838539
11	1.3068372090050124
12	1.23345101506515
13	1.1699512389500057
14	1.1138742366822634
15	1.0634010808234586
16	1.0171697566844635
17	0.9741566626949867
18	0.9335988447111029
19	0.8949387312439099
20	0.8577809971910255
21	0.8218562012299032
22	0.7869892098508156
23	0.753072539098167
24	0.7200453434884462
25	0.6878781032195872
26	0.6565620500112296
27	0.6261018923027255
28	0.5965106199919756
29	0.5678056972217729
30	0.5400063545225726
31	0.5131318114805308
32	0.48720019382354923
33	0.4622278219714061
34	0.43822854845654224
35	0.4152129293203069
36	0.39318719116166073
37	0.37215213540906533
38	0.3521022384040199
39	0.3330252165181719
40	0.31490222467089135
41	0.2977086820112469
42	0.2814155404560687
43	0.265990704456187
44	0.2514003143070517
45	0.23760970564738154
46	0.22458399684736788
47	0.21228837084220495
48	0.20068817433730657
49	0.18974895847052933
50	0.17943655572170364
51	0.16971725054666087
52	0.1605580637075879
53	0.1519271310934235
54	0.14379411891485244
55	0.13613058984542215
56	0.1289102338833526
57	0.1221089101043446
58	0.11570450141736317
59	0.10967664051112211
60	0.10400639656985154
61	0.09867600675861533
62	0.09366870052936338
63	0.08896861906355769
64	0.08456079843947399
65	0.08043117397497981
66	0.0765665703486545
67	0.07295465550018335
68	0.06958384745289664
69	0.06644317271327169
70	0.0635220880396495
71	0.0608102944531579
72	0.05829758438243634
73	0.05597375792071704
74	0.053828619538546486
75	0.05185203418786166
76	0.050034001046974336
77	0.04836470654247211
78	0.04683454149966043
79	0.04543409350867257
80	0.04415413895651064
81	0.04298565554046381
82	0.0419198628831761
83	0.04094828628176176
84	0.04006283158041848
85	0.039255856868582205
86	0.038520227470173043
87	0.03784934498593353
88	0.03723714959676549
89	0.036678104524783824
90	0.036167176463070876
91	0.035699821948629216
92	0.035271979602260604
93	0.03488005945120366
94	0.034520919345232465
95	0.03419182453151622
96	0.03389039425439843
97	0.03361454349331086
98	0.03336242755707796
99	0.033132394512275114
100	0.0329229475625532
101	0.03273271691906002
102	0.032560438246784264
103	0.032404933366141676
104	0.03226508998271188
105	0.032139840687086155
106	0.03202814490702448
107	0.031928978164555685
108	0.031841330407901734
109	0.0317642115257388
110	0.03169666009445956
111	0.03163775184276769
112	0.03158660609961689
113	0.031542390053865006
114	0.03150432140061151
115	0.03147167016708066
116	0.031443760473097354
117	0.031419972594916405
118	0.03139974496965353
119	0.03138257517120669
120	0.03136801896933188
121	0.0313556873448735
122	0.031345242143558175
123	0.031336391296823564
124	0.03132888420829883
125	0.03132250745590644
126	0.03131708074904963
127	0.03131245307083707
128	0.03130849893243828
129	0.031305114648608974
130	0.031302214635056294
131	0.031299727930628476
132	0.031297595259455066
133	0.03129576680750414
134	0.0312942005960436
135	0.03129286115731772
136	0.03129171829036311
137	0.03129074587665544
138	0.03128992086192043
139	0.03128922249547984
140	0.03128863184593381
141	0.03128813156411855
142	0.031287705835794856
143	0.03128734042833885
144	0.03128702271477235
145	0.031286741603590656
146	0.0312864873985204
147	0.031286251677003475
148	0.031286027254154525
149	0.03128580822273799
150	0.03128559000456576
151	0.03128536935008661
152	0.03128514425724179
153	0.03128491381424733
154	0.031284677995082125
155	0.03128443745218451
156	0.03128419334761803
157	0.03128394723386281
158	0.03128370095756183
159	0.0312834565482878
160	0.03128321608006469
161	0.03128298152888085
162	0.03128275466111928
163	0.03128253697105149
164	0.03128232966174522
165	0.03128213365213266
166	0.03128194959390432
167	0.031281777887630265
168	0.0312816186948685
169	0.03128147195145308
170	0.031281337391497924
171	0.03128121458676248
172	0.03128110299497525
173	0.03128100200426005
174	0.03128091096464261
175	0.031280829206801426
176	0.03128075605407258
177	0.03128069083327757
178	0.031280632886739636
179	0.0312805815849169
180	0.031280536337183515
181	0.03128049659760089
182	0.03128046186419095
183	0.031280431673650716
184	0.03128040559574823
185	0.031280383230293786
186	0.03128036420629653
187	0.031280348181099454
188	0.03128033483799144
189	0.03128032388265469
190	0.03128031503949575
191	0.03128030804874417
192	0.03128030266488741
193	0.03128029865664578
194	0.03128029580802704
195	0.03128029391942006
196	0.03128029280792168
197	0.031280292307004104
198	0.03128029226625126
199	0.03128029255165371
200	0.03128029304634732
201	0.031280293651317785
202	0.031280294285623844
203	0.03128029488581275
204	0.0312802954045118
205	0.031280295808459944
206	0.03128029607652355
207	0.03128029619802115
208	0.031280296171295865
209	0.031280296002250595
210	0.03128029570265404
211	0.03128029528833969
212	0.031280294777509585
213	0.03128029418931742
214	0.031280293542828144
215	0.03128029285633814
216	0.031280292146944735
217	0.03128029143019666
218	0.03128029071973836
219	0.03128029002700835
220	0.03128028936112901
221	0.03128028872899905
222	0.03128028813550906
223	0.031280287583793476
224	0.03128028707546024
225	0.031280286610787106
226	0.031280286188930216
227	0.031280285808167094
228	0.03128028546617241
229	0.031280285160298196
230	0.031280284887785684
231	0.03128028464589275
232	0.031280284431961604
233	0.031280284243465885
234	0.03128028407806325
235	0.03128028393363346
236	0.03128028380829723
237	0.03128028370039266
238	0.03128028360843206
239	0.031280283531036394
240	0.031280283466887056
241	0.03128028341469391
242	0.0312802833731989
243	0.0312802833411702
244	0.03128028331740682
245	0.031280283300733305
246	0.03128028329000514
247	0.0312802832841157
248	0.031280283282021135
249	0.0312802832827595
250	0.031280283285472256
251	0.03128028328940804
252	0.0312802832939342
253	0.03128028329852551
254	0.03128028330277114
255	0.031280283306363454
256	0.03128028330909249
257	0.03128028331083849
258	0.031280283311557924
259	0.03128028331126689
260	0.031280283310031444
261	0.03128028330795156
262	0.031280283305153686
263	0.03128028330178089
264	0.031280283297980264
265	0.03128028329389577
266	0.03128028328966387
267	0.03128028328540337
268	0.03128028328121594
269	0.03128028327718554
270	0.03128028327337545
271	0.031280283269830005
272	0.031280283266576586
273	0.03128028326362799
274	0.03128028326098184
275	0.03128028325862484
276	0.031280283256540926
277	0.03128028325470711
278	0.03128028325309781
279	0.03128028325168885
280	0.0312802832504575
281	0.031280283249378746
282	0.03128028324843414
283	0.031280283247606185
284	0.03128028324688085
285	0.03128028324624757
286	0.03128028324569578
287	0.031280283245217914
288	0.03128028324480701
289	0.03128028324445665
290	0.03128028324416271
291	0.03128028324392082
292	0.031280283243726496
293	0.03128028324357302
294	0.03128028324345661
295	0.03128028324337242
296	0.0312802832433158
297	0.03128028324328155
298	0.03128028324326429
299	0.03128028324326063
300	0.03128028324326516
301	0.03128028324327533
302	0.03128028324328765
303	0.031280283243298276
304	0.03128028324330743
305	0.031280283243310794
306	0.031280283243311294
307	0.031280283243305056
308	0.0312802832432944
309	0.03128028324327931
310	0.031280283243259974
311	0.031280283243236895
312	0.03128028324321186
313	0.03128028324318592
314	0.03128028324315819
315	0.031280283243131105
316	0.03128028324310538
317	0.03128028324307994
318	0.031280283243056255
319	0.03128028324303482
320	0.03128028324301454
321	0.03128028324299693
322	0.0312802832429816
323	0.03128028324296564
324	0.0312802832429533
325	0.03128028324294173
326	0.03128028324293267
327	0.031280283242923174
328	0.031280283242916165
329	0.03128028324291027
330	0.03128028324290364
331	0.031280283242898284
332	0.03128028324289378
333	0.031280283242889284
334	0.031280283242886266
335	0.03128028324288254
336	0.0312802832428803
337	0.031280283242878404
338	0.0312802832428765
339	0.031280283242875254
340	0.031280283242874046
341	0.03128028324287311
342	0.0312802832428731
343	0.03128028324287238
344	0.03128028324287179
345	0.031280283242872124
346	0.03128028324287193
347	0.03128028324287219
348	0.03128028324287206
349	0.03128028324287234
350	0.031280283242872686
351	0.03128028324287311
352	0.03128028324287231
353	0.031280283242872645
354	0.03128028324287215
355	0.03128028324287247
356	0.03128028324287229
357	0.03128028324287221
358	0.03128028324287207
359	0.03128028324287178
360	0.031280283242871375
361	0.03128028324287135
362	0.03128028324287083
363	0.03128028324287097
364	0.031280283242870605
365	0.031280283242870036
366	0.031280283242870285
367	0.03128028324287049
368	0.03128028324287025
369	0.03128028324287007
370	0.03128028324286985
371	0.03128028324286925
372	0.031280283242869626
373	0.03128028324286981
374	0.031280283242869585
375	0.03128028324286978
376	0.03128028324286931
377	0.03128028324286889
378	0.03128028324286966
379	0.03128028324286928
380	0.031280283242869154
381	0.031280283242869626
382	0.03128028324286945
383	0.031280283242869085
384	0.031280283242869356
385	0.031280283242869335
386	0.031280283242869036
387	0.03128028324286952
388	0.03128028324286937
389	0.03128028324286894
390	0.03128028324286927
391	0.03128028324286926
392	0.03128028324286893
393	0.03128028324286958
394	0.03128028324286945
395	0.03128028324286871
396	0.03128028324286903
397	0.03128028324286959
398	0.03128028324286949
399	0.03128028324286937
400	0.031280283242869286
401	0.03128028324286944
402	0.031280283242869106
403	0.03128028324286865
404	0.031280283242869036
405	0.031280283242869224
406	0.03128028324286905
407	0.03128028324286963
408	0.03128028324286892
409	0.0312802832428689
410	0.03128028324286926
411	0.03128028324286903
412	0.031280283242869286
413	0.03128028324286881
414	0.03128028324286957
415	0.03128028324286874
416	0.03128028324286907
417	0.03128028324286934
418	0.031280283242869224
419	0.031280283242869314
420	0.03128028324286949
421	0.03128028324286931
422	0.031280283242869245
423	0.031280283242869175
424	0.031280283242868835
425	0.031280283242869474
426	0.03128028324286894
427	0.03128028324286863
428	0.031280283242869245
429	0.031280283242869564
430	0.03128028324286967
431	0.031280283242869335
432	0.0312802832428697
433	0.03128028324286907
434	0.031280283242869245
435	0.03128028324286835
436	0.031280283242869
437	0.0312802832428687
438	0.031280283242869376
439	0.03128028324286857
440	0.031280283242868835
441	0.03128028324286881
442	0.03128028324286927
443	0.031280283242869106
444	0.03128028324286929
445	0.03128028324286901
446	0.03128028324286902
447	0.031280283242869314
448	0.03128028324286924
449	0.031280283242868925
450	0.03128028324286943
451	0.031280283242869175
452	0.0312802832428689
453	0.031280283242868585
454	0.03128028324286963
455	0.03128028324286941
456	0.031280283242868856
457	0.03128028324286948
458	0.03128028324286896
459	0.0312802832428688
460	0.03128028324286874
461	0.031280283242869064
462	0.03128028324286857
463	0.031280283242868544
464	0.03128028324286882
465	0.031280283242869
466	0.03128028324286919
467	0.031280283242868814
468	0.03128028324286913
469	0.03128028324286884
470	0.0312802832428689
471	0.031280283242868766
472	0.03128028324286949
473	0.03128028324286911
474	0.031280283242869036
475	0.031280283242868905
476	0.031280283242869085
477	0.03128028324286897
478	0.03128028324286898
479	0.03128028324286927
480	0.0312802832428685
481	0.03128028324286922
482	0.03128028324286909
483	0.03128028324286928
484	0.031280283242868905
485	0.03128028324286922
486	0.031280283242869085
