<Coefficient>
	 4 Total number of radial orbitals.
	Type	L	Zeta-Orbital
	  Fe 	0	    1
	   0.00069567810040
	   0.10705726961080
	   0.27351421134776
	   0.41492211607545
	   0.49681547796546
	   0.51686339236388
	   0.48450778625061
	   0.41717698354270
	   0.32992056777938
	   0.23933268535425
	   0.15304663624969
	   0.07853307124362
	   0.01872545870384
	  -0.02485309278280
	  -0.05417109467180
	  -0.06976638662734
	  -0.07554298349816
	  -0.07268902439122
	  -0.06552514812780
	  -0.05459470025123
	  -0.04364637105079
	  -0.03196695148048
	  -0.02268161099424
	  -0.01400011851541
	  -0.00858152488503
	  -0.00361080495786
	  -0.00183908682322
	   0.00054731447406
	Type	L	Zeta-Orbital
	  Fe 	0	    2
	  -0.41261404947157
	  -0.39013430398003
	  -0.05373961744617
	   0.14199168871687
	   0.21874143981786
	   0.23290223674463
	   0.21209688503872
	   0.17959248786391
	   0.13792079291354
	   0.10015995175823
	   0.06422899484406
	   0.03668829966489
	   0.01367526662675
	  -0.00036759266434
	  -0.01550618963505
	  -0.02141749554827
	  -0.02740961929097
	  -0.02433219808455
	  -0.02597066099043
	  -0.01938298450103
	  -0.01993828325872
	  -0.01206506774618
	  -0.01315674769820
	  -0.00481434172354
	  -0.00779213348421
	   0.00057471227376
	  -0.00494205424411
	   0.00449557885926
	Type	L	Zeta-Orbital
	  Fe 	1	    1
	  -0.00559811979039
	  -0.12562515399822
	  -0.27593422037265
	  -0.43999641917228
	  -0.56928781418297
	  -0.67277175690130
	  -0.72277370469958
	  -0.73769989063411
	  -0.71128351518299
	  -0.66900938991290
	  -0.60566038042681
	  -0.54020005827842
	  -0.46473342914349
	  -0.39436064115746
	  -0.32328471821230
	  -0.26330448632519
	  -0.20608414502898
	  -0.16142606085332
	  -0.11907212965606
	  -0.08924594897301
	  -0.06021873866990
	  -0.04299353081246
	  -0.02482696592691
	  -0.01756339906623
	  -0.00655603305263
	  -0.00605390165297
	   0.00156200381890
	  -0.00490620513073
	Type	L	Zeta-Orbital
	  Fe 	2	    1
	   0.12715291613728
	   0.28626499239982
	   0.44175499041727
	   0.56481517956220
	   0.67324607121687
	   0.75459243225422
	   0.82536919520139
	   0.86858392595933
	   0.89937234279203
	   0.90328951205653
	   0.89378914460008
	   0.86016155808070
	   0.81292971901317
	   0.74201610274885
	   0.66312985955868
	   0.56951730209426
	   0.47845681033385
	   0.38123467718087
	   0.29721985425790
	   0.21521506516373
	   0.15245678004282
	   0.09495137689633
	   0.05963165010480
	   0.02732805100814
	   0.01537134291121
	   0.00029413111259
	   0.00323400890123
	  -0.01510564606238
</Coefficient>
<Mkb>
Left spillage = 8.2174858280e-02
</Mkb>
