<Coefficient>
	 2 Total number of radial orbitals.
	Type	L	Zeta-Orbital
	  O 	0	    1
	  -0.10225306711491
	  -0.31543713373338
	  -0.50260388319666
	  -0.59469638747860
	  -0.59589181928235
	  -0.53079208226300
	  -0.43036468014839
	  -0.32154460211646
	  -0.21594556047047
	  -0.12384647296775
	  -0.04755295279796
	   0.01178710412624
	   0.05620069092803
	   0.08676878998766
	   0.10601148919115
	   0.11561533202142
	   0.11759405066932
	   0.11368470511451
	   0.10548960069672
	   0.09456016992586
	   0.08176340568286
	   0.06865063021755
	   0.05545552215081
	   0.04335502484635
	   0.03209139181664
	   0.02281423070840
	   0.01471132781952
	   0.00879707336029
	   0.00385102802444
	   0.00104595279662
	  -0.00151651169285
	Type	L	Zeta-Orbital
	  O 	1	    1
	  -0.06672332453163
	  -0.21281564660540
	  -0.36333544489928
	  -0.47470920756635
	  -0.54411045922210
	  -0.57542770444369
	  -0.58214099465180
	  -0.57021631020413
	  -0.54732291888409
	  -0.51743015155599
	  -0.48406934821181
	  -0.44769216809551
	  -0.41051020859986
	  -0.37290376230586
	  -0.33479155172785
	  -0.29701323827578
	  -0.26002452529316
	  -0.22398806502987
	  -0.18984553561576
	  -0.15738065416106
	  -0.12773784938460
	  -0.10092363446466
	  -0.07746084296237
	  -0.05716191974246
	  -0.04041561226665
	  -0.02683050865428
	  -0.01640390388399
	  -0.00861042460608
	  -0.00336467008772
	   0.00009628864753
	   0.00153670163829
</Coefficient>
<Mkb>
Left spillage = 1.1749576510e-02
</Mkb>
