0	0.0008987280171258489
1	0.0007928240252317438
2	0.0007437537237955115
3	0.000727599657771604
4	0.0006913125050634005
5	0.0006349665659422138
6	0.000569860397113978
7	0.0005089334079807429
8	0.0004580015593149491
9	0.00041723694050763176
10	0.00038496080027276993
11	0.0003593791107521444
12	0.00033895546116789223
13	0.00032244370196538437
14	0.0003088660420383835
15	0.0002974740118578206
16	0.0002877089846193884
17	0.00027916314973586376
18	0.00027154089063970946
19	0.0002646255183999238
20	0.0002582545436834203
21	0.0002523030236517544
22	0.0002466724137610561
23	0.0002412818417394426
24	0.00023606030808247702
25	0.00023094049524436264
26	0.00022585559152246554
27	0.00022073971172098422
28	0.00021553079181230495
29	0.00021017379941452426
30	0.00020462314284414943
31	0.0001988449781805465
32	0.00019282052042630658
33	0.00018654996021549213
34	0.00018005471868147254
35	0.00017337623328639892
36	0.0001665722181001579
37	0.00015971299361758787
38	0.00015287900643636712
39	0.00014615805336721586
40	0.0001396405479824267
41	0.00013341327102879728
42	0.00012755311990491076
43	0.00012212134857167992
44	0.00011715813168136001
45	0.0001126786415220778
46	0.00010867284213698
47	0.0001051096451887133
48	0.0001019435579942598
49	9.91213641067498e-05
50	9.658774844654366e-05
51	9.428988028645007e-05
52	9.218086873807828e-05
53	9.022171344659244e-05
54	8.838174643683227e-05
55	8.66381577505282e-05
56	8.497524027073684e-05
57	8.338352999149306e-05
58	8.185869451717652e-05
59	8.040013753936063e-05
60	7.900953940936634e-05
61	7.768957621052222e-05
62	7.644287884504037e-05
63	7.527118507956256e-05
64	7.417471375940699e-05
65	7.315188528050428e-05
66	7.219944961058777e-05
67	7.131291193129937e-05
68	7.048705036094135e-05
69	6.971637733508121e-05
70	6.899550720271995e-05
71	6.831943745857178e-05
72	6.768373160719398e-05
73	6.708458836546575e-05
74	6.651882187089253e-05
75	6.598380579097664e-05
76	6.547740800537449e-05
77	6.499789721357041e-05
78	6.454380079899066e-05
79	6.411373816182783e-05
80	6.370628886074234e-05
81	6.331993917300948e-05
82	6.295310515300054e-05
83	6.260420182628467e-05
84	6.227173104863352e-05
85	6.195437126910358e-05
86	6.165105133212723e-05
87	6.13609864035252e-05
88	6.10836644274663e-05
89	6.08187933238988e-05
90	6.056623258465534e-05
91	6.0325927670587946e-05
92	6.009785233803121e-05
93	5.9881958580174464e-05
94	5.967813778851443e-05
95	5.9486199319983376e-05
96	5.9305867436739146e-05
97	5.913679018853431e-05
98	5.897855259527267e-05
99	5.883069130286353e-05
100	5.86927115222191e-05
101	5.856410556172306e-05
102	5.844436915402244e-05
103	5.83330121832731e-05
104	5.822956402511201e-05
105	5.813357613823073e-05
106	5.80446236790382e-05
107	5.796230610040186e-05
108	5.7886246762413374e-05
109	5.781609284752766e-05
110	5.775151678750448e-05
111	5.769221839246198e-05
112	5.7637925254791875e-05
113	5.7588389618252224e-05
114	5.7543381937461375e-05
115	5.750268271201937e-05
116	5.7466074130745035e-05
117	5.7433332663772225e-05
118	5.740422381145271e-05
119	5.737850022264448e-05
120	5.7355903611891227e-05
121	5.733616964708126e-05
122	5.731903423890557e-05
123	5.730423985597478e-05
124	5.729154099701913e-05
125	5.728070825154332e-05
126	5.727153050739004e-05
127	5.7263815250243355e-05
128	5.7257387468954685e-05
129	5.7252087996615955e-05
130	5.7247771956452635e-05
131	5.724430758910969e-05
132	5.7241575440446354e-05
133	5.723946779814485e-05
134	5.72378882060435e-05
135	5.723675086458144e-05
136	5.723597978374157e-05
137	5.723550773276476e-05
138	5.723527517633547e-05
139	5.723522940875559e-05
140	5.723532396283696e-05
141	5.723551825249349e-05
142	5.723577734550217e-05
143	5.7236071778445606e-05
144	5.7236377350628045e-05
145	5.723667484746514e-05
146	5.723694966071326e-05
147	5.723719131504609e-05
148	5.7237392936144716e-05
149	5.72375507074017e-05
150	5.7237663327019954e-05
151	5.7237731480010706e-05
152	5.72377573414342e-05
153	5.723774413922555e-05
154	5.723769579989835e-05
155	5.7237616667698636e-05
156	5.723751128095928e-05
157	5.723738420283072e-05
158	5.7237239897244384e-05
159	5.7237082637621986e-05
160	5.7236916417441734e-05
161	5.723674486623092e-05
162	5.723657117532137e-05
163	5.7236398060122725e-05
164	5.7236227756330375e-05
165	5.7236062052160237e-05
166	5.723590234897429e-05
167	5.723574973512449e-05
168	5.7235605057715766e-05
169	5.7235468972770594e-05
170	5.723534196561094e-05
171	5.7235224356453415e-05
172	5.72351163004192e-05
173	5.723501779021608e-05
174	5.723492866449043e-05
175	5.7234848629252985e-05
176	5.723477728808031e-05
177	5.723471417757581e-05
178	5.723465879751463e-05
179	5.723461063206274e-05
180	5.723456916157422e-05
181	5.723453386739188e-05
182	5.7234504228507913e-05
183	5.723447971736381e-05
184	5.723445980048833e-05
185	5.723444394295581e-05
186	5.7234431617938345e-05
187	5.723442231665392e-05
188	5.7234415558962785e-05
189	5.723441090174081e-05
190	5.723440794404034e-05
191	5.723440632967354e-05
192	5.723440574772932e-05
193	5.723440593075424e-05
194	5.723440665401441e-05
195	5.7234407731008896e-05
196	5.723440901066829e-05
197	5.7234410371976067e-05
198	5.7234411721563263e-05
199	5.723441298892039e-05
200	5.7234414123122894e-05
201	5.723441508944804e-05
202	5.723441586759722e-05
203	5.723441644755572e-05
204	5.723441682855202e-05
205	5.723441701633047e-05
206	5.723441702202018e-05
207	5.723441685955638e-05
208	5.723441654621754e-05
209	5.723441610157548e-05
210	5.723441554543568e-05
211	5.723441489927794e-05
212	5.7234414184312005e-05
213	5.723441342053772e-05
214	5.723441262637084e-05
215	5.723441181840955e-05
216	5.723441101070864e-05
217	5.723441021548224e-05
218	5.723440944342484e-05
219	5.723440870335922e-05
220	5.723440800273658e-05
221	5.7234407347436226e-05
222	5.7234406742739215e-05
223	5.723440619112738e-05
224	5.723440569385598e-05
225	5.7234405250912845e-05
226	5.723440486081188e-05
227	5.723440452087006e-05
228	5.723440422787521e-05
229	5.723440397794579e-05
230	5.723440376696581e-05
231	5.723440359181817e-05
232	5.7234403447960154e-05
233	5.723440333171246e-05
234	5.723440323968061e-05
235	5.723440316827671e-05
236	5.7234403114184e-05
237	5.723440307499795e-05
238	5.72344030478375e-05
239	5.723440303053717e-05
240	5.723440302146763e-05
241	5.723440301861362e-05
242	5.723440302063175e-05
243	5.7234403026554785e-05
244	5.7234403034626595e-05
245	5.7234403044151765e-05
246	5.7234403054061577e-05
247	5.7234403064073994e-05
248	5.723440307329166e-05
249	5.7234403081047206e-05
250	5.723440308731582e-05
251	5.723440309178886e-05
252	5.723440309456271e-05
253	5.7234403095574085e-05
254	5.723440309492081e-05
255	5.723440309263956e-05
256	5.723440308917813e-05
257	5.72344030850833e-05
258	5.7234403079832974e-05
259	5.7234403074092815e-05
260	5.723440306769678e-05
261	5.723440306126597e-05
262	5.723440305492612e-05
263	5.723440304831872e-05
264	5.7234403042409303e-05
265	5.723440303647102e-05
266	5.723440303115308e-05
267	5.7234403025678885e-05
268	5.723440302100576e-05
269	5.7234403016844555e-05
270	5.7234403012874986e-05
271	5.723440300926618e-05
272	5.723440300639422e-05
273	5.723440300346086e-05
274	5.723440300125162e-05
275	5.723440299902454e-05
276	5.7234402997457075e-05
277	5.723440299619505e-05
278	5.723440299517999e-05
279	5.723440299419638e-05
280	5.7234402993426635e-05
281	5.723440299271781e-05
282	5.723440299243111e-05
283	5.723440299231477e-05
284	5.723440299220655e-05
285	5.723440299216496e-05
286	5.7234402992094245e-05
287	5.723440299211056e-05
288	5.723440299224845e-05
289	5.723440299225801e-05
290	5.723440299240093e-05
291	5.72344029924596e-05
292	5.7234402992508926e-05
293	5.723440299284664e-05
294	5.723440299267879e-05
295	5.723440299268332e-05
296	5.723440299279739e-05
297	5.723440299282858e-05
298	5.72344029927754e-05
299	5.723440299276225e-05
300	5.723440299282935e-05
301	5.723440299285228e-05
302	5.723440299276321e-05
303	5.7234402992616675e-05
304	5.723440299262276e-05
305	5.72344029925505e-05
306	5.723440299249405e-05
307	5.723440299236627e-05
308	5.723440299232076e-05
309	5.723440299235153e-05
310	5.7234402992275985e-05
311	5.723440299213952e-05
312	5.7234402992026456e-05
313	5.7234402992056935e-05
314	5.723440299202102e-05
315	5.723440299192585e-05
316	5.723440299189399e-05
317	5.723440299170928e-05
318	5.723440299196501e-05
319	5.723440299167816e-05
320	5.7234402991875636e-05
321	5.723440299184533e-05
322	5.72344029916525e-05
323	5.723440299190048e-05
324	5.7234402991855463e-05
325	5.723440299166233e-05
326	5.723440299168064e-05
327	5.723440299172048e-05
328	5.723440299192073e-05
329	5.7234402991688456e-05
330	5.723440299186849e-05
331	5.723440299175764e-05
332	5.723440299181452e-05
333	5.723440299179082e-05
334	5.7234402991740436e-05
335	5.723440299205995e-05
336	5.723440299166746e-05
337	5.723440299174633e-05
338	5.723440299181071e-05
339	5.723440299200392e-05
340	5.723440299172525e-05
341	5.723440299190791e-05
342	5.723440299174072e-05
343	5.7234402991691634e-05
344	5.723440299180559e-05
345	5.72344029918619e-05
346	5.72344029918607e-05
347	5.7234402991767934e-05
348	5.7234402991924385e-05
349	5.72344029918448e-05
350	5.723440299180182e-05
351	5.7234402991687236e-05
352	5.7234402991943026e-05
353	5.7234402992088106e-05
354	5.723440299183675e-05
355	5.7234402991765244e-05
356	5.723440299177632e-05
357	5.7234402991642045e-05
358	5.723440299164816e-05
359	5.723440299177555e-05
360	5.723440299173172e-05
361	5.7234402991723286e-05
362	5.723440299171646e-05
363	5.723440299172979e-05
364	5.723440299169891e-05
365	5.723440299192758e-05
366	5.723440299180791e-05
367	5.723440299164015e-05
368	5.723440299173546e-05
369	5.7234402991868216e-05
370	5.723440299169102e-05
371	5.7234402991823005e-05
372	5.7234402991848646e-05
373	5.7234402991741886e-05
374	5.7234402991989566e-05
375	5.723440299178514e-05
376	5.7234402991740924e-05
377	5.72344029917482e-05
378	5.723440299181328e-05
379	5.723440299183126e-05
380	5.7234402991661784e-05
381	5.723440299184282e-05
382	5.7234402991634124e-05
383	5.723440299186433e-05
384	5.7234402991767955e-05
385	5.7234402991914966e-05
386	5.7234402991560635e-05
387	5.723440299181057e-05
388	5.7234402991539154e-05
389	5.723440299181105e-05
390	5.723440299170444e-05
391	5.7234402991737726e-05
392	5.7234402991776384e-05
393	5.723440299176537e-05
394	5.723440299170294e-05
395	5.723440299170894e-05
396	5.7234402991805394e-05
397	5.723440299178679e-05
398	5.7234402991668954e-05
399	5.723440299164542e-05
400	5.723440299190043e-05
401	5.723440299180876e-05
402	5.723440299176962e-05
403	5.723440299181265e-05
404	5.723440299167753e-05
405	5.723440299189919e-05
406	5.723440299165631e-05
407	5.723440299177197e-05
408	5.7234402991696594e-05
409	5.7234402991794463e-05
410	5.723440299181861e-05
411	5.723440299168289e-05
412	5.723440299177963e-05
413	5.7234402991862206e-05
414	5.723440299178234e-05
415	5.723440299173639e-05
416	5.723440299187795e-05
417	5.723440299173665e-05
418	5.72344029918838e-05
419	5.723440299191395e-05
420	5.723440299187475e-05
421	5.7234402991836605e-05
422	5.7234402991871916e-05
423	5.723440299193342e-05
424	5.723440299153282e-05
425	5.723440299178088e-05
426	5.7234402991788216e-05
427	5.723440299182085e-05
428	5.723440299176748e-05
429	5.723440299173681e-05
430	5.72344029917705e-05
431	5.723440299166122e-05
432	5.723440299180443e-05
433	5.723440299181397e-05
434	5.723440299182724e-05
435	5.723440299183157e-05
436	5.7234402991826935e-05
437	5.723440299172338e-05
438	5.7234402991649424e-05
439	5.723440299169991e-05
440	5.723440299180566e-05
441	5.7234402991841525e-05
442	5.7234402991827627e-05
443	5.723440299159955e-05
444	5.723440299165842e-05
445	5.723440299177505e-05
446	5.723440299182314e-05
447	5.72344029919843e-05
448	5.7234402991943806e-05
449	5.7234402991791665e-05
450	5.723440299181817e-05
451	5.723440299174944e-05
452	5.7234402991623586e-05
453	5.723440299184864e-05
454	5.7234402991763245e-05
455	5.723440299162982e-05
456	5.7234402991730557e-05
457	5.723440299160611e-05
458	5.723440299177984e-05
459	5.723440299181478e-05
460	5.723440299183869e-05
461	5.7234402991837574e-05
462	5.723440299168133e-05
463	5.723440299172398e-05
464	5.7234402991775293e-05
465	5.723440299179774e-05
466	5.7234402991873177e-05
467	5.7234402991695876e-05
468	5.723440299184452e-05
469	5.723440299187932e-05
470	5.723440299177648e-05
471	5.723440299173906e-05
472	5.723440299177377e-05
473	5.723440299171986e-05
474	5.7234402991807745e-05
475	5.723440299171781e-05
