0	0.020170841983079054
1	0.015045751681324058
2	0.012518867715806663
3	0.010790912940422916
4	0.00942812619022905
5	0.008322230796490842
6	0.007402678096095806
7	0.006623570607527916
8	0.005957255052564975
9	0.0053859057979517245
10	0.004895891599505848
11	0.004475247387197066
12	0.004112719519760928
13	0.0037973877724954293
14	0.003518921884773466
15	0.0032684107902745227
16	0.0030392337374280385
17	0.002827423409905516
18	0.0026314049352076443
19	0.0024513123635163127
20	0.002288145897296811
21	0.0021429981630809833
22	0.0020164606823562265
23	0.0019082517841842713
24	0.0018171109748619091
25	0.0017409686414423938
26	0.0016773189841328532
27	0.0016236494764277128
28	0.001577781231909713
29	0.0015380653180918588
30	0.0015034554752911425
31	0.0014734739542492103
32	0.0014480557012749966
33	0.0014272783755311022
34	0.001411072780381038
35	0.0013990604743674218
36	0.0013905899065105524
37	0.0013848911676204428
38	0.001381202802073272
39	0.0013788099502196553
40	0.0013770482625118552
41	0.0013753394623047992
42	0.0013732511292842743
43	0.001370525085105782
44	0.001367048089350815
45	0.001362793128901065
46	0.0013577733501747688
47	0.001352022565054561
48	0.0013455901577514775
49	0.0013385393445766172
50	0.0013309496061199026
51	0.0013229240289005847
52	0.0013145929885301753
53	0.0013061043343233097
54	0.0012976013258949866
55	0.0012891997996462986
56	0.0012809743633638013
57	0.0012729542673476334
58	0.0012651245016787108
59	0.0012574298987729675
60	0.0012497830936486127
61	0.0012420760885015916
62	0.0012341924826243251
63	0.0012260177895325058
64	0.0012174478908460035
65	0.0012083959404814142
66	0.0011987952245040329
67	0.0011885947079313048
68	0.0011777488265629701
69	0.0011662094033977142
70	0.0011539282196533181
71	0.0011408726492108151
72	0.0011270492258438733
73	0.0011125253004854142
74	0.001097437498208039
75	0.0010819785835091992
76	0.0010663638857717527
77	0.0010507921173149625
78	0.0010354229631590666
79	0.001020384660196167
80	0.0010058020459138759
81	0.000991818966015991
82	0.0009785949366157443
83	0.0009662776465206434
84	0.0009549694685829168
85	0.000944706776596817
86	0.000935460362262839
87	0.000927153197956616
88	0.000919684169352442
89	0.0009129460351663831
90	0.00090683250999093
91	0.0009012374860381369
92	0.0008960528315183501
93	0.0008911694900518093
94	0.0008864831788504742
95	0.0008819029871663627
96	0.000877359137350724
97	0.0008728061723051865
98	0.0008682204658260946
99	0.0008635942434181676
100	0.0008589295437147092
101	0.0008542344051732398
102	0.0008495216252186863
103	0.0008448089098098832
104	0.000840118576763475
105	0.0008354756316846454
106	0.0008309046827765966
107	0.0008264272494491392
108	0.0008220604964292663
109	0.0008178171794891227
110	0.0008137060903604921
111	0.0008097326372405564
112	0.0008058995211388018
113	0.0008022074246381506
114	0.0007986555354233657
115	0.0007952417880780917
116	0.000791962874059294
117	0.000788814250381883
118	0.0007857904032019483
119	0.0007828853796849451
120	0.0007800933272032769
121	0.0007774088027098481
122	0.0007748268492753325
123	0.0007723429597142788
124	0.0007699530161968328
125	0.0007676532606679427
126	0.0007654403141013227
127	0.0007633111903440966
128	0.0007612632488609674
129	0.0007592941205294913
130	0.0007574016646432204
131	0.0007555839379455968
132	0.0007538391294213921
133	0.0007521654756242435
134	0.0007505611989821342
135	0.000749024476368315
136	0.000747553426539965
137	0.0007461461129876139
138	0.0007448005520251763
139	0.000743514709059916
140	0.0007422864815375252
141	0.0007411136823986057
142	0.0007399940388096495
143	0.0007389252159929967
144	0.0007379048614139886
145	0.0007369306475671058
146	0.0007360002972083199
147	0.0007351115946523588
148	0.0007342623895278807
149	0.0007334505929533729
150	0.0007326741724686099
151	0.0007319311566096651
152	0.0007312196480794777
153	0.0007305378355587327
154	0.0007298839993827252
155	0.0007292565108750864
156	0.0007286538252400399
157	0.0007280744717581865
158	0.0007275170470429973
159	0.000726980211815628
160	0.0007264626883676179
161	0.0007259632581934432
162	0.0007254807598745147
163	0.0007250140856585196
164	0.0007245621762891307
165	0.0007241240159813159
166	0.000723698630162081
167	0.0007232850873930991
168	0.0007228825036860682
169	0.0007224900450710991
170	0.0007221069264381022
171	0.0007217324084387091
172	0.0007213657944743635
173	0.0007210064284488007
174	0.0007206536939115978
175	0.0007203070145702818
176	0.000719965854946887
177	0.0007196297203604184
178	0.0007192981564416264
179	0.000718970748192076
180	0.00071864711843408
181	0.0007183269260925393
182	0.0007180098647061327
183	0.0007176956612598718
184	0.0007173840751972052
185	0.0007170748972879772
186	0.0007167679480057079
187	0.0007164630754796916
188	0.0007161601534055777
189	0.0007158590792131911
190	0.0007155597725305243
191	0.0007152621738005327
192	0.0007149662427549436
193	0.0007146719567679296
194	0.0007143793092368263
195	0.0007140883079945035
196	0.0007137989737425086
197	0.0007135113386534765
198	0.0007132254451607384
199	0.0007129413447933193
200	0.0007126590969779205
201	0.0007123787678419656
202	0.0007121004290199435
203	0.0007118241565169529
204	0.0007115500296294135
205	0.0007112781299406529
206	0.0007110085403768238
207	0.0007107413443392776
208	0.0007104766248777407
209	0.0007102144639096481
210	0.0007099549414803108
211	0.0007096981350870346
212	0.0007094441190976699
213	0.0007091929642663761
214	0.0007089447373386686
215	0.0007086995006982974
216	0.000708457312071314
217	0.0007082182242789845
218	0.0007079822850587529
219	0.0007077495369650465
220	0.0007075200173280725
221	0.0007072937582528176
222	0.0007070707866512997
223	0.0007068511243087864
224	0.0007066347879827743
225	0.000706421789537599
226	0.0007062121360994161
227	0.0007060058302323206
228	0.0007058028701420281
229	0.0007056032498821143
230	0.0007054069595797249
231	0.0007052139856442738
232	0.0007050243109989671
233	0.0007048379152990957
234	0.0007046547751559801
235	0.0007044748643568848
236	0.000704298154082856
237	0.0007041246131132005
238	0.0007039542080275903
239	0.0007037869033955453
240	0.0007036226619656842
241	0.0007034614448411527
242	0.0007033032116446734
243	0.0007031479206819155
244	0.0007029955290930843
245	0.0007028459930014515
246	0.000702699267654545
247	0.000702555307551013
248	0.0007024140665706799
249	0.0007022754980792138
250	0.0007021395550467301
251	0.000702006190139679
252	0.0007018753558207092
253	0.0007017470044313899
254	0.0007016210882695893
255	0.0007014975596698747
256	0.0007013763710634722
257	0.0007012574750468986
258	0.0007011408244379385
259	0.0007010263723266653
260	0.0007009140721309561
261	0.0007008038776331006
262	0.0007006957430302586
263	0.0007005896229647145
264	0.000700485472562732
265	0.0007003832474633985
266	0.0007002829038511189
267	0.0007001843984758996
268	0.0007000876886807113
269	0.0006999927324217376
270	0.0006998994882852407
271	0.000699807915508771
272	0.0006997179739916795
273	0.000699629624313157
274	0.0006995428277401485
275	0.0006994575462428013
276	0.0006993737424972144
277	0.0006992913798970499
278	0.0006992104225597381
279	0.0006991308353268786
280	0.0006990525837739706
281	0.0006989756342063646
282	0.0006988999536653559
283	0.0006988255099234354
284	0.0006987522714870364
285	0.0006986802075961073
286	0.000698609288215332
287	0.0006985394840356238
288	0.0006984707664678322
289	0.0006984031076401107
290	0.0006983364803849837
291	0.0006982708582398749
292	0.000698206215437833
293	0.0006981425268973345
294	0.0006980797682158628
295	0.0006980179156582595
296	0.0006979569461534253
297	0.000697896837272456
298	0.0006978375672320004
299	0.0006977791148724011
300	0.0006977214596517781
301	0.0006976645816339406
302	0.0006976084614755587
303	0.0006975530804131185
304	0.0006974984202527384
305	0.0006974444633574319
306	0.000697391192632631
307	0.000697338591513961
308	0.000697286643958284
309	0.0006972353344242625
310	0.0006971846478627665
311	0.0006971345697070035
312	0.0006970850858545693
313	0.0006970361826567273
314	0.0006969878469070573
315	0.0006969400658262459
316	0.0006968928270523403
317	0.0006968461186261395
318	0.0006967999289794113
319	0.0006967542469243727
320	0.0006967090616409198
321	0.0006966643626641801
322	0.000696620139874582
323	0.0006965763834851711
324	0.000696533084032086
325	0.000696490232361859
326	0.0006964478196259643
327	0.0006964058372608732
328	0.0006963642769887838
329	0.000696323130801372
330	0.0006962823909511454
331	0.000696242049945895
332	0.000696202100533453
333	0.0006961625356985178
334	0.0006961233486540413
335	0.0006960845328264466
336	0.0006960460818564487
337	0.0006960079895855036
338	0.0006959702500509544
339	0.0006959328574780713
340	0.0006958958062721744
341	0.0006958590910148871
342	0.0006958227064533167
343	0.000695786647497414
344	0.0006957509092130797
345	0.0006957154868157341
346	0.000695680375664146
347	0.0006956455712557636
348	0.0006956110692228096
349	0.0006955768653240623
350	0.0006955429554440985
351	0.0006955093355844334
352	0.0006954760018628864
353	0.0006954429505056027
354	0.0006954101778473471
355	0.0006953776803205198
356	0.0006953454544613415
357	0.0006953134968975841
358	0.0006952818043459956
359	0.0006952503736167925
360	0.0006952192015973564
361	0.0006951882852632368
362	0.0006951576216631275
363	0.0006951272079225469
364	0.000695097041241544
365	0.0006950671188864109
366	0.0006950374381940071
367	0.0006950079965631404
368	0.0006949787914575568
369	0.0006949498204004506
370	0.0006949210809711171
371	0.0006948925708065563
372	0.0006948642875977784
373	0.0006948362290874156
374	0.0006948083930675569
375	0.000694780777378401
376	0.0006947533799075314
377	0.0006947261985874537
378	0.0006946992313925486
379	0.0006946724763415974
380	0.0006946459314909171
381	0.0006946195949377736
382	0.0006945934648155803
383	0.0006945675392946832
384	0.0006945418165808519
385	0.0006945162949129405
386	0.0006944909725627398
387	0.0006944658478338483
388	0.000694440919060705
389	0.0006944161846053805
390	0.0006943916428619162
391	0.0006943672922471528
392	0.000694343131210281
393	0.0006943191582205676
394	0.0006942953717764426
395	0.0006942717703987114
396	0.0006942483526324733
397	0.0006942251170434429
398	0.0006942020622223839
399	0.0006941791867781564
400	0.0006941564893424248
401	0.0006941339685665685
402	0.0006941116231192225
403	0.0006940894516901269
404	0.0006940674529867551
405	0.0006940456257323516
406	0.000694023968669754
407	0.0006940024805585918
408	0.0006939811601712734
409	0.0006939600062982919
410	0.000693939017746283
411	0.0006939181933339176
412	0.0006938975318960138
413	0.0006938770322822204
414	0.0006938566933512082
415	0.0006938365139827307
416	0.0006938164930614392
417	0.0006937966294888011
418	0.0006937769221776401
419	0.0006937573700520467
420	0.0006937379720477773
421	0.0006937187271124932
422	0.0006936996342030283
423	0.0006936806922893473
424	0.0006936619003502227
425	0.0006936432573742062
426	0.0006936247623616538
427	0.0006936064143194878
428	0.0006935882122673306
429	0.000693570155231172
430	0.0006935522422486058
431	0.0006935344723619842
432	0.0006935168446281757
433	0.0006934993581065278
434	0.0006934820118669533
435	0.0006934648049884816
436	0.000693447736556718
437	0.0006934308056632876
438	0.000693414011410967
439	0.0006933973529056652
440	0.0006933808292648144
441	0.0006933644396091193
442	0.0006933481830682939
443	0.0006933320587764328
444	0.0006933160658777051
445	0.0006933002035193393
446	0.0006932844708577568
447	0.000693268867051446
448	0.0006932533912705297
449	0.0006932380426857796
450	0.0006932228204784082
451	0.0006932077238303308
452	0.0006931927519342523
453	0.0006931779039846735
454	0.0006931631791831068
455	0.0006931485767360795
456	0.0006931340958547473
457	0.0006931197357572733
458	0.0006931054956634327
459	0.0006930913748021862
460	0.0006930773724033342
461	0.0006930634877044542
462	0.0006930497199466864
463	0.0006930360683752146
464	0.0006930225322406878
465	0.0006930091107982278
466	0.0006929958033067926
467	0.0006929826090308667
468	0.0006929695272371829
469	0.0006929565571981341
470	0.0006929436981900924
471	0.0006929309494930532
472	0.0006929183103919294
473	0.0006929057801745762
474	0.0006928933581339685
475	0.0006928810435653942
476	0.0006928688357694867
477	0.000692856734049542
478	0.0006928447377123766
479	0.0006928328460694702
480	0.0006928210584364574
481	0.000692809374130705
482	0.0006927977924734227
483	0.0006927863127907882
484	0.0006927749344105734
485	0.0006927636566656599
486	0.000692752478891132
487	0.000692741400424815
488	0.0006927304206095591
489	0.0006927195387907124
490	0.0006927087543161886
491	0.0006926980665376927
492	0.00069268747480954
493	0.0006926769784900255
494	0.0006926665769391588
495	0.000692656269521436
496	0.0006926460556032813
497	0.0006926359345552292
498	0.000692625905748925
499	0.0006926159685606155
500	0.0006926061223685
501	0.0006925963665541117
502	0.0006925867005012042
503	0.0006925771235972193
504	0.0006925676352317145
505	0.0006925582347975081
506	0.0006925489216883969
507	0.0006925396953044052
508	0.0006925305550447778
509	0.000692521500312704
510	0.0006925125305137059
511	0.0006925036450578293
512	0.0006924948433541622
513	0.0006924861248172462
514	0.0006924774888645457
515	0.0006924689349123441
516	0.0006924604623840986
517	0.0006924520707014475
518	0.0006924437592928074
519	0.0006924355275854273
520	0.000692427375010838
521	0.0006924193010031741
522	0.0006924113049978694
523	0.0006924033864335547
524	0.000692395544751332
525	0.0006923877793941535
526	0.0006923800898077809
527	0.0006923724754401817
528	0.0006923649357418209
529	0.0006923574701651309
530	0.0006923500781656542
531	0.0006923427592004258
532	0.0006923355127291773
533	0.0006923283382130883
534	0.0006923212351176195
535	0.0006923142029088155
536	0.0006923072410560918
537	0.0006923003490295834
538	0.0006922935263028682
539	0.000692286772352035
540	0.0006922800866559183
541	0.000692273468691706
542	0.0006922669179454551
543	0.000692260433899221
544	0.0006922540160408967
545	0.0006922476638584532
546	0.0006922413768450004
547	0.0006922351544937455
548	0.0006922289962987334
549	0.0006922229017594431
550	0.0006922168703748108
551	0.0006922109016496557
552	0.0006922049950864648
553	0.0006921991501922463
554	0.000692193366476902
555	0.0006921876434513389
556	0.0006921819806276389
557	0.0006921763775238092
558	0.0006921708336561792
559	0.000692165348544437
560	0.0006921599217121962
561	0.0006921545526833436
562	0.0006921492409827296
563	0.0006921439861420678
564	0.0006921387876907504
565	0.0006921336451614891
566	0.0006921285580908397
567	0.0006921235260166785
568	0.0006921185484773778
569	0.0006921136250161049
570	0.000692108755175931
571	0.0006921039385054687
572	0.000692099174552207
573	0.0006920944628660368
574	0.0006920898030009433
575	0.0006920851945120814
576	0.0006920806369573543
577	0.0006920761298963674
578	0.0006920716728910056
579	0.000692067265505648
580	0.0006920629073060125
581	0.0006920585978607624
582	0.0006920543367423601
583	0.0006920501235219256
584	0.0006920459577763276
585	0.000692041839083148
586	0.0006920377670205215
587	0.0006920337411720261
588	0.0006920297611215561
589	0.0006920258264570049
590	0.000692021936764935
591	0.0006920180916379667
592	0.0006920142906692145
593	0.0006920105334548432
594	0.0006920068195914786
595	0.0006920031486799472
596	0.0006919995203223531
597	0.0006919959341245325
598	0.0006919923896921435
599	0.0006919888866358143
600	0.0006919854245670421
601	0.0006919820030971387
602	0.0006919786218446134
603	0.0006919752804279598
604	0.0006919719784680397
605	0.0006919687155857303
606	0.0006919654914084976
607	0.0006919623055633229
608	0.0006919591576799882
609	0.0006919560473895882
610	0.0006919529743289114
611	0.0006919499381325848
612	0.0006919469384413688
613	0.0006919439748961334
614	0.0006919410471401123
615	0.0006919381548199717
616	0.0006919352975835108
617	0.000691932475080845
618	0.0006919296869666491
619	0.0006919269328944131
620	0.0006919242125233806
621	0.000691921525511159
622	0.0006919188715220805
623	0.0006919162502190817
624	0.0006919136612704142
625	0.0006919111043435885
626	0.0006919085791114858
627	0.0006919060852466422
628	0.0006919036224256005
629	0.0006919011903266084
630	0.0006918987886299961
631	0.0006918964170190854
632	0.0006918940751790907
633	0.0006918917627962172
634	0.0006918894795626435
635	0.0006918872251682977
636	0.0006918849993093731
637	0.0006918828016802339
638	0.0006918806319821503
639	0.0006918784899142857
640	0.0006918763751818005
641	0.0006918742874891146
642	0.0006918722265458984
643	0.0006918701920604156
644	0.0006918681837467783
645	0.0006918662013196039
646	0.000691864244494605
647	0.0006918623129932664
648	0.0006918604065346303
649	0.0006918585248444288
650	0.0006918566676476151
651	0.0006918548346723853
652	0.0006918530256504207
653	0.0006918512403135627
654	0.0006918494783963966
655	0.0006918477396362302
656	0.0006918460237732688
657	0.000691844330546687
658	0.0006918426597034499
659	0.0006918410109864819
660	0.0006918393841453749
661	0.0006918377789293554
662	0.0006918361950915928
663	0.0006918346323862153
664	0.0006918330905702464
665	0.0006918315694016908
666	0.0006918300686416533
667	0.0006918285880537819
668	0.0006918271274025872
669	0.0006918256864555698
670	0.000691824264982433
671	0.0006918228627539145
672	0.0006918214795436612
673	0.0006918201151278552
674	0.0006918187692827488
675	0.0006918174417893275
676	0.0006918161324292896
677	0.0006918148409856378
678	0.0006918135672449239
679	0.0006918123109933184
680	0.0006918110720237223
681	0.0006918098501249541
682	0.0006918086450921203
683	0.0006918074567210869
684	0.0006918062848090387
685	0.0006918051291568912
686	0.0006918039895632255
687	0.0006918028658352158
688	0.0006918017577774493
689	0.0006918006651958923
690	0.0006917995879009105
691	0.0006917985257036146
692	0.0006917974784174467
693	0.0006917964458559712
694	0.0006917954278382642
695	0.0006917944241809888
696	0.0006917934347053308
697	0.0006917924592345166
698	0.0006917914975916348
699	0.000691790549602464
700	0.0006917896150960487
701	0.0006917886939005263
702	0.0006917877858478296
703	0.000691786890771527
704	0.0006917860085051719
705	0.0006917851388868522
706	0.0006917842817543488
707	0.0006917834369470968
708	0.0006917826043068166
709	0.0006917817836780058
710	0.0006917809749044965
711	0.0006917801778338862
712	0.0006917793923139313
713	0.0006917786181946893
714	0.0006917778553278579
715	0.0006917771035678939
716	0.0006917763627674997
717	0.000691775632785099
718	0.0006917749134784962
719	0.0006917742047062452
720	0.0006917735063300307
721	0.0006917728182131604
722	0.0006917721402188654
723	0.0006917714722139312
724	0.0006917708140651705
725	0.0006917701656414336
726	0.0006917695268135681
727	0.000691768897451976
728	0.0006917682774317947
729	0.000691767666626393
730	0.0006917670649124565
731	0.0006917664721663707
732	0.0006917658882684054
733	0.0006917653130989435
734	0.0006917647465383548
735	0.0006917641884711599
736	0.0006917636387814962
737	0.0006917630973553777
738	0.000691762564078661
739	0.0006917620388417391
740	0.0006917615215341621
741	0.0006917610120449303
742	0.0006917605102696557
743	0.0006917600161000922
744	0.0006917595294315122
745	0.0006917590501600755
746	0.000691758578183972
747	0.000691758113401567
748	0.0006917576557130016
749	0.0006917572050179306
750	0.0006917567612218175
751	0.0006917563242255075
752	0.0006917558939352787
753	0.0006917554702556114
754	0.0006917550530952908
755	0.0006917546423614853
756	0.0006917542379635857
757	0.0006917538398125302
758	0.0006917534478188276
759	0.0006917530618976158
760	0.0006917526819609001
761	0.0006917523079229043
762	0.0006917519397004553
763	0.0006917515772112906
764	0.000691751220371665
765	0.0006917508691026962
766	0.0006917505233227811
767	0.0006917501829546539
768	0.000691749847918843
769	0.000691749518139422
770	0.0006917491935398732
771	0.0006917488740459027
772	0.0006917485595838218
773	0.0006917482500798195
774	0.0006917479454624845
775	0.0006917476456601443
776	0.000691747350602123
777	0.0006917470602208054
778	0.0006917467744466754
779	0.0006917464932118743
780	0.0006917462164507543
781	0.0006917459440973541
782	0.0006917456760866568
783	0.0006917454123544093
784	0.0006917451528373143
785	0.0006917448974739666
786	0.0006917446462025254
787	0.0006917443989614548
788	0.0006917441556926706
789	0.0006917439163349703
790	0.0006917436808315293
791	0.0006917434491237278
792	0.000691743221156278
793	0.000691742996872154
794	0.0006917427762167199
795	0.0006917425591356381
796	0.0006917423455741695
797	0.0006917421354800761
798	0.000691741928801422
799	0.0006917417254853419
800	0.000691741525482034
801	0.0006917413287417758
802	0.0006917411352142593
803	0.0006917409448509029
804	0.0006917407576039871
805	0.0006917405734254452
806	0.0006917403922683346
807	0.0006917402140872842
808	0.0006917400388370587
809	0.0006917398664711858
810	0.0006917396969464386
811	0.000691739530219138
812	0.0006917393662463965
813	0.0006917392049858071
814	0.0006917390463955116
815	0.0006917388904341952
816	0.0006917387370611525
817	0.0006917385862359158
818	0.0006917384379201948
819	0.0006917382920730986
820	0.0006917381486578751
821	0.0006917380076363788
822	0.0006917378689706488
823	0.0006917377326248619
824	0.000691737598561811
825	0.0006917374667461849
826	0.0006917373371422754
827	0.0006917372097162784
828	0.0006917370844332089
829	0.0006917369612599378
830	0.0006917368401626709
831	0.0006917367211097488
832	0.0006917366040670495
833	0.0006917364890040086
834	0.0006917363758899347
835	0.0006917362646919778
836	0.0006917361553809031
837	0.0006917360479264922
838	0.0006917359422994679
839	0.0006917358384700436
840	0.0006917357364100111
841	0.0006917356360914542
842	0.0006917355374850946
843	0.0006917354405649471
844	0.0006917353453034002
845	0.000691735251674174
846	0.0006917351596507124
847	0.0006917350692063679
848	0.000691734980317618
849	0.000691734892957482
850	0.0006917348071010978
851	0.0006917347227261923
852	0.0006917346398070487
853	0.0006917345583206046
854	0.0006917344782438967
855	0.0006917343995530153
856	0.0006917343222259082
857	0.0006917342462407569
858	0.0006917341715748659
859	0.0006917340982074932
860	0.0006917340261168252
861	0.0006917339552823008
862	0.000691733885682493
863	0.00069173381729798
864	0.0006917337501090227
865	0.0006917336840948196
866	0.0006917336192366471
867	0.0006917335555160834
868	0.0006917334929129041
869	0.0006917334314097609
870	0.0006917333709879499
871	0.0006917333116293581
872	0.0006917332533166527
873	0.0006917331960327014
874	0.0006917331397593754
875	0.0006917330844806909
876	0.0006917330301806201
877	0.0006917329768413108
878	0.0006917329244479023
879	0.0006917328729846242
880	0.000691732822434147
881	0.0006917327727828962
882	0.0006917327240152938
883	0.0006917326761167972
884	0.0006917326290724406
885	0.0006917325828676756
886	0.0006917325374877674
887	0.000691732492920985
888	0.0006917324491502229
889	0.0006917324061645966
890	0.0006917323639498453
891	0.0006917323224937351
892	0.0006917322817821223
893	0.000691732241803299
894	0.0006917322025439717
895	0.000691732163992731
896	0.0006917321261372409
897	0.0006917320889647637
898	0.0006917320524650837
899	0.0006917320166250475
900	0.0006917319814352244
901	0.0006917319468827697
902	0.0006917319129572004
903	0.000691731879647649
904	0.0006917318469448505
905	0.0006917318148365641
906	0.0006917317833138473
907	0.000691731752365009
908	0.0006917317219820948
909	0.0006917316921533577
910	0.0006917316628707211
911	0.0006917316341242931
912	0.0006917316059038183
913	0.0006917315782011612
914	0.000691731551007064
915	0.0006917315243124485
916	0.0006917314981096582
917	0.0006917314723884602
918	0.0006917314471419553
919	0.0006917314223597637
920	0.0006917313980360829
921	0.0006917313741611258
922	0.0006917313507283532
923	0.0006917313277293428
924	0.0006917313051561323
925	0.0006917312830028246
926	0.0006917312612592425
927	0.0006917312399207768
928	0.00069173121897769
929	0.0006917311984263048
930	0.0006917311782572415
931	0.0006917311584637901
932	0.0006917311390403398
933	0.0006917311199802674
934	0.000691731101275508
935	0.0006917310829215144
936	0.0006917310649116775
937	0.000691731047238895
938	0.0006917310298987326
939	0.0006917310128831638
940	0.0006917309961882461
941	0.0006917309798074371
942	0.0006917309637354508
943	0.0006917309479664206
944	0.000691730932495155
945	0.0006917309173158793
946	0.0006917309024232146
947	0.0006917308878134409
948	0.0006917308734794861
949	0.0006917308594176083
950	0.0006917308456226203
951	0.0006917308320897709
952	0.0006917308188136434
953	0.0006917308057903211
954	0.0006917307930148914
955	0.0006917307804832895
956	0.0006917307681902038
957	0.0006917307561326088
958	0.0006917307443049519
959	0.0006917307327037148
960	0.0006917307213240469
961	0.000691730710163557
962	0.0006917306992163355
963	0.0006917306884793038
964	0.0006917306779489989
965	0.0006917306676203089
966	0.0006917306574905259
967	0.0006917306475560037
968	0.0006917306378131506
969	0.0006917306282586999
970	0.00069173061888786
971	0.0006917306096989616
972	0.0006917306006885235
973	0.0006917305918511469
974	0.0006917305831852743
975	0.0006917305746878479
976	0.0006917305663552509
977	0.0006917305581845543
978	0.0006917305501729906
979	0.0006917305423168972
980	0.0006917305346138612
981	0.0006917305270617655
982	0.0006917305196564811
983	0.0006917305123956454
984	0.000691730505277183
985	0.0006917304982976626
986	0.0006917304914548202
987	0.0006917304847466401
988	0.0006917304781693874
989	0.0006917304717215193
990	0.0006917304654003041
991	0.0006917304592035625
992	0.0006917304531289183
993	0.0006917304471727645
994	0.0006917304413356571
995	0.0006917304356127758
996	0.0006917304300030734
997	0.0006917304245041299
998	0.0006917304191141815
999	0.0006917304138308867
1000	0.0006917304086522776
1001	0.0006917304035765097
1002	0.0006917303986013836
1003	0.0006917303937251479
1004	0.0006917303889452882
1005	0.0006917303842597182
1006	0.0006917303796700575
1007	0.0006917303751708117
1008	0.0006917303707607433
1009	0.0006917303664391468
1010	0.0006917303622036597
1011	0.0006917303580526432
1012	0.0006917303539857361
1013	0.0006917303499986979
1014	0.000691730346093225
1015	0.0006917303422652541
1016	0.0006917303385136203
1017	0.0006917303348383725
1018	0.0006917303312366633
1019	0.0006917303277076749
1020	0.000691730324249577
1021	0.000691730320861411
1022	0.0006917303175409438
1023	0.0006917303142876246
1024	0.0006917303111003932
1025	0.0006917303079782137
1026	0.0006917303049189904
1027	0.0006917303019210924
1028	0.0006917302989840023
1029	0.0006917302961063675
1030	0.0006917302932882446
1031	0.0006917302905275279
1032	0.000691730287821517
1033	0.0006917302851717107
1034	0.0006917302825754207
1035	0.0006917302800326737
1036	0.0006917302775409848
1037	0.000691730275100039
1038	0.0006917302727098319
1039	0.0006917302703682616
1040	0.0006917302680744634
1041	0.0006917302658277231
1042	0.0006917302636269643
1043	0.0006917302614718522
1044	0.0006917302593601341
1045	0.0006917302572920527
1046	0.0006917302552673912
1047	0.0006917302532838339
1048	0.0006917302513414494
1049	0.0006917302494383285
1050	0.0006917302475759218
1051	0.0006917302457504773
1052	0.0006917302439633608
1053	0.000691730242213418
1054	0.0006917302404989426
1055	0.0006917302388206955
1056	0.0006917302371769171
1057	0.0006917302355673944
1058	0.0006917302339922145
1059	0.0006917302324483965
1060	0.000691730230936774
1061	0.0006917302294574045
1062	0.0006917302280085487
1063	0.0006917302265896183
1064	0.0006917302252006785
1065	0.0006917302238403615
1066	0.0006917302225082661
1067	0.0006917302212044989
1068	0.0006917302199286777
1069	0.0006917302186783111
1070	0.0006917302174549587
1071	0.0006917302162569061
1072	0.0006917302150845325
1073	0.0006917302139358685
1074	0.0006917302128119748
1075	0.0006917302117120613
1076	0.0006917302106348401
1077	0.0006917302095811413
1078	0.0006917302085476824
1079	0.0006917302075377192
1080	0.000691730206548805
1081	0.0006917302055805518
1082	0.0006917302046332319
1083	0.0006917302037056332
1084	0.0006917302027975941
1085	0.0006917302019094206
1086	0.0006917302010389126
1087	0.00069173020018786
1088	0.0006917301993546367
1089	0.0006917301985395765
1090	0.0006917301977412143
1091	0.000691730196959593
1092	0.0006917301961955648
1093	0.0006917301954471659
1094	0.0006917301947148997
1095	0.0006917301939978946
1096	0.0006917301932974093
1097	0.0006917301926114964
1098	0.0006917301919401464
1099	0.0006917301912825976
1100	0.000691730190639749
1101	0.0006917301900098663
1102	0.0006917301893948202
1103	0.0006917301887922278
1104	0.0006917301882026859
1105	0.0006917301876262949
1106	0.0006917301870617888
1107	0.0006917301865093768
1108	0.0006917301859694694
1109	0.0006917301854404358
1110	0.0006917301849232126
1111	0.0006917301844173848
1112	0.0006917301839228281
1113	0.0006917301834387218
1114	0.0006917301829642773
1115	0.0006917301825010238
1116	0.0006917301820469665
1117	0.0006917301816042252
1118	0.0006917301811697211
1119	0.0006917301807450886
1120	0.0006917301803300136
1121	0.000691730179924328
1122	0.0006917301795268735
1123	0.0006917301791382757
1124	0.00069173017875789
1125	0.0006917301783859316
1126	0.0006917301780223902
1127	0.0006917301776665454
1128	0.0006917301773183444
1129	0.0006917301769781939
1130	0.000691730176644456
1131	0.0006917301763200501
1132	0.0006917301760017511
1133	0.0006917301756894825
1134	0.0006917301753852443
1135	0.000691730175087363
1136	0.0006917301747964757
1137	0.0006917301745117846
1138	0.0006917301742324618
1139	0.0006917301739606548
1140	0.0006917301736942458
1141	0.0006917301734338895
1142	0.0006917301731785292
1143	0.0006917301729295551
1144	0.0006917301726862245
1145	0.0006917301724475077
1146	0.0006917301722150721
1147	0.0006917301719875503
1148	0.0006917301717645607
1149	0.0006917301715467806
1150	0.0006917301713335491
1151	0.0006917301711252389
1152	0.0006917301709219224
1153	0.0006917301707246387
1154	0.0006917301705291702
1155	0.0006917301703389014
1156	0.0006917301701527249
1157	0.0006917301699712816
1158	0.0006917301697935783
1159	0.0006917301696205341
1160	0.0006917301694503283
1161	0.000691730169284789
1162	0.0006917301691223563
1163	0.0006917301689635285
1164	0.0006917301688083548
1165	0.0006917301686571417
1166	0.0006917301685094091
1167	0.0006917301683642901
1168	0.0006917301682228177
1169	0.0006917301680849572
1170	0.0006917301679489565
1171	0.0006917301678176222
1172	0.000691730167688931
1173	0.0006917301675620348
1174	0.0006917301674387476
1175	0.0006917301673179056
1176	0.0006917301672002837
1177	0.0006917301670854442
1178	0.0006917301669719945
1179	0.0006917301668625909
1180	0.0006917301667556778
1181	0.0006917301666501318
1182	0.0006917301665466491
1183	0.0006917301664474508
1184	0.0006917301663488741
1185	0.0006917301662533491
1186	0.0006917301661600551
1187	0.0006917301660689069
1188	0.0006917301659792318
1189	0.0006917301658917795
1190	0.000691730165806711
1191	0.0006917301657234916
1192	0.0006917301656421698
1193	0.0006917301655625969
1194	0.0006917301654848777
1195	0.0006917301654087552
1196	0.0006917301653345452
1197	0.0006917301652616719
1198	0.0006917301651910643
1199	0.0006917301651221289
1200	0.0006917301650544445
1201	0.0006917301649889899
1202	0.0006917301649239653
1203	0.0006917301648610375
1204	0.0006917301647995331
1205	0.0006917301647396308
1206	0.0006917301646806235
1207	0.0006917301646231899
1208	0.000691730164567551
1209	0.0006917301645127153
1210	0.0006917301644589083
1211	0.0006917301644063566
1212	0.0006917301643560628
1213	0.0006917301643065211
1214	0.0006917301642575851
1215	0.0006917301642099228
1216	0.0006917301641635287
1217	0.0006917301641185658
1218	0.0006917301640744205
1219	0.0006917301640307225
1220	0.0006917301639887707
1221	0.0006917301639472902
1222	0.0006917301639071645
1223	0.0006917301638677579
1224	0.0006917301638299145
1225	0.0006917301637918511
1226	0.0006917301637558495
1227	0.0006917301637195412
1228	0.0006917301636847385
1229	0.0006917301636506835
1230	0.000691730163617668
1231	0.0006917301635851131
1232	0.0006917301635534368
1233	0.0006917301635223892
1234	0.0006917301634922589
1235	0.0006917301634624684
1236	0.0006917301634344442
1237	0.0006917301634058612
1238	0.0006917301633779257
1239	0.0006917301633512389
1240	0.0006917301633253575
1241	0.0006917301632997124
1242	0.0006917301632749182
1243	0.0006917301632507212
1244	0.0006917301632268439
1245	0.0006917301632038903
1246	0.0006917301631811901
1247	0.0006917301631586632
1248	0.0006917301631377333
1249	0.0006917301631160456
1250	0.0006917301630961041
1251	0.0006917301630757527
1252	0.0006917301630554047
1253	0.0006917301630368158
1254	0.0006917301630180025
1255	0.0006917301630000706
1256	0.0006917301629825931
1257	0.0006917301629644444
1258	0.0006917301629484027
1259	0.000691730162931203
1260	0.0006917301629151652
1261	0.0006917301628992336
1262	0.0006917301628838706
1263	0.0006917301628693589
1264	0.0006917301628545394
1265	0.0006917301628407298
1266	0.0006917301628268825
1267	0.0006917301628126928
1268	0.0006917301627990721
1269	0.000691730162786807
1270	0.0006917301627740635
1271	0.0006917301627616722
1272	0.0006917301627494447
1273	0.0006917301627379253
1274	0.0006917301627268482
1275	0.0006917301627154254
1276	0.0006917301627047553
1277	0.0006917301626941093
1278	0.0006917301626834092
1279	0.0006917301626731675
1280	0.000691730162664155
1281	0.0006917301626540193
1282	0.0006917301626445465
1283	0.0006917301626352166
1284	0.0006917301626263883
1285	0.0006917301626179071
1286	0.0006917301626091041
1287	0.0006917301626008456
1288	0.000691730162593251
1289	0.00069173016258458
1290	0.0006917301625776591
1291	0.0006917301625696114
1292	0.0006917301625624486
1293	0.0006917301625548314
1294	0.0006917301625487611
1295	0.0006917301625418698
1296	0.0006917301625348976
1297	0.0006917301625283621
1298	0.0006917301625223786
1299	0.0006917301625160012
1300	0.0006917301625101249
1301	0.0006917301625039206
1302	0.0006917301624982089
1303	0.000691730162492737
1304	0.0006917301624877101
1305	0.0006917301624821882
1306	0.0006917301624769637
1307	0.0006917301624724446
1308	0.0006917301624669407
1309	0.0006917301624623467
1310	0.0006917301624570769
1311	0.0006917301624533676
1312	0.0006917301624486316
1313	0.0006917301624449779
1314	0.0006917301624396607
1315	0.0006917301624357275
1316	0.0006917301624319134
1317	0.0006917301624281012
1318	0.0006917301624244057
1319	0.0006917301624206134
1320	0.0006917301624171189
1321	0.0006917301624138145
1322	0.0006917301624100138
1323	0.0006917301624075657
1324	0.0006917301624033889
1325	0.000691730162399774
1326	0.0006917301623971094
1327	0.0006917301623942736
1328	0.0006917301623909171
1329	0.000691730162388271
1330	0.0006917301623853163
1331	0.0006917301623830931
1332	0.0006917301623804419
1333	0.0006917301623775027
1334	0.0006917301623749412
1335	0.0006917301623728077
1336	0.0006917301623702279
1337	0.0006917301623678811
1338	0.0006917301623654041
1339	0.000691730162363043
1340	0.0006917301623612874
1341	0.0006917301623591432
1342	0.0006917301623565384
1343	0.000691730162355043
1344	0.0006917301623528275
1345	0.0006917301623515662
1346	0.0006917301623495492
1347	0.0006917301623477947
1348	0.000691730162346238
1349	0.0006917301623442006
1350	0.0006917301623423002
1351	0.0006917301623408259
1352	0.0006917301623393201
1353	0.0006917301623372634
1354	0.0006917301623364225
1355	0.0006917301623349256
1356	0.0006917301623329875
1357	0.0006917301623321489
1358	0.0006917301623306848
1359	0.0006917301623291717
1360	0.0006917301623279697
1361	0.0006917301623266997
1362	0.0006917301623259065
1363	0.0006917301623237469
1364	0.0006917301623226396
1365	0.0006917301623217916
1366	0.0006917301623207315
1367	0.0006917301623195324
1368	0.000691730162318595
1369	0.0006917301623178632
1370	0.0006917301623167399
1371	0.0006917301623152964
1372	0.000691730162314818
1373	0.0006917301623140767
1374	0.0006917301623125714
1375	0.0006917301623118959
1376	0.0006917301623107605
1377	0.0006917301623103695
1378	0.0006917301623096616
1379	0.000691730162308932
1380	0.0006917301623083578
1381	0.0006917301623077467
1382	0.0006917301623062434
1383	0.0006917301623056506
1384	0.000691730162305332
1385	0.0006917301623044313
1386	0.0006917301623043599
1387	0.0006917301623037331
1388	0.0006917301623021257
1389	0.0006917301623023802
1390	0.0006917301623016028
1391	0.0006917301623013696
1392	0.0006917301622998955
1393	0.0006917301622998117
1394	0.0006917301622994635
1395	0.0006917301622987554
1396	0.0006917301622980548
1397	0.0006917301622983729
1398	0.0006917301622973119
1399	0.0006917301622970461
1400	0.0006917301622968462
1401	0.0006917301622962592
1402	0.0006917301622957345
1403	0.0006917301622953518
1404	0.0006917301622943959
1405	0.0006917301622941388
1406	0.0006917301622942399
1407	0.000691730162294025
1408	0.0006917301622927759
1409	0.0006917301622926905
1410	0.0006917301622919435
1411	0.0006917301622923399
1412	0.0006917301622921678
1413	0.0006917301622920923
1414	0.0006917301622912065
1415	0.0006917301622911467
1416	0.0006917301622901806
1417	0.000691730162289611
1418	0.0006917301622903152
1419	0.000691730162290247
1420	0.0006917301622895029
1421	0.0006917301622896073
1422	0.0006917301622887991
1423	0.0006917301622890344
1424	0.0006917301622881976
1425	0.0006917301622886696
1426	0.0006917301622877497
1427	0.0006917301622873268
1428	0.0006917301622877329
1429	0.0006917301622869144
1430	0.0006917301622875686
1431	0.000691730162287196
1432	0.0006917301622871886
1433	0.000691730162287047
1434	0.0006917301622868778
1435	0.0006917301622860825
1436	0.0006917301622866294
1437	0.0006917301622859939
1438	0.0006917301622863169
1439	0.0006917301622857212
1440	0.0006917301622857415
1441	0.0006917301622851493
1442	0.0006917301622853347
1443	0.0006917301622851014
1444	0.0006917301622851098
1445	0.0006917301622853397
1446	0.0006917301622843409
1447	0.000691730162284179
1448	0.000691730162284789
1449	0.0006917301622845172
1450	0.0006917301622850014
1451	0.0006917301622840395
1452	0.0006917301622839265
1453	0.0006917301622838125
1454	0.0006917301622838171
1455	0.0006917301622840222
1456	0.0006917301622837537
1457	0.0006917301622833687
1458	0.0006917301622841054
1459	0.0006917301622833218
1460	0.0006917301622831791
1461	0.0006917301622833029
1462	0.0006917301622831555
1463	0.000691730162282848
1464	0.00069173016228298
1465	0.0006917301622831552
1466	0.00069173016228262
1467	0.0006917301622830906
1468	0.0006917301622827806
1469	0.0006917301622823024
1470	0.0006917301622827966
1471	0.000691730162282466
1472	0.0006917301622825253
1473	0.0006917301622821269
1474	0.0006917301622821331
1475	0.0006917301622829338
1476	0.000691730162281847
1477	0.0006917301622828438
1478	0.0006917301622825042
1479	0.0006917301622817818
1480	0.0006917301622821524
1481	0.0006917301622820097
1482	0.0006917301622821906
1483	0.0006917301622822035
1484	0.0006917301622817458
1485	0.0006917301622821273
1486	0.0006917301622819558
1487	0.0006917301622817896
1488	0.0006917301622812118
1489	0.0006917301622815018
1490	0.0006917301622821168
1491	0.0006917301622815973
1492	0.0006917301622817238
1493	0.0006917301622817265
1494	0.0006917301622818256
1495	0.0006917301622814178
1496	0.0006917301622815413
1497	0.0006917301622815987
1498	0.0006917301622815092
1499	0.0006917301622816633
1500	0.0006917301622817645
1501	0.0006917301622811898
1502	0.0006917301622813856
1503	0.0006917301622813232
1504	0.0006917301622815742
1505	0.00069173016228138
1506	0.000691730162280564
1507	0.000691730162281378
1508	0.0006917301622807659
1509	0.0006917301622814959
1510	0.0006917301622813674
1511	0.0006917301622807732
1512	0.000691730162280922
1513	0.0006917301622810239
1514	0.0006917301622810536
1515	0.0006917301622810099
1516	0.0006917301622809322
1517	0.0006917301622807975
1518	0.0006917301622816012
1519	0.0006917301622810826
1520	0.0006917301622811678
1521	0.0006917301622810905
1522	0.0006917301622807707
1523	0.0006917301622811698
1524	0.0006917301622807474
1525	0.0006917301622821789
1526	0.0006917301622808459
1527	0.000691730162281195
1528	0.0006917301622803117
1529	0.0006917301622809889
1530	0.0006917301622806451
1531	0.000691730162281117
1532	0.000691730162280816
1533	0.0006917301622808329
1534	0.0006917301622810244
1535	0.0006917301622816245
1536	0.0006917301622806658
1537	0.0006917301622806256
1538	0.0006917301622804272
1539	0.0006917301622807947
1540	0.0006917301622810855
1541	0.0006917301622806798
1542	0.0006917301622807721
1543	0.0006917301622806878
1544	0.0006917301622806152
1545	0.0006917301622812041
1546	0.0006917301622805744
1547	0.0006917301622805902
1548	0.0006917301622812627
1549	0.0006917301622808283
1550	0.0006917301622813278
1551	0.0006917301622802718
1552	0.0006917301622806399
1553	0.0006917301622809436
1554	0.0006917301622806258
1555	0.0006917301622805708
1556	0.0006917301622809829
1557	0.0006917301622804967
1558	0.000691730162281696
1559	0.0006917301622808973
1560	0.0006917301622802621
1561	0.0006917301622808782
1562	0.0006917301622804453
1563	0.0006917301622804547
1564	0.0006917301622804881
1565	0.0006917301622807537
1566	0.0006917301622809117
1567	0.0006917301622803658
1568	0.0006917301622804494
1569	0.0006917301622814234
1570	0.0006917301622806534
1571	0.0006917301622809637
1572	0.0006917301622806672
1573	0.0006917301622805015
1574	0.0006917301622808016
1575	0.0006917301622807418
1576	0.0006917301622807427
1577	0.0006917301622805312
1578	0.0006917301622807528
1579	0.0006917301622807772
1580	0.0006917301622804885
1581	0.0006917301622803777
1582	0.0006917301622804659
1583	0.0006917301622802232
1584	0.0006917301622804778
1585	0.0006917301622811704
1586	0.0006917301622806934
1587	0.0006917301622804342
1588	0.000691730162280958
1589	0.0006917301622807279
1590	0.0006917301622806161
1591	0.0006917301622805745
1592	0.0006917301622806323
1593	0.0006917301622805014
1594	0.0006917301622810561
1595	0.0006917301622807145
1596	0.0006917301622808049
1597	0.0006917301622804684
1598	0.0006917301622806543
1599	0.0006917301622800625
1600	0.0006917301622803735
1601	0.0006917301622803901
1602	0.0006917301622808058
1603	0.0006917301622803736
1604	0.0006917301622803582
1605	0.0006917301622807163
1606	0.0006917301622804662
1607	0.0006917301622806613
1608	0.000691730162280554
1609	0.0006917301622806207
1610	0.0006917301622805823
1611	0.0006917301622803372
1612	0.0006917301622798247
1613	0.0006917301622809052
1614	0.0006917301622802008
1615	0.0006917301622803961
1616	0.0006917301622801762
1617	0.0006917301622804666
1618	0.0006917301622807324
1619	0.0006917301622802955
1620	0.0006917301622804743
1621	0.0006917301622809351
1622	0.0006917301622810395
1623	0.0006917301622807427
1624	0.0006917301622801737
1625	0.0006917301622809437
1626	0.0006917301622806463
1627	0.0006917301622806119
1628	0.000691730162280345
1629	0.0006917301622806054
1630	0.000691730162280412
1631	0.0006917301622804232
1632	0.0006917301622801287
1633	0.0006917301622806008
1634	0.0006917301622806258
1635	0.0006917301622805755
1636	0.0006917301622812042
1637	0.0006917301622804482
1638	0.000691730162280021
1639	0.0006917301622807509
1640	0.0006917301622804478
1641	0.0006917301622806533
1642	0.0006917301622806358
1643	0.0006917301622804199
1644	0.0006917301622807641
1645	0.0006917301622806696
1646	0.0006917301622813049
1647	0.0006917301622802519
1648	0.0006917301622812106
1649	0.0006917301622806759
1650	0.0006917301622804946
1651	0.0006917301622808836
1652	0.0006917301622804252
1653	0.0006917301622804276
1654	0.0006917301622807911
1655	0.0006917301622798358
1656	0.0006917301622805416
1657	0.0006917301622808123
1658	0.0006917301622812327
1659	0.0006917301622804867
1660	0.0006917301622811378
1661	0.0006917301622800431
1662	0.0006917301622805785
1663	0.0006917301622807301
