0	4.583457743444226
1	3.59249250776636
2	2.93718397448554
3	2.4864222548236077
4	2.1599464364943666
5	1.9098668544541522
6	1.7068007694855745
7	1.5348904242952308
8	1.3863520122522404
9	1.2542241370351366
10	1.1321226056371532
11	1.01662081711844
12	0.9076290665744887
13	0.8065960068769275
14	0.7144862506131752
15	0.6313321412844577
16	0.5567083822580738
17	0.4900971852544882
18	0.43099860809644186
19	0.37893374073795605
20	0.3334247429582242
21	0.29397756707366324
22	0.2600722014494106
23	0.23115986268105118
24	0.20666733455867756
25	0.18600912160577182
26	0.16860586548066644
27	0.15390501698797668
28	0.1413994392279475
29	0.13064102826559215
30	0.12124817353562134
31	0.11290724559382205
32	0.10536918870826614
33	0.09844273878453923
34	0.09198584245088393
35	0.08589662817885065
36	0.08010491387157953
37	0.07456485106173413
38	0.06924897197698593
39	0.0641436357230925
40	0.0592456589887033
41	0.054559773003643314
42	0.05009649395536272
43	0.04587004700489873
44	0.04189613892061171
45	0.038189588533615496
46	0.03476202371331356
47	0.0316199633929647
48	0.028763584766251318
49	0.026186344354104087
50	0.02387543533626018
51	0.021812895221114553
52	0.019977084031428637
53	0.018344251848994516
54	0.01688998344318757
55	0.015590402422918755
56	0.014423097816611039
57	0.013367784063488812
58	0.012406725693960034
59	0.0115249652145199
60	0.010710396783167379
61	0.009953728064504251
62	0.009248361827900398
63	0.00859020644874148
64	0.007977400349053372
65	0.007409925259543032
66	0.006889096923941577
67	0.00641695514611568
68	0.0059956112720852325
69	0.005626632239911092
70	0.005310537666127729
71	0.005046464309397158
72	0.004832022246764871
73	0.004663339457688981
74	0.004535270366839417
75	0.0044417289277447515
76	0.004376097560665715
77	0.004331660789909141
78	0.0043020174222345425
79	0.0042814353239182725
80	0.00426512381249549
81	0.004249407285221669
82	0.004231790877496372
83	0.004210918072120222
84	0.004186432731675739
85	0.004158770897506488
86	0.004128915335172553
87	0.004098145150764153
88	0.004067806042096362
89	0.004039119038611106
90	0.004013040137389393
91	0.00399017886236379
92	0.003970777241016696
93	0.0039547412947544165
94	0.003941708426945636
95	0.0039311309510647605
96	0.003922360006274491
97	0.003914721851649244
98	0.003907584523792769
99	0.0039004140818196145
100	0.0038928175842445865
101	0.003884568336119156
102	0.0038756102814255103
103	0.0038660420780363258
104	0.003856084972552274
105	0.003846040386272974
106	0.0038362432778202074
107	0.003827016968331784
108	0.003818634757538239
109	0.0038112928754579813
110	0.003805097474071489
111	0.003800065615229926
112	0.0037961375338706593
113	0.0037931958720777213
114	0.003791087424011315
115	0.0037896438112429605
116	0.003788698787654794
117	0.003788101100063245
118	0.0037877227946340342
119	0.0037874634633056547
120	0.0037872511478929958
121	0.003787040578523128
122	0.0037868093446976163
123	0.0037865526455362645
124	0.003786277398017963
125	0.0037859965179240893
126	0.003785724024427255
127	0.00378547134489996
128	0.00378524498047338
129	0.0037850455887424813
130	0.003784868443206371
131	0.0037847050307700473
132	0.0037845452939997836
133	0.003784379885145031
134	0.003784201892683329
135	0.003784007770502164
136	0.003783797473875559
137	0.0037835739644702677
138	0.0037833422989918333
139	0.00378310853496273
140	0.0037828786978905994
141	0.003782658017830621
142	0.003782450533471296
143	0.003782259022702388
144	0.0037820851317741135
145	0.003781929578212117
146	0.003781792358933366
147	0.0037816729418998878
148	0.0037815704318908037
149	0.003781483698786237
150	0.003781411464634489
151	0.0037813523608806196
152	0.0037813049713770423
153	0.003781267866143541
154	0.0037812396211421365
155	0.0037812188237944864
156	0.003781204076626502
157	0.0037811940156680943
158	0.0037811873499331624
159	0.003781182913405295
160	0.003781179714220399
161	0.0037811769692994283
162	0.003781174119680546
163	0.0037811708264021276
164	0.0037811669489423863
165	0.003781162509755272
166	0.0037811576492184284
167	0.0037811525748577286
168	0.0037811475084554
169	0.0037811426365851404
170	0.003781138072816983
171	0.0037811338396254875
172	0.0037811298732101178
173	0.003781126047937935
174	0.0037811222128665846
175	0.0037811182317345035
176	0.003781114017934063
177	0.0037811095565331724
178	0.0037811049079566656
179	0.0037811001935765622
180	0.0037810955698032315
181	0.0037810912000504544
182	0.0037810872316574717
183	0.0037810837801361117
184	0.003781080919884437
185	0.003781078680052597
186	0.0037810770449527554
187	0.0037810759586277276
188	0.0037810753328427335
189	0.003781075057703679
190	0.0037810750142696576
191	0.0037810750882592272
192	0.003781075183026543
193	0.003781075229240088
194	0.003781075189105854
195	0.003781075054487401
196	0.003781074840043375
197	0.0037810745737089134
198	0.0037810742870850746
199	0.0037810740078331956
200	0.003781073755145597
201	0.0037810735383331587
202	0.0037810733578029663
203	0.003781073207438528
204	0.003781073077481368
205	0.003781072957244313
206	0.003781072837236664
207	0.003781072710537352
208	0.0037810725734861044
209	0.003781072425856841
210	0.003781072270576787
211	0.0037810721129938455
212	0.0037810719597504753
213	0.0037810718174788984
214	0.0037810716916315255
215	0.0037810715856677413
216	0.0037810715007189025
217	0.0037810714357166607
218	0.003781071387912933
219	0.0037810713536417843
220	0.0037810713290979776
221	0.0037810713109382296
222	0.003781071296615442
223	0.0037810712844575933
224	0.0037810712735711167
225	0.0037810712636403188
226	0.0037810712546988974
227	0.0037810712469106196
228	0.0037810712404079795
229	0.0037810712351917628
230	0.0037810712310907433
231	0.0037810712277694617
232	0.0037810712247912295
233	0.0037810712217051273
234	0.003781071218139965
235	0.0037810712138643884
236	0.0037810712088066625
237	0.0037810712030361578
238	0.003781071196720832
239	0.003781071190081007
240	0.0037810711833507027
241	0.003781071176754757
242	0.0037810711704862458
243	0.0037810711646992265
244	0.0037810711594952807
245	0.0037810711549216684
246	0.003781071150978767
247	0.0037810711476339988
248	0.0037810711448408914
249	0.0037810711425554336
250	0.003781071140746223
251	0.003781071139389391
252	0.003781071138456505
253	0.00378107113790353
254	0.0037810711376594594
255	0.003781071137635307
256	0.0037810711377345998
257	0.0037810711378665923
258	0.003781071137960424
259	0.003781071137972155
260	0.003781071137882935
261	0.0037810711376964146
262	0.0037810711374296362
263	0.0037810711371052204
264	0.003781071136748954
265	0.0037810711363835585
266	0.003781071136027317
267	0.003781071135691656
268	0.003781071135382954
269	0.0037810711350989936
270	0.003781071134834778
271	0.0037810711345819914
272	0.003781071134335519
273	0.003781071134091978
274	0.0037810711338550716
275	0.0037810711336297357
276	0.0037810711334260233
277	0.003781071133251641
278	0.0037810711331120773
279	0.0037810711330095513
280	0.003781071132941615
281	0.0037810711329031074
282	0.003781071132886872
283	0.0037810711328850792
284	0.0037810711328908476
285	0.0037810711328992476
286	0.003781071132905255
287	0.003781071132907311
288	0.003781071132905343
289	0.0037810711328991426
290	0.0037810711328904265
291	0.003781071132880176
292	0.0037810711328705045
293	0.003781071132860434
294	0.0037810711328505856
295	0.0037810711328405697
296	0.0037810711328298617
297	0.003781071132817403
298	0.003781071132803194
299	0.003781071132787489
300	0.003781071132771506
301	0.003781071132755253
302	0.0037810711327396435
303	0.0037810711327261825
304	0.003781071132714854
305	0.0037810711327062323
306	0.0037810711326999123
307	0.0037810711326960052
308	0.003781071132693446
309	0.0037810711326929625
310	0.003781071132692554
311	0.0037810711326922504
312	0.003781071132691698
313	0.003781071132691445
314	0.003781071132690831
315	0.003781071132690371
316	0.0037810711326892693
317	0.003781071132688628
318	0.0037810711326879817
319	0.0037810711326871954
320	0.003781071132686612
321	0.0037810711326860713
322	0.00378107113268554
323	0.003781071132684594
324	0.0037810711326837845
325	0.0037810711326832077
326	0.003781071132681998
327	0.00378107113268077
328	0.003781071132680102
329	0.0037810711326790466
330	0.0037810711326785556
331	0.0037810711326780985
332	0.0037810711326779515
333	0.003781071132677112
334	0.003781071132677236
335	0.003781071132676998
336	0.003781071132676895
337	0.003781071132677021
338	0.0037810711326764965
339	0.0037810711326766084
340	0.003781071132676791
341	0.0037810711326765395
342	0.0037810711326766947
343	0.0037810711326764176
344	0.003781071132676754
345	0.003781071132676981
346	0.0037810711326768088
347	0.0037810711326764002
348	0.0037810711326767363
349	0.0037810711326765147
350	0.0037810711326764232
351	0.0037810711326761942
352	0.0037810711326765104
353	0.0037810711326761873
354	0.0037810711326762806
355	0.0037810711326764315
356	0.0037810711326762593
357	0.003781071132676176
358	0.003781071132676194
359	0.0037810711326762758
360	0.0037810711326759115
361	0.003781071132675948
362	0.0037810711326761184
363	0.003781071132676066
364	0.003781071132676116
365	0.003781071132675815
366	0.0037810711326759384
367	0.0037810711326757974
368	0.0037810711326758473
369	0.003781071132675886
370	0.003781071132675962
371	0.003781071132675694
372	0.0037810711326758855
373	0.003781071132676103
374	0.003781071132676004
375	0.003781071132675982
376	0.003781071132675693
377	0.0037810711326762276
378	0.0037810711326757567
379	0.0037810711326763
380	0.003781071132676101
381	0.003781071132676072
382	0.0037810711326758456
383	0.0037810711326759132
384	0.0037810711326760685
385	0.0037810711326758087
386	0.003781071132676034
387	0.003781071132675915
388	0.0037810711326761374
389	0.0037810711326757836
390	0.0037810711326761197
391	0.003781071132675775
392	0.003781071132676069
393	0.0037810711326760854
394	0.0037810711326757914
395	0.003781071132675823
396	0.0037810711326761205
397	0.003781071132675964
398	0.0037810711326759414
399	0.003781071132675812
400	0.0037810711326757506
401	0.0037810711326762263
402	0.003781071132675778
403	0.003781071132675766
404	0.003781071132675998
405	0.0037810711326758707
406	0.0037810711326758525
407	0.0037810711326757796
408	0.003781071132676099
409	0.0037810711326761344
410	0.0037810711326757185
411	0.0037810711326760277
412	0.003781071132675735
413	0.00378107113267588
414	0.003781071132675848
415	0.003781071132675802
416	0.003781071132675907
417	0.0037810711326760763
418	0.003781071132675946
419	0.0037810711326760563
420	0.003781071132676213
421	0.0037810711326758664
422	0.0037810711326760806
423	0.0037810711326758976
424	0.0037810711326761145
425	0.0037810711326759176
426	0.003781071132676066
427	0.0037810711326759137
