0	0.006533405353297599
1	0.005155207364207933
2	0.004290345004849454
3	0.0036451162855027234
4	0.0031377136718473003
5	0.0027346311290173033
6	0.002413832506494653
7	0.0021569748649843835
8	0.0019489176427984114
9	0.0017776767091072312
10	0.0016341857676806307
11	0.0015119068007487275
12	0.0014064639685329424
13	0.0013149778735362682
14	0.0012355092123047737
15	0.001166653565548209
16	0.0011072568530677664
17	0.0010563102858367561
18	0.0010128946282188926
19	0.0009761337867435483
20	0.0009451965260855505
21	0.0009192934600392695
22	0.0008976713185672989
23	0.000879652157922407
24	0.0008646637847528285
25	0.000852213594932447
26	0.0008418676352904372
27	0.0008332715428956393
28	0.0008261663163455995
29	0.0008203566780648429
30	0.0008156578668736862
31	0.0008118622396898322
32	0.0008087393517985199
33	0.0008060605516907999
34	0.0008036267367759394
35	0.0008012840780804321
36	0.0007989291446199379
37	0.0007965092498904443
38	0.000794015571779402
39	0.0007914669917416361
40	0.0007888927211536305
41	0.0007863219198871722
42	0.0007837794643447738
43	0.000781285048479115
44	0.0007788555492359454
45	0.0007765083334694279
46	0.0007742613433600821
47	0.0007721304080699629
48	0.0007701272934178797
49	0.0007682591303404202
50	0.0007665282925470632
51	0.0007649330340857812
52	0.0007634686030025365
53	0.0007621279354239909
54	0.00076090244647382
55	0.0007597828400704912
56	0.0007587582722818353
57	0.0007578145330629471
58	0.0007569341905215734
59	0.0007560992025394211
60	0.0007552941297834226
61	0.000754508517047427
62	0.0007537372738315791
63	0.0007529788329198835
64	0.0007522328658948216
65	0.0007514989714162035
66	0.0007507763298366277
67	0.0007500642434777007
68	0.0007493628543259856
69	0.0007486730666288908
70	0.000747996194047656
71	0.0007473339112616478
72	0.0007466879299843764
73	0.000746059307893884
74	0.0007454479564468966
75	0.0007448526498482872
76	0.0007442715429797622
77	0.0007437026533493413
78	0.0007431439148593041
79	0.0007425933449999212
80	0.0007420495174967702
81	0.0007415117991493074
82	0.0007409802061204635
83	0.0007404550951891657
84	0.0007399369272715237
85	0.0007394262567733628
86	0.0007389237214127832
87	0.0007384298849095148
88	0.000737945118442224
89	0.0007374695986990991
90	0.0007370034251074682
91	0.0007365467750455856
92	0.0007360998992239371
93	0.0007356630084357825
94	0.0007352361978781817
95	0.000734819403798903
96	0.0007344124101057152
97	0.0007340149155342009
98	0.0007336266428843378
99	0.0007332474517102917
100	0.0007328773525581436
101	0.000732516437471406
102	0.0007321648137332832
103	0.0007318225384525835
104	0.0007314895662287711
105	0.0007311657325030195
106	0.0007308507663338933
107	0.0007305443263678643
108	0.000730246032722927
109	0.0007299554960904656
110	0.0007296723507271452
111	0.0007293962671058455
112	0.0007291269508931401
113	0.0007288641362539936
114	0.0007286075712122751
115	0.0007283570081348201
116	0.0007281122016196637
117	0.000727872914244161
118	0.000727638924750952
119	0.0007274100313675306
120	0.0007271860552038297
121	0.0007269668366943963
122	0.0007267522239546956
123	0.0007265420637302516
124	0.000726336197205296
125	0.0007261344618457569
126	0.0007259366966993684
127	0.0007257427492330402
128	0.0007255524815132435
129	0.000725365770351505
130	0.0007251825049884744
131	0.000725002585123195
132	0.0007248259198379514
133	0.0007246524285525485
134	0.0007244820419799037
135	0.0007243147027025384
136	0.0007241503646260742
137	0.0007239889920061565
138	0.0007238305588648481
139	0.0007236750475350215
140	0.0007235224467444018
141	0.0007233727488454481
142	0.0007232259473276731
143	0.0007230820366126106
144	0.0007229410136303508
145	0.0007228028795007009
146	0.00072266763981738
147	0.0007225353042843759
148	0.00072240588575758
149	0.0007222793985140176
150	0.0007221558570799212
151	0.0007220352759961143
152	0.0007219176698106896
153	0.0007218030524245545
154	0.0007216914363381208
155	0.0007215828322842861
156	0.0007214772486821626
157	0.0007213746908979342
158	0.0007212751605334132
159	0.0007211786551319416
160	0.00072108516815761
161	0.0007209946889329525
162	0.0007209072025575309
163	0.0007208226898298593
164	0.0007207411271597383
165	0.000720662486320739
166	0.0007205867343272037
167	0.000720513833461262
168	0.0007204437413946362
169	0.0007203764113806485
170	0.0007203117925551815
171	0.0007202498302953975
172	0.0007201904664669533
173	0.0007201336396337456
174	0.0007200792853215965
175	0.0007200273363494159
176	0.0007199777232164076
177	0.0007199303745116215
178	0.0007198852172803277
179	0.0007198421773837331
180	0.0007198011798279924
181	0.0007197621490807867
182	0.0007197250093769732
183	0.000719689685027446
184	0.0007196561007232651
185	0.0007196241818347221
186	0.0007195938547094204
187	0.0007195650469395561
188	0.0007195376875797227
189	0.0007195117073699535
190	0.000719487038901882
191	0.0007194636167772422
192	0.0007194413777230048
193	0.0007194202606913985
194	0.0007194002069209763
195	0.000719381160020662
196	0.0007193630659702995
197	0.0007193458731598911
198	0.000719329532366222
199	0.0007193139967418355
200	0.000719299221780392
201	0.0007192851652837538
202	0.0007192717873102084
203	0.0007192590501005599
204	0.000719246918017654
205	0.0007192353574540476
206	0.0007192243367504804
207	0.0007192138261064656
208	0.0007192037974967457
209	0.0007191942245837722
210	0.0007191850826280124
211	0.0007191763484130881
212	0.0007191680001538305
213	0.0007191600174111793
214	0.0007191523810126017
215	0.0007191450729691687
216	0.0007191380763997795
217	0.0007191313754582876
218	0.000719124955269511
219	0.0007191188018608731
220	0.0007191129021042476
221	0.0007191072436555683
222	0.0007191018149053787
223	0.0007190966049192774
224	0.0007190916034091957
225	0.0007190868006754872
226	0.000719082187573993
227	0.0007190777554715788
228	0.0007190734962279793
229	0.0007190694021437005
230	0.0007190654659473924
231	0.0007190616807542818
232	0.0007190580400534516
233	0.0007190545376750351
234	0.0007190511677727714
235	0.000719047924806265
236	0.0007190448035126617
237	0.0007190417989078266
238	0.000719038906245714
239	0.0007190361210207577
240	0.000719033438951557
241	0.0007190308559606186
242	0.0007190283681696665
243	0.0007190259718783366
244	0.0007190236635665357
245	0.0007190214398755009
246	0.0007190192975997296
247	0.0007190172336776611
248	0.0007190152451841108
249	0.0007190133293243034
250	0.0007190114834221218
251	0.000719009704920396
252	0.0007190079913622482
253	0.0007190063404018785
254	0.0007190047497798576
255	0.000719003217337609
256	0.0007190017409946912
257	0.0007190003187569407
258	0.0007189989487036111
259	0.0007189976289907327
260	0.0007189963578419699
261	0.0007189951335499099
262	0.0007189939544627776
263	0.0007189928189946762
264	0.0007189917256161456
265	0.0007189906728513915
266	0.0007189896592771971
267	0.0007189886835145514
268	0.0007189877442417743
269	0.0007189868401738362
270	0.0007189859700767806
271	0.0007189851327499608
272	0.0007189843270407288
273	0.0007189835518349297
274	0.0007189828060485211
275	0.000718982088642835
276	0.0007189813986070385
277	0.0007189807349658524
278	0.0007189800967775906
279	0.0007189794831319851
280	0.000718978893147311
281	0.0007189783259727962
282	0.0007189777807819024
283	0.0007189772567839899
284	0.0007189767532036136
285	0.0007189762693000415
286	0.0007189758043546155
287	0.0007189753576723685
288	0.0007189749285785154
289	0.0007189745164284053
290	0.0007189741205921649
291	0.0007189737404665253
292	0.0007189733754645154
293	0.0007189730250214019
294	0.0007189726885909619
295	0.0007189723656466837
296	0.0007189720556783878
297	0.0007189717581974959
298	0.0007189714727258493
299	0.0007189711988086007
300	0.0007189709360046513
301	0.0007189706838861596
302	0.0007189704420443669
303	0.0007189702100786239
304	0.0007189699876113504
305	0.000718969774271142
306	0.0007189695697031359
307	0.0007189693735656164
308	0.000718969185525901
309	0.0007189690052672815
310	0.0007189688324870262
311	0.0007189686668829457
312	0.0007189685081759586
313	0.0007189683560898323
314	0.0007189682103603072
315	0.0007189680707366811
316	0.0007189679369708294
317	0.0007189678088281247
318	0.0007189676860844336
319	0.000718967568519449
320	0.0007189674559272391
321	0.0007189673481000389
322	0.00071896724485067
323	0.0007189671459882908
324	0.0007189670513364232
325	0.0007189669607217038
326	0.0007189668739776127
327	0.0007189667909466953
328	0.0007189667114756597
329	0.0007189666354165719
330	0.0007189665626292685
331	0.0007189664929770092
332	0.00071896642633028
333	0.0007189663625644923
334	0.0007189663015581138
335	0.0007189662431958281
336	0.000718966187370106
337	0.0007189661339714607
338	0.0007189660828975347
339	0.0007189660340514718
340	0.0007189659873389502
341	0.000718965942672431
342	0.000718965899960856
343	0.0007189658591246512
344	0.0007189658200820728
345	0.0007189657827591423
346	0.0007189657470800473
347	0.0007189657129746917
348	0.0007189656803778241
349	0.0007189656492237776
350	0.0007189656194505627
351	0.0007189655910002631
352	0.0007189655638111586
353	0.0007189655378340177
354	0.0007189655130153854
355	0.0007189654893018135
356	0.0007189654666508183
357	0.0007189654450118433
358	0.0007189654243430038
359	0.0007189654046027118
360	0.0007189653857494118
361	0.0007189653677438878
362	0.0007189653505486243
363	0.0007189653341305329
364	0.0007189653184523734
365	0.0007189653034859948
366	0.0007189652891954417
367	0.0007189652755543104
368	0.0007189652625325065
369	0.0007189652501037458
370	0.0007189652382392827
371	0.0007189652269170394
372	0.0007189652161101727
373	0.0007189652057993324
374	0.0007189651959589777
375	0.0007189651865711428
376	0.0007189651776140396
377	0.0007189651690674005
378	0.0007189651609149155
379	0.0007189651531383549
380	0.0007189651457221468
381	0.0007189651386458381
382	0.0007189651318978918
383	0.0007189651254613803
384	0.0007189651193245945
385	0.0007189651134737704
386	0.0007189651078945344
387	0.0007189651025758047
388	0.0007189650975054143
389	0.0007189650926706633
390	0.0007189650880625086
391	0.000718965083667714
392	0.0007189650794825378
393	0.0007189650754935314
394	0.0007189650716910144
395	0.0007189650680683892
396	0.0007189650646158309
397	0.0007189650613255854
398	0.0007189650581922033
399	0.0007189650552066033
400	0.0007189650523623557
401	0.0007189650496538463
402	0.0007189650470737597
403	0.0007189650446167376
404	0.000718965042276312
405	0.0007189650400495415
406	0.0007189650379279657
407	0.0007189650359078817
408	0.0007189650339847533
409	0.0007189650321537187
410	0.0007189650304105134
411	0.0007189650287529309
412	0.0007189650271713143
413	0.0007189650256716011
414	0.0007189650242420509
415	0.0007189650228810391
416	0.0007189650215856675
417	0.0007189650203545593
418	0.0007189650191834215
419	0.0007189650180691961
420	0.0007189650170089875
421	0.0007189650160014381
422	0.0007189650150425453
423	0.0007189650141307215
424	0.0007189650132630257
425	0.0007189650124384861
426	0.0007189650116544426
427	0.0007189650109097928
428	0.0007189650102021143
429	0.0007189650095293777
430	0.0007189650088881265
431	0.0007189650082804684
432	0.0007189650077024663
433	0.0007189650071538067
434	0.0007189650066323813
435	0.0007189650061367962
436	0.0007189650056666524
437	0.0007189650052196829
438	0.0007189650047940374
439	0.0007189650043913114
440	0.0007189650040077016
441	0.0007189650036434016
442	0.000718965003300065
443	0.0007189650029715982
444	0.0007189650026592986
445	0.0007189650023659805
446	0.0007189650020856072
447	0.0007189650018192017
448	0.0007189650015672265
449	0.0007189650013275175
450	0.000718965001098427
451	0.0007189650008838686
452	0.0007189650006781816
453	0.0007189650004854223
454	0.0007189650003022666
455	0.0007189650001278997
456	0.0007189649999631207
457	0.0007189649998053973
458	0.0007189649996578694
459	0.0007189649995142143
460	0.0007189649993826222
461	0.0007189649992547353
462	0.000718964999136255
463	0.0007189649990217662
464	0.000718964998914768
465	0.0007189649988117854
466	0.0007189649987155325
467	0.0007189649986239831
468	0.0007189649985370927
469	0.0007189649984538889
470	0.0007189649983769059
471	0.000718964998302912
472	0.0007189649982327184
473	0.0007189649981686379
474	0.0007189649981039945
475	0.0007189649980461415
476	0.0007189649979906382
477	0.0007189649979377909
478	0.000718964997886811
479	0.0007189649978406073
480	0.0007189649977953397
481	0.0007189649977531979
482	0.0007189649977120127
483	0.0007189649976748149
484	0.0007189649976375531
485	0.0007189649976044797
486	0.0007189649975718382
487	0.0007189649975419454
488	0.0007189649975133585
489	0.0007189649974873682
490	0.0007189649974607605
491	0.0007189649974362546
492	0.0007189649974149007
493	0.0007189649973924198
494	0.0007189649973717077
495	0.0007189649973527638
496	0.0007189649973353105
497	0.0007189649973180899
498	0.0007189649973024003
499	0.0007189649972859191
500	0.0007189649972718047
501	0.0007189649972579207
502	0.000718964997245131
503	0.0007189649972330516
504	0.0007189649972211079
505	0.0007189649972107367
506	0.000718964997200776
507	0.0007189649971907973
508	0.0007189649971814082
509	0.00071896499717323
510	0.0007189649971655668
511	0.0007189649971574517
512	0.0007189649971505046
513	0.0007189649971441791
514	0.0007189649971371244
515	0.0007189649971324759
516	0.0007189649971255871
517	0.000718964997121011
518	0.0007189649971160748
519	0.0007189649971112494
520	0.0007189649971063926
521	0.0007189649971022837
522	0.0007189649970990396
523	0.0007189649970950013
524	0.0007189649970916542
525	0.0007189649970876753
526	0.0007189649970847712
527	0.0007189649970829626
528	0.0007189649970798427
529	0.0007189649970765281
530	0.0007189649970743901
531	0.0007189649970724592
532	0.0007189649970696
533	0.0007189649970687547
534	0.0007189649970662425
535	0.0007189649970643092
536	0.0007189649970621017
537	0.0007189649970606606
538	0.0007189649970597376
539	0.0007189649970577116
540	0.0007189649970561846
541	0.0007189649970557006
542	0.0007189649970541767
543	0.0007189649970537403
544	0.0007189649970527284
545	0.0007189649970513571
546	0.0007189649970509003
547	0.0007189649970488285
548	0.00071896499704948
549	0.0007189649970471346
550	0.0007189649970474111
551	0.0007189649970477209
552	0.0007189649970468149
553	0.0007189649970456611
554	0.0007189649970448368
555	0.0007189649970450143
556	0.0007189649970437237
557	0.0007189649970443004
558	0.0007189649970439195
559	0.0007189649970424786
560	0.0007189649970429879
561	0.0007189649970429163
562	0.0007189649970410813
563	0.0007189649970416389
564	0.0007189649970418481
565	0.0007189649970419957
566	0.000718964997041497
567	0.0007189649970401062
568	0.0007189649970398619
569	0.0007189649970405633
570	0.0007189649970401653
571	0.0007189649970403135
572	0.000718964997037938
573	0.0007189649970401155
574	0.0007189649970392475
575	0.0007189649970384812
576	0.0007189649970399156
577	0.0007189649970401734
578	0.0007189649970390614
579	0.0007189649970395307
580	0.0007189649970384311
581	0.0007189649970380158
582	0.0007189649970392838
583	0.0007189649970380824
584	0.000718964997038449
585	0.0007189649970372413
586	0.0007189649970388339
587	0.0007189649970376731
588	0.0007189649970383256
589	0.000718964997038982
590	0.0007189649970382003
591	0.0007189649970378845
592	0.0007189649970385607
593	0.0007189649970369861
594	0.0007189649970378448
595	0.0007189649970373677
596	0.0007189649970372075
597	0.000718964997039092
598	0.000718964997037082
599	0.000718964997036589
600	0.0007189649970382953
601	0.0007189649970369861
602	0.0007189649970386209
603	0.0007189649970373816
604	0.0007189649970378618
605	0.0007189649970375531
606	0.0007189649970372579
607	0.0007189649970380011
608	0.0007189649970389706
609	0.0007189649970382255
610	0.0007189649970369219
611	0.0007189649970385978
612	0.0007189649970382494
613	0.0007189649970366858
614	0.0007189649970377608
615	0.0007189649970374449
616	0.0007189649970368225
617	0.0007189649970378245
618	0.0007189649970369734
619	0.0007189649970365431
620	0.0007189649970375599
621	0.0007189649970372584
622	0.0007189649970377319
623	0.0007189649970377112
624	0.0007189649970374093
625	0.0007189649970375753
626	0.000718964997037902
627	0.000718964997037095
628	0.0007189649970391768
629	0.0007189649970366103
630	0.0007189649970390148
631	0.0007189649970374564
632	0.0007189649970370264
633	0.0007189649970373109
634	0.0007189649970381071
635	0.0007189649970382036
636	0.0007189649970373834
637	0.0007189649970370469
638	0.0007189649970373514
639	0.0007189649970378587
640	0.0007189649970368981
641	0.0007189649970372754
642	0.0007189649970375171
643	0.0007189649970368379
644	0.0007189649970377437
645	0.0007189649970375651
646	0.0007189649970371295
647	0.0007189649970372346
648	0.0007189649970359093
649	0.0007189649970384442
650	0.0007189649970381528
651	0.0007189649970371454
652	0.0007189649970380762
653	0.0007189649970360864
654	0.0007189649970374393
655	0.0007189649970374286
656	0.000718964997037567
657	0.0007189649970379841
658	0.000718964997037729
659	0.0007189649970373575
660	0.0007189649970369677
661	0.0007189649970383687
662	0.0007189649970377478
663	0.0007189649970380719
664	0.0007189649970371119
665	0.0007189649970374104
666	0.0007189649970370452
667	0.0007189649970375372
668	0.000718964997037014
669	0.0007189649970373466
670	0.0007189649970367094
671	0.0007189649970377715
672	0.0007189649970372444
673	0.0007189649970379101
674	0.0007189649970381425
675	0.0007189649970369721
676	0.0007189649970368847
677	0.0007189649970373778
678	0.0007189649970377255
679	0.0007189649970375757
680	0.0007189649970374035
681	0.0007189649970354186
682	0.0007189649970365864
683	0.0007189649970375608
684	0.0007189649970380032
685	0.0007189649970373883
686	0.0007189649970385291
687	0.0007189649970370608
688	0.0007189649970376079
689	0.0007189649970370537
690	0.000718964997037336
691	0.0007189649970378674
692	0.0007189649970384361
693	0.0007189649970366979
694	0.0007189649970382884
695	0.0007189649970371382
696	0.0007189649970365222
697	0.0007189649970375943
698	0.0007189649970371598
699	0.0007189649970380406
700	0.0007189649970379832
701	0.0007189649970375232
702	0.000718964997036729
703	0.0007189649970376558
704	0.0007189649970385572
705	0.000718964997036027
706	0.0007189649970368423
707	0.0007189649970371061
708	0.0007189649970376316
709	0.0007189649970374428
710	0.0007189649970380177
711	0.0007189649970374828
712	0.0007189649970375004
713	0.0007189649970377236
714	0.000718964997036802
715	0.0007189649970355591
716	0.0007189649970367815
717	0.0007189649970371109
718	0.0007189649970365052
719	0.0007189649970370017
720	0.0007189649970363289
721	0.0007189649970376533
722	0.0007189649970375283
723	0.0007189649970375328
724	0.0007189649970367692
725	0.0007189649970369987
726	0.0007189649970375223
727	0.0007189649970376427
728	0.0007189649970370447
729	0.0007189649970376757
730	0.0007189649970376816
731	0.0007189649970382296
732	0.000718964997037917
