<Coefficient>
	 7 Total number of radial orbitals.
	Type	L	Zeta-Orbital
	  Sr 	0	    1
	   0.13907002005036
	  -0.15400830410791
	  -0.27822626358567
	  -0.23243252367192
	  -0.13565967498360
	  -0.03827168411347
	   0.04031693073452
	   0.08770747344588
	   0.10761087214815
	   0.10412716433607
	   0.09116660068923
	   0.06892235076853
	   0.05075639968300
	   0.02993406591914
	   0.01958166833485
	   0.00595786081596
	   0.00507164445592
	  -0.00292587573273
	   0.00229042670600
	  -0.00406840390468
	   0.00380643295200
	  -0.00403351550992
	   0.00539159064402
	  -0.00547331430016
	   0.00849732375701
	Type	L	Zeta-Orbital
	  Sr 	0	    2
	   0.17630537200508
	   0.11501389361276
	   0.15863338423150
	   0.10993250047244
	   0.07399489007060
	  -0.00094589394119
	  -0.04508432946722
	  -0.08181046845496
	  -0.08591661847395
	  -0.08900580899524
	  -0.06917448762026
	  -0.05852022613343
	  -0.03500135616160
	  -0.02675005834679
	  -0.00914489738745
	  -0.00922926570442
	   0.00251629817749
	  -0.00415834727994
	   0.00516040263494
	  -0.00474779947768
	   0.00531756283708
	  -0.00648722822320
	   0.00625461912854
	  -0.00818221431590
	   0.01120082006164
	Type	L	Zeta-Orbital
	  Sr 	0	    3
	   0.44304189834950
	  -0.42008166770414
	   0.40414030196735
	   0.28117479155684
	  -0.41954126161751
	   0.08037082031477
	  -0.16699877618922
	   0.06737616607816
	  -0.02445176579537
	   0.06213047307053
	   0.01057906783346
	   0.05324447381168
	   0.00751740372078
	   0.03611089701882
	  -0.00192842952925
	   0.01917285885703
	  -0.00721787578061
	   0.00980154478265
	  -0.00830725606106
	   0.00598761407675
	  -0.00715203685201
	   0.00506430940923
	  -0.00559937458312
	   0.00549123313492
	  -0.00507572217374
	Type	L	Zeta-Orbital
	  Sr 	0	    4
	   0.64905481440063
	  -0.47347051160570
	  -0.06356598319344
	   0.34832041338291
	   0.64384288905753
	   0.49283119409162
	   0.17503292454875
	   0.18373538208752
	  -0.02465699576794
	  -0.02308856487677
	  -0.09300535990028
	  -0.04926253677228
	  -0.08757740361198
	  -0.02977066792165
	  -0.05457673482660
	  -0.02076245105433
	  -0.01859028401259
	  -0.00773933530475
	   0.00029159478531
	   0.00272111292649
	   0.01246781399173
	  -0.00359101049994
	   0.01115751665630
	  -0.01680984489982
	   0.02238803379275
	Type	L	Zeta-Orbital
	  Sr 	1	    1
	  -0.24390561600703
	  -0.16556143069690
	  -0.21721745788123
	  -0.17294335652435
	  -0.14967161306546
	  -0.08808376265671
	  -0.06275531308419
	  -0.01736567567034
	  -0.00801734294119
	   0.01657683674729
	   0.01209227070470
	   0.02561589888916
	   0.01245817062071
	   0.02185527582303
	   0.00526056504031
	   0.01591995480874
	  -0.00212607149181
	   0.01182385237057
	  -0.00720433389792
	   0.01070305025742
	  -0.01044891315470
	   0.01223745289110
	  -0.01394728228741
	   0.01761034061930
	  -0.04059595143109
	Type	L	Zeta-Orbital
	  Sr 	1	    2
	   0.79814910629633
	  -0.24368276951952
	  -0.48691666229858
	  -0.78578682435713
	  -0.67669554337799
	  -0.60179307590524
	  -0.33150324563133
	  -0.20932913026554
	  -0.00420938971595
	   0.04246391242007
	   0.14957198836741
	   0.11458537273500
	   0.16542980758407
	   0.08805291989398
	   0.12330484588964
	   0.03066533655098
	   0.07806155596933
	  -0.01596459753709
	   0.05300333403849
	  -0.04318980115880
	   0.04971920030762
	  -0.05861828651265
	   0.06422070316712
	  -0.08254227759117
	   0.19081474072167
	Type	L	Zeta-Orbital
	  Sr 	2	    1
	   0.64050248831614
	   0.78500510999239
	   0.77475566471393
	   0.64639670680028
	   0.56712439027205
	   0.42462917779488
	   0.33405116650011
	   0.22211592365921
	   0.17235973144595
	   0.10130204149552
	   0.08760631343369
	   0.04388607420522
	   0.05137039486804
	   0.01897404235461
	   0.03625480133182
	   0.00176393447572
	   0.02607474305336
	  -0.01006749129540
	   0.01988085844729
	  -0.01884475392046
	   0.01920101633658
	  -0.02483867335411
	   0.02445775171385
	  -0.02735096768291
	   0.15891075574077
</Coefficient>
<Mkb>
Left spillage = 1.4624521479e-02
</Mkb>
