<Coefficient>
	 14 Total number of radial orbitals.
	Type	L	Zeta-Orbital
	  Rh 	0	    1
	  -0.14492553546971
	  -0.01568129221183
	   0.18755809309004
	   0.31638992196682
	   0.32122492460334
	   0.27425477914457
	   0.19564830903769
	   0.12852991427434
	   0.06783016191866
	   0.03085651840796
	   0.00502309424236
	  -0.00176001039231
	  -0.00675129009864
	  -0.00194579058300
	  -0.00285287971385
	   0.00259899353720
	  -0.00053313876463
	   0.00367287709662
	  -0.00135603066190
	   0.00303091602417
	  -0.00273684006756
	   0.00311061063075
	  -0.00357733118032
	   0.00401876130722
	  -0.00576863782989
	Type	L	Zeta-Orbital
	  Rh 	0	    2
	  -0.15519884229841
	  -0.18533589853699
	  -0.16418463214193
	  -0.14325252226652
	  -0.14259512949116
	  -0.12491166028061
	  -0.10433894503870
	  -0.07327450404211
	  -0.05183105920175
	  -0.03172294011707
	  -0.02163415209146
	  -0.01117269636900
	  -0.00814256543242
	  -0.00233508934094
	  -0.00250122066880
	   0.00161069664973
	  -0.00057049174720
	   0.00268251857874
	  -0.00087277477978
	   0.00236825903918
	  -0.00189244792173
	   0.00230727285604
	  -0.00261031653494
	   0.00291911814059
	  -0.00420311141730
	Type	L	Zeta-Orbital
	  Rh 	0	    3
	  -0.17857734816385
	   0.12927208286303
	   0.04676597558792
	  -0.17401267386810
	  -0.07481581673641
	  -0.00712396749861
	   0.07574658983314
	  -0.00077554236522
	   0.01150030458227
	   0.00312118969246
	   0.02431152709815
	   0.00025817241691
	   0.00947847502669
	  -0.00081856357751
	   0.00654394722915
	  -0.00350390813251
	   0.00388962205699
	  -0.00290787442896
	   0.00133495368505
	  -0.00236360507925
	   0.00261720923287
	  -0.00200859622544
	   0.00094800642695
	  -0.00089684224864
	   0.00109676295847
	Type	L	Zeta-Orbital
	  Rh 	0	    4
	   0.18337763033505
	  -0.03458048783172
	  -0.14874407606984
	  -0.10989200965166
	   0.03819339219586
	   0.16400326341606
	   0.16321278091230
	   0.06106218827358
	   0.01164117194131
	   0.00511298845582
	  -0.00350208037410
	  -0.01690401937937
	  -0.01554986056024
	  -0.00879344669167
	   0.00073044973756
	  -0.00001375553955
	   0.00591069309640
	   0.00142900101295
	   0.00534967283948
	  -0.00198586465042
	   0.00481614146452
	  -0.00426971417659
	   0.00375443682453
	  -0.00619246692563
	   0.00863067225484
	Type	L	Zeta-Orbital
	  Rh 	0	    5
	  -0.02068363923843
	  -0.05609544466109
	  -0.30998890237203
	  -0.36606229147237
	   0.08655257557427
	   0.20769705198913
	   0.00173463375797
	  -0.00114800343341
	   0.87810749941945
	   0.87724461872210
	   0.44603845172244
	   0.31742782438267
	   0.38959862332540
	   0.27903655698584
	   0.05809261187025
	  -0.01100090212126
	   0.00002358498098
	  -0.01281677296545
	  -0.02345932584210
	  -0.03520654016308
	  -0.00290370247422
	  -0.00447854750083
	   0.00217139147731
	  -0.02948945157404
	   0.03447618328942
	Type	L	Zeta-Orbital
	  Rh 	0	    6
	  -0.04834891771342
	   0.18184332893577
	  -0.18519572739654
	  -0.22004561998806
	   0.62781439306422
	   0.27855966701929
	  -0.28841358932586
	  -0.50127801750929
	  -0.05584764134679
	  -0.04975798583058
	  -0.20246650564476
	  -0.27797865835688
	  -0.12131851520429
	  -0.04337059745749
	  -0.04420668465591
	  -0.01595476514753
	   0.04431656357269
	   0.02305754565951
	   0.00870882524850
	   0.01095991560529
	   0.02221708853746
	  -0.01918794100065
	  -0.00636967346656
	   0.00227121034451
	   0.01418846029312
	Type	L	Zeta-Orbital
	  Rh 	1	    1
	  -0.03879619227520
	  -0.14761908817415
	  -0.29041814004458
	  -0.41205910553636
	  -0.47667343967645
	  -0.47832592848853
	  -0.42782099051546
	  -0.34614656094248
	  -0.25373876339520
	  -0.16675163936895
	  -0.09636326294588
	  -0.04673245387734
	  -0.01724142530652
	  -0.00331079397632
	   0.00099314216066
	   0.00068205526359
	  -0.00064804984746
	  -0.00146083509055
	  -0.00131059324520
	  -0.00076007376754
	  -0.00014090531278
	   0.00011961199422
	   0.00020814063395
	   0.00004099065528
	   0.00007325443999
	Type	L	Zeta-Orbital
	  Rh 	1	    2
	   0.21128687010850
	   0.27430602972800
	   0.23473823134511
	   0.10044742853394
	   0.00492921487001
	  -0.07142290748547
	  -0.07693049447362
	  -0.08599762636715
	  -0.07237018160875
	  -0.07554332731140
	  -0.05612780206692
	  -0.04853738785138
	  -0.02508711635333
	  -0.02073831584794
	  -0.00469445584431
	  -0.00757673916444
	   0.00629677468674
	  -0.00234529750673
	   0.00683724481114
	  -0.00543204850221
	   0.00633106932509
	  -0.00698504670480
	   0.00772622505588
	  -0.00988692586226
	   0.02315590451470
	Type	L	Zeta-Orbital
	  Rh 	1	    3
	  -0.58871904335111
	  -0.34346369321188
	   0.25610718998652
	   0.90587973850564
	   0.43182567703573
	  -0.33563572548520
	  -0.95309928484519
	  -0.90592957394542
	  -0.54567095822534
	  -0.43257827752782
	  -0.48755987929550
	  -0.39710337099799
	  -0.26459478612456
	  -0.10912870481679
	  -0.08372753474977
	  -0.00597814112149
	  -0.01281769686866
	   0.03441615145365
	  -0.00729821493922
	   0.03400472413469
	  -0.02369482454971
	   0.02131614458181
	  -0.03662275965944
	   0.04135524092336
	  -0.08867539374733
	Type	L	Zeta-Orbital
	  Rh 	2	    1
	  -0.10716070669808
	  -0.23150495575112
	  -0.34459174308014
	  -0.41384828192931
	  -0.44979266601786
	  -0.44182384069410
	  -0.40677717184264
	  -0.34091138643198
	  -0.26450894964747
	  -0.17973764219160
	  -0.10905297301516
	  -0.05009422218190
	  -0.01712833636262
	   0.00293377657636
	   0.00399070402874
	   0.00443651161804
	  -0.00303311797172
	  -0.00211557279364
	  -0.00613673261138
	  -0.00082669313907
	  -0.00352382351452
	   0.00241745814851
	  -0.00243198207177
	   0.00322086528537
	  -0.01700687927025
	Type	L	Zeta-Orbital
	  Rh 	2	    2
	  -0.33662101299935
	  -0.21286548195707
	  -0.06724718172766
	   0.10330273306658
	   0.16749441727123
	   0.20253796731006
	   0.10819103684802
	   0.08323530419127
	   0.03787539077540
	   0.04043241562653
	  -0.00505628836416
	   0.00016629149501
	  -0.03050309996078
	  -0.00377685336946
	  -0.02207157808522
	   0.01173896330240
	  -0.01260651224114
	   0.01931735855121
	  -0.01253926428859
	   0.02073535364159
	  -0.01872354194572
	   0.02172231664781
	  -0.02355560454608
	   0.02481110480913
	  -0.14910353174341
	Type	L	Zeta-Orbital
	  Rh 	2	    3
	   0.61148910043449
	  -0.22750543094242
	  -0.73590192069181
	  -0.62243953316001
	   0.23288173171210
	   0.59080685907874
	   0.66664675026955
	   0.50525154780447
	   0.61699071301204
	   0.53930294219724
	   0.50773159710922
	   0.27726613889667
	   0.24917262951179
	   0.06955701989686
	   0.08701527670115
	  -0.05489076533713
	   0.01572804513082
	  -0.09496899214614
	   0.02923897763456
	  -0.07288310393468
	   0.05879470688297
	  -0.07418822276680
	   0.08307724786913
	  -0.08516820059522
	   0.47792783125173
	Type	L	Zeta-Orbital
	  Rh 	3	    1
	   0.06873489649835
	   0.28935474673918
	   0.39428298364403
	   0.50311850009637
	   0.54029519294882
	   0.49346057650067
	   0.33550997150065
	   0.22400780926959
	   0.16044046604042
	   0.14173453205443
	   0.11240557303378
	   0.09015398193290
	   0.04983842410140
	   0.04162318744092
	   0.02199595033739
	   0.02086330197169
	   0.00225408556232
	   0.01104847165365
	  -0.00356499691479
	   0.00652045160406
	  -0.00682565134194
	   0.00782515989482
	  -0.00674748627162
	  -0.01289972081797
	  -0.12673809478089
	Type	L	Zeta-Orbital
	  Rh 	3	    2
	   0.18652186634609
	   0.49215248854915
	   0.31954264385427
	  -0.17079245382715
	  -1.01074361568925
	  -1.34048090524021
	  -0.90061710371394
	  -0.31193608545793
	  -0.22557508248482
	  -0.30066451785008
	  -0.30014120081586
	  -0.16563976833949
	  -0.10481450422280
	  -0.08478861936986
	  -0.07693924041762
	  -0.02189695330780
	  -0.01860826125563
	   0.00396203406949
	  -0.01640298309158
	   0.01094890854861
	  -0.01060370760290
	   0.00997700664587
	  -0.01741367466480
	   0.00817368429475
	  -0.13766258743358
</Coefficient>
<Mkb>
Left spillage = 4.3501803261e-04
</Mkb>
