<Coefficient>
	 9 Total number of radial orbitals.
	Type	L	Zeta-Orbital
	  Re 	0	    1
	  -0.07195398392030
	  -0.25399028294294
	  -0.40126091781520
	  -0.43358879995139
	  -0.35083631273533
	  -0.21482736556988
	  -0.07818912393425
	   0.02230905637702
	   0.07894552833560
	   0.09494063317564
	   0.08543616113438
	   0.06253889488072
	   0.03889412141125
	   0.01911288590431
	   0.00732115774890
	   0.00070620614633
	  -0.00052025824439
	  -0.00091927304816
	   0.00055209598355
	   0.00016283513575
	   0.00112350759788
	  -0.00053260681185
	Type	L	Zeta-Orbital
	  Re 	0	    2
	  -0.22985455529802
	  -0.10937769882463
	   0.05567840158680
	   0.11736082129874
	   0.09612632396601
	   0.06563257787424
	   0.02824611040029
	   0.00834387522714
	  -0.01220776946125
	  -0.01583434099294
	  -0.02232788703420
	  -0.01481632083715
	  -0.01626453121965
	  -0.00554429019346
	  -0.00814424089496
	   0.00222904151271
	  -0.00416261719842
	   0.00563104828267
	  -0.00432620546092
	   0.00685904569008
	  -0.00708519690772
	   0.01241709394446
	Type	L	Zeta-Orbital
	  Re 	0	    3
	  -0.55046250049751
	   0.56771501008041
	   0.28352338611240
	  -0.43110796554499
	  -0.06247170509581
	  -0.11987658493796
	   0.03134355785094
	  -0.06770317918424
	   0.02340109574024
	   0.01364772517149
	   0.05720470612436
	   0.02320964903103
	   0.04403258413613
	   0.01441886200416
	   0.02097530094129
	   0.00207907246960
	   0.00549822389927
	  -0.00189742784074
	   0.00202909122137
	  -0.00133694885002
	  -0.00332923734613
	   0.00621193516779
	Type	L	Zeta-Orbital
	  Re 	0	    4
	  -0.13929392277339
	   0.01488531320378
	  -0.14370570769166
	  -0.13775031701824
	   0.55416737014672
	   0.59058586623023
	   0.38853738240285
	   0.05446281380825
	   0.00047551524997
	  -0.06518342939580
	  -0.10680158785600
	  -0.15612311392392
	  -0.11498455777059
	  -0.09857313269755
	  -0.04691128124433
	  -0.03261560390164
	   0.00565143289616
	   0.00458801423372
	   0.02789662564919
	   0.00427914036182
	   0.01929668079650
	  -0.01358987343502
	Type	L	Zeta-Orbital
	  Re 	1	    1
	   0.07512118028346
	   0.25441407648286
	   0.43247941872007
	   0.52396401521579
	   0.51013344782292
	   0.42546047763454
	   0.31111512475643
	   0.20076482920016
	   0.11103611007876
	   0.05030548100328
	   0.01483242343437
	  -0.00065072933027
	  -0.00501985768796
	  -0.00348211621562
	  -0.00142330756114
	   0.00047416108711
	   0.00052392740147
	   0.00048495496171
	  -0.00045035903391
	  -0.00033587970228
	  -0.00084077263289
	   0.00055018924842
	Type	L	Zeta-Orbital
	  Re 	1	    2
	   0.84651833373347
	   0.35453248951339
	  -0.02265275942119
	  -0.27791229743453
	  -0.27243262364182
	  -0.25725015956543
	  -0.15385531606666
	  -0.12076485824194
	  -0.03890268946222
	  -0.03751816365003
	   0.01634086791745
	  -0.01392579565371
	   0.02936094731789
	  -0.01970847877921
	   0.02600369806212
	  -0.03053437224022
	   0.02879014808324
	  -0.03755855486476
	   0.03736075265351
	  -0.04806190682661
	   0.05702239644691
	  -0.17123203765236
	Type	L	Zeta-Orbital
	  Re 	2	    1
	   0.19791762310132
	   0.36356188992704
	   0.46540281138134
	   0.46164916547348
	   0.42347457930770
	   0.34433940929586
	   0.27290767279586
	   0.19005932272233
	   0.13265639773355
	   0.07506036639551
	   0.04695811730277
	   0.01660073029905
	   0.01221534208692
	  -0.00261166551425
	   0.00500752215175
	  -0.00516657031700
	   0.00631417790640
	  -0.00533802074987
	   0.00740888525714
	  -0.00718564000769
	   0.00457892927105
	  -0.06235950742277
	Type	L	Zeta-Orbital
	  Re 	2	    2
	  -0.83431413903536
	  -0.39984793065079
	   0.01513738717112
	   0.39032039032936
	   0.39443575442209
	   0.26101018025878
	   0.13399232019611
	   0.15903752165551
	   0.08214305597968
	   0.08203986807316
	   0.00069054407248
	   0.03851399997264
	  -0.02399202219543
	   0.03030322922784
	  -0.04149412831488
	   0.02856036394645
	  -0.05064025140288
	   0.03514004283872
	  -0.05837439809248
	   0.04386061447896
	  -0.04829896679978
	   0.43953901101866
	Type	L	Zeta-Orbital
	  Re 	3	    1
	   0.24050415769357
	   0.63037037036884
	   0.76410891622105
	   0.87962366852367
	   0.77435564751934
	   0.47186022099445
	   0.26967539793133
	   0.18986048077364
	   0.12539211630802
	   0.06538235830438
	   0.01233852487105
	  -0.00410501375914
	  -0.00955429439758
	   0.00260600748706
	   0.00384393061642
	   0.01347177124095
	   0.00576495219081
	   0.00972206898925
	  -0.00181194980438
	   0.00293962828736
	   0.01319507975844
	   0.08307391835613
</Coefficient>
<Mkb>
Left spillage = 2.4744634520e-03
</Mkb>
