0	0.009752896785398483
1	0.008348774502095816
2	0.0072114786770054225
3	0.006303551257291554
4	0.005574318313835922
5	0.004982099025999917
6	0.004496577586211601
7	0.004095228817710921
8	0.003761298301254177
9	0.0034825650021349844
10	0.0032496218982666202
11	0.0030547927183476233
12	0.0028916435834015707
13	0.002754759091850733
14	0.0026396038132750943
15	0.002542412797306607
16	0.002460112490248733
17	0.0023902199049842866
18	0.0023307154007991245
19	0.0022799495669109126
20	0.002236580544814519
21	0.0021995052121414906
22	0.0021678061735275356
23	0.0021407160035489432
24	0.0021175659573663876
25	0.0020977452862231153
26	0.002080701175543872
27	0.0020659442886927205
28	0.0020530489301721143
29	0.00204167526414993
30	0.0020315754973624983
31	0.0020225591510686204
32	0.002014469251657891
33	0.002007181184483579
34	0.002000600059376303
35	0.0019946604465384764
36	0.0019893206762268347
37	0.001984545115577407
38	0.0019802982316026274
39	0.0019765493010399783
40	0.0019732656367069147
41	0.00197040353540763
42	0.0019679083544429593
43	0.0019657171630732668
44	0.00196376410293891
45	0.0019619869658016936
46	0.001960328219416367
47	0.0019587366514742855
48	0.001957174168800223
49	0.0019556192208471314
50	0.00195406468451407
51	0.001952514854828819
52	0.00195098130236479
53	0.0019494788339943746
54	0.0019480238718135308
55	0.0019466326070931772
56	0.0019453186386613822
57	0.0019440928042468296
58	0.0019429633656259612
59	0.0019419348391719157
60	0.0019410075558185728
61	0.0019401783262375867
62	0.0019394415222374712
63	0.0019387907927353356
64	0.0019382199524165728
65	0.0019377223583473375
66	0.001937290656826073
67	0.0019369172556763397
68	0.001936594639550765
69	0.0019363158170621155
70	0.0019360747029907794
71	0.0019358660239324303
72	0.0019356852575956678
73	0.0019355285043523877
74	0.0019353921237652758
75	0.0019352727806475158
76	0.0019351677176272274
77	0.0019350746646804437
78	0.0019349916334063955
79	0.0019349167936646191
80	0.0019348484995837468
81	0.0019347855707459454
82	0.0019347273825889642
83	0.001934673573661388
84	0.0019346238042254845
85	0.0019345776833162658
86	0.0019345347985629056
87	0.0019344948346921122
88	0.001934457589958084
89	0.0019344229162844286
90	0.0019343907079899178
91	0.0019343608493869477
92	0.0019343331733223134
93	0.0019343074906250396
94	0.0019342835903413
95	0.001934261236909548
96	0.001934240188072137
97	0.0019342202108604265
98	0.0019342011300882249
99	0.0019341828417024107
100	0.0019341652668894926
101	0.0019341483383012266
102	0.001934132012341931
103	0.0019341162787109285
104	0.0019341011569080063
105	0.0019340866686789505
106	0.0019340728378093336
107	0.0019340597105283533
108	0.0019340473463081498
109	0.0019340357944122697
110	0.0019340250711690926
111	0.0019340151545578297
112	0.001934006000276005
113	0.001933997550377009
114	0.001933989739072514
115	0.0019339824992731275
116	0.001933975764515459
117	0.001933969477195222
118	0.0019339635938704376
119	0.0019339580825977782
120	0.0019339529163147236
121	0.0019339480649401602
122	0.001933943498944755
123	0.0019339391969239255
124	0.0019339351455394927
125	0.0019339313357836071
126	0.001933927758602627
127	0.0019339244045196114
128	0.0019339212632048432
129	0.001933918320132054
130	0.0019339155566392785
131	0.0019339129521396053
132	0.0019339104867626947
133	0.0019339081428341577
134	0.001933905904799998
135	0.001933903760211041
136	0.0019339016997129061
137	0.0019338997164908714
138	0.0019338978060187799
139	0.0019338959655537903
140	0.001933894194354199
141	0.0019338924935493212
142	0.0019338908657005392
143	0.0019338893136501675
144	0.001933887838894395
145	0.001933886441345076
146	0.0019338851197818342
147	0.0019338838721852756
148	0.0019338826955326773
149	0.0019338815857913043
150	0.0019338805387125626
151	0.0019338795502372107
152	0.0019338786163877002
153	0.0019338777329852067
154	0.0019338768957147937
155	0.0019338761005006054
156	0.0019338753436838967
157	0.001933874622136362
158	0.001933873933170314
159	0.0019338732744714553
160	0.0019338726441204342
161	0.0019338720406037245
162	0.0019338714627741892
163	0.0019338709096983478
164	0.0019338703806245534
165	0.001933869874946414
166	0.0019338693920883906
167	0.001933868931375288
168	0.0019338684919742986
169	0.0019338680729396485
170	0.0019338676732252016
171	0.0019338672917429748
172	0.0019338669274369833
173	0.0019338665793384778
174	0.0019338662465652862
175	0.0019338659282993097
176	0.0019338656237899883
177	0.0019338653323459289
178	0.0019338650533412276
179	0.0019338647862133258
180	0.001933864530458883
181	0.0019338642856113846
182	0.001933864051225598
183	0.0019338638268661533
184	0.0019338636120873884
185	0.0019338634064265446
186	0.0019338632094151253
187	0.0019338630206013055
188	0.0019338628395593046
189	0.0019338626658886443
190	0.001933862499214307
191	0.0019338623391852304
192	0.0019338621854759499
193	0.0019338620377936057
194	0.0019338618958770822
195	0.001933861759491147
196	0.0019338616284216618
197	0.001933861502469202
198	0.0019338613814417179
199	0.0019338612651469583
200	0.001933861153392382
201	0.0019338610459876924
202	0.001933860942749572
203	0.0019338608435012653
204	0.0019338607480730815
205	0.0019338606563027226
206	0.00193386056803447
207	0.0019338604831205144
208	0.0019338604014202325
209	0.001933860322800488
210	0.0019338602471349966
211	0.0019338601743050547
212	0.0019338601041976986
213	0.0019338600367061669
214	0.0019338599717280958
215	0.0019338599091659873
216	0.0019338598489268576
217	0.0019338597909222626
218	0.0019338597350682005
219	0.0019338596812841832
220	0.0019338596294927062
221	0.0019338595796187916
222	0.00193385953159061
223	0.001933859485339047
224	0.0019338594407978475
225	0.0019338593979032874
226	0.0019338593565943162
227	0.0019338593168127913
228	0.001933859278502086
229	0.001933859241607504
230	0.0019338592060776198
231	0.0019338591718630368
232	0.0019338591389159686
233	0.001933859107191426
234	0.0019338590766455508
235	0.0019338590472364491
236	0.001933859018923763
237	0.0019338589916682595
238	0.0019338589654325428
239	0.0019338589401798644
240	0.0019338589158751339
241	0.0019338588924842199
242	0.0019338588699739227
243	0.0019338588483125716
244	0.001933858827469117
245	0.0019338588074143072
246	0.0019338587881197304
247	0.0019338587695581656
248	0.0019338587517033772
249	0.0019338587345303507
250	0.001933858718014263
251	0.0019338587021320857
252	0.001933858686860688
253	0.0019338586721783142
254	0.00193385865806364
255	0.0019338586444961063
256	0.00193385863145581
257	0.0019338586189238513
258	0.001933858606881463
259	0.0019338585953106971
260	0.0019338585841944798
261	0.001933858573516069
262	0.001933858563259725
263	0.0019338585534095472
264	0.0019338585439507177
265	0.0019338585348691807
266	0.0019338585261502808
267	0.0019338585177811813
268	0.0019338585097483443
269	0.0019338585020396077
270	0.0019338584946425935
271	0.0019338584875455511
272	0.0019338584807370713
273	0.0019338584742066118
274	0.001933858467943008
275	0.0019338584619368264
276	0.0019338584561777795
277	0.00193385845065648
278	0.0019338584453635948
279	0.001933858440290587
280	0.0019338584354291117
281	0.0019338584307705732
282	0.0019338584263073788
283	0.0019338584220317885
284	0.0019338584179362296
285	0.001933858414013958
286	0.0019338584102581425
287	0.0019338584066620542
288	0.001933858403219351
289	0.0019338583999238795
290	0.0019338583967699924
291	0.001933858393751835
292	0.001933858390863934
293	0.0019338583881010635
294	0.0019338583854583361
295	0.0019338583829306814
296	0.0019338583805132788
297	0.0019338583782019915
298	0.0019338583759921986
299	0.001933858373879896
300	0.0019338583718608157
301	0.0019338583699313745
302	0.001933858368087573
303	0.0019338583663260605
304	0.001933858364643481
305	0.001933858363036153
306	0.0019338583615011438
307	0.001933858360035651
308	0.0019338583586360485
309	0.0019338583573001837
310	0.0019338583560251509
311	0.001933858354808051
312	0.0019338583536469035
313	0.0019338583525388999
314	0.001933858351482008
315	0.0019338583504737118
316	0.0019338583495122196
317	0.001933858348595333
318	0.0019338583477210938
319	0.0019338583468876504
320	0.0019338583460931633
321	0.0019338583453358967
322	0.0019338583446145618
323	0.0019338583439269573
324	0.0019338583432722096
325	0.001933858342648368
326	0.0019338583420542951
327	0.0019338583414883698
328	0.001933858340949669
329	0.0019338583404368002
330	0.0019338583399486717
331	0.0019338583394839684
332	0.0019338583390417388
333	0.0019338583386211063
334	0.0019338583382209288
335	0.0019338583378402004
336	0.0019338583374780042
337	0.001933858337133829
338	0.0019338583368064153
339	0.001933858336495204
340	0.001933858336199312
341	0.0019338583359179708
342	0.0019338583356508
343	0.0019338583353969516
344	0.0019338583351556282
345	0.0019338583349266833
346	0.0019338583347091039
347	0.0019338583345023302
348	0.0019338583343062213
349	0.0019338583341199198
350	0.0019338583339430773
351	0.0019338583337752716
352	0.0019338583336160585
353	0.0019338583334650718
354	0.0019338583333217197
355	0.0019338583331856578
356	0.0019338583330567095
357	0.0019338583329344366
358	0.0019338583328185124
359	0.0019338583327087003
360	0.0019338583326045447
361	0.0019338583325056986
362	0.0019338583324123534
363	0.0019338583323236346
364	0.0019338583322396894
365	0.001933858332160061
366	0.0019338583320847877
367	0.0019338583320134299
368	0.0019338583319460335
369	0.0019338583318820172
370	0.0019338583318216113
371	0.0019338583317643657
372	0.0019338583317101846
373	0.0019338583316589122
374	0.0019338583316105388
375	0.0019338583315646235
376	0.0019338583315211789
377	0.0019338583314803938
378	0.001933858331441493
379	0.0019338583314049476
380	0.0019338583313703009
381	0.0019338583313375452
382	0.0019338583313067354
383	0.00193385833127755
384	0.001933858331249811
385	0.0019338583312238956
386	0.0019338583311993276
387	0.001933858331176103
388	0.0019338583311542307
389	0.0019338583311336414
390	0.0019338583311139725
391	0.0019338583310954957
392	0.001933858331078259
393	0.0019338583310617515
394	0.0019338583310464137
395	0.0019338583310317763
396	0.0019338583310181234
397	0.0019338583310050531
398	0.0019338583309930278
399	0.0019338583309813874
400	0.001933858330970586
401	0.0019338583309604284
402	0.001933858330950763
403	0.001933858330941816
404	0.001933858330933196
405	0.0019338583309252144
406	0.0019338583309176072
407	0.0019338583309104606
408	0.0019338583309037813
409	0.0019338583308975068
410	0.0019338583308916187
411	0.0019338583308861083
412	0.0019338583308808979
413	0.0019338583308759335
414	0.0019338583308712647
415	0.0019338583308667991
416	0.0019338583308628038
417	0.0019338583308588894
418	0.001933858330855283
419	0.001933858330851918
420	0.0019338583308486897
421	0.0019338583308458742
422	0.0019338583308428756
423	0.0019338583308402915
424	0.0019338583308378034
425	0.0019338583308355444
426	0.001933858330833346
427	0.001933858330831276
428	0.001933858330829398
429	0.0019338583308275425
430	0.0019338583308258655
431	0.001933858330824232
432	0.0019338583308227996
433	0.001933858330821469
434	0.0019338583308201277
435	0.0019338583308190032
436	0.0019338583308176735
437	0.0019338583308165778
438	0.0019338583308158232
439	0.0019338583308147973
440	0.0019338583308138907
441	0.0019338583308130505
442	0.0019338583308122076
443	0.0019338583308115807
444	0.0019338583308109144
445	0.0019338583308103046
446	0.0019338583308096196
447	0.0019338583308091614
448	0.0019338583308085775
449	0.0019338583308080698
450	0.0019338583308076375
451	0.0019338583308072651
452	0.0019338583308068705
453	0.0019338583308064685
454	0.0019338583308061682
455	0.0019338583308059244
456	0.0019338583308055536
457	0.001933858330805328
458	0.001933858330805012
459	0.0019338583308048357
460	0.0019338583308044735
461	0.0019338583308042944
462	0.0019338583308040778
463	0.0019338583308039497
464	0.0019338583308038323
465	0.001933858330803639
466	0.0019338583308034793
467	0.0019338583308034997
468	0.0019338583308032317
469	0.0019338583308030279
470	0.001933858330803064
471	0.001933858330802919
472	0.0019338583308027618
473	0.0019338583308026764
474	0.0019338583308026057
475	0.0019338583308025105
476	0.0019338583308024725
477	0.001933858330802463
478	0.0019338583308023752
479	0.0019338583308023479
480	0.0019338583308022284
481	0.0019338583308021989
482	0.0019338583308021562
483	0.0019338583308020677
484	0.0019338583308020096
485	0.0019338583308019495
486	0.0019338583308018166
487	0.0019338583308019985
488	0.001933858330802061
489	0.0019338583308019734
490	0.001933858330801868
491	0.001933858330801891
492	0.001933858330801862
493	0.0019338583308018123
494	0.0019338583308017578
495	0.0019338583308016735
496	0.0019338583308016455
497	0.0019338583308017238
498	0.0019338583308016475
499	0.001933858330801647
500	0.0019338583308016336
501	0.001933858330801725
502	0.001933858330801589
503	0.001933858330801731
504	0.0019338583308016611
505	0.0019338583308016325
506	0.001933858330801602
507	0.0019338583308016613
508	0.0019338583308016702
509	0.0019338583308015482
510	0.001933858330801532
511	0.0019338583308016377
512	0.0019338583308017511
513	0.001933858330801666
514	0.0019338583308015497
515	0.0019338583308016889
516	0.0019338583308015453
517	0.00193385833080146
518	0.00193385833080163
519	0.001933858330801617
520	0.0019338583308016115
521	0.0019338583308014913
522	0.0019338583308015499
523	0.0019338583308015642
524	0.0019338583308015512
525	0.001933858330801542
526	0.001933858330801627
527	0.0019338583308015343
528	0.0019338583308016188
529	0.0019338583308014308
530	0.0019338583308016093
531	0.0019338583308015345
532	0.001933858330801608
533	0.0019338583308015694
534	0.0019338583308016236
535	0.0019338583308015217
536	0.0019338583308014423
537	0.0019338583308015152
538	0.0019338583308016466
539	0.001933858330801499
540	0.001933858330801661
541	0.001933858330801516
542	0.001933858330801575
543	0.001933858330801455
544	0.001933858330801534
545	0.0019338583308015833
546	0.0019338583308015813
547	0.0019338583308016008
548	0.001933858330801498
549	0.0019338583308016555
550	0.0019338583308015616
551	0.0019338583308016013
552	0.0019338583308015174
553	0.0019338583308015217
554	0.0019338583308015577
555	0.0019338583308015373
556	0.0019338583308016598
557	0.0019338583308016583
558	0.001933858330801576
559	0.001933858330801596
560	0.0019338583308015666
561	0.0019338583308017012
562	0.00193385833080158
563	0.0019338583308016433
564	0.0019338583308015419
565	0.0019338583308014929
566	0.001933858330801676
567	0.0019338583308015293
568	0.0019338583308015113
569	0.0019338583308014445
570	0.0019338583308015581
571	0.0019338583308015596
572	0.0019338583308015547
573	0.0019338583308014824
574	0.0019338583308016102
575	0.0019338583308015367
576	0.0019338583308015683
577	0.0019338583308014883
578	0.0019338583308015278
579	0.0019338583308016845
580	0.0019338583308016015
