<Coefficient>
	 7 Total number of radial orbitals.
	Type	L	Zeta-Orbital
	  Ba 	0	    1
	  -0.10269614876000
	   0.04849582188085
	   0.15574330019780
	   0.09063596265754
	   0.07410587494498
	   0.06463061784788
	   0.00682871728117
	  -0.03215057246544
	  -0.04711015053956
	  -0.05604199776493
	  -0.05844293509062
	  -0.05636146488907
	  -0.04854542223221
	  -0.02980198198247
	  -0.03224090548971
	  -0.01250965982290
	  -0.00937207199480
	   0.00005135671665
	  -0.00282740386470
	  -0.00475759521110
	   0.00909355033903
	   0.01497911353700
	  -0.00590430851395
	   0.00009750968799
	   0.00004954323546
	   0.00142227087290
	  -0.00942005558426
	   0.00292888933829
	  -0.00757111808553
	   0.00865441381682
	   0.00873962731646
	   0.00051620934881
	  -0.00227946743706
	   0.01128551166797
	  -0.01474063096633
	Type	L	Zeta-Orbital
	  Ba 	0	    2
	   0.11603666491629
	   0.04719175501770
	   0.02397689938732
	   0.08673284223106
	   0.07115257753708
	   0.00656535765684
	  -0.00828666592949
	  -0.02842889058161
	  -0.03038991689271
	  -0.04589243989020
	  -0.04284199486828
	  -0.02614940629302
	  -0.01266616935201
	  -0.01820086180531
	  -0.00351666192008
	  -0.01352991168971
	   0.00344713409602
	  -0.00118883498363
	   0.00202069956420
	  -0.01000879230615
	  -0.00830166224074
	  -0.00828314397260
	  -0.00658935348308
	   0.00897876200214
	  -0.00175053979156
	   0.00581556046493
	   0.00371599650606
	  -0.00029450601331
	   0.01108424383113
	  -0.01053890339269
	   0.01377014317360
	   0.00649906274585
	   0.00037257823125
	   0.00952885580332
	   0.00662337518065
	Type	L	Zeta-Orbital
	  Ba 	0	    3
	   0.15758047151088
	   0.24339508905389
	   0.01447284859392
	  -0.54726668558419
	  -0.22127570775120
	   0.07060306511791
	  -0.20317007475726
	  -0.14559669400702
	   0.50910410147076
	   0.20622402702715
	   0.03979473651223
	   0.28596263738209
	   0.31123731887025
	   0.17659566281827
	  -0.13049428896193
	  -0.17624539360876
	   0.11438928337603
	   0.12223078504979
	  -0.04263761810254
	  -0.55109941188680
	   0.02876568768375
	   0.30785549793578
	  -0.46541034511718
	   0.34030861399731
	  -0.04814166045911
	   0.28319760983208
	  -0.24874612121553
	   0.11809965397675
	   0.05685819391785
	  -0.01068949679549
	   0.78241647634510
	   0.24996555946415
	  -0.09444976640767
	   0.78478425285084
	  -0.39797296593139
	Type	L	Zeta-Orbital
	  Ba 	0	    4
	   0.23123593337542
	   0.47148496444601
	   0.35131094709218
	  -0.34520575917406
	  -0.34540977873125
	  -0.22700009677724
	   0.01766650820294
	  -0.08293646995676
	  -0.63863369876715
	  -0.27108039964409
	  -0.06534054416709
	  -0.41504913959475
	  -0.43477420950141
	  -0.20044741321160
	   0.03854046664810
	   0.20807710892596
	  -0.13634010415349
	  -0.11744806662053
	   0.04526811272613
	   0.56537668775705
	   0.09363214955275
	  -0.20457868060536
	   0.49335390389559
	  -0.43387377392262
	   0.08493445955260
	  -0.35011636793311
	   0.20718983684479
	  -0.13857381638804
	  -0.12844917738889
	   0.08421309005952
	  -0.77590602647731
	  -0.34000529608737
	   0.13906654257265
	  -0.85963413435903
	   0.44133141840346
	Type	L	Zeta-Orbital
	  Ba 	1	    1
	  -0.02574702737846
	  -0.16890142612692
	  -0.23414687214859
	  -0.24569904478498
	  -0.21032300178893
	  -0.15895730835932
	  -0.11158517601329
	  -0.05405779796744
	  -0.01170711781769
	   0.00474580565321
	   0.02785801745575
	   0.03486205417088
	   0.03183471911639
	   0.04176977577670
	   0.03447237184665
	   0.02264775951392
	   0.02401214597621
	   0.00693454205980
	   0.01783607317653
	  -0.00420173060549
	  -0.00008517851340
	  -0.00619753999900
	   0.01345261103082
	  -0.00737652450538
	   0.01373211418621
	  -0.01127560147672
	   0.00169388020692
	  -0.00694450633850
	   0.00887257578840
	  -0.01139250946369
	   0.02033652201478
	  -0.00498251423216
	   0.01725613772009
	  -0.01168152960689
	   0.05503082331440
	Type	L	Zeta-Orbital
	  Ba 	1	    2
	  -0.28104185464181
	   0.61138187229250
	   0.07785868860192
	  -0.50376969844627
	  -0.93562742106521
	  -0.95525238454273
	  -0.57838116213536
	  -0.42536080025609
	  -0.15017269164601
	   0.31930047713141
	   0.38601201799460
	   0.49360073769850
	   0.60011897324672
	   0.33147814092173
	   0.30784556286433
	   0.33282354097069
	   0.11643817222774
	   0.26007931524883
	  -0.07876750623050
	   0.22226251269482
	   0.07628836262884
	   0.14364040774230
	  -0.24063105237906
	   0.13196418681617
	  -0.25682387892958
	   0.20433154815667
	  -0.03040140123026
	   0.12969879972475
	  -0.15949044551293
	   0.21147554101037
	  -0.37201708780817
	   0.09102626015789
	  -0.31787710990535
	   0.21201973414090
	  -1.01012287882526
	Type	L	Zeta-Orbital
	  Ba 	2	    1
	  -0.40974978535324
	  -0.61698423994742
	  -0.71646517056745
	  -0.63579098784143
	  -0.55640320779745
	  -0.42444733669187
	  -0.32104734252241
	  -0.20879259103228
	  -0.13574289338061
	  -0.06596413744422
	  -0.03611266832999
	  -0.00409048239808
	  -0.00310459274901
	   0.01081433514856
	  -0.00089427627509
	   0.00825176891372
	  -0.00549950000457
	   0.00535457609392
	  -0.00745803432765
	   0.00563832121978
	  -0.00764299613710
	   0.00752223525185
	  -0.00759980163271
	   0.00893667412337
	  -0.00842734602340
	   0.00924158520042
	  -0.00985400163037
	   0.00995996781400
	  -0.01090826672092
	   0.01130716785007
	  -0.01171472365988
	   0.01247298393754
	  -0.01082700863224
	  -0.01351257379307
	  -0.20088118818949
</Coefficient>
<Mkb>
Left spillage = 7.7519140463e-03
</Mkb>
