  0.000000    0.71435117024254    2.09477132934342    0.00000000000000    0.00000000000000  
  0.010000    0.71432221083283    2.09469796867233    0.05643705934228   -0.00078637619216  
  0.020000    0.71423520538481    2.09447768202254    0.11280659659779   -0.00314329241871  
  0.030000    0.71408977275324    2.09410985630263    0.16904123655352   -0.00706411957209  
  0.040000    0.71388527939902    2.09359347241820    0.22507389728785   -0.01253783557922  
  0.050000    0.71362084193707    2.09292710934876    0.28083793567735   -0.01954906493969  
  0.060000    0.71329533069027    2.09210894983570    0.33626729154222   -0.02807813383775  
  0.070000    0.71290737423643    2.09113678766154    0.39129662998454   -0.03810114058814  
  0.080000    0.71245536493159    2.09000803649519    0.44586148148115   -0.04959004110916  
  0.090000    0.71193746538943    2.08871974027260    0.49989837930125   -0.06251274905168  
  0.100000    0.71135161589300    2.08726858507694    0.55334499382986   -0.07683325014936  
  0.110000    0.71069554271164    2.08565091247682    0.60614026338971   -0.09251173029491  
  0.120000    0.70996676729255    2.08386273427667    0.65822452116838   -0.10950471678842  
  0.130000    0.70916261629337    2.08189974862783    0.70953961787216   -0.12776523214846  
  0.140000    0.70828023241905    2.07975735744467    0.76002903974516   -0.14724295982388  
  0.150000    0.70731658602331    2.07743068506511    0.80963802160958   -0.16788442109510  
  0.160000    0.70626848743209    2.07491459809110    0.85831365460288   -0.18963316240798  
  0.170000    0.70513259994425    2.07220372633980    0.90600498830751   -0.21242995234126  
  0.180000    0.70390545346149    2.06929248483310    0.95266312699049   -0.23621298737079  
  0.190000    0.70258345869816    2.06617509674889    0.99824131969280   -0.26091810555971  
  0.200000    0.70116292191868    2.06284561725444    1.04269504393173   -0.28647900727416  
  0.210000    0.69964006014894    2.05929795813909    1.08598208280347   -0.31282748199924  
  0.220000    0.69801101680617    2.05552591316066    1.12806259529836   -0.33989364030875  
  0.230000    0.69627187769025    2.05152318401746    1.16889917966631   -0.36760615002673  
  0.240000    0.69441868727825    2.04728340685563    1.20845692969605   -0.39589247560704  
  0.250000    0.69244746526282    2.04280017921960    1.24670348379795   -0.42467911975059  
  0.260000    0.69035422327443    2.03806708735198    1.28360906680666   -0.45389186627781  
  0.270000    0.68813498172657    2.03307773374786    1.31914652444636   -0.48345602327653  
  0.280000    0.68578578672284    2.02782576486769    1.35329135042808   -0.51329666555246  
  0.290000    0.68330272696479    2.02230489891227    1.38602170617480   -0.54333887542162  
  0.300000    0.68068195059908    2.01650895356315    1.41731843319648   -0.57350798089960  
  0.310000    0.67791968194332    2.01043187359204    1.44716505816287   -0.60372979036378  
  0.320000    0.67501223803016    2.00406775824286    1.47554779074754   -0.63393082278860  
  0.330000    0.67195604490999    1.99741088829135    1.50245551434119   -0.66403853268315  
  0.340000    0.66874765365385    1.99045575268799    1.52787976975692   -0.69398152889270  
  0.350000    0.66538375599895    1.98319707469139    1.55181473207309   -0.72368978646187  
  0.360000    0.66186119958106    1.97562983740140    1.57425718078243   -0.75309485079693  
  0.370000    0.65817700269929    1.96774930860298    1.59520646343756   -0.78213003340723  
  0.380000    0.65432836856075    1.95955106483448    1.61466445300368   -0.81073059855153  
  0.390000    0.65031269895476    1.95103101459672    1.63263549914880   -0.83883394016350  
  0.400000    0.64612760730816    1.94218542062218    1.64912637372029   -0.86637974848112  
  0.410000    0.64177093107597    1.93301092112708    1.66414621067363   -0.89331016585763  
  0.420000    0.63724074342394    1.92350454997260    1.67770644073502   -0.91956993128653  
  0.430000    0.63253536416251    1.91366375566546    1.68982072109416   -0.94510651322893  
  0.440000    0.62765336989430    1.90348641913218    1.70050486043641   -0.96987023038921  
  0.450000    0.62259360334044    1.89297087020552    1.70977673963549   -0.99381436014291  
  0.460000    0.61735518181407    1.88211590276655    1.71765622843766   -1.01689523438007  
  0.470000    0.61193750481256    1.87092078849015    1.72416509847761   -1.03907232258567  
  0.480000    0.60634026070340    1.85938528914691    1.72932693297291   -1.06030830203871  
  0.490000    0.60056343248206    1.84750966741968    1.73316703345002   -1.08056911506952  
  0.500000    0.59460730258367    1.83529469619790    1.73571232385888   -1.09982401337361  
  0.510000    0.58847245673379    1.82274166631859    1.73699125243567   -1.11804558943721  
  0.520000    0.58215978682727    1.80985239272831    1.73703369167482   -1.13520979518595  
  0.530000    0.57567049282774    1.79662921904587    1.73587083677067   -1.15129594802257  
  0.540000    0.56900608368388    1.78307502051141    1.73353510288783   -1.16628672447261  
  0.550000    0.56216837726234    1.76919320531312    1.73006002161574   -1.18016814170769  
  0.560000    0.55515949930068    1.75498771428849    1.72548013695878   -1.19292952726509  
  0.570000    0.54798188138733    1.74046301900300    1.71983090120704   -1.20456347732828  
  0.580000    0.54063825797923    1.72562411821459    1.71314857102593   -1.21506580397725  
  0.590000    0.53313166247109    1.71047653273806    1.70547010409434   -1.22443547185791  
  0.600000    0.52546542233377    1.69502629872923    1.69683305661151   -1.23267452475857  
  0.610000    0.51764315334260    1.67927995941408    1.68727548198207   -1.23978800261566  
  0.620000    0.50966875291968    1.66324455529351    1.67683583097700   -1.24578384950334  
  0.630000    0.50154639261720    1.64692761285987    1.66555285365577   -1.25067281318967  
  0.640000    0.49328050977215    1.63033713186627    1.65346550332097   -1.25446833686706  
  0.650000    0.48487579836524    1.61348157119484    1.64061284276292   -1.25718644368669  
  0.660000    0.47633719911992    1.59636983337483    1.62703395303619   -1.25884561474416  
  0.670000    0.46766988887974    1.57901124780594    1.61276784499442   -1.25946666117877  
  0.680000    0.45887926930486    1.56141555274692    1.59785337379371   -1.25907259105940  
  0.690000    0.44997095493055    1.54359287613317    1.58232915655775   -1.25768847173786  
  0.700000    0.44095076063275    1.52555371529124    1.56623349338100   -1.25534128835452  
  0.710000    0.43182468854752    1.50730891562159    1.54960429182867   -1.25205979918156  
  0.720000    0.42259891449290    1.48886964832434    1.53247899507453   -1.24787438848682  
  0.730000    0.41327977394306    1.47024738724561    1.51489451380007   -1.24281691759491  
  0.740000    0.40387374760609    1.45145388492480    1.49688716196024   -1.23692057481330  
  0.750000    0.39438744665748    1.43250114792572    1.47849259650373   -1.23021972487894  
  0.760000    0.38482759768258    1.41340141153601    1.45974576111766   -1.22274975856596  
  0.770000    0.37520102738140    1.39416711392172    1.44068083404935   -1.21454694307691  
  0.780000    0.36551464709011    1.37481086982450    1.42133118004042   -1.20564827381995  
  0.790000    0.35577543717320    1.35534544389049    1.40172930639190   -1.19609132815128  
  0.800000    0.34599043134055    1.33578372372037    1.38190682316219   -1.18591412163696  
  0.810000    0.33616670094335    1.31613869273027    1.36189440748414   -1.17515496736145  
  0.820000    0.32631133930207    1.29642340291354    1.34172177197188   -1.16385233878061  
  0.830000    0.31643144611950    1.27665094759250    1.32141763717315   -1.15204473658672  
  0.840000    0.30653411203029    1.25683443424916    1.30100970800886   -1.13977056002049  
  0.850000    0.29662640333809    1.23698695752224    1.28052465412804   -1.12706798303189  
  0.860000    0.28671534698931    1.21712157245681    1.25998809409349   -1.11397483565687  
  0.870000    0.27680791583185    1.19725126809100    1.23942458330180   -1.10052849094196  
  0.880000    0.26691101420466    1.17738894146221    1.21885760552969   -1.08676575771267  
  0.890000    0.25703146390297    1.15754737211282    1.19830956798896   -1.07272277944520  
  0.900000    0.24717599056133    1.13773919717285    1.17780179976234   -1.05843493946441  
  0.910000    0.23735121049502    1.11797688709402    1.15735455348423   -1.04393677265452  
  0.920000    0.22756361803775    1.09827272210656    1.13698701012266   -1.02926188383234  
  0.930000    0.21781957341125    1.07863876946643    1.11671728671175   -1.01444287289699  
  0.940000    0.20812529116002    1.05908686155727    1.09656244687851   -0.99951126683446  
  0.950000    0.19848682918154    1.03962857490716    1.07653851400243   -0.98449745862055  
  0.960000    0.18891007837976    1.02027521017637    1.05666048684251   -0.96943065303191  
  0.970000    0.17940075296691    1.00103777316793    1.03694235746317   -0.95433881934204  
  0.980000    0.16996438143552    0.98192695690839    1.01739713128800   -0.93924865084733  
  0.990000    0.16060629821997    0.96295312484159    0.99803684910925   -0.92418553113804  
  1.000000    0.15133163606374    0.94412629517349    0.97887261087986   -0.90917350700005  
  1.010000    0.14214531910545    0.92545612640137    0.95991460111547   -0.89423526780595  
  1.020000    0.13305205669407    0.90695190405586    0.94117211573458   -0.87939213122842  
  1.030000    0.12405633794044    0.88862252867911    0.92265359016684   -0.86466403508459  
  1.040000    0.11516242700923    0.87047650505789    0.90436662856189   -0.85006953509831  
  1.050000    0.10637435915278    0.85252193272484    0.88631803393426   -0.83562580834654  
  1.060000    0.09769593748508    0.83476649773671    0.86851383908360   -0.82134866213822  
  1.070000    0.08913073049144    0.81721746573315    0.85095933813384   -0.80725254805692  
  1.080000    0.08068207026643    0.79988167627473    0.83365911853978   -0.79335058088470  
  1.090000    0.07235305147027    0.78276553845440    0.81661709341499   -0.77965456211189  
  1.100000    0.06414653099089    0.76587502777153    0.79983653404061   -0.76617500772698  
  1.110000    0.05606512829649    0.74921568425326    0.78332010242113   -0.75292117997240  
  1.120000    0.04811122646109    0.73279261180350    0.76706988375965   -0.73990112274552  
  1.130000    0.04028697384312    0.71661047875559    0.75108741873199   -0.72712170031931  
  1.140000    0.03259428639503    0.70067351960034    0.73537373544636   -0.71458863905459  
  1.150000    0.02503485057975    0.68498553785756    0.71992938098261   -0.70230657177467  
  1.160000    0.01761012686816    0.66954991005524    0.70475445241247   -0.69027908447422  
  1.170000    0.01032135378970    0.65436959077705    0.68984862721027   -0.67850876503637  
  1.180000    0.00316955250691    0.63944711873559    0.67521119297079   -0.66699725363660  
  1.190000   -0.00384446811688    0.62478462382589    0.66084107635935   -0.65574529451717  
  1.200000   -0.01072010598863    0.61038383511058    0.64673687122637   -0.64475278882332  
  1.210000   -0.01745695982865    0.59624608968594    0.63289686582679   -0.63401884820054  
  1.220000   -0.02405482281942    0.58237234237555    0.61931906909218   -0.62354184886220  
  1.230000   -0.03051367589512    0.56876317619645    0.60600123591096   -0.61331948584739  
  1.240000   -0.03683368070709    0.55541881354085    0.59294089137919   -0.60334882720075  
  1.250000   -0.04301517230091    0.54233912801513    0.58013535399210   -0.59362636781896  
  1.260000   -0.04905865154112    0.52952365687660    0.56758175775280   -0.58414808272183  
  1.270000   -0.05496477731950    0.51697161400784    0.55527707318168   -0.57490947952070  
  1.280000   -0.06073435858300    0.50468190336758    0.54321812721632   -0.56590564987122  
  1.290000   -0.06636834621669    0.49265313285697    0.53140162199763   -0.55713131971347  
  1.300000   -0.07186782481722    0.48088362854016    0.51982415254401   -0.54858089811777  
  1.310000   -0.07723400439126    0.46937144915801    0.50848222332038   -0.54024852457080  
  1.320000   -0.08246821201296    0.45811440087462    0.49737226371434   -0.53212811455274  
  1.330000   -0.08757188347343    0.44711005219699    0.48649064243628   -0.52421340327266  
  1.340000   -0.09254655495427    0.43635574900911    0.47583368086449   -0.51649798744528  
  1.350000   -0.09739385475626    0.42584862966311    0.46539766536060   -0.50897536500885  
  1.360000   -0.10211549511275    0.41558564007151    0.45517885858390   -0.50163897269944  
  1.370000   -0.10671326411625    0.40556354874640    0.44517350983664   -0.49448222141299  
  1.380000   -0.11118901778507    0.39577896173314    0.43537786447495   -0.48749852930144  
  1.390000   -0.11554467229548    0.38622833738848    0.42578817242264   -0.48068135256448  
  1.400000   -0.11978219640311    0.37690800095494    0.41640069582726   -0.47402421391255  
  1.410000   -0.12390360407574    0.36781415888609    0.40721171589924   -0.46752072869079  
  1.420000   -0.12791094735792    0.35894291287954    0.39821753897671   -0.46116462866681  
  1.430000   -0.13180630948580    0.35029027357747    0.38941450185923   -0.45494978349743  
  1.440000   -0.13559179826919    0.34185217389716    0.38079897645461   -0.44887021990200  
  1.450000   -0.13926953975556    0.33362448195689    0.37236737378330   -0.44292013858024  
  1.460000   -0.14284167218911    0.32560301356547    0.36411614738477   -0.43709392892360  
  1.470000   -0.14631034027602    0.31778354424704    0.35604179617046   -0.43138618157822  
  1.480000   -0.14967768976518    0.31016182077526    0.34814086676686   -0.42579169892653  
  1.490000   -0.15294586235188    0.30273357219473    0.34040995539224   -0.42030550356226  
  1.500000   -0.15611699090994    0.29549452031008    0.33284570930893   -0.41492284484095  
  1.510000   -0.15919319505609    0.28844038962669    0.32544482789244   -0.40963920359404  
  1.520000   -0.16217657704868    0.28156691672970    0.31820406335707   -0.40445029510028  
  1.530000   -0.16506921802087    0.27486985909130    0.31112022117626   -0.39935207041243  
  1.540000   -0.16787317454711    0.26834500329914    0.30419016023429   -0.39434071614153  
  1.550000   -0.17059047553980    0.26198817270165    0.29741079274418   -0.38941265280341  
  1.560000   -0.17322311947164    0.25579523446890    0.29077908396465   -0.38456453183492  
  1.570000   -0.17577307191786    0.24976210607044    0.28429205174730   -0.37979323138827  
  1.580000   -0.17824226341096    0.24388476117400    0.27794676594274   -0.37509585101314  
  1.590000   -0.18063258759931    0.23815923497187    0.27174034769279   -0.37046970533597  
  1.600000   -0.18294589970003    0.23258162894359    0.26566996863339   -0.36591231684533  
  1.610000   -0.18518401523515    0.22714811506648    0.25973285003091   -0.36142140789122  
  1.620000   -0.18734870903941    0.22185493948722    0.25392626187248   -0.35699489200416  
  1.630000   -0.18944171452682    0.21669842566982    0.24824752192869   -0.35263086463790  
  1.640000   -0.19146472320269    0.21167497703718    0.24269399480523   -0.34832759343646  
  1.650000   -0.19341938440692    0.20678107912503    0.23726309099766   -0.34408350812335  
  1.660000   -0.19530730527385    0.20201330126852    0.23195226596193   -0.33989719010668  
  1.670000   -0.19713005089359    0.19736829784325    0.22675901921114   -0.33576736189050  
  1.680000   -0.19888914465933    0.19284280908330    0.22168089344728   -0.33169287637752  
  1.690000   -0.20058606878482    0.18843366150023    0.21671547373503   -0.32767270614464  
  1.700000   -0.20222226497634    0.18413776792758    0.21186038672310   -0.32370593276713  
  1.710000   -0.20379913524310    0.17995212721608    0.20711329991691   -0.31979173626257  
  1.720000   -0.20531804283026    0.17587382360536    0.20247192100532   -0.31592938472052  
  1.730000   -0.20678031325898    0.17190002579819    0.19793399724246   -0.31211822417825  
  1.740000   -0.20818723545795    0.16802798576331    0.19349731488487   -0.30835766879786  
  1.750000   -0.20954006297132    0.16425503729337    0.18915969868284   -0.30464719139423  
  1.760000   -0.21084001522835    0.16057859434362    0.18491901142411   -0.30098631435814  
  1.770000   -0.21208827886055    0.15699614917748    0.18077315352709   -0.29737460101341  
  1.780000   -0.21328600905257    0.15350527034410    0.17672006268018   -0.29381164744130  
  1.790000   -0.21443433091391    0.15010360051279    0.17275771352313   -0.29029707480048  
  1.800000   -0.21553434085898    0.14678885418838    0.16888411736590   -0.28683052216559  
  1.810000   -0.21658710798379    0.14355881533092    0.16509732194007   -0.28341163990223  
  1.820000   -0.21759367542857    0.14041133490201    0.16139541117767   -0.28004008359172  
  1.830000   -0.21855506171604    0.13734432835939    0.15777650501206   -0.27671550851393  
  1.840000   -0.21947226205613    0.13435577312002    0.15423875919534   -0.27343756469243  
  1.850000   -0.22034624960885    0.13144370601101    0.15078036512698   -0.27020589250154  
  1.860000   -0.22117797669763    0.12860622072643    0.14739954968827   -0.26702011883127  
  1.870000   -0.22196837596660    0.12584146530673    0.14409457507730   -0.26387985380216  
  1.880000   -0.22271836147613    0.12314763965644    0.14086373863961   -0.26078468801860  
  1.890000   -0.22342882973157    0.12052299311407    0.13770537268984   -0.25773419034592  
  1.900000   -0.22410066064150    0.11796582208734    0.13461784431986   -0.25472790619390  
  1.910000   -0.22473471840213    0.11547446776490    0.13159955518953   -0.25176535628611  
  1.920000   -0.22533185230582    0.11304731391482    0.12864894129650   -0.24884603589279  
  1.930000   -0.22589289747217    0.11068278477857    0.12576447272179   -0.24596941450229  
  1.940000   -0.22641867550104    0.10837934306768    0.12294465334864   -0.24313493590450  
  1.950000   -0.22690999504776    0.10613548806944    0.12018802055234   -0.24034201865836  
  1.960000   -0.22736765232127    0.10394975386605    0.11749314485932   -0.23759005691371  
  1.970000   -0.22779243150673    0.10182070767098    0.11485862957429   -0.23487842155734  
  1.980000   -0.22818510511486    0.09974694828473    0.11228311037468   -0.23220646165186  
  1.990000   -0.22854643426071    0.09772710467108    0.10976525487215   -0.22957350613582  
  2.000000   -0.22887716887506    0.09575983465391    0.10730376214127   -0.22697886575305  
  2.010000   -0.22917804785246    0.09384382373352    0.10489736221608   -0.22442183517932  
  2.020000   -0.22944979913985    0.09197778402054    0.10254481555554   -0.22190169531443  
  2.030000   -0.22969313977051    0.09016045328445    0.10024491247926   -0.21941771570845  
  2.040000   -0.22990877584812    0.08839059411303    0.09799647257541   -0.21696915709128  
  2.050000   -0.23009740248617    0.08666699317827    0.09579834408273   -0.21455527397555  
  2.060000   -0.23025970370793    0.08498846060361    0.09364940324933   -0.21217531730374  
  2.070000   -0.23039635231259    0.08335382942674    0.09154855367055   -0.20982853711176  
  2.080000   -0.23050800971304    0.08176195515179    0.08949472560909   -0.20751418518219  
  2.090000   -0.23059532575099    0.08021171538413    0.08748687530027   -0.20523151766196  
  2.100000   -0.23065893849489    0.07870200954089    0.08552398424554   -0.20297979762067  
  2.110000   -0.23069947402631    0.07723175862987    0.08360505849761   -0.20075829752747  
  2.120000   -0.23071754622006    0.07579990508925    0.08172912794050   -0.19856630162595  
  2.130000   -0.23071375652331    0.07440541268080    0.07989524556764   -0.19640310818832  
  2.140000   -0.23068869373881    0.07304726642862    0.07810248676166   -0.19426803163211  
  2.150000   -0.23064293381687    0.07172447259608    0.07634994857869   -0.19216040448427  
  2.160000   -0.23057703966074    0.07043605869335    0.07463674904071   -0.19007957917965  
  2.170000   -0.23049156094947    0.06918107350817    0.07296202643867   -0.18802492968257  
  2.180000   -0.23038703398218    0.06795858715283    0.07132493864938   -0.18599585292226  
  2.190000   -0.23026398154714    0.06676769112039    0.06972466246890   -0.18399177003486  
  2.200000   -0.23012291281891    0.06560749834375    0.06816039296473   -0.18201212740638  
  2.210000   -0.22996432328604    0.06447714325133    0.06663134284935   -0.18005639751315  
  2.220000   -0.22978869471180    0.06337578181360    0.06513674187675   -0.17812407955790  
  2.230000   -0.22959649512972    0.06230259157527    0.06367583626412   -0.17621469990148  
  2.240000   -0.22938817887533    0.06125677166815    0.06224788813994   -0.17432781229185  
  2.250000   -0.22916418665517    0.06023754280044    0.06085217501969   -0.17246299789377  
  2.260000   -0.22892494565372    0.05924414721860    0.05948798931038   -0.17061986512391  
  2.270000   -0.22867086967821    0.05827584863852    0.05815463784428   -0.16879804929784  
  2.280000   -0.22840235934126    0.05733193214305    0.05685144144244   -0.16699721209655  
  2.290000   -0.22811980228064    0.05641170404399    0.05557773450808   -0.16521704086139  
  2.300000   -0.22782357341510    0.05551449170646    0.05433286464963   -0.16345724772773  
  2.310000   -0.22751403523496    0.05463964333473    0.05311619233323   -0.16171756860834  
  2.320000   -0.22719153812567    0.05378652771877    0.05192709056380   -0.15999776203870  
  2.330000   -0.22685642072244    0.05295453394138    0.05076494459403   -0.15829760789712  
  2.340000   -0.22650901029345    0.05214307104609    0.04962915166007   -0.15661690601330  
  2.350000   -0.22614962314932    0.05135156766692    0.04851912074279   -0.15495547467951  
  2.360000   -0.22577856507577    0.05057947162082    0.04743427235299   -0.15331314907896  
  2.370000   -0.22539613178677    0.04982624946477    0.04637403833916   -0.15168977964645  
  2.380000   -0.22500260939479    0.04909138601925    0.04533786171585   -0.15008523037623  
  2.390000   -0.22459827489507    0.04837438386063    0.04432519651099   -0.14849937709251  
  2.400000   -0.22418339666039    0.04767476278490    0.04333550763014   -0.14693210569761  
  2.410000   -0.22375823494306    0.04699205924585    0.04236827073567   -0.14538331041286  
  2.420000   -0.22332304238048    0.04632582577069    0.04142297213882   -0.14385289202701  
  2.430000   -0.22287806450101    0.04567563035640    0.04049910870269   -0.14234075616635  
  2.440000   -0.22242354022666    0.04504105585040    0.03959618775390   -0.14084681160061  
  2.450000   -0.22195970236913    0.04442169931905    0.03871372700113   -0.13937096859776  
  2.460000   -0.22148677811616    0.04381717140753    0.03785125445834   -0.13791313734029  
  2.470000   -0.22100498950491    0.04322709569502    0.03700830837084   -0.13647322641499  
  2.480000   -0.22051455387942    0.04265110804852    0.03618443714235   -0.13505114138694  
  2.490000   -0.22001568432940    0.04208885597929    0.03537919926134   -0.13364678346803  
  2.500000   -0.21950859010769    0.04153999800523    0.03459216322488   -0.13226004828885  
  2.510000   -0.21899347702402    0.04100420302274    0.03382290745862   -0.13089082478226  
  2.520000   -0.21847054781302    0.04048114969139    0.03307102023151   -0.12953899418537  
  2.530000   -0.21794000247434    0.03997052583450    0.03233609956396   -0.12820442916594  
  2.540000   -0.21740203858361    0.03947202785868    0.03161775312840   -0.12688699307784  
  2.550000   -0.21685685157257    0.03898536019493    0.03091559814133   -0.12558653934910  
  2.560000   -0.21630463497742    0.03851023476398    0.03022926124618   -0.12430291100493  
  2.570000   -0.21574558065473    0.03804637046798    0.02955837838630   -0.12303594032689  
  2.580000   -0.21517987896420    0.03759349271062    0.02890259466764   -0.12178544864823  
  2.590000   -0.21460771891821    0.03715133294737    0.02826156421110   -0.12055124628422  
  2.600000   -0.21402928829827    0.03671962826723    0.02763494999422   -0.11933313259526  
  2.610000   -0.21344477373863    0.03629812100715    0.02702242368237   -0.11813089617937  
  2.620000   -0.21285436077777    0.03588655839996    0.02642366544986   -0.11694431518968  
  2.630000   -0.21225823387872    0.03548469225628    0.02583836379097   -0.11577315777150  
  2.640000   -0.21165657641922    0.03509227868076    0.02526621532187   -0.11461718261263  
  2.650000   -0.21104957065333    0.03470907782246    0.02470692457372   -0.11347613959969  
  2.660000   -0.21043739764590    0.03433485365918    0.02416020377788   -0.11234977057245  
  2.670000   -0.20982023718188    0.03396937381497    0.02362577264413   -0.11123781016740  
  2.680000   -0.20919826765237    0.03361240941019    0.02310335813271   -0.11013998674115  
  2.690000   -0.20857166591969    0.03326373494275    0.02259269422140   -0.10905602336376  
  2.700000   -0.20794060716366    0.03292312819937    0.02209352166863   -0.10798563887147  
  2.710000   -0.20730526471161    0.03259037019533    0.02160558777374   -0.10692854896818  
  2.720000   -0.20666580985461    0.03226524514078    0.02112864613578   -0.10588446736445  
  2.730000   -0.20602241165252    0.03194754043196    0.02066245641173   -0.10485310694290  
  2.740000   -0.20537523673050    0.03163704666515    0.02020678407576   -0.10383418093850  
  2.750000   -0.20472444906969    0.03133355767109    0.01976140018038   -0.10282740412264  
  2.760000   -0.20407020979468    0.03103687056781    0.01932608112089   -0.10183249397956  
  2.770000   -0.20341267696039    0.03074678582934    0.01890060840422   -0.10084917186423  
  2.780000   -0.20275200534103    0.03046310736795    0.01848476842331   -0.09987716413102  
  2.790000   -0.20208834622365    0.03018564262746    0.01807835223799   -0.09891620322262  
  2.800000   -0.20142184720865    0.02991420268527    0.01768115536353   -0.09796602870967  
  2.810000   -0.20075265201967    0.02964860236051    0.01729297756759   -0.09702638827155  
  2.820000   -0.20008090032493    0.02938866032608    0.01691362267655   -0.09609703860978  
  2.830000   -0.19940672757224    0.02913419922210    0.01654289839186   -0.09517774628608  
  2.840000   -0.19873026483942    0.02888504576871    0.01618061611711   -0.09426828847785  
  2.850000   -0.19805163870188    0.02864103087579    0.01582659079637   -0.09336845364467  
  2.860000   -0.19737097111888    0.02840198974779    0.01548064076417   -0.09247804210048  
  2.870000   -0.19668837933986    0.02816776198169    0.01514258760750   -0.09159686648659  
  2.880000   -0.19600397583182    0.02793819165623    0.01481225604005   -0.09072475214206  
  2.890000   -0.19531786822873    0.02771312741090    0.01448947378873   -0.08986153736878  
  2.900000   -0.19463015930360    0.02749242251322    0.01417407149257   -0.08900707358936  
  2.910000   -0.19394094696375    0.02727593491298    0.01386588261373   -0.08816122539740  
  2.920000   -0.19325032426939    0.02706352728254    0.01356474336058   -0.08732387050019  
  2.930000   -0.19255837947557    0.02685506704198    0.01327049262242   -0.08649489955527  
  2.940000   -0.19186519609735    0.02665042636873    0.01298297191537   -0.08567421590301  
  2.950000   -0.19117085299762    0.02644948219097    0.01270202533916   -0.08486173519833  
  2.960000   -0.19047542449710    0.02625211616452    0.01242749954389   -0.08405738494585  
  2.970000   -0.18977898050556    0.02605821463315    0.01215924370650   -0.08326110394303  
  2.980000   -0.18908158667339    0.02586766857234    0.01189710951580   -0.08247284163744  
  2.990000   -0.18838330456210    0.02568037351668    0.01164095116568   -0.08169255740426  
  3.000000   -0.18768419183269    0.02549622947144    0.01139062535533   -0.08092021975152  
  3.010000   -0.18698430245009    0.02531514080881    0.01114599129585   -0.08015580546061  
  3.020000   -0.18628368690234    0.02513701614958    0.01090691072216   -0.07939929867047  
  3.030000   -0.18558239243244    0.02496176823110    0.01067324790948   -0.07865068991433  
  3.040000   -0.18488046328134    0.02478931376263    0.01044486969319   -0.07790997511801  
  3.050000   -0.18417794093985    0.02461957326913    0.01022164549146   -0.07717715456940  
  3.060000   -0.18347486440776    0.02445247092469    0.01000344732946   -0.07645223186863  
  3.070000   -0.18277127045789    0.02428793437712    0.00979014986431   -0.07573521286883  
  3.080000   -0.18206719390319    0.02412589456481    0.00958163041008   -0.07502610461722  
  3.090000   -0.18136266786472    0.02396628552758    0.00937776896165   -0.07432491430630  
  3.100000   -0.18065772403855    0.02380904421291    0.00917844821698   -0.07363164824467  
  3.110000   -0.17995239295944    0.02365411027898    0.00898355359681   -0.07294631085687  
  3.120000   -0.17924670425953    0.02350142589631    0.00879297326118   -0.07226890372122  
  3.130000   -0.17854068691987    0.02335093554923    0.00860659812213   -0.07159942465432  
  3.140000   -0.17783436951324    0.02320258583894    0.00842432185207   -0.07093786685017  
  3.150000   -0.17712778043631    0.02305632528950    0.00824604088714   -0.07028421808171  
  3.160000   -0.17642094812968    0.02291210415822    0.00807165442544   -0.06963845997143  
  3.170000   -0.17571390128429    0.02276987425180    0.00790106441947   -0.06900056733754  
  3.180000   -0.17500666903271    0.02262958874956    0.00773417556277   -0.06837050762101  
  3.190000   -0.17429928112432    0.02249120203485    0.00757089527040   -0.06774824039831  
  3.200000   -0.17359176808319    0.02235466953593    0.00741113365330   -0.06713371698368  
  3.210000   -0.17288416134776    0.02221994757713    0.00725480348636   -0.06652688012388  
  3.220000   -0.17217649339166    0.02208699324133    0.00710182017034   -0.06592766378776  
  3.230000   -0.17146879782517    0.02195576424443    0.00695210168779   -0.06533599305158  
  3.240000   -0.17076110947680    0.02182621882254    0.00680556855304   -0.06475178408063  
  3.250000   -0.17005346445488    0.02169831563232    0.00666214375669   -0.06417494420654  
  3.260000   -0.16934590018920    0.02157201366492    0.00652175270474   -0.06360537209864  
  3.270000   -0.16863845545275    0.02144727217376    0.00638432315293   -0.06304295802716  
  3.280000   -0.16793117036386    0.02132405061619    0.00624978513657   -0.06248758421503  
  3.290000   -0.16722408636943    0.02120230860917    0.00611807089643   -0.06193912527413  
  3.300000   -0.16651724620959    0.02108200589865    0.00598911480121   -0.06139744872130  
  3.310000   -0.16581069386487    0.02096310234245    0.00586285326706   -0.06086241556854  
  3.320000   -0.16510447448660    0.02084555790634    0.00573922467486   -0.06033388098113  
  3.330000   -0.16439863431179    0.02072933267259    0.00561816928573   -0.05981169499687  
  3.340000   -0.16369322056350    0.02061438686059    0.00549962915551   -0.05929570329909  
  3.350000   -0.16298828133814    0.02050068085868    0.00538354804869   -0.05878574803556  
  3.360000   -0.16228386548097    0.02038817526643    0.00526987135252   -0.05828166867507  
  3.370000   -0.16158002245137    0.02027683094646    0.00515854599189   -0.05778330289309  
  3.380000   -0.16087680217932    0.02016660908481    0.00504952034549   -0.05729048747782  
  3.390000   -0.16017425491477    0.02005747125887    0.00494274416389   -0.05680305924755  
  3.400000   -0.15947243107141    0.01994937951175    0.00483816849017   -0.05632085597046  
  3.410000   -0.15877138106660    0.01984229643194    0.00473574558338   -0.05584371727782  
  3.420000   -0.15807115515901    0.01973618523720    0.00463542884552   -0.05537148556170  
  3.430000   -0.15737180328563    0.01963100986135    0.00453717275242   -0.05490400684859  
  3.440000   -0.15667337489986    0.01952673504297    0.00444093278881   -0.05444113164046  
  3.450000   -0.15597591881210    0.01942332641466    0.00434666538804   -0.05398271571527  
  3.460000   -0.15527948303445    0.01932075059183    0.00425432787664   -0.05352862087924  
  3.470000   -0.15458411463106    0.01921897525981    0.00416387842408   -0.05307871566385  
  3.480000   -0.15388985957531    0.01911796925820    0.00407527599763   -0.05263287596093  
  3.490000   -0.15319676261533    0.01901770266150    0.00398848032286   -0.05219098559002  
  3.500000   -0.15250486714888    0.01891814685489    0.00390345184933   -0.05175293679270  
  3.510000   -0.15181421510879    0.01881927460436    0.00382015172198   -0.05131863064932  
  3.520000   -0.15112484685991    0.01872106012023    0.00373854175770   -0.05088797741451  
  3.530000   -0.15043680110833    0.01862347911343    0.00365858442729   -0.05046089676848  
  3.540000   -0.14975011482367    0.01852650884368    0.00358024284254   -0.05003731798198  
  3.550000   -0.14906482317505    0.01843012815917    0.00350348074813   -0.04961717999363  
  3.560000   -0.14838095948099    0.01833431752706    0.00342826251820   -0.04920043139934  
  3.570000   -0.14769855517377    0.01823905905453    0.00335455315726   -0.04878703035409  
  3.580000   -0.14701763977826    0.01814433649999    0.00328231830500   -0.04837694438747  
  3.590000   -0.14633824090527    0.01805013527441    0.00321152424475   -0.04797015013514  
  3.600000   -0.14566038425923    0.01795644243240    0.00314213791505   -0.04756663298897  
  3.610000   -0.14498409366013    0.01786324665337    0.00307412692395   -0.04716638666981  
  3.620000   -0.14430939107907    0.01777053821263    0.00300745956563   -0.04676941272715  
  3.630000   -0.14363629668704    0.01767830894276    0.00294210483868   -0.04637571997087  
  3.640000   -0.14296482891627    0.01758655218553    0.00287803246576   -0.04598532384088  
  3.650000   -0.14229500453345    0.01749526273476    0.00281521291402   -0.04559824572106  
  3.660000   -0.14162683872371    0.01740443677052    0.00275361741575   -0.04521451220425  
  3.670000   -0.14096034518480    0.01731407178539    0.00269321798898   -0.04483415431576  
  3.680000   -0.14029553623004    0.01722416650323    0.00263398745722   -0.04445720670304  
  3.690000   -0.13963242289919    0.01713472079127    0.00257589946821   -0.04408370679956  
  3.700000   -0.13897101507593    0.01704573556622    0.00251892851100   -0.04371369397108  
  3.710000   -0.13831132161078    0.01695721269519    0.00246304993106   -0.04334720865278  
  3.720000   -0.13765335044813    0.01686915489233    0.00240823994301   -0.04298429148556  
  3.730000   -0.13699710875620    0.01678156561195    0.00235447564059   -0.04262498246012  
  3.740000   -0.13634260305846    0.01669444893917    0.00230173500359   -0.04226932007685  
  3.750000   -0.13568983936541    0.01660780947886    0.00224999690138   -0.04191734052999  
  3.760000   -0.13503882330522    0.01652165224390    0.00219924109299   -0.04156907692358  
  3.770000   -0.13438956025210    0.01643598254363    0.00214944822326   -0.04122455852701  
  3.780000   -0.13374205545109    0.01635080587340    0.00210059981524   -0.04088381007715  
  3.790000   -0.13309631413816    0.01626612780616    0.00205267825844   -0.04054685113365  
  3.800000   -0.13245234165438    0.01618195388685    0.00200566679313   -0.04021369549358  
  3.810000   -0.13181014355322    0.01609828953053    0.00195954949049   -0.03988435067091  
  3.820000   -0.13116972569993    0.01601513992493    0.00191431122879   -0.03955881744562  
  3.830000   -0.13053109436207    0.01593250993826    0.00186993766562   -0.03923708948654  
  3.840000   -0.12989425629054    0.01585040403282    0.00182641520635   -0.03891915305140  
  3.850000   -0.12925921879015    0.01576882618521    0.00178373096891   -0.03860498676679  
  3.860000   -0.12862598977949    0.01568777981349    0.00174187274527   -0.03829456148963  
  3.870000   -0.12799457783926    0.01560726771197    0.00170082895972   -0.03798784025146  
  3.880000   -0.12736499224896    0.01552729199380    0.00166058862429   -0.03768477828564  
  3.890000   -0.12673724301153    0.01544785404199    0.00162114129175   -0.03738532313689  
  3.900000   -0.12611134086597    0.01536895446882    0.00158247700632   -0.03708941485180  
  3.910000   -0.12548729728772    0.01529059308402    0.00154458625271   -0.03679698624806  
  3.920000   -0.12486512447716    0.01521276887165    0.00150745990371   -0.03650796325961  
  3.930000   -0.12424483533625    0.01513547997588    0.00147108916686   -0.03622226535386  
  3.940000   -0.12362644343377    0.01505872369537    0.00143546553049   -0.03593980601671  
  3.950000   -0.12300996295959    0.01498249648636    0.00140058070981   -0.03566049330028  
  3.960000   -0.12239540866851    0.01490679397397    0.00136642659316   -0.03538423042775  
  3.970000   -0.12178279581432    0.01483161097170    0.00133299518913   -0.03511091644917  
  3.980000   -0.12117214007493    0.01475694150856    0.00130027857489   -0.03484044694147  
  3.990000   -0.12056345746922    0.01468277886349    0.00126826884602   -0.03457271474572  
  4.000000   -0.11995676426670    0.01460911560659    0.00123695806850   -0.03430761073417  
  4.010000   -0.11935207689083    0.01453594364659    0.00120633823298   -0.03404502459938  
  4.020000   -0.11874941181713    0.01446325428403    0.00117640121190   -0.03378484565754  
  4.030000   -0.11814878546710    0.01439103826947    0.00114713871967   -0.03352696365809  
  4.040000   -0.11755021409904    0.01431928586609    0.00111854227622   -0.03327126959141  
  4.050000   -0.11695371369703    0.01424798691596    0.00109060317432   -0.03301765648682  
  4.060000   -0.11635929985909    0.01417713090942    0.00106331245073   -0.03276602019280  
  4.070000   -0.11576698768577    0.01410670705654    0.00103666086152   -0.03251626013187  
  4.080000   -0.11517679167026    0.01403670436028    0.00101063886169   -0.03226828002277  
  4.090000   -0.11458872559125    0.01396711169036    0.00098523658912   -0.03202198856267  
  4.100000   -0.11400280240951    0.01389791785721    0.00096044385308   -0.03177730006303  
  4.110000   -0.11341903416938    0.01382911168532    0.00093625012729   -0.03153413503273  
  4.120000   -0.11283743190610    0.01376068208519    0.00091264454741   -0.03129242070285  
  4.130000   -0.11225800555997    0.01369261812330    0.00088961591316   -0.03105209148822  
  4.140000   -0.11168076389827    0.01362490908947    0.00086715269468   -0.03081308938110  
  4.150000   -0.11110571444568    0.01355754456090    0.00084524304337   -0.03057536427340  
  4.160000   -0.11053286342391    0.01349051446246    0.00082387480664   -0.03033887420435  
  4.170000   -0.10996221570137    0.01342380912264    0.00080303554676   -0.03010358553140  
  4.180000   -0.10939377475318    0.01335741932468    0.00078271256331   -0.02986947302280  
  4.190000   -0.10882754263208    0.01329133635260    0.00076289291911   -0.02963651987107  
  4.200000   -0.10826351995063    0.01322555203160    0.00074356346925   -0.02940471762752  
  4.210000   -0.10770170587487    0.01316005876267    0.00072471089296   -0.02917406605850  
  4.220000   -0.10714209812955    0.01309484955112    0.00070632172797   -0.02894457292505  
  4.230000   -0.10658469301498    0.01302991802890    0.00068838240705   -0.02871625368826  
  4.240000   -0.10602948543543    0.01296525847058    0.00067087929614   -0.02848913114340  
  4.250000   -0.10547646893886    0.01290086580291    0.00065379873406   -0.02826323498653  
  4.260000   -0.10492563576763    0.01283673560811    0.00063712707304   -0.02803860131804  
  4.270000   -0.10437697691981    0.01277286412083    0.00062085071987   -0.02781527208815  
  4.280000   -0.10383048222068    0.01270924821895    0.00060495617727   -0.02759329448987  
  4.290000   -0.10328614040362    0.01264588540857    0.00058943008497   -0.02737272030551  
  4.300000   -0.10274393919991    0.01258277380317    0.00057425926030   -0.02715360521329  
  4.310000   -0.10220386543649    0.01251991209754    0.00055943073768   -0.02693600806090  
  4.320000   -0.10166590514098    0.01245729953656    0.00054493180688   -0.02671999011322  
  4.330000   -0.10113004365298    0.01239493587949    0.00053075004953   -0.02650561428154  
  4.340000   -0.10059626574070    0.01233282135996    0.00051687337371   -0.02629294434202  
  4.350000   -0.10006455572187    0.01227095664229    0.00050329004618   -0.02608204415091  
  4.360000   -0.09953489758796    0.01220934277459    0.00048998872204   -0.02587297686421  
  4.370000   -0.09900727513055    0.01214798113915    0.00047695847165   -0.02566580416957  
  4.380000   -0.09848167206878    0.01208687340065    0.00046418880448   -0.02546058553756  
  4.390000   -0.09795807217680    0.01202602145278    0.00045166968972   -0.02525737749992  
  4.400000   -0.09743645941005    0.01196542736382    0.00043939157366   -0.02505623296147  
  4.410000   -0.09691681802933    0.01190509332167    0.00042734539347   -0.02485720055244  
  4.420000   -0.09639913272156    0.01184502157905    0.00041552258758   -0.02466032402739  
  4.430000   -0.09588338871617    0.01178521439922    0.00040391510235   -0.02446564171636  
  4.440000   -0.09536957189621    0.01172567400290    0.00039251539529   -0.02427318603353  
  4.450000   -0.09485766890306    0.01166640251683    0.00038131643462   -0.02408298304793  
  4.460000   -0.09434766723404    0.01160740192457    0.00037031169541   -0.02389505212012  
  4.470000   -0.09383955533193    0.01154867401974    0.00035949515226   -0.02370940560825  
  4.480000   -0.09333332266578    0.01149022036256    0.00034886126880   -0.02352604864606  
  4.490000   -0.09282895980216    0.01143204223959    0.00033840498398   -0.02334497899461  
  4.500000   -0.09232645846653    0.01137414062746    0.00032812169555   -0.02316618696914  
  4.510000   -0.09182581159394    0.01131651616061    0.00031800724070   -0.02298965544113  
  4.520000   -0.09132701336885    0.01125916910341    0.00030805787433   -0.02281535991556  
  4.530000   -0.09083005925374    0.01120209932698    0.00029827024503   -0.02264326868204  
  4.540000   -0.09033494600620    0.01114530629064    0.00028864136916   -0.02247334303817  
  4.550000   -0.08984167168457    0.01108878902839    0.00027916860319   -0.02230553758244  
  4.560000   -0.08935023564201    0.01103254614025    0.00026984961476   -0.02213980057368  
  4.570000   -0.08886063850907    0.01097657578868    0.00026068235260   -0.02197607435308  
  4.580000   -0.08837288216517    0.01092087569990    0.00025166501576   -0.02181429582430  
  4.590000   -0.08788696969905    0.01086544317018    0.00024279602240   -0.02165439698679  
  4.600000   -0.08740290535877    0.01081027507676    0.00023407397841   -0.02149630551673  
  4.610000   -0.08692069449162    0.01075536789352    0.00022549764624   -0.02133994538948  
  4.620000   -0.08644034347468    0.01070071771098    0.00021706591427   -0.02118523753749  
  4.630000   -0.08596185963652    0.01064632026036    0.00020877776686   -0.02103210053662  
  4.640000   -0.08548525117088    0.01059217094162    0.00020063225554   -0.02088045131413  
  4.650000   -0.08501052704311    0.01053826485491    0.00019262847146   -0.02073020587117  
  4.660000   -0.08453769689026    0.01048459683522    0.00018476551939   -0.02058128001234  
  4.670000   -0.08406677091567    0.01043116148988    0.00017704249356   -0.02043359007527  
  4.680000   -0.08359775977909    0.01037795323826    0.00016945845543   -0.02028705365266  
  4.690000   -0.08313067448327    0.01032496635366    0.00016201241360   -0.02014159029981  
  4.700000   -0.08266552625812    0.01027219500647    0.00015470330607   -0.01999712222038  
  4.710000   -0.08220232644340    0.01021963330858    0.00014752998486   -0.01985357492391  
  4.720000   -0.08174108637100    0.01016727535833    0.00014049120324   -0.01971087784830  
  4.730000   -0.08128181724791    0.01011511528554    0.00013358560543   -0.01956896494136  
  4.740000   -0.08082453004082    0.01006314729638    0.00012681171903   -0.01942777519564  
  4.750000   -0.08036923536346    0.01001136571742    0.00012016794998   -0.01928725313144  
  4.760000   -0.07991594336758    0.00995976503846    0.00011365258023   -0.01914734922320  
  4.770000   -0.07946466363854    0.00990833995388    0.00010726376786   -0.01900802026539  
  4.780000   -0.07901540509643    0.00985708540190    0.00010099954980   -0.01886922967417  
  4.790000   -0.07856817590351    0.00980599660152    0.00009485784683   -0.01873094772235  
  4.800000   -0.07812298337877    0.00975506908678    0.00008883647090   -0.01859315170515  
  4.810000   -0.07767983392033    0.00970429873792    0.00008293313454   -0.01845582603566  
  4.820000   -0.07723873293629    0.00965368180930    0.00007714546221   -0.01831896226900  
  4.830000   -0.07679968478464    0.00960321495373    0.00007147100339   -0.01818255905536  
  4.840000   -0.07636269272252    0.00955289524305    0.00006590724724   -0.01804662202255  
  4.850000   -0.07592775886553    0.00950272018475    0.00006045163855   -0.01791116358943  
  4.860000   -0.07549488415697    0.00945268773452    0.00005510159479   -0.01777620271234  
  4.870000   -0.07506406834761    0.00940279630465    0.00004985452404   -0.01764176456735  
  4.880000   -0.07463530998574    0.00935304476819    0.00004470784349   -0.01750788017159  
  4.890000   -0.07420860641777    0.00930343245891    0.00003965899828   -0.01737458594777  
  4.900000   -0.07378395379904    0.00925395916702    0.00003470548047   -0.01724192323638  
  4.910000   -0.07336134711497    0.00920462513084    0.00002984484783   -0.01710993776060  
  4.920000   -0.07294078021187    0.00915543102440    0.00002507474226   -0.01697867904953  
  4.930000   -0.07252224583743    0.00910637794117    0.00002039290751   -0.01684819982558  
  4.940000   -0.07210573569018    0.00905746737417    0.00001579720604   -0.01671855536228  
  4.950000   -0.07169124047751    0.00900870119258    0.00001128563488   -0.01658980281916  
  4.960000   -0.07127874998156    0.00896008161513    0.00000685634001   -0.01646200056023  
  4.970000   -0.07086825313248    0.00891161118057    0.00000250762944   -0.01633520746325  
  4.980000   -0.07045973808801    0.00886329271554   -0.00000176201552   -0.01620948222648  
  4.990000   -0.07005319231898    0.00881512930007   -0.00000595393073   -0.01608488268007  
  5.000000   -0.06964860269955    0.00876712423121   -0.00001006926160   -0.01596146510892  
  5.010000   -0.06924595560152    0.00871928098496   -0.00001410895766   -0.01583928359381  
  5.020000   -0.06884523699170    0.00867160317707   -0.00001807376906   -0.01571838937737  
  5.030000   -0.06844643253148    0.00862409452292   -0.00002196424548   -0.01559883026114  
  5.040000   -0.06804952767759    0.00857675879698   -0.00002578073710   -0.01548065003986  
  5.050000   -0.06765450778316    0.00852959979220   -0.00002952339790   -0.01536388797834  
  5.060000   -0.06726135819804    0.00848262127967   -0.00003319219117   -0.01524857833624  
  5.070000   -0.06687006436759    0.00843582696898   -0.00003678689721   -0.01513474994535  
  5.080000   -0.06648061192888    0.00838922046965   -0.00004030712311   -0.01502242584346  
  5.090000   -0.06609298680354    0.00834280525394   -0.00004375231463   -0.01491162296837  
  5.100000   -0.06570717528629    0.00829658462138   -0.00004712176996   -0.01480235191494  
  5.110000   -0.06532316412850    0.00825056166540   -0.00005041465527   -0.01469461675751  
  5.120000   -0.06494094061585    0.00820473924224   -0.00005363002195   -0.01458841493921  
  5.130000   -0.06456049263961    0.00815911994253   -0.00005676682527   -0.01448373722919  
  5.140000   -0.06418180876071    0.00811370606566   -0.00005982394433   -0.01438056774795  
  5.150000   -0.06380487826622    0.00806849959732   -0.00006280020315   -0.01427888406041  
  5.160000   -0.06342969121761    0.00802350219010   -0.00006569439261   -0.01417865733553  
  5.170000   -0.06305623849054    0.00797871514768   -0.00006850529297   -0.01407985257077  
  5.180000   -0.06268451180574    0.00793413941238   -0.00007123169698   -0.01398242887889  
  5.190000   -0.06231450375081    0.00788977555633   -0.00007387243297   -0.01388633983414  
  5.200000   -0.06194620779282    0.00784562377628   -0.00007642638811   -0.01379153387413  
  5.210000   -0.06157961828158    0.00780168389198   -0.00007889253121   -0.01369795475323  
  5.220000   -0.06121473044368    0.00775795534826   -0.00008126993507   -0.01360554204275  
  5.230000   -0.06085154036736    0.00771443722058   -0.00008355779811   -0.01351423167286  
  5.240000   -0.06049004497855    0.00767112822401   -0.00008575546499   -0.01342395651057  
  5.250000   -0.06013024200813    0.00762802672560   -0.00008786244598   -0.01333464696797  
  5.260000   -0.05977212995104    0.00758513075991   -0.00008987843508   -0.01324623163437  
  5.270000   -0.05941570801749    0.00754243804745   -0.00009180332640   -0.01315863792619  
  5.280000   -0.05906097607698    0.00749994601600   -0.00009363722890   -0.01307179274768  
  5.290000   -0.05870793459542    0.00745765182437   -0.00009538047916   -0.01298562315606  
  5.300000   -0.05835658456642    0.00741555238852   -0.00009703365209   -0.01290005702425  
  5.310000   -0.05800692743700    0.00737364440964   -0.00009859756951   -0.01281502369453  
  5.320000   -0.05765896502881    0.00733192440397   -0.00010007330644   -0.01273045461657  
  5.330000   -0.05731269945553    0.00729038873400   -0.00010146219502   -0.01264628396351  
  5.340000   -0.05696813303721    0.00724903364081   -0.00010276582608   -0.01256244921981  
  5.350000   -0.05662526821252    0.00720785527714   -0.00010398604828   -0.01247889173513  
  5.360000   -0.05628410744969    0.00716684974093   -0.00010512496481   -0.01239555723872  
  5.370000   -0.05594465315710    0.00712601310900   -0.00010618492768   -0.01231239630914  
  5.380000   -0.05560690759428    0.00708534147045   -0.00010716852968   -0.01222936479488  
  5.390000   -0.05527087278431    0.00704483095967   -0.00010807859401   -0.01214642418149  
  5.400000   -0.05493655042842    0.00700447778834   -0.00010891816173   -0.01206354190191  
  5.410000   -0.05460394182362    0.00696427827650   -0.00010969047709   -0.01198069158681  
  5.420000   -0.05427304778415    0.00692422888205   -0.00011039897092   -0.01189785325272  
  5.430000   -0.05394386856756    0.00688432622861   -0.00011104724220   -0.01181501342598  
  5.440000   -0.05361640380610    0.00684456713150   -0.00011163903795   -0.01173216520174  
  5.450000   -0.05329065244407    0.00680494862150   -0.00011217823173   -0.01164930823713  
  5.460000   -0.05296661268177    0.00676546796630   -0.00011266880080   -0.01156644867926  
  5.470000   -0.05264428192660    0.00672612268933   -0.00011311480228   -0.01148359902863  
  5.480000   -0.05232365675167    0.00668691058600   -0.00011352034846   -0.01140077793953  
  5.490000   -0.05200473286255    0.00664782973706   -0.00011388958149   -0.01131800995973  
  5.500000   -0.05168750507222    0.00660887851904   -0.00011422664770   -0.01123532521194  
  5.510000   -0.05137196728464    0.00657005561177   -0.00011453567184   -0.01115275902076  
  5.520000   -0.05105811248701    0.00653136000280   -0.00011482073137   -0.01107035148857  
  5.530000   -0.05074593275089    0.00649279098889   -0.00011508583107   -0.01098814702515  
  5.540000   -0.05043541924207    0.00645434817443   -0.00011533487833   -0.01090619383555  
  5.550000   -0.05012656223918    0.00641603146694   -0.00011557165913   -0.01082454337173  
  5.560000   -0.04981935116080    0.00637784106969   -0.00011579981510   -0.01074324975332  
  5.570000   -0.04951377460089    0.00633977747155   -0.00011602282186   -0.01066236916368  
  5.580000   -0.04920982037219    0.00630184143427   -0.00011624396866   -0.01058195922711  
  5.590000   -0.04890747555716    0.00626403397716   -0.00011646633979   -0.01050207837382  
  5.600000   -0.04860672656595    0.00622635635960   -0.00011669279768   -0.01042278519883  
  5.610000   -0.04830755920100    0.00618881006139   -0.00011692596794   -0.01034413782144  
  5.620000   -0.04800995872751    0.00615139676124   -0.00011716822651   -0.01026619325169  
  5.630000   -0.04771390994921    0.00611411831357   -0.00011742168898   -0.01018900677011  
  5.640000   -0.04741939728869    0.00607697672400   -0.00011768820211   -0.01011263132707  
  5.650000   -0.04712640487155    0.00603997412364   -0.00011796933784   -0.01003711696771  
  5.660000   -0.04683491661360    0.00600311274249   -0.00011826638952   -0.00996251028816  
  5.670000   -0.04654491631026    0.00596639488231   -0.00011858037064   -0.00988885392847  
  5.680000   -0.04625638772742    0.00592982288911   -0.00011891201603   -0.00981618610736  
  5.690000   -0.04596931469269    0.00589339912564   -0.00011926178528   -0.00974454020328  
  5.700000   -0.04568368118652    0.00585712594402   -0.00011962986870   -0.00967394438590  
  5.710000   -0.04539947143209    0.00582100565903   -0.00012001619546   -0.00960442130173  
  5.720000   -0.04511666998315    0.00578504052196   -0.00012042044390   -0.00953598781690  
  5.730000   -0.04483526180920    0.00574923269564   -0.00012084205401   -0.00946865481936  
  5.740000   -0.04455523237691    0.00571358423064   -0.00012128024182   -0.00940242708273  
  5.750000   -0.04427656772737    0.00567809704292   -0.00012173401562   -0.00933730319265  
  5.760000   -0.04399925454811    0.00564277289326   -0.00012220219382   -0.00927327553655  
  5.770000   -0.04372328023946    0.00560761336844   -0.00012268342429   -0.00921033035651  
  5.780000   -0.04344863297464    0.00557261986458   -0.00012317620504   -0.00914844786479  
  5.790000   -0.04317530175279    0.00553779357258   -0.00012367890589   -0.00908760242051  
  5.800000   -0.04290327644477    0.00550313546591   -0.00012418979109   -0.00902776276575  
  5.810000   -0.04263254783104    0.00546864629083   -0.00012470704258   -0.00896889231828  
  5.820000   -0.04236310763147    0.00543432655905   -0.00012522878370   -0.00891094951813  
  5.830000   -0.04209494852665    0.00540017654297   -0.00012575310307   -0.00885388822417  
  5.840000   -0.04182806417066    0.00536619627350   -0.00012627807849   -0.00879765815664  
  5.850000   -0.04156244919502    0.00533238554036   -0.00012680180061   -0.00874220538100  
  5.860000   -0.04129809920396    0.00529874389503   -0.00012732239608   -0.00868747282821  
  5.870000   -0.04103501076092    0.00526527065609   -0.00012783805011   -0.00863340084596  
  5.880000   -0.04077318136654    0.00523196491701   -0.00012834702804   -0.00857992777532  
  5.890000   -0.04051260942815    0.00519882555627   -0.00012884769590   -0.00852699054679  
  5.900000   -0.04025329422132    0.00516585124961   -0.00012933853971   -0.00847452528979  
  5.910000   -0.03999523584363    0.00513304048441   -0.00012981818324   -0.00842246794922  
  5.920000   -0.03973843516108    0.00510039157584   -0.00013028540426   -0.00837075490304  
  5.930000   -0.03948289374786    0.00506790268486   -0.00013073914898   -0.00831932357437  
  5.940000   -0.03922861381978    0.00503557183760   -0.00013117854467   -0.00826811303206  
  5.950000   -0.03897559816214    0.00500339694612   -0.00013160291023   -0.00821706457366  
  5.960000   -0.03872385005267    0.00497137583025   -0.00013201176477   -0.00816612228476  
  5.970000   -0.03847337318026    0.00493950624022   -0.00013240483397   -0.00811523356927  
  5.980000   -0.03822417156020    0.00490778588001   -0.00013278205434   -0.00806434964512  
  5.990000   -0.03797624944681    0.00487621243098   -0.00013314357521   -0.00801342600061  
  6.000000   -0.03772961124414    0.00484478357570   -0.00013348975852   -0.00796242280660  
  6.010000   -0.03748426141568    0.00481349702164   -0.00013382117648   -0.00791130528069  
  6.020000   -0.03724020439388    0.00478235052451   -0.00013413860697   -0.00786004399958  
  6.030000   -0.03699744449027    0.00475134191104   -0.00013444302695   -0.00780861515666  
  6.040000   -0.03675598580708    0.00472046910092   -0.00013473560374   -0.00775700076217  
  6.050000   -0.03651583215115    0.00468973012771   -0.00013501768450   -0.00770518878417  
  6.060000   -0.03627698695089    0.00465912315850   -0.00013529078381   -0.00765317322883  
  6.070000   -0.03603945317712    0.00462864651220   -0.00013555656960   -0.00760095415936  
  6.080000   -0.03580323326844    0.00459829867612   -0.00013581684760   -0.00754853765359  
  6.090000   -0.03556832906192    0.00456807832082   -0.00013607354437   -0.00749593570057  
  6.100000   -0.03533474172962    0.00453798431304   -0.00013632868911   -0.00744316603742  
  6.110000   -0.03510247172161    0.00450801572661   -0.00013658439458   -0.00739025192823  
  6.120000   -0.03487151871597    0.00447817185110   -0.00013684283703   -0.00733722188717  
  6.130000   -0.03464188157629    0.00444845219841   -0.00013710623568   -0.00728410934893  
  6.140000   -0.03441355831690    0.00441885650689   -0.00013737683163   -0.00723095228973  
  6.150000   -0.03418654607634    0.00438938474324   -0.00013765686668   -0.00717779280291  
  6.160000   -0.03396084109916    0.00436003710205   -0.00013794856202   -0.00712467663343  
  6.170000   -0.03373643872626    0.00433081400297   -0.00013825409724   -0.00707165267614  
  6.180000   -0.03351333339384    0.00430171608557   -0.00013857558966   -0.00701877244284  
  6.190000   -0.03329151864098    0.00427274420203   -0.00013891507426   -0.00696608950374  
  6.200000   -0.03307098712573    0.00424389940752   -0.00013927448440   -0.00691365890887  
  6.210000   -0.03285173064959    0.00421518294863   -0.00013965563353   -0.00686153659544  
  6.220000   -0.03263374019010    0.00418659624977   -0.00014006019798   -0.00680977878717  
  6.230000   -0.03241700594122    0.00415814089772   -0.00014048970111   -0.00675844139166  
  6.240000   -0.03220151736124    0.00412981862456   -0.00014094549879   -0.00670757940198  
  6.250000   -0.03198726322751    0.00410163128907   -0.00014142876654   -0.00665724630849  
  6.260000   -0.03177423169777    0.00407358085679   -0.00014194048832   -0.00660749352683  
  6.270000   -0.03156241037724    0.00404566937894   -0.00014248144704   -0.00655836984803  
  6.280000   -0.03135178639104    0.00401789897048   -0.00014305221696   -0.00650992091606  
  6.290000   -0.03114234646110    0.00399027178731   -0.00014365315802   -0.00646218873822  
  6.300000   -0.03093407698694    0.00396279000318   -0.00014428441208   -0.00641521123332  
  6.310000   -0.03072696412950    0.00393545578611   -0.00014494590113   -0.00636902182214  
  6.320000   -0.03052099389729    0.00390827127493   -0.00014563732747   -0.00632364906425  
  6.330000   -0.03031615223399    0.00388123855587   -0.00014635817590   -0.00627911634492  
  6.340000   -0.03011242510671    0.00385435963967   -0.00014710771775   -0.00623544161510  
  6.350000   -0.02990979859411    0.00382763643919   -0.00014788501685   -0.00619263718720  
  6.360000   -0.02970825897349    0.00380107074792   -0.00014868893719   -0.00615070958860  
  6.370000   -0.02950779280607    0.00377466421949   -0.00014951815241   -0.00610965947422  
  6.380000   -0.02930838701972    0.00374841834842   -0.00015037115680   -0.00606948159923  
  6.390000   -0.02911002898822    0.00372233445224   -0.00015124627782   -0.00603016485181  
  6.400000   -0.02891270660646    0.00369641365522   -0.00015214168995   -0.00599169234580  
  6.410000   -0.02871640836082    0.00367065687378   -0.00015305542973   -0.00595404157205  
  6.420000   -0.02852112339401    0.00364506480377   -0.00015398541190   -0.00591718460709  
  6.430000   -0.02832684156390    0.00361963790973   -0.00015492944636   -0.00588108837668  
  6.440000   -0.02813355349561    0.00359437641618   -0.00015588525587   -0.00584571497174  
  6.450000   -0.02794125062660    0.00356928030110   -0.00015685049429   -0.00581102201330  
  6.460000   -0.02774992524411    0.00354434929157   -0.00015782276519   -0.00577696306267  
  6.470000   -0.02755957051473    0.00351958286164   -0.00015879964055   -0.00574348807277  
  6.480000   -0.02737018050587    0.00349498023252   -0.00015977867955   -0.00571054387585  
  6.490000   -0.02718175019871    0.00347054037488   -0.00016075744711   -0.00567807470270  
  6.500000   -0.02699427549283    0.00344626201355   -0.00016173353204   -0.00564602272807  
  6.510000   -0.02680775320216    0.00342214363418   -0.00016270456476   -0.00561432863668  
  6.520000   -0.02662218104248    0.00339818349219   -0.00016366823411   -0.00558293220410  
  6.530000   -0.02643755761057    0.00337437962359   -0.00016462230354   -0.00555177288660  
  6.540000   -0.02625388235511    0.00335072985777   -0.00016556462607   -0.00552079041396  
  6.550000   -0.02607115553971    0.00332723183209   -0.00016649315827   -0.00548992537924  
  6.560000   -0.02588937819831    0.00330388300804   -0.00016740597282   -0.00545911981958  
  6.570000   -0.02570855208345    0.00328068068895   -0.00016830126987   -0.00542831778200  
  6.580000   -0.02552867960789    0.00325762203903   -0.00016917738676   -0.00539746586866  
  6.590000   -0.02534976378001    0.00323470410346   -0.00017003280630   -0.00536651375598  
  6.600000   -0.02517180813376    0.00321192382953   -0.00017086616338   -0.00533541468239  
  6.610000   -0.02499481665371    0.00318927808849   -0.00017167624999   -0.00530412589977  
  6.620000   -0.02481879369586    0.00316676369796   -0.00017246201847   -0.00527260908405  
  6.630000   -0.02464374390508    0.00314437744465   -0.00017322258315   -0.00524083070094  
  6.640000   -0.02446967212981    0.00312211610728   -0.00017395722025   -0.00520876232295  
  6.650000   -0.02429658333496    0.00309997647935   -0.00017466536618   -0.00517638089462  
  6.660000   -0.02412448251369    0.00307795539168   -0.00017534661411   -0.00514366894335  
  6.670000   -0.02395337459891    0.00305604973444   -0.00017600070913   -0.00511061473370  
  6.680000   -0.02378326437548    0.00303425647849   -0.00017662754178   -0.00507721236359  
  6.690000   -0.02361415639368    0.00301257269583   -0.00017722714029   -0.00504346180156  
  6.700000   -0.02344605488503    0.00299099557899   -0.00017779966145   -0.00500936886473  
  6.710000   -0.02327896368095    0.00296952245925   -0.00017834538033   -0.00497494513772  
  6.720000   -0.02311288613538    0.00294815082334   -0.00017886467894   -0.00494020783341  
  6.730000   -0.02294782505167    0.00292687832871   -0.00017935803397   -0.00490517959695  
  6.740000   -0.02278378261482    0.00290570281709   -0.00017982600376   -0.00486988825519  
  6.750000   -0.02262076032946    0.00288462232628   -0.00018026921462   -0.00483436651393  
  6.760000   -0.02245875896417    0.00286363510002   -0.00018068834673   -0.00479865160621  
  6.770000   -0.02229777850280    0.00284273959595   -0.00018108411970   -0.00476278489524  
  6.780000   -0.02213781810316    0.00282193449157   -0.00018145727803   -0.00472681143599  
  6.790000   -0.02197887606338    0.00280121868803   -0.00018180857653   -0.00469077949992  
  6.800000   -0.02182094979647    0.00278059131197   -0.00018213876601   -0.00465474006774  
  6.810000   -0.02166403581317    0.00276005171522   -0.00018244857927   -0.00461874629529  
  6.820000   -0.02150812971325    0.00273959947241   -0.00018273871759   -0.00458285295801  
  6.830000   -0.02135322618551    0.00271923437662   -0.00018300983792   -0.00454711587971  
  6.840000   -0.02119931901621    0.00269895643299   -0.00018326254085   -0.00451159135127  
  6.850000   -0.02104640110622    0.00267876585046   -0.00018349735947   -0.00447633554539  
  6.860000   -0.02089446449635    0.00265866303171   -0.00018371474934   -0.00444140393309  
  6.870000   -0.02074350040096    0.00263864856142   -0.00018391507963   -0.00440685070807  
  6.880000   -0.02059349924935    0.00261872319289   -0.00018409862549   -0.00437272822465  
  6.890000   -0.02044445073464    0.00259888783328   -0.00018426556179   -0.00433908645497  
  6.900000   -0.02029634386960    0.00257914352753   -0.00018441595827   -0.00430597247100  
  6.910000   -0.02014916704907    0.00255949144117   -0.00018454977620   -0.00427342995653  
  6.920000   -0.02000290811823    0.00253993284215   -0.00018466686653   -0.00424149875410  
  6.930000   -0.01985755444622    0.00252046908191   -0.00018476696959   -0.00421021445142  
  6.940000   -0.01971309300430    0.00250110157583   -0.00018484971634   -0.00417960801143  
  6.950000   -0.01956951044805    0.00248183178332   -0.00018491463113   -0.00414970544974  
  6.960000   -0.01942679320251    0.00246266118764   -0.00018496113604   -0.00412052756267  
  6.970000   -0.01928492754980    0.00244359127573   -0.00018498855661   -0.00409208970863  
  6.980000   -0.01914389971826    0.00242462351822   -0.00018499612905   -0.00406440164499  
  6.990000   -0.01900369597222    0.00240575934980   -0.00018498300875   -0.00403746742202  
  7.000000   -0.01886430270169    0.00238700015006   -0.00018494828007   -0.00401128533508  
  7.010000   -0.01872570651110    0.00236834722522   -0.00018489096727   -0.00398584793526  
  7.020000   -0.01858789430620    0.00234980179057   -0.00018481004645   -0.00396114209859  
  7.030000   -0.01845085337839    0.00233136495410   -0.00018470445850   -0.00393714915283  
  7.040000   -0.01831457148563    0.00231303770126   -0.00018457312274   -0.00391384506073  
  7.050000   -0.01817903692924    0.00229482088112   -0.00018441495124   -0.00389120065763  
  7.060000   -0.01804423862579    0.00227671519397   -0.00018422886361   -0.00386918194119  
  7.070000   -0.01791016617349    0.00225872118051   -0.00018401380217   -0.00384775041008  
  7.080000   -0.01777680991237    0.00224083921270   -0.00018376874728   -0.00382686344825  
  7.090000   -0.01764416097777    0.00222306948639   -0.00018349273263   -0.00380647475086  
  7.100000   -0.01751221134654    0.00220541201576   -0.00018318486043   -0.00378653478744  
  7.110000   -0.01738095387561    0.00218786662958   -0.00018284431635   -0.00376699129763  
  7.120000   -0.01725038233250    0.00217043296944   -0.00018247038382   -0.00374778981436  
  7.130000   -0.01712049141747    0.00215311048976   -0.00018206245788   -0.00372887420929  
  7.140000   -0.01699127677710    0.00213589845980   -0.00018162005816   -0.00371018725470  
  7.150000   -0.01686273500926    0.00211879596742   -0.00018114284094   -0.00369167119642  
  7.160000   -0.01673486365922    0.00210180192470   -0.00018063061019   -0.00367326833164  
  7.170000   -0.01660766120712    0.00208491507535   -0.00018008332743   -0.00365492158603  
  7.180000   -0.01648112704675    0.00206813400367   -0.00017950112022   -0.00363657508409  
  7.190000   -0.01635526145595    0.00205145714518   -0.00017888428941   -0.00361817470701  
  7.200000   -0.01623006555879    0.00203488279870   -0.00017823331472   -0.00359966863237  
  7.210000   -0.01610554127999    0.00201840913974   -0.00017754885892   -0.00358100785018  
  7.220000   -0.01598169129187    0.00200203423511   -0.00017683177030   -0.00356214665008  
  7.230000   -0.01585851895436    0.00198575605859   -0.00017608308354   -0.00354304307464  
  7.240000   -0.01573602824868    0.00196957250752   -0.00017530401884   -0.00352365933426  
  7.250000   -0.01561422370519    0.00195348142012   -0.00017449597939   -0.00350396217944  
  7.260000   -0.01549311032622    0.00193748059337   -0.00017366054719   -0.00348392322662  
  7.270000   -0.01537269350439    0.00192156780133   -0.00017279947705   -0.00346351923429  
  7.280000   -0.01525297893737    0.00190574081362   -0.00017191468919   -0.00344273232660  
  7.290000   -0.01513397253978    0.00188999741400   -0.00017100826003   -0.00342155016221  
  7.300000   -0.01501568035303    0.00187433541877   -0.00017008241166   -0.00339996604661  
  7.310000   -0.01489810845398    0.00185875269488   -0.00016913949978   -0.00337797898688  
  7.320000   -0.01478126286329    0.00184324717754   -0.00016818200032   -0.00335559368828  
  7.330000   -0.01466514945420    0.00182781688720   -0.00016721249497   -0.00333282049265  
  7.340000   -0.01454977386276    0.00181245994565   -0.00016623365544   -0.00330967525947  
  7.350000   -0.01443514140023    0.00179717459122   -0.00016524822690   -0.00328617919052  
  7.360000   -0.01432125696851    0.00178195919281   -0.00016425901060   -0.00326235860017  
  7.370000   -0.01420812497938    0.00176681226273   -0.00016326884576   -0.00323824463347  
  7.380000   -0.01409574927833    0.00175173246808   -0.00016228059103   -0.00321387293505  
  7.390000   -0.01398413307375    0.00173671864078   -0.00016129710561   -0.00318928327207  
  7.400000   -0.01387327887203    0.00172176978589   -0.00016032123019   -0.00316451911523  
  7.410000   -0.01376318841927    0.00170688508842   -0.00015935576786   -0.00313962718186  
  7.420000   -0.01365386265019    0.00169206391830   -0.00015840346528   -0.00311465694604  
  7.430000   -0.01354530164463    0.00167730583370   -0.00015746699412   -0.00308966012046  
  7.440000   -0.01343750459219    0.00166261058254   -0.00015654893303   -0.00306469011551  
  7.450000   -0.01333046976523    0.00164797810213   -0.00015565175029   -0.00303980148094  
  7.460000   -0.01322419450057    0.00163340851712   -0.00015477778729   -0.00301504933590  
  7.470000   -0.01311867519016    0.00161890213560   -0.00015392924293   -0.00299048879306  
  7.480000   -0.01301390728058    0.00160445944353   -0.00015310815924   -0.00296617438281  
  7.490000   -0.01290988528174    0.00159008109745   -0.00015231640810   -0.00294215948317  
  7.500000   -0.01280660278439    0.00157576791557   -0.00015155567945   -0.00291849576153  
  7.510000   -0.01270405248656    0.00156152086738   -0.00015082747088   -0.00289523263362  
  7.520000   -0.01260222622850    0.00154734106180   -0.00015013307879   -0.00287241674542  
  7.530000   -0.01250111503598    0.00153322973403   -0.00014947359120   -0.00285009148313  
  7.540000   -0.01240070917145    0.00151918823122   -0.00014884988222   -0.00282829651641  
  7.550000   -0.01230099819270    0.00150521799704   -0.00014826260829   -0.00280706737935  
  7.560000   -0.01220197101836    0.00149132055546   -0.00014771220614   -0.00278643509349  
  7.570000   -0.01210361599981    0.00147749749359   -0.00014719889258   -0.00276642583692  
  7.580000   -0.01200592099871    0.00146375044410   -0.00014672266600   -0.00274706066259  
  7.590000   -0.01190887346954    0.00145008106714   -0.00014628330969   -0.00272835526888  
  7.600000   -0.01181246054627    0.00143649103196   -0.00014588039682   -0.00271031982481  
  7.610000   -0.01171666913251    0.00142298199852   -0.00014551329710   -0.00269295885153  
  7.620000   -0.01162148599426    0.00140955559912   -0.00014518118505   -0.00267627116153  
  7.630000   -0.01152689785424    0.00139621342034   -0.00014488304976   -0.00266024985609  
  7.640000   -0.01143289148723    0.00138295698535   -0.00014461770608   -0.00264488238103  
  7.650000   -0.01133945381526    0.00136978773682   -0.00014438380709   -0.00263015064035  
  7.660000   -0.01124657200188    0.00135670702065   -0.00014417985777   -0.00261603116638  
  7.670000   -0.01115423354463    0.00134371607044   -0.00014400422972   -0.00260249534510  
  7.680000   -0.01106242636480    0.00133081599316   -0.00014385517680   -0.00258950969407  
  7.690000   -0.01097113889365    0.00131800775594   -0.00014373085147   -0.00257703619026  
  7.700000   -0.01088036015428    0.00130529217407   -0.00014362932178   -0.00256503264461  
  7.710000   -0.01079007983839    0.00129266990056   -0.00014354858881   -0.00255345311935  
  7.720000   -0.01070028837707    0.00128014141707   -0.00014348660432   -0.00254224838395  
  7.730000   -0.01061097700519    0.00126770702649   -0.00014344128860   -0.00253136640520  
  7.740000   -0.01052213781844    0.00125536684719   -0.00014341054814   -0.00252075286619  
  7.750000   -0.01043376382276    0.00124312080888   -0.00014339229315   -0.00251035170921  
  7.760000   -0.01034584897547    0.00123096865036   -0.00014338445470   -0.00250010569693  
  7.770000   -0.01025838821780    0.00121890991889   -0.00014338500125   -0.00248995698616  
  7.780000   -0.01017137749837    0.00120694397143   -0.00014339195453   -0.00247984770844  
  7.790000   -0.01008481378748    0.00119506997757   -0.00014340340452   -0.00246972055146  
  7.800000   -0.00999869508203    0.00118328692423   -0.00014341752349   -0.00245951933552  
  7.810000   -0.00991302040082    0.00117159362204   -0.00014343257894   -0.00244918957905  
  7.820000   -0.00982778977051    0.00115998871332   -0.00014344694525   -0.00243867904753  
  7.830000   -0.00974300420207    0.00114847068163   -0.00014345911405   -0.00242793828009  
  7.840000   -0.00965866565809    0.00113703786278   -0.00014346770319   -0.00241692108861  
  7.850000   -0.00957477701107    0.00112568845720   -0.00014347146418   -0.00240558502397  
  7.860000   -0.00949134199315    0.00111442054354   -0.00014346928811   -0.00239389180494  
  7.870000   -0.00940836513769    0.00110323209343   -0.00014346020997   -0.00238180770506  
  7.880000   -0.00932585171308    0.00109212098715   -0.00014344341133   -0.00236930389380  
  7.890000   -0.00924380764963    0.00108108503026   -0.00014341822146   -0.00235635672825  
  7.900000   -0.00916223945985    0.00107012197076   -0.00014338411670   -0.00234294799243  
  7.910000   -0.00908115415312    0.00105922951692   -0.00014334071838   -0.00232906508184  
  7.920000   -0.00900055914538    0.00104840535539   -0.00014328778905   -0.00231470113104  
  7.930000   -0.00892046216465    0.00103764716953   -0.00014322522727   -0.00229985508324  
  7.940000   -0.00884087115325    0.00102695265780   -0.00014315306091   -0.00228453170082  
  7.950000   -0.00876179416772    0.00101631955192   -0.00014307143914   -0.00226874151689  
  7.960000   -0.00868323927713    0.00100574563488   -0.00014298062309   -0.00225250072804  
  7.970000   -0.00860521446097    0.00099522875828   -0.00014288097541   -0.00223583102953  
  7.980000   -0.00852772750737    0.00098476685925   -0.00014277294878   -0.00221875939445  
  7.990000   -0.00845078591267    0.00097435797639   -0.00014265707348   -0.00220131779897  
  8.000000   -0.00837439678336    0.00096400026491   -0.00014253394428   -0.00218354289648  
  8.010000   -0.00829856674108    0.00095369201068   -0.00014240420656   -0.00216547564389  
  8.020000   -0.00822330183186    0.00094343164300   -0.00014226854217   -0.00214716088376  
  8.030000   -0.00814860744025    0.00093321774618   -0.00014212765476   -0.00212864688646  
  8.040000   -0.00807448820924    0.00092304906959   -0.00014198225519   -0.00210998485707  
  8.050000   -0.00800094796674    0.00091292453625   -0.00014183304675   -0.00209122841184  
  8.060000   -0.00792798965931    0.00090284324981   -0.00014168071068   -0.00207243302958  
  8.070000   -0.00785561529382    0.00089280449993   -0.00014152589203   -0.00205365548350  
  8.080000   -0.00778382588763    0.00088280776583   -0.00014136918595   -0.00203495325932  
  8.090000   -0.00771262142770    0.00087285271823   -0.00014121112466   -0.00201638396534  
  8.100000   -0.00764200083918    0.00086293921946   -0.00014105216522   -0.00199800474076  
  8.110000   -0.00757196196375    0.00085306732188   -0.00014089267824   -0.00197987166797  
  8.120000   -0.00750250154799    0.00084323726442   -0.00014073293761   -0.00196203919502  
  8.130000   -0.00743361524191    0.00083344946760   -0.00014057311143   -0.00194455957400  
  8.140000   -0.00736529760771    0.00082370452671   -0.00014041325421   -0.00192748232112  
  8.150000   -0.00729754213884    0.00081400320351   -0.00014025330046   -0.00191085370408  
  8.160000   -0.00723034128906    0.00080434641630   -0.00014009305968   -0.00189471626182  
  8.170000   -0.00716368651147    0.00079473522863   -0.00013993221295   -0.00187910836178  
  8.180000   -0.00709756830709    0.00078517083664   -0.00013977031097   -0.00186406379905  
  8.190000   -0.00703197628266    0.00077565455516   -0.00013960677380   -0.00184961144171  
  8.200000   -0.00696689921709    0.00076618780275   -0.00013944089214   -0.00183577492591  
  8.210000   -0.00690232513618    0.00075677208576   -0.00013927183023   -0.00182257240395  
  8.220000   -0.00683824139472    0.00074740898156   -0.00013909863036   -0.00181001634800  
  8.230000   -0.00677463476548    0.00073810012117   -0.00013892021893   -0.00179811341153  
  8.240000   -0.00671149153417    0.00072884717129   -0.00013873541400   -0.00178686435000  
  8.250000   -0.00664879759962    0.00071965181609   -0.00013854293432   -0.00177626400159  
  8.260000   -0.00658653857820    0.00071051573875   -0.00013834140963   -0.00176630132854  
  8.270000   -0.00652469991167    0.00070144060303   -0.00013812939236   -0.00175695951845  
  8.280000   -0.00646326697735    0.00069242803500   -0.00013790537037   -0.00174821614489  
  8.290000   -0.00640222519972    0.00068347960512   -0.00013766778076   -0.00174004338567  
  8.300000   -0.00634156016236    0.00067459681073   -0.00013741502461   -0.00173240829668  
  8.310000   -0.00628125771927    0.00066578105933   -0.00013714548243   -0.00172527313861  
  8.320000   -0.00622130410451    0.00065703365256   -0.00013685753027   -0.00171859575335  
  8.330000   -0.00616168603911    0.00064835577117   -0.00013654955619   -0.00171232998631  
  8.340000   -0.00610239083432    0.00063974846110   -0.00013621997713   -0.00170642615050  
  8.350000   -0.00604340649020    0.00063121262077   -0.00013586725577   -0.00170083152764  
  8.360000   -0.00598472178858    0.00062274898973   -0.00013548991744   -0.00169549090139  
  8.370000   -0.00592632637958    0.00061435813870   -0.00013508656673   -0.00169034711721  
  8.380000   -0.00586821086078    0.00060604046129   -0.00013465590372   -0.00168534166331  
  8.390000   -0.00581036684828    0.00059779616717   -0.00013419673961   -0.00168041526679  
  8.400000   -0.00575278703904    0.00058962527705   -0.00013370801168   -0.00167550849885  
  8.410000   -0.00569546526369    0.00058152761936   -0.00013318879731   -0.00167056238303  
  8.420000   -0.00563839652944    0.00057350282873   -0.00013263832691   -0.00166551900025  
  8.430000   -0.00558157705252    0.00056555034619   -0.00013205599577   -0.00166032208439  
  8.440000   -0.00552500427983    0.00055766942129   -0.00013144137450   -0.00165491760248  
  8.450000   -0.00546867689953    0.00054985911588   -0.00013079421803   -0.00164925431340  
  8.460000   -0.00541259484033    0.00054211830974   -0.00013011447313   -0.00164328429931  
  8.470000   -0.00535675925949    0.00053444570785   -0.00012940228421   -0.00163696346452  
  8.480000   -0.00530117251953    0.00052683984937   -0.00012865799744   -0.00163025199637  
  8.490000   -0.00524583815377    0.00051929911817   -0.00012788216309   -0.00162311478348  
  8.500000   -0.00519076082087    0.00051182175485   -0.00012707553600   -0.00161552178689  
  8.510000   -0.00513594624892    0.00050440587014   -0.00012623907424   -0.00160744836022  
  8.520000   -0.00508140116917    0.00049704945957   -0.00012537393589   -0.00159887551538  
  8.530000   -0.00502713324030    0.00048975041932   -0.00012448147393   -0.00158979013096  
  8.540000   -0.00497315096350    0.00048250656302   -0.00012356322930   -0.00158018510103  
  8.550000   -0.00491946358936    0.00047531563947   -0.00012262092223   -0.00157005942255  
  8.560000   -0.00486608101713    0.00046817535100   -0.00012165644174   -0.00155941822040  
  8.570000   -0.00481301368729    0.00046108337248   -0.00012067183352   -0.00154827270949  
  8.580000   -0.00476027246845    0.00045403737057   -0.00011966928629   -0.00153664009404  
  8.590000   -0.00470786853931    0.00044703502332   -0.00011865111662   -0.00152454340508  
  8.600000   -0.00465581326703    0.00044007403968   -0.00011761975252   -0.00151201127727  
  8.610000   -0.00460411808274    0.00043315217903   -0.00011657771572   -0.00149907766734  
  8.620000   -0.00455279435563    0.00042626727022   -0.00011552760299   -0.00148578151668  
  8.630000   -0.00450185326649    0.00041941723029   -0.00011447206656   -0.00147216636131  
  8.640000   -0.00445130568191    0.00041260008247   -0.00011341379380   -0.00145827989301  
  8.650000   -0.00440116203039    0.00040581397335   -0.00011235548638   -0.00144417347583  
  8.660000   -0.00435143218130    0.00039905718920   -0.00011129983908   -0.00142990162278  
  8.670000   -0.00430212532799    0.00039232817105   -0.00011024951840   -0.00141552143780  
  8.680000   -0.00425324987601    0.00038562552861   -0.00010920714131   -0.00140109202853  
  8.690000   -0.00420481333751    0.00037894805284   -0.00010817525408   -0.00138667389579  
  8.700000   -0.00415682223289    0.00037229472693   -0.00010715631160   -0.00137232830571  
  8.710000   -0.00410928200058    0.00036566473580   -0.00010615265735   -0.00135811665102  
  8.720000   -0.00406219691579    0.00035905747387   -0.00010516650405   -0.00134409980770  
  8.730000   -0.00401557001922    0.00035247255110   -0.00010419991542   -0.00133033749369  
  8.740000   -0.00396940305615    0.00034590979720   -0.00010325478894   -0.00131688763604  
  8.750000   -0.00392369642690    0.00033936926397   -0.00010233284007   -0.00130380575295  
  8.760000   -0.00387844914887    0.00033285122584   -0.00010143558782   -0.00129114435717  
  8.770000   -0.00383365883088    0.00032635617839   -0.00010056434198   -0.00127895238670  
  8.780000   -0.00378932165998    0.00031988483512   -0.00009972019204   -0.00126727466877  
  8.790000   -0.00374543240094    0.00031343812219   -0.00009890399803   -0.00125615142281  
  8.800000   -0.00370198440874    0.00030701717153   -0.00009811638316   -0.00124561780737  
  8.810000   -0.00365896965384    0.00030062331198   -0.00009735772866   -0.00123570351599  
  8.820000   -0.00361637876021    0.00029425805884   -0.00009662817050   -0.00122643242631  
  8.830000   -0.00357420105599    0.00028792310179   -0.00009592759836   -0.00121782230615  
  8.840000   -0.00353242463628    0.00028162029123   -0.00009525565671   -0.00120988457996  
  8.850000   -0.00349103643775    0.00027535162328   -0.00009461174799   -0.00120262415817  
  8.860000   -0.00345002232449    0.00026911922346   -0.00009399503798   -0.00119603933165  
  8.870000   -0.00340936718437    0.00026292532924   -0.00009340446319   -0.00119012173254  
  8.880000   -0.00336905503533    0.00025677227155   -0.00009283874035   -0.00118485636234  
  8.890000   -0.00332906914052    0.00025066245553   -0.00009229637782   -0.00118022168730  
  8.900000   -0.00328939213163    0.00024459834054   -0.00009177568888   -0.00117618980049  
  8.910000   -0.00325000613921    0.00023858241968   -0.00009127480679   -0.00117272664939  
  8.920000   -0.00321089292895    0.00023261719900   -0.00009079170146   -0.00116979232702  
  8.930000   -0.00317203404282    0.00022670517657   -0.00009032419764   -0.00116734142407  
  8.940000   -0.00313341094391    0.00022084882155   -0.00008986999441   -0.00116532343894  
  8.950000   -0.00309500516363    0.00021505055353   -0.00008942668584   -0.00116368324176  
  8.960000   -0.00305679845011    0.00020931272222   -0.00008899178269   -0.00116236158828  
  8.970000   -0.00301877291649    0.00020363758781   -0.00008856273481   -0.00116129567860  
  8.980000   -0.00298091118780    0.00019802730196   -0.00008813695419   -0.00116041975552  
  8.990000   -0.00294319654515    0.00019248388989   -0.00008771183841   -0.00115966573680  
  9.000000   -0.00290561306592    0.00018700923337   -0.00008728479423   -0.00115896387521  
  9.010000   -0.00286814575880    0.00018160505516   -0.00008685326117   -0.00115824343985  
  9.020000   -0.00283078069231    0.00017627290467   -0.00008641473481   -0.00115743341228  
  9.030000   -0.00279350511578    0.00017101414526   -0.00008596678968   -0.00115646319051  
  9.040000   -0.00275630757150    0.00016582994315   -0.00008550710145   -0.00115526329383  
  9.050000   -0.00271917799721    0.00016072125809   -0.00008503346823   -0.00115376606163  
  9.060000   -0.00268210781773    0.00015568883589   -0.00008454383082   -0.00115190633911  
  9.070000   -0.00264509002497    0.00015073320287   -0.00008403629169   -0.00114962214302  
  9.080000   -0.00260811924551    0.00014585466232   -0.00008350913255   -0.00114685530066  
  9.090000   -0.00257119179495    0.00014105329300   -0.00008296083025   -0.00114355205569  
  9.100000   -0.00253430571857    0.00013632894969   -0.00008239007097   -0.00113966363446  
  9.110000   -0.00249746081775    0.00013168126582   -0.00008179576253   -0.00113514676697  
  9.120000   -0.00246065866172    0.00012710965824   -0.00008117704462   -0.00112996415707  
  9.130000   -0.00242390258452    0.00012261333393   -0.00008053329697   -0.00112408489681  
  9.140000   -0.00238719766696    0.00011819129885   -0.00007986414529   -0.00111748482045  
  9.150000   -0.00235055070358    0.00011384236860   -0.00007916946494   -0.00111014679430  
  9.160000   -0.00231397015482    0.00010956518113   -0.00007844938228   -0.00110206093900  
  9.170000   -0.00227746608456    0.00010535821103   -0.00007770427371   -0.00109322478146  
  9.180000   -0.00224105008341    0.00010121978570   -0.00007693476233   -0.00108364333465  
  9.190000   -0.00220473517839    0.00009714810293   -0.00007614171230   -0.00107332910376  
  9.200000   -0.00216853572941    0.00009314124997   -0.00007532622093   -0.00106230201815  
  9.210000   -0.00213246731345    0.00008919722384   -0.00007448960849   -0.00105058928919  
  9.220000   -0.00209654659722    0.00008531395276   -0.00007363340591   -0.00103822519483  
  9.230000   -0.00206079119925    0.00008148931851   -0.00007275934047   -0.00102525079237  
  9.240000   -0.00202521954247    0.00007772117955   -0.00007186931950   -0.00101171356181  
  9.250000   -0.00198985069832    0.00007400739466   -0.00007096541231   -0.00099766698247  
  9.260000   -0.00195470422377    0.00007034584704   -0.00007004983052   -0.00098317004668  
  9.270000   -0.00191979999237    0.00006673446845   -0.00006912490686   -0.00096828671471  
  9.280000   -0.00188515802073    0.00006317126344   -0.00006819307278   -0.00095308531561  
  9.290000   -0.00185079829178    0.00005965433320   -0.00006725683482   -0.00093763789952  
  9.300000   -0.00181674057631    0.00005618189909   -0.00006631875029   -0.00092201954716  
  9.310000   -0.00178300425410    0.00005275232542   -0.00006538140211   -0.00090630764287  
  9.320000   -0.00174960813622    0.00004936414142   -0.00006444737335   -0.00089058111794  
  9.330000   -0.00171657028988    0.00004601606211   -0.00006351922143   -0.00087491967110  
  9.340000   -0.00168390786733    0.00004270700797   -0.00006259945241   -0.00085940297369  
  9.350000   -0.00165163694015    0.00003943612319   -0.00006169049553   -0.00084410986674  
  9.360000   -0.00161977234044    0.00003620279226   -0.00006079467819   -0.00082911755777  
  9.370000   -0.00158832751007    0.00003300665485   -0.00005991420164   -0.00081450082484  
  9.380000   -0.00155731435942    0.00002984761875   -0.00005905111764   -0.00080033123549  
  9.390000   -0.00152674313674    0.00002672587083   -0.00005820730622   -0.00078667638816  
  9.400000   -0.00149662230911    0.00002364188571   -0.00005738445480   -0.00077359918340  
  9.410000   -0.00146695845614    0.00002059643228   -0.00005658403884   -0.00076115713190  
  9.420000   -0.00143775617713    0.00001759057779   -0.00005580730425   -0.00074940170624  
  9.430000   -0.00140901801237    0.00001462568955   -0.00005505525163   -0.00073837774264  
  9.440000   -0.00138074437896    0.00001170343414   -0.00005432862254   -0.00072812289849  
  9.450000   -0.00135293352139    0.00000882577410   -0.00005362788794   -0.00071866717115  
  9.460000   -0.00132558147668    0.00000599496219   -0.00005295323881   -0.00071003248222  
  9.470000   -0.00129868205337    0.00000321353309   -0.00005230457907   -0.00070223233149  
  9.480000   -0.00127222682334    0.00000048429284   -0.00005168152078   -0.00069527152288  
  9.490000   -0.00124620512447   -0.00000218969416   -0.00005108338157   -0.00068914596446  
  9.500000   -0.00122060407152   -0.00000480512007   -0.00005050918426   -0.00068384254256  
  9.510000   -0.00119540857119   -0.00000735845051   -0.00004995765842   -0.00067933906887  
  9.520000   -0.00117060133643   -0.00000984594287   -0.00004942724364   -0.00067560429722  
  9.530000   -0.00114616289302   -0.00001226366566   -0.00004891609411   -0.00067259800467  
  9.540000   -0.00112207157008   -0.00001460751820   -0.00004842208409   -0.00067027112860  
  9.550000   -0.00109830346379   -0.00001687324982   -0.00004794281348   -0.00066856594855  
  9.560000   -0.00107483236192   -0.00001905647757   -0.00004747561283   -0.00066741629795  
  9.570000   -0.00105162961492   -0.00002115270100   -0.00004701754669   -0.00066674778703  
  9.580000   -0.00102866393771   -0.00002315731244   -0.00004656541429   -0.00066647801420  
  9.590000   -0.00100590112642   -0.00002506560097   -0.00004611574620   -0.00066651673983  
  9.600000   -0.00098330367509   -0.00002687274796   -0.00004566479583   -0.00066676599338  
  9.610000   -0.00096083028105   -0.00002857381209   -0.00004520852434   -0.00066712008413  
  9.620000   -0.00093843523384   -0.00003016370185   -0.00004474257826   -0.00066746548787  
  9.630000   -0.00091606769310   -0.00003163713402   -0.00004426225914   -0.00066768058787  
  9.640000   -0.00089367087545   -0.00003298857750   -0.00004376248555   -0.00066763526096  
  9.650000   -0.00087118119010   -0.00003421218333   -0.00004323774901   -0.00066719031874  
  9.660000   -0.00084852738812   -0.00003530170380   -0.00004268206672   -0.00066619684208  
  9.670000   -0.00082562981901   -0.00003625040618   -0.00004208893602   -0.00066449548453  
  9.680000   -0.00080239992080   -0.00003705099024   -0.00004145129801   -0.00066191586652  
  9.690000   -0.00077874010179   -0.00003769552236   -0.00004076151981   -0.00065827623557  
  9.700000   -0.00075454420099   -0.00003817540317   -0.00004001140800   -0.00065338362451  
  9.710000   -0.00072969873458   -0.00003848138952   -0.00003919226733   -0.00064703479304  
  9.720000   -0.00070408514131   -0.00003860369431   -0.00003829502083   -0.00063901828047  
  9.730000   -0.00067758322501   -0.00003853218920   -0.00003731040699   -0.00062911791714  
  9.740000   -0.00065007595028   -0.00003825673373   -0.00003622926847   -0.00061711812823  
  9.750000   -0.00062145567408   -0.00003776765008   -0.00003504294267   -0.00060281130378  
  9.760000   -0.00059163178788   -0.00003705635407   -0.00003374375807   -0.00058600739285  
  9.770000   -0.00056053960458   -0.00003611614069   -0.00003232563091   -0.00056654570302  
  9.780000   -0.00052815015565   -0.00003494310525   -0.00003078474508   -0.00054430864904  
  9.790000   -0.00049448038010   -0.00003353716166   -0.00002912028422   -0.00051923690719  
  9.800000   -0.00045960300246   -0.00003190309748   -0.00002733517080   -0.00049134511516  
  9.810000   -0.00042365523495   -0.00003005158413   -0.00002543675271   -0.00046073694185  
  9.820000   -0.00038684532288   -0.00002800004254   -0.00002343736715   -0.00042761807900  
  9.830000   -0.00034945590839   -0.00002577325295   -0.00002135470469   -0.00039230552166  
  9.840000   -0.00031184323750   -0.00002340359541   -0.00001921189679   -0.00035523145538  
  9.850000   -0.00027443139634   -0.00002093081716   -0.00001703725814   -0.00031694019413  
  9.860000   -0.00023770103987   -0.00001840124641   -0.00001486363334   -0.00027807694077  
  9.870000   -0.00020217246411   -0.00001586640944   -0.00001272732361   -0.00023936767644  
  9.880000   -0.00016838334801   -0.00001338105647   -0.00001066660427   -0.00020159020451  
  9.890000   -0.00013686201762   -0.00001100065949   -0.00000871988332   -0.00016553722818  
  9.900000   -0.00010809761304   -0.00000877850573   -0.00000692359315   -0.00013197324908  
  9.910000   -0.00008250900945   -0.00000676256723   -0.00000530994558   -0.00010158793892  
  9.920000   -0.00006041469764   -0.00000499237303   -0.00000390471130   -0.00007494934576  
  9.930000   -0.00004200601294   -0.00000349613885   -0.00000272520257   -0.00005246074595  
  9.940000   -0.00002732607208   -0.00000228841417   -0.00000177864027   -0.00003432505377  
  9.950000   -0.00001625651669   -0.00000136848526   -0.00000106106974   -0.00002052040143  
  9.960000   -0.00000851367398   -0.00000071972440   -0.00000055695539   -0.00001078979439  
  9.970000   -0.00000365506237   -0.00000031000388   -0.00000023953346   -0.00000464667556  
  9.980000   -0.00000109635106   -0.00000009320423   -0.00000007193990   -0.00000139689049  
  9.990000   -0.00000013800489   -0.00000001174864   -0.00000000906242   -0.00000017607036  
 10.000000    0.00000000000000    0.00000000000000    0.00000000000000    0.00000000000000  
