<Coefficient>
	 11 Total number of radial orbitals.
	Type	L	Zeta-Orbital
	  Sr 	0	    1
	   0.11751933456169
	  -0.00652090777187
	  -0.14924790611294
	  -0.17822206816660
	  -0.15363478699977
	  -0.10187575477640
	  -0.05082912067195
	  -0.00396842869890
	   0.03198190283596
	   0.05610289155684
	   0.06728960778919
	   0.06912365330324
	   0.06439295705678
	   0.05566019115764
	   0.04538287841450
	   0.03425379010890
	   0.02513263498594
	   0.01621991465543
	   0.01051891088010
	   0.00483272113049
	   0.00286955164728
	  -0.00020403696801
	   0.00042660930940
	  -0.00133402412234
	   0.00049700122683
	  -0.00114333031184
	   0.00117155357244
	  -0.00093818166990
	   0.00161130118025
	  -0.00124513424863
	   0.00193927348097
	Type	L	Zeta-Orbital
	  Sr 	0	    2
	   0.13025212682265
	   0.08628443072050
	   0.06704113085578
	   0.05503903518184
	   0.05382634476116
	   0.02937198169570
	   0.01405563635130
	  -0.01587110499873
	  -0.02785012236648
	  -0.04098667268558
	  -0.04219468807537
	  -0.04508232509032
	  -0.03834217252846
	  -0.03483470015921
	  -0.02557351924813
	  -0.02134081633489
	  -0.01251293552369
	  -0.01018831831683
	  -0.00370540720624
	  -0.00398156908399
	   0.00066134606173
	  -0.00171740218087
	   0.00203699924567
	  -0.00156689330127
	   0.00204704454693
	  -0.00221939110040
	   0.00202594875344
	  -0.00269518633485
	   0.00243941089196
	  -0.00310049151636
	   0.00354909253938
	Type	L	Zeta-Orbital
	  Sr 	0	    3
	  -0.11050559252834
	   0.15777524674033
	  -0.00092383522780
	  -0.06932214233360
	  -0.12098160879875
	  -0.05583626883838
	  -0.10740703986152
	  -0.03503128858836
	  -0.05827747322292
	  -0.03044162892192
	  -0.04395365500921
	  -0.01447103224419
	  -0.02795902341857
	  -0.00892201925549
	  -0.01799353316125
	   0.00148235019703
	  -0.00998061589902
	   0.00604172772981
	  -0.00601898331153
	   0.00833966199359
	  -0.00624120448949
	   0.00845350334242
	  -0.00787843475666
	   0.00781534685094
	  -0.00896257574627
	   0.00868483054262
	  -0.01042587034026
	   0.00974155715113
	  -0.01149142805085
	   0.01265871957160
	  -0.01447023303196
	Type	L	Zeta-Orbital
	  Sr 	0	    4
	  -0.09855194208537
	   0.08063107303881
	  -0.14335999729287
	   0.15346346619175
	   0.27436108116128
	   0.20815783524104
	   0.12081504073727
	   0.07302207105869
	   0.02849586408624
	  -0.00399496379537
	  -0.02559698635499
	  -0.03387296596201
	  -0.03989271892540
	  -0.03446582259002
	  -0.03339904482027
	  -0.02425359976329
	  -0.02467063229547
	  -0.01166097369029
	  -0.01412286784627
	  -0.00342902841994
	  -0.00727046719116
	   0.00250541443180
	  -0.00445952832396
	   0.00589444137295
	  -0.00457791992934
	   0.00653461320137
	  -0.00564331734873
	   0.00738316056061
	  -0.00775264856582
	   0.00820919961678
	  -0.01071253745169
	Type	L	Zeta-Orbital
	  Sr 	0	    5
	  -0.16483489003969
	  -0.18993760140621
	  -0.36600394537209
	   0.17860739608247
	   0.13813183854404
	  -0.47249605386384
	   0.03331264705847
	  -0.31628048189360
	  -0.22873289111976
	  -0.24007084235941
	  -0.18289554837778
	  -0.17064958721009
	  -0.13829442582860
	  -0.13522560181160
	  -0.08249875549783
	  -0.06436512689682
	  -0.02351296134921
	  -0.00338746848892
	   0.00338007287726
	  -0.00577293457997
	   0.00835106846453
	  -0.00523563252747
	   0.00777203354506
	  -0.00475352383826
	   0.00147910904643
	  -0.01511174413275
	   0.00325272493823
	  -0.00957807800337
	   0.00773884906426
	  -0.01073030426208
	   0.01080972312754
	Type	L	Zeta-Orbital
	  Sr 	0	    6
	   0.00836728092215
	  -0.41364292346230
	   0.14568717023154
	  -0.13513489067385
	   0.17490525750686
	   0.68025333905129
	  -0.02787043137717
	   0.10099382729898
	  -0.10423099844624
	  -0.18597138158586
	  -0.23901148796669
	  -0.22097127841302
	  -0.20637907834389
	  -0.17435394152015
	  -0.15159025795692
	  -0.11781225983862
	  -0.09267115596156
	  -0.07007683867221
	  -0.03598733531655
	  -0.01804435578788
	  -0.00347743758323
	   0.00183687898948
	   0.00221954091812
	   0.00146937517116
	   0.00391692260520
	   0.00229816004368
	   0.00293043050121
	  -0.00063869261228
	   0.00219503248979
	   0.00033938778392
	  -0.00056160355378
	Type	L	Zeta-Orbital
	  Sr 	1	    1
	   0.16735391264099
	   0.11565828908133
	   0.15620912002024
	   0.14791029209970
	   0.15631027129884
	   0.12052418758027
	   0.09942406051487
	   0.06567269698986
	   0.04603145422690
	   0.01927132824629
	   0.00896563826506
	  -0.00673927143251
	  -0.00901086361640
	  -0.01751603671286
	  -0.01424629969762
	  -0.01820825516843
	  -0.01223238422538
	  -0.01452010700992
	  -0.00729985140852
	  -0.01034253630531
	  -0.00237031401400
	  -0.00696603181702
	   0.00099622892355
	  -0.00510860191254
	   0.00316650474452
	  -0.00461298783565
	   0.00446003568543
	  -0.00510679999796
	   0.00565738553311
	  -0.00683399626652
	   0.01069407037795
	Type	L	Zeta-Orbital
	  Sr 	1	    2
	  -0.16996006007658
	   0.02188509326271
	   0.10174239255585
	   0.19559695059751
	   0.20346356638119
	   0.21487397316218
	   0.17696955852549
	   0.14204177390667
	   0.08967491897057
	   0.05624993691175
	   0.01542655264201
	  -0.00404316272589
	  -0.02741922904578
	  -0.03115287423814
	  -0.04112621976628
	  -0.03498683838330
	  -0.03742090670998
	  -0.02653409729713
	  -0.02714046943351
	  -0.01439675393411
	  -0.01693574640605
	  -0.00434375008064
	  -0.00958925383355
	   0.00214701101361
	  -0.00615591644134
	   0.00548079662424
	  -0.00565752791182
	   0.00702658729153
	  -0.00712885448851
	   0.00897149628836
	  -0.01410173002489
	Type	L	Zeta-Orbital
	  Sr 	1	    3
	  -0.06888698719742
	  -0.03024436310592
	  -0.17592296591168
	  -0.56637050942161
	  -0.40010556570616
	   0.74515465011470
	   0.70071831328141
	   0.64908526194310
	   0.31207566647182
	   0.23919964263377
	  -0.08639671365494
	  -0.14228545780393
	  -0.33865855162748
	  -0.30581094049580
	  -0.39118097099418
	  -0.33435406545772
	  -0.34077384841788
	  -0.26890644609065
	  -0.24906271647337
	  -0.15425073900272
	  -0.17112893965299
	  -0.07896522082785
	  -0.10706344637114
	  -0.03333713168111
	  -0.07639304560726
	  -0.00563793388913
	  -0.06006637804369
	   0.01709912369539
	  -0.05024546012162
	   0.03860864830663
	  -0.06940154732570
	Type	L	Zeta-Orbital
	  Sr 	2	    1
	   0.13812045751267
	   0.22811997890796
	   0.24728987584489
	   0.22542859453618
	   0.20621157352347
	   0.18146212869166
	   0.15653189906326
	   0.12565888970944
	   0.10026645056885
	   0.07564904149444
	   0.05852664175066
	   0.04209296996093
	   0.03260794617493
	   0.02308953836787
	   0.01910943383463
	   0.01318803574766
	   0.01199042698498
	   0.00794743718782
	   0.00797585849160
	   0.00422841856121
	   0.00513715296950
	   0.00161637620949
	   0.00310932563589
	  -0.00053848867554
	   0.00158155601621
	  -0.00199537596162
	   0.00118652868577
	  -0.00257438824839
	   0.00183787862843
	  -0.00305193426570
	   0.00812106219339
	Type	L	Zeta-Orbital
	  Sr 	2	    2
	   0.70216380118411
	  -0.34764902361414
	  -0.56964155215137
	  -0.59438721144953
	  -0.46651380416072
	  -0.40186069006880
	  -0.34110621828706
	  -0.28589434095253
	  -0.20801686083142
	  -0.17626253669373
	  -0.11116055621648
	  -0.09868566636249
	  -0.05265531632049
	  -0.06041268365174
	  -0.02562118041496
	  -0.04277692186179
	  -0.00682140933521
	  -0.03380232333994
	   0.00489052952641
	  -0.03025531729676
	   0.01143111054970
	  -0.02806378434755
	   0.01819076990959
	  -0.02729036792087
	   0.02706666693270
	  -0.02917468261591
	   0.03407179015316
	  -0.03558641097889
	   0.04254804959690
	  -0.05225133089836
	   0.15077173468071
</Coefficient>
<Mkb>
Left spillage = 2.3951315148e-03
</Mkb>
