<Coefficient>
	 9 Total number of radial orbitals.
	Type	L	Zeta-Orbital
	  Au 	0	    1
	  -0.10892136245678
	  -0.24338220544882
	  -0.34989020661040
	  -0.38893301624670
	  -0.35103470060248
	  -0.24730954090390
	  -0.11976523420419
	   0.00187833685230
	   0.09217852159974
	   0.14710046896585
	   0.16466947895042
	   0.15737179838225
	   0.13108625977284
	   0.10011885115292
	   0.06682583743955
	   0.04153442906985
	   0.02028351531977
	   0.00953126988364
	   0.00105824398071
	   0.00073405250101
	  -0.00207545185114
	   0.00219437295849
	Type	L	Zeta-Orbital
	  Au 	0	    2
	   0.22123371799869
	   0.14003560973642
	  -0.04566006163936
	  -0.16159236164335
	  -0.16544413526298
	  -0.13844373029182
	  -0.08268340745695
	  -0.04150531164452
	   0.00012992958879
	   0.01926102532638
	   0.03771442809107
	   0.03660290655219
	   0.04053026052574
	   0.02885350716138
	   0.02831167154695
	   0.01383853339624
	   0.01523187517257
	   0.00158624687361
	   0.00759833182199
	  -0.00537121695715
	   0.00639698048281
	  -0.01222626110586
	Type	L	Zeta-Orbital
	  Au 	0	    3
	   0.66019908363960
	  -0.51192301552774
	  -0.51966788036530
	   0.24808503761214
	   0.07600669536713
	   0.25792948785658
	   0.12890820189383
	   0.25765334708869
	   0.10674006155377
	   0.16872487839018
	   0.06738852013874
	   0.09414124678708
	   0.00568338216428
	   0.03349447567787
	  -0.02330383952201
	   0.00421639495073
	  -0.03361625606500
	   0.00060296896924
	  -0.02523330738434
	   0.01407132139613
	  -0.01113372643433
	   0.02239683893280
	Type	L	Zeta-Orbital
	  Au 	0	    4
	   0.39674946066390
	   0.28726145647503
	  -0.15185272890741
	  -0.36848400965571
	   0.21994160114940
	   0.34987887622825
	   0.15969660428056
	   0.10073439021479
	   0.06418227569185
	   0.00743869786712
	  -0.04509852531143
	  -0.05266445128165
	  -0.07060676056205
	  -0.06346115377232
	  -0.05901369844851
	  -0.04264913380599
	  -0.02666362236042
	  -0.01782660835157
	  -0.00146268322076
	  -0.00397827296835
	   0.00748177945628
	  -0.01132670922153
	Type	L	Zeta-Orbital
	  Au 	1	    1
	  -0.05812247607602
	  -0.21143943572045
	  -0.39362260837409
	  -0.52240959384029
	  -0.56302343238223
	  -0.52324279990642
	  -0.43200604059619
	  -0.32009547842724
	  -0.21077991333415
	  -0.11917810152007
	  -0.05112410146262
	  -0.00727949046320
	   0.01643336819500
	   0.02505500820911
	   0.02437118723602
	   0.01886963070772
	   0.01219278482502
	   0.00628479459008
	   0.00225143628920
	  -0.00000925022737
	  -0.00071043010744
	  -0.00062080475063
	Type	L	Zeta-Orbital
	  Au 	1	    2
	  -0.90124974539378
	  -0.81417053828690
	  -0.05538628592192
	   0.80009059567902
	   1.19088435789824
	   1.24963563285398
	   1.02892046980835
	   0.81894588588237
	   0.52629771890236
	   0.32202122621813
	   0.10357998934258
	   0.01319449982207
	  -0.09706220784271
	  -0.08581921752858
	  -0.12871243794760
	  -0.06618906172579
	  -0.08611622488024
	  -0.00102764169342
	  -0.03922032905012
	   0.04067824581961
	  -0.03592698204209
	   0.14359184817503
	Type	L	Zeta-Orbital
	  Au 	2	    1
	  -0.15115344498957
	  -0.32035024136025
	  -0.45205774723753
	  -0.50412878798608
	  -0.50757637600585
	  -0.46057969105301
	  -0.39789600493794
	  -0.31570448507190
	  -0.24288978661519
	  -0.16927505329915
	  -0.11641576050752
	  -0.06737595625780
	  -0.04057041915775
	  -0.01420258472142
	  -0.00743270596839
	   0.00494020619203
	   0.00063368261652
	   0.00769579723409
	  -0.00110741481629
	   0.00598849525022
	  -0.00238648021655
	   0.03701841722616
	Type	L	Zeta-Orbital
	  Au 	2	    2
	  -1.01286021652355
	  -0.18460645902133
	   0.10907719928394
	   0.39823468426103
	   0.13106298403092
	   0.07312230613636
	  -0.01100627305658
	   0.08631495552161
	  -0.03042302224152
	   0.05387996170071
	  -0.04577147332799
	   0.05234626040731
	  -0.05669120053662
	   0.06381032461698
	  -0.06445273894774
	   0.07376559089958
	  -0.08121843704883
	   0.08343553164247
	  -0.09577338637473
	   0.10037347715712
	  -0.07501273501097
	   0.86494058359526
	Type	L	Zeta-Orbital
	  Au 	3	    1
	   0.29190595904591
	   0.84314595630331
	   0.98863862207250
	   1.00394888991950
	   0.72997346992370
	   0.49360590248307
	   0.38035632884171
	   0.33573498800746
	   0.24390307202787
	   0.20871902539899
	   0.15308629492396
	   0.13361131020626
	   0.07373772614595
	   0.05417449222832
	  -0.00379182513553
	   0.00339234115840
	  -0.03149888833519
	  -0.00709578620952
	  -0.03105876390525
	   0.00319020968345
	   0.07403239543748
	   0.36416667362197
</Coefficient>
<Mkb>
Left spillage = 6.3960714420e-04
</Mkb>
