  0.000000    0.26489388185162   -1.83562225716468    0.00000000000000    0.00000000000000  
  0.010000    0.26492689369832   -1.83567012018613    0.03367242139252   -0.00030627179102  
  0.020000    0.26502571774297   -1.83581331777436    0.06732347457082   -0.00122457424473  
  0.030000    0.26518972018614   -1.83605067668056    0.10093181092679   -0.00275336984087  
  0.040000    0.26541784698267   -1.83638024541804    0.13447612103524   -0.00489010016729  
  0.050000    0.26570862726402   -1.83679930014101    0.16793515417199   -0.00763119208669  
  0.060000    0.26606017811283   -1.83730435284852    0.20128773774453   -0.01097206633882  
  0.070000    0.26647021067290   -1.83789116188725    0.23451279660684   -0.01490714854708  
  0.080000    0.26693603757324   -1.83855474471955    0.26758937223074   -0.01942988258995  
  0.090000    0.26745458164019   -1.83928939291595    0.30049664170697   -0.02453274628922  
  0.100000    0.26802238586735   -1.84008868932416    0.33321393655015   -0.03020726935891  
  0.110000    0.26863562460827   -1.84094552735990    0.36572076128308   -0.03644405355101  
  0.120000    0.26929011595327   -1.84185213235789    0.39799681177682   -0.04323279492669  
  0.130000    0.26998133524711   -1.84280008491512    0.43002199332466   -0.05056230817435  
  0.140000    0.27070442970077   -1.84378034615226    0.46177643842949   -0.05842055288961  
  0.150000    0.27145423404662   -1.84478328481278    0.49324052428541   -0.06679466172558  
  0.160000    0.27222528718311   -1.84579870611425    0.52439488993651   -0.07567097031645  
  0.170000    0.27301184975145   -1.84681588226024    0.55522045309706   -0.08503504887193  
  0.180000    0.27380792258400   -1.84782358451680    0.58569842661915   -0.09487173533526  
  0.190000    0.27460726596110   -1.84881011675231    0.61581033459579   -0.10516516999366  
  0.200000    0.27540341961072   -1.84976335033550    0.64553802808884   -0.11589883142600  
  0.210000    0.27618972338273   -1.85067076028218    0.67486370047319   -0.12705557366968  
  0.220000    0.27695933852779   -1.85151946253785    0.70376990239007   -0.13861766448617  
  0.230000    0.27770526950895   -1.85229625227996    0.73223955630415   -0.15056682460257  
  0.240000    0.27842038627269   -1.85298764312098    0.76025597066037   -0.16288426780539  
  0.250000    0.27909744690472   -1.85357990709096    0.78780285363835   -0.17555074176189  
  0.260000    0.27972912059514   -1.85405911527619    0.81486432650296   -0.18854656944402  
  0.270000    0.28030801083688   -1.85441117898937    0.84142493655150   -0.20185169103047  
  0.280000    0.28082667878072   -1.85462189134517    0.86746966965842   -0.21544570616315  
  0.290000    0.28127766667058   -1.85467696911470    0.89298396242000   -0.22930791643577  
  0.300000    0.28165352128250   -1.85456209473198    0.91795371390168   -0.24341736799422  
  0.310000    0.28194681729160   -1.85426295832580    0.94236529699176   -0.25775289413058  
  0.320000    0.28215018049172   -1.85376529965078    0.96620556936541   -0.27229315775575  
  0.330000    0.28225631079380   -1.85305494979271    0.98946188406311   -0.28701669363849  
  0.340000    0.28225800493007   -1.85211787252438    1.01212209968798   -0.30190195030271  
  0.350000    0.28214817879277   -1.85094020519018    1.03417459022607   -0.31692733147859  
  0.360000    0.28191988933795   -1.84950829899993    1.05560825449353   -0.33207123700735  
  0.370000    0.28156635598677   -1.84780875861480    1.07641252521404   -0.34731210310432  
  0.380000    0.28108098145916   -1.84582848091148    1.09657737772922   -0.36262844188961  
  0.390000    0.28045737197685   -1.84355469281384    1.11609333834386   -0.37799888010067  
  0.400000    0.27968935677584   -1.84097498808516    1.13495149230695   -0.39340219690651  
  0.410000    0.27877100687079   -1.83807736297782    1.15314349142797   -0.40881736074848  
  0.420000    0.27769665301712   -1.83485025064195    1.17066156132716   -0.42422356513793  
  0.430000    0.27646090281971   -1.83128255419876    1.18749850831642   -0.43960026334689  
  0.440000    0.27505865694035   -1.82736367838954    1.20364772590645   -0.45492720193308  
  0.450000    0.27348512435951   -1.82308355971613    1.21910320093373   -0.47018445304638  
  0.460000    0.27173583665185   -1.81843269499424    1.23385951929947   -0.48535244546933  
  0.470000    0.26980666123813   -1.81340216824636    1.24791187131072   -0.50041199434950  
  0.480000    0.26769381358027   -1.80798367586709    1.26125605661197   -0.51534432958715  
  0.490000    0.26539386829014   -1.80216954999919    1.27388848869390   -0.53013112284667  
  0.500000    0.26290376912614   -1.79595278006522    1.28580619896390   -0.54475451316535  
  0.510000    0.26022083785632   -1.78932703240539    1.29700684036131   -0.55919713113787  
  0.520000    0.25734278196978   -1.78228666797898    1.30748869049843   -0.57344212165985  
  0.530000    0.25426770122308   -1.77482675809256    1.31725065430677   -0.58747316521776  
  0.540000    0.25099409301138   -1.76694309812524    1.32629226616637   -0.60127449771737  
  0.550000    0.24752085655885   -1.75863221922707    1.33461369149451   -0.61483092884638  
  0.560000    0.24384729592607   -1.74989139797369    1.34221572776885   -0.62812785897102  
  0.570000    0.23997312183659   -1.74071866396641    1.34909980495876   -0.64115129456969  
  0.580000    0.23589845232818   -1.73111280537354    1.35526798533782   -0.65388786221006  
  0.590000    0.23162381223847   -1.72107337241507    1.36072296264931   -0.66632482107911  
  0.600000    0.22715013153782   -1.71060067879915    1.36546806059639   -0.67845007407814  
  0.610000    0.22247874252645   -1.69969580112485    1.36950723062799   -0.69025217749751  
  0.620000    0.21761137591571   -1.68836057627204    1.37284504899138   -0.70172034928790  
  0.630000    0.21255015581715   -1.67659759680490    1.37548671302289   -0.71284447594705  
  0.640000    0.20729759366610   -1.66441020442141    1.37743803664815   -0.72361511804263  
  0.650000    0.20185658110945   -1.65180248148698    1.37870544506453   -0.73402351439351  
  0.660000    0.19623038189056   -1.63877924069547    1.37929596857912   -0.74406158493300  
  0.670000    0.19042262276666   -1.62534601290627    1.37921723557694   -0.75372193227893  
  0.680000    0.18443728349708   -1.61150903321118    1.37847746459591   -0.76299784203635  
  0.690000    0.17827868594282   -1.59727522528929    1.37708545548683   -0.77188328185956  
  0.700000    0.17195148232052   -1.58265218411291    1.37505057963877   -0.78037289930095  
  0.710000    0.16546064265581   -1.56764815707161    1.37238276925307   -0.78846201847466  
  0.720000    0.15881144148318   -1.55227202358550    1.36909250565146   -0.79614663556364  
  0.730000    0.15200944384111   -1.53653327328265    1.36519080660742   -0.80342341319934  
  0.740000    0.14506049061287   -1.52044198281882    1.36068921269252   -0.81028967374330  
  0.750000    0.13797068326474   -1.50400879142093    1.35559977263367   -0.81674339150055  
  0.760000    0.13074636803477   -1.48724487523850    1.34993502768056   -0.82278318389520  
  0.770000    0.12339411962597   -1.47016192058959    1.34370799498647   -0.82840830163841  
  0.780000    0.11592072445891   -1.45277209619045    1.33693215001024   -0.83361861791999  
  0.790000    0.10833316353921   -1.43508802445944    1.32962140795084   -0.83841461665472  
  0.800000    0.10063859499582   -1.41712275198763    1.32179010423092   -0.84279737981525  
  0.810000    0.09284433634652   -1.39888971926994    1.31345297404995   -0.84676857388362  
  0.820000    0.08495784654676   -1.38040272979113    1.30462513103224   -0.85033043545434  
  0.830000    0.07698670787828   -1.36167591856201    1.29532204499982   -0.85348575602224  
  0.840000    0.06893860773341   -1.34272372020142    1.28555951890464   -0.85623786598920  
  0.850000    0.06082132035053   -1.32356083665948    1.27535366495947   -0.85859061792452  
  0.860000    0.05264268855579   -1.30420220467740    1.26472088001112   -0.86054836911455  
  0.870000    0.04441060556499   -1.28466296307852    1.25367782020442   -0.86211596343818  
  0.880000    0.03613299689905   -1.26495841998435    1.24224137498947   -0.86329871260565  
  0.890000    0.02781780246501   -1.24510402004823    1.23042864052923   -0.86410237679926  
  0.900000    0.01947295885343   -1.22511531179790    1.21825689256837   -0.86453314475583  
  0.910000    0.01110638190177   -1.20500791517623    1.20574355882814   -0.86459761333156  
  0.920000    0.00272594957143   -1.18479748936779    1.19290619099583   -0.86430276659165  
  0.930000   -0.00566051481511   -1.16449970099648    1.17976243638047   -0.86365595446790  
  0.940000   -0.01404525893272   -1.14413019277702    1.16633000930971   -0.86266487102893  
  0.950000   -0.02242061736502   -1.12370455270042    1.15262666234540   -0.86133753240907  
  0.960000   -0.03077902702832   -1.10323828383076    1.13867015739786   -0.85968225444302  
  0.970000   -0.03911304206964   -1.08274677478729    1.12447823682081   -0.85770763005469  
  0.980000   -0.04741534820279   -1.06224527098279    1.11006859457059   -0.85542250645005  
  0.990000   -0.05567877644856   -1.04174884668562    1.09545884751455   -0.85283596216462  
  1.000000   -0.06389631624766   -1.02127237796904    1.08066650697424   -0.84995728401740  
  1.010000   -0.07206112791746   -1.00083051660811    1.06570895058970   -0.84679594402430  
  1.020000   -0.08016655442612   -0.98043766497992    1.05060339459055   -0.84336157632441  
  1.030000   -0.08820613246013   -0.96010795201950    1.03536686655983   -0.83966395417367  
  1.040000   -0.09617360276438   -0.93985521027927    1.02001617877500   -0.83571296706066  
  1.050000   -0.10406291973585   -0.91969295413575    1.00456790220947   -0.83151859800002  
  1.060000   -0.11186826025546   -0.89963435918305    0.98903834127614   -0.82709090105862  
  1.070000   -0.11958403174474   -0.87969224284828    0.97344350939213   -0.82243997917027  
  1.080000   -0.12720487943707   -0.85987904625956    0.95779910544134   -0.81757596229387  
  1.090000   -0.13472569285591   -0.84020681739316    0.94212049120816   -0.81250898597008  
  1.100000   -0.14214161149503   -0.82068719552139    0.92642266985246   -0.80724917033018  
  1.110000   -0.14944802969868   -0.80133139697914    0.91072026549184   -0.80180659961064  
  1.120000   -0.15664060074211   -0.78215020226183    0.89502750395299   -0.79619130222496  
  1.130000   -0.16371524011580   -0.76315394446385    0.87935819474953   -0.79041323144355  
  1.140000   -0.17066812801894   -0.74435249906161    0.86372571433861   -0.78448224673017  
  1.150000   -0.17749571107083   -0.72575527504171    0.84814299070342   -0.77840809578186  
  1.160000   -0.18419470325082   -0.70737120736990    0.83262248930352   -0.77220039731681  
  1.170000   -0.19076208608021   -0.68920875079308    0.81717620042883   -0.76586862465236  
  1.180000   -0.19719510806186   -0.67127587496188    0.80181562798761   -0.75942209011234  
  1.190000   -0.20349128339526   -0.65358006085819    0.78655177975251   -0.75286993030029  
  1.200000   -0.20964838998749   -0.63612829850759    0.77139515908265   -0.74622109227160  
  1.210000   -0.21566446678203   -0.61892708595358    0.75635575813355   -0.73948432063449  
  1.220000   -0.22153781042983   -0.60198242946651    0.74144305256011   -0.73266814560602  
  1.230000   -0.22726697132867   -0.58529984495722    0.72666599771192   -0.72578087204555  
  1.240000   -0.23285074905865   -0.56888436056197    0.71203302631349   -0.71883056948422  
  1.250000   -0.23828818724334   -0.55274052036226    0.69755204761598   -0.71182506316490  
  1.260000   -0.24357856786755   -0.53687238920046    0.68323044800066   -0.70477192610293  
  1.270000   -0.24872140508398   -0.52128355854948    0.66907509300843   -0.69767847217369  
  1.280000   -0.25371643854253   -0.50597715339217    0.65509233076378   -0.69055175022878  
  1.290000   -0.25856362627669   -0.49095584006411    0.64128799675587   -0.68339853923818  
  1.300000   -0.26326313718280   -0.47622183501124    0.62766741993400   -0.67622534445134  
  1.310000   -0.26781534312837   -0.46177691441207    0.61423543006950   -0.66903839456615  
  1.320000   -0.27222081072670   -0.44762242461249    0.60099636633120   -0.66184363988986  
  1.330000   -0.27648029281500   -0.43375929331996    0.58795408701704   -0.65464675147245  
  1.340000   -0.28059471967414   -0.42018804150257    0.57511198038009   -0.64745312118847  
  1.350000   -0.28456519002777   -0.40690879593739    0.56247297648341   -0.64026786273933  
  1.360000   -0.28839296185890   -0.39392130235208    0.55003956001472   -0.63309581354462  
  1.370000   -0.29207944308182   -0.38122493910289    0.53781378398853   -0.62594153748701  
  1.380000   -0.29562618210696   -0.36881873133204    0.52579728426107   -0.61880932847196  
  1.390000   -0.29903485833565   -0.35670136554722    0.51399129478070   -0.61170321476049  
  1.400000   -0.30230727262151   -0.34487120456626    0.50239666349499   -0.60462696403009  
  1.410000   -0.30544533773424   -0.33332630277007    0.49101386883398   -0.59758408911627  
  1.420000   -0.30845106886056   -0.32206442160758    0.47984303668854   -0.59057785438496  
  1.430000   -0.31132657417650   -0.31108304529722    0.46888395780199   -0.58361128268382  
  1.440000   -0.31407404552366   -0.30037939667000    0.45813610549319   -0.57668716281892  
  1.450000   -0.31669574922090   -0.28995045310080    0.44759865362980   -0.56980805750160  
  1.460000   -0.31919401704190   -0.27979296247528    0.43727049477105   -0.56297631170959  
  1.470000   -0.32157123738691   -0.26990345914148    0.42715025840092   -0.55619406140553  
  1.480000   -0.32382984667604   -0.26027827979667    0.41723632917390   -0.54946324255574  
  1.490000   -0.32597232098938   -0.25091357926169    0.40752686509790   -0.54278560039205  
  1.500000   -0.32800116797760   -0.24180534609691    0.39801981558110   -0.53616269885998  
  1.510000   -0.32991891906487   -0.23294941801586    0.38871293927239   -0.52959593019698  
  1.520000   -0.33172812196403   -0.22434149705475    0.37960382162810   -0.52308652458576  
  1.530000   -0.33343133352185   -0.21597716445823    0.37068989214121   -0.51663555982893  
  1.540000   -0.33503111291049   -0.20785189524410    0.36196844117278   -0.51024397099276  
  1.550000   -0.33653001517890   -0.19996107241196    0.35343663632946   -0.50391255997002  
  1.560000   -0.33793058517620   -0.19230000076341    0.34509153833497   -0.49764200491404  
  1.570000   -0.33923535185656   -0.18486392030366    0.33693011634769   -0.49143286949858  
  1.580000   -0.34044682297357   -0.17764801919743    0.32894926268139   -0.48528561196083  
  1.590000   -0.34156748016945   -0.17064744625401    0.32114580689027   -0.47920059388808  
  1.600000   -0.34259977446284   -0.16385732291954    0.31351652918459   -0.47317808871147  
  1.610000   -0.34354612213663   -0.15727275475695    0.30605817314777   -0.46721828987362  
  1.620000   -0.34440890102544   -0.15088884239663    0.29876745773083   -0.46132131864077  
  1.630000   -0.34519044720025   -0.14470069194360    0.29164108850469   -0.45548723153301  
  1.640000   -0.34589305204610   -0.13870342482966    0.28467576815581   -0.44971602735059  
  1.650000   -0.34651895972656   -0.13289218710146    0.27786820621527   -0.44400765377747  
  1.660000   -0.34707036502728   -0.12726215813793    0.27121512801626   -0.43836201354730  
  1.670000   -0.34754941156919   -0.12180855879328    0.26471328287920   -0.43277897016083  
  1.680000   -0.34795819038013   -0.11652665896385    0.25835945152826   -0.42725835314730  
  1.690000   -0.34829873881259   -0.11141178457984    0.25215045274748   -0.42179996286619  
  1.700000   -0.34857303979362   -0.10645932402483    0.24608314928821   -0.41640357484934  
  1.710000   -0.34878302139178   -0.10166473398858    0.24015445304404   -0.41106894368673  
  1.720000   -0.34893055668498   -0.09702354476044    0.23436132951249   -0.40579580646273  
  1.730000   -0.34901746391194   -0.09253136497283    0.22870080156630   -0.40058388575294  
  1.740000   -0.34904550688907   -0.08818388580605    0.22316995256021   -0.39543289219427  
  1.750000   -0.34901639567403   -0.08397688466757    0.21776592880197   -0.39034252664436  
  1.760000   -0.34893178745641   -0.07990622836047    0.21248594141858   -0.38531248194850  
  1.770000   -0.34879328765545   -0.07596787575732    0.20732726765137   -0.38034244433476  
  1.780000   -0.34860245120470   -0.07215787999718    0.20228725161502   -0.37543209446027  
  1.790000   -0.34836078400271   -0.06847239022458    0.19736330455754   -0.37058110813309  
  1.800000   -0.34806974450940   -0.06490765289061    0.19255290465923   -0.36578915673607  
  1.810000   -0.34773074546718   -0.06146001263705    0.18785359640998   -0.36105590737995  
  1.820000   -0.34734515572658   -0.05812591278564    0.18326298960441   -0.35638102281445  
  1.830000   -0.34691430215601   -0.05490189545488    0.17877875799529   -0.35176416112630  
  1.840000   -0.34643947161589   -0.05178460132771    0.17439863764529   -0.34720497525406  
  1.850000   -0.34592191297788   -0.04877076909368    0.17012042501706   -0.34270311234931  
  1.860000   -0.34536283917054   -0.04585723458952    0.16594197484134   -0.33825821301411  
  1.870000   -0.34476342923334   -0.04304092966233    0.16186119780154   -0.33386991044375  
  1.880000   -0.34412483036198   -0.04031888077952    0.15787605807278   -0.32953782950367  
  1.890000   -0.34344815992885   -0.03768820740957    0.15398457075181   -0.32526158576813  
  1.900000   -0.34273450746307   -0.03514612019762    0.15018479921275   -0.32104078454728  
  1.910000   -0.34198493657627   -0.03268991895948    0.14647485242218   -0.31687501992801  
  1.920000   -0.34120048682072   -0.03031699051711    0.14285288224508   -0.31276387385215  
  1.930000   -0.34038217546803   -0.02802480639848    0.13931708077109   -0.30870691525430  
  1.940000   -0.33953099919763   -0.02581092042362    0.13586567768872   -0.30470369927917  
  1.950000   -0.33864793568561   -0.02367296619831    0.13249693773250   -0.30075376659692  
  1.960000   -0.33773394508573   -0.02160865453594    0.12920915822606   -0.29685664283225  
  1.970000   -0.33678997139557   -0.01961577082720    0.12600066674154   -0.29301183812129  
  1.980000   -0.33581694370241   -0.01769217237621    0.12286981889331   -0.28921884680767  
  1.990000   -0.33481577730432   -0.01583578572105    0.11981499628149   -0.28547714728717  
  2.000000   -0.33378737470362   -0.01404460395509    0.11683460459833   -0.28178620200769  
  2.010000   -0.33273262647074   -0.01231668406489    0.11392707190784   -0.27814545762922  
  2.020000   -0.33165241197812   -0.01065014429892    0.11109084710682   -0.27455434534583  
  2.030000   -0.33054760000461   -0.00904316158053    0.10832439857289   -0.27101228136990  
  2.040000   -0.32941904921245   -0.00749396897712    0.10562621300283   -0.26751866757614  
  2.050000   -0.32826760849937   -0.00600085323646    0.10299479444229   -0.26407289230105  
  2.060000   -0.32709411723005   -0.00456215239970    0.10042866350572   -0.26067433129163  
  2.070000   -0.32589940535174   -0.00317625349976    0.09792635678347   -0.25732234879484  
  2.080000   -0.32468429339973   -0.00184159035211    0.09548642643090   -0.25401629877804  
  2.090000   -0.32344959239945   -0.00055664144420    0.09310743993277   -0.25075552626865  
  2.100000   -0.32219610367251    0.00068007207154    0.09078798003435   -0.24753936880027  
  2.110000   -0.32092461855466    0.00186998827742    0.08852664482946   -0.24436715795081  
  2.120000   -0.31963591803418    0.00301450628006    0.08632204799412   -0.24123822095748  
  2.130000   -0.31833077232000    0.00411498788823    0.08417281915353   -0.23815188239256  
  2.140000   -0.31700994034864    0.00517275917824    0.08207760436899   -0.23510746588312  
  2.150000   -0.31567416923992    0.00618911194719    0.08003506673074   -0.23210429585737  
  2.160000   -0.31432419371131    0.00716530505515    0.07804388704203   -0.22914169930049  
  2.170000   -0.31296073546086    0.00810256565835    0.07610276457915   -0.22621900750205  
  2.180000   -0.31158450252871    0.00900209033621    0.07421041791219   -0.22333555777793  
  2.190000   -0.31019618864731    0.00986504611541    0.07236558577095   -0.22049069514964  
  2.200000   -0.30879647258983    0.01069257139552    0.07056702794049   -0.21768377396465  
  2.210000   -0.30738601752648    0.01148577678047    0.06881352617133   -0.21491415944177  
  2.220000   -0.30596547039790    0.01224574582132    0.06710388508923   -0.21218122912703  
  2.230000   -0.30453546131431    0.01297353567585    0.06543693309040   -0.20948437424591  
  2.240000   -0.30309660298878    0.01367017769095    0.06381152320836   -0.20682300093940  
  2.250000   -0.30164949021240    0.01433667791398    0.06222653393962   -0.20419653137260  
  2.260000   -0.30019469937844    0.01497401753978    0.06068087001597   -0.20160440470573  
  2.270000   -0.29873278806209    0.01558315329983    0.05917346311250   -0.19904607791921  
  2.280000   -0.29726429466154    0.01616501780021    0.05770327248116   -0.19652102648599  
  2.290000   -0.29578973810551    0.01672051981534    0.05626928550087   -0.19402874488585  
  2.300000   -0.29430961763143    0.01725054454396    0.05487051813668   -0.19156874695814  
  2.310000   -0.29282441263802    0.01775595383407    0.05350601530114   -0.18914056609115  
  2.320000   -0.29133458261472    0.01823758638330    0.05217485111281   -0.18674375524806  
  2.330000   -0.28984056715003    0.01869625792094    0.05087612904770   -0.18437788683094  
  2.340000   -0.28834278601979    0.01913276137758    0.04960898198104   -0.18204255238612  
  2.350000   -0.28684163935563    0.01954786704817    0.04837257211779   -0.17973736215575  
  2.360000   -0.28533750789315    0.01994232275377    0.04716609081160   -0.17746194448206  
  2.370000   -0.28383075329837    0.02031685400712    0.04598875827319   -0.17521594507203  
  2.380000   -0.28232171857045    0.02067216418646    0.04483982317036   -0.17299902613186  
  2.390000   -0.28081072851798    0.02100893472205    0.04371856212261   -0.17081086538169  
  2.400000   -0.27929809030514    0.02132782529888    0.04262427909485   -0.16865115496218  
  2.410000   -0.27778409406381    0.02162947407903    0.04155630469535   -0.16651960024574  
  2.420000   -0.27626901356679    0.02191449794641    0.04051399538404   -0.16441591856574  
  2.430000   -0.27475310695694    0.02218349277632    0.03949673259815   -0.16233983787811  
  2.440000   -0.27323661752651    0.02243703373157    0.03850392180287   -0.16029109537000  
  2.450000   -0.27171977454044    0.02267567558668    0.03753499147517   -0.15826943603080  
  2.460000   -0.27020279409721    0.02289995308099    0.03658939202987   -0.15627461120082  
  2.470000   -0.26868588002032    0.02311038130120    0.03566659469689   -0.15430637711335  
  2.480000   -0.26716922477354    0.02330745609333    0.03476609035938   -0.15236449344525  
  2.490000   -0.26565301039258    0.02349165450374    0.03388738836252   -0.15044872189151  
  2.500000   -0.26413740942603    0.02366343524829    0.03303001530273   -0.14855882477834  
  2.510000   -0.26262258587820    0.02382323920860    0.03219351380730   -0.14669456372915  
  2.520000   -0.26110869614676    0.02397148995379    0.03137744131408   -0.14485569839685  
  2.530000   -0.25959588994791    0.02410859428571    0.03058136886093   -0.14304198527518  
  2.540000   -0.25808431122221    0.02423494280576    0.02980487989418   -0.14125317660081  
  2.550000   -0.25657409901451    0.02435091050064    0.02904756910504   -0.13948901935685  
  2.560000   -0.25506538832135    0.02445685734443    0.02830904130243   -0.13774925438724  
  2.570000   -0.25355831090003    0.02455312891426    0.02758891033028   -0.13603361563027  
  2.580000   -0.25205299603363    0.02464005701641    0.02688679803645   -0.13434182947811  
  2.590000   -0.25054957124686    0.02471796031985    0.02620233330024   -0.13267361426778  
  2.600000   -0.24904816296806    0.02478714499391    0.02553515112434   -0.13102867990768  
  2.610000   -0.24754889713328    0.02484790534695    0.02488489179645   -0.12940672764226  
  2.620000   -0.24605189972883    0.02490052446257    0.02425120012511   -0.12780744995581  
  2.630000   -0.24455729726945    0.02494527483039    0.02363372475343   -0.12623053061512  
  2.640000   -0.24306521720965    0.02498241896790    0.02303211755334   -0.12467564484908  
  2.650000   -0.24157578828664    0.02501221003060    0.02244603310261   -0.12314245966187  
  2.660000   -0.24008914079363    0.02503489240713    0.02187512824552   -0.12163063427522  
  2.670000   -0.23860540678329    0.02505070229685    0.02131906173767   -0.12013982069354  
  2.680000   -0.23712472020137    0.02505986826694    0.02077749397429   -0.11866966438480  
  2.690000   -0.23564721695149    0.02506261178674    0.02025008680079   -0.11721980506866  
  2.700000   -0.23417303489249    0.02505914773697    0.01973650340343   -0.11578987760238  
  2.710000   -0.23270231377039    0.02504968489186    0.01923640827730   -0.11437951295400  
  2.720000   -0.23123519508765    0.02503442637235    0.01874946726820   -0.11298833925163  
  2.730000   -0.22977182191278    0.02501357006892    0.01827534768412   -0.11161598289656  
  2.740000   -0.22831233863410    0.02498730903276    0.01781371847172   -0.11026206972791  
  2.750000   -0.22685689066166    0.02495583183432    0.01736425045263   -0.10892622622551  
  2.760000   -0.22540562408198    0.02491932288866    0.01692661661373   -0.10760808073772  
  2.770000   -0.22395868527041    0.02487796274698    0.01650049244547   -0.10630726472067  
  2.780000   -0.22251622046648    0.02483192835455    0.01608555632174   -0.10502341397537  
  2.790000   -0.22107837531763    0.02478139327484    0.01568148991471   -0.10375616986916  
  2.800000   -0.21964529439717    0.02472652788066    0.01528797863786   -0.10250518052845  
  2.810000   -0.21821712070232    0.02466749951272    0.01490471211006   -0.10127010198978  
  2.820000   -0.21679399513822    0.02460447260673    0.01453138463405   -0.10005059929707  
  2.830000   -0.21537605599419    0.02453760879023    0.01416769568220   -0.09884634753341  
  2.840000   -0.21396343841804    0.02446706695052    0.01381335038269   -0.09765703277645  
  2.850000   -0.21255627389451    0.02439300327535    0.01346805999973   -0.09648235296756  
  2.860000   -0.21115468973370    0.02431557126816    0.01313154240112   -0.09532201868554  
  2.870000   -0.20975880857514    0.02423492173988    0.01280352250727   -0.09417575381716  
  2.880000   -0.20836874791285    0.02415120277943    0.01248373271572   -0.09304329611757  
  2.890000   -0.20698461964681    0.02406455970508    0.01217191329607   -0.09192439765495  
  2.900000   -0.20560652966537    0.02397513499914    0.01186781275012   -0.09081882513514  
  2.910000   -0.20423457746337    0.02388306822826    0.01157118813306   -0.08972636010310  
  2.920000   -0.20286885579985    0.02378849595193    0.01128180533162   -0.08864679901942  
  2.930000   -0.20150945039914    0.02369155162160    0.01099943929599   -0.08757995321147  
  2.940000   -0.20015643969846    0.02359236547298    0.01072387422263   -0.08652564870002  
  2.950000   -0.19880989464467    0.02349106441387    0.01045490368588   -0.08548372590354  
  2.960000   -0.19746987854245    0.02338777191016    0.01019233071667   -0.08445403922357  
  2.970000   -0.19613644695551    0.02328260787217    0.00993596782750   -0.08343645651578  
  2.980000   -0.19480964766193    0.02317568854367    0.00968563698325   -0.08243085845268  
  2.990000   -0.19348952066421    0.02306712639586    0.00944116951800   -0.08143713778473  
  3.000000   -0.19217609825412    0.02295703002820    0.00920240599874   -0.08045519850791  
  3.010000   -0.19086940513171    0.02284550407807    0.00896919603724   -0.07948495494656  
  3.020000   -0.18956945857756    0.02273264914104    0.00874139805206   -0.07852633076123  
  3.030000   -0.18827626867663    0.02261856170333    0.00851887898310   -0.07757925789190  
  3.040000   -0.18698983859173    0.02250333408774    0.00830151396138   -0.07664367544776  
  3.050000   -0.18571016488399    0.02238705441447    0.00808918593767   -0.07571952855485  
  3.060000   -0.18443723787751    0.02226980657762    0.00788178527330   -0.07480676717371  
  3.070000   -0.18317104206458    0.02215167023835    0.00767920929749   -0.07390534489906  
  3.080000   -0.18191155654800    0.02203272083528    0.00748136183529   -0.07301521775371  
  3.090000   -0.18065875551620    0.02191302961231    0.00728815271089   -0.07213634298919  
  3.100000   -0.17941260874684    0.02179266366446    0.00709949723089   -0.07126867790495  
  3.110000   -0.17817308213427    0.02167168600124    0.00691531565264   -0.07041217869814  
  3.120000   -0.17694013823603    0.02155015562771    0.00673553264240   -0.06956679935543  
  3.130000   -0.17571373683329    0.02142812764259    0.00656007672860   -0.06873249059776  
  3.140000   -0.17449383550032    0.02130565335295    0.00638887975506   -0.06790919888843  
  3.150000   -0.17328039017759    0.02118278040456    0.00622187633908   -0.06709686551415  
  3.160000   -0.17207335574353    0.02105955292716    0.00605900333941   -0.06629542574786  
  3.170000   -0.17087268657975    0.02093601169340    0.00590019933855   -0.06550480810123  
  3.180000   -0.16967833712466    0.02081219429021    0.00574540414395   -0.06472493367382  
  3.190000   -0.16849026241063    0.02068813530143    0.00559455831229   -0.06395571560477  
  3.200000   -0.16730841857997    0.02056386649998    0.00544760270065   -0.06319705863180  
  3.210000   -0.16613276337522    0.02043941704829    0.00530447804830   -0.06244885876120  
  3.220000   -0.16496325659958    0.02031481370510    0.00516512459213   -0.06171100305134  
  3.230000   -0.16379986054351    0.02019008103721    0.00502948171870   -0.06098336951087  
  3.240000   -0.16264254037400    0.02006524163425    0.00489748765526   -0.06026582711186  
  3.250000   -0.16149126448326    0.01994031632488    0.00476907920172   -0.05955823591662  
  3.260000   -0.16034600479403    0.01981532439260    0.00464419150508   -0.05886044731607  
  3.270000   -0.15920673701926    0.01969028378952    0.00452275787757   -0.05817230437609  
  3.280000   -0.15807344087409    0.01956521134634    0.00440470965891   -0.05749364228752  
  3.290000   -0.15694610023875    0.01944012297693    0.00428997612307   -0.05682428891406  
  3.300000   -0.15582470327148    0.01931503387601    0.00417848442915   -0.05616406543158  
  3.310000   -0.15470924247074    0.01918995870831    0.00407015961576   -0.05551278705145  
  3.320000   -0.15359971468696    0.01906491178794    0.00396492463770   -0.05487026381948  
  3.330000   -0.15249612108410    0.01893990724658    0.00386270044348   -0.05423630148150  
  3.340000   -0.15139846705201    0.01881495918946    0.00376340609168   -0.05361070240592  
  3.350000   -0.15030676207094    0.01869008183795    0.00366695890395   -0.05299326655302  
  3.360000   -0.14922101953019    0.01856528965796    0.00357327465204   -0.05238379248038  
  3.370000   -0.14814125650285    0.01844059747335    0.00348226777582   -0.05178207837350  
  3.380000   -0.14706749347962    0.01831602056376    0.00339385162935   -0.05118792309041  
  3.390000   -0.14599975406449    0.01819157474645    0.00330793875140   -0.05060112720916  
  3.400000   -0.14493806463577    0.01806727644177    0.00322444115692   -0.05002149406686  
  3.410000   -0.14388245397614    0.01794314272223    0.00314327064571   -0.04944883077936  
  3.420000   -0.14283295287552    0.01781919134515    0.00306433912442   -0.04888294923072  
  3.430000   -0.14178959371121    0.01769544076904    0.00298755893804   -0.04832366702214  
  3.440000   -0.14075241000934    0.01757191015407    0.00291284320673   -0.04777080837032  
  3.450000   -0.13972143599244    0.01744861934722    0.00284010616437   -0.04722420494609  
  3.460000   -0.13869670611746    0.01732558885245    0.00276926349462   -0.04668369664454  
  3.470000   -0.13767825460918    0.01720283978698    0.00270023266094   -0.04614913227876  
  3.480000   -0.13666611499348    0.01708039382431    0.00263293322676   -0.04562037019019  
  3.490000   -0.13566031963526    0.01695827312506    0.00256728716239   -0.04509727876946  
  3.500000   -0.13466089928548    0.01683650025671    0.00250321913531   -0.04457973688243  
  3.510000   -0.13366788264189    0.01671509810345    0.00244065678080   -0.04406763419742  
  3.520000   -0.13268129592769    0.01659408976735    0.00237953095004   -0.04356087141044  
  3.530000   -0.13170116249218    0.01647349846215    0.00231977593324   -0.04305936036641  
  3.540000   -0.13072750243730    0.01635334740114    0.00226132965544   -0.04256302407551  
  3.550000   -0.12976033227372    0.01623365968045    0.00220413384315   -0.04207179662471  
  3.560000   -0.12879966460953    0.01611445815918    0.00214813416023   -0.04158562298590  
  3.570000   -0.12784550787482    0.01599576533789    0.00209328031169   -0.04110445872290  
  3.580000   -0.12689786608430    0.01587760323675    0.00203952611475   -0.04062826960065  
  3.590000   -0.12595673864055    0.01575999327488    0.00198682953634   -0.04015703110118  
  3.600000   -0.12502212017946    0.01564295615216    0.00193515269708   -0.03969072785144  
  3.610000   -0.12409400045921    0.01552651173494    0.00188446184194   -0.03922935296945  
  3.620000   -0.12317236429391    0.01541067894679    0.00183472727789   -0.03877290733578  
  3.630000   -0.12225719153220    0.01529547566558    0.00178592327974   -0.03832139879797  
  3.640000   -0.12134845708102    0.01518091862797    0.00173802796504   -0.03787484131667  
  3.650000   -0.12044613097402    0.01506702334233    0.00169102313978   -0.03743325406229  
  3.660000   -0.11955017848401    0.01495380401104    0.00164489411653   -0.03699666047173  
  3.670000   -0.11866056027798    0.01484127346289    0.00159962950716   -0.03656508727509  
  3.680000   -0.11777723261328    0.01472944309642    0.00155522099232   -0.03613856350251  
  3.690000   -0.11690014757271    0.01461832283459    0.00151166307028   -0.03571711948134  
  3.700000   -0.11602925333632    0.01450792109141    0.00146895278779   -0.03530078583417  
  3.710000   -0.11516449448705    0.01439824475074    0.00142708945569   -0.03488959248775  
  3.720000   -0.11430581234722    0.01428929915744    0.00138607435238   -0.03448356770326  
  3.730000   -0.11345314534247    0.01418108812105    0.00134591041807   -0.03408273713744  
  3.740000   -0.11260642938962    0.01407361393171    0.00130660194293   -0.03368712294440  
  3.750000   -0.11176559830463    0.01396687738841    0.00126815425239   -0.03329674292686  
  3.760000   -0.11093058422660    0.01386087783900    0.00123057339244   -0.03291160974548  
  3.770000   -0.11010131805378    0.01375561323165    0.00119386581830   -0.03253173019404  
  3.780000   -0.10927772988736    0.01365108017719    0.00115803808928   -0.03215710454752  
  3.790000   -0.10845974947864    0.01354727402165    0.00112309657272   -0.03178772598949  
  3.800000   -0.10764730667551    0.01344418892828    0.00108904715997   -0.03142358012418  
  3.810000   -0.10684033186371    0.01334181796813    0.00105589499672   -0.03106464457788  
  3.820000   -0.10603875639885    0.01324015321843    0.00102364423047   -0.03071088869312  
  3.830000   -0.10524251302506    0.01313918586755    0.00099229777707   -0.03036227331846  
  3.840000   -0.10445153627624    0.01303890632565    0.00096185710847   -0.03001875069525  
  3.850000   -0.10366576285629    0.01293930433992    0.00093232206347   -0.02968026444225  
  3.860000   -0.10288513199457    0.01284036911316    0.00090369068291   -0.02934674963738  
  3.870000   -0.10210958577353    0.01274208942463    0.00087595907055   -0.02901813299544  
  3.880000   -0.10133906942529    0.01264445375197    0.00084912128065   -0.02869433313918  
  3.890000   -0.10057353159463    0.01254745039305    0.00082316923286   -0.02837526096046  
  3.900000   -0.09981292456589    0.01245106758653    0.00079809265489   -0.02806082006717  
  3.910000   -0.09905720445191    0.01235529362999    0.00077387905293   -0.02775090731067  
  3.920000   -0.09830633134323    0.01226011699460    0.00075051370978   -0.02744541338786  
  3.930000   -0.09756026941642    0.01216552643520    0.00072797971017   -0.02714422351109  
  3.940000   -0.09681898700069    0.01207151109481    0.00070625799249   -0.02684721813855  
  3.950000   -0.09608245660225    0.01197806060262    0.00068532742601   -0.02655427375701  
  3.960000   -0.09535065488651    0.01188516516459    0.00066516491230   -0.02626526370860  
  3.970000   -0.09462356261839    0.01179281564590    0.00064574550937   -0.02598005905250  
  3.980000   -0.09390116456168    0.01170100364453    0.00062704257692   -0.02569852945243  
  3.990000   -0.09318344933840    0.01160972155534    0.00060902794073   -0.02542054408044  
  4.000000   -0.09247040924993    0.01151896262424    0.00059167207422   -0.02514597252728  
  4.010000   -0.09176204006179    0.01142872099194    0.00057494429486   -0.02487468570990  
  4.020000   -0.09105834075417    0.01133899172707    0.00055881297335   -0.02460655676646  
  4.030000   -0.09035931324108    0.01124977084842    0.00054324575285   -0.02434146192937  
  4.040000   -0.08966496206073    0.01116105533631    0.00052820977600   -0.02407928136744  
  4.050000   -0.08897529404053    0.01107284313307    0.00051367191713   -0.02381989998829  
  4.060000   -0.08829031793994    0.01098513313277    0.00049959901703   -0.02356320819269  
  4.070000   -0.08761004407479    0.01089792516049    0.00048595811787   -0.02330910257325  
  4.080000   -0.08693448392691    0.01081121994141    0.00047271669564   -0.02305748655016  
  4.090000   -0.08626364974285    0.01072501906036    0.00045984288773   -0.02280827093761  
  4.100000   -0.08559755412579    0.01063932491204    0.00044730571324   -0.02256137443521  
  4.110000   -0.08493620962453    0.01055414064292    0.00043507528378   -0.02231672403955  
  4.120000   -0.08427962832376    0.01046947008524    0.00042312300259   -0.02207425537178  
  4.130000   -0.08362782143948    0.01038531768406    0.00041142175007   -0.02183391291818  
  4.140000   -0.08298079892373    0.01030168841808    0.00039994605384   -0.02159565018145  
  4.150000   -0.08233856908227    0.01021858771524    0.00038867224163   -0.02135942974150  
  4.160000   -0.08170113820913    0.01013602136400    0.00037757857578   -0.02112522322538  
  4.170000   -0.08106851024139    0.01005399542121    0.00036664536791   -0.02089301118702  
  4.180000   -0.08044068643775    0.00997251611771    0.00035585507279   -0.02066278289829  
  4.190000   -0.07981766508377    0.00989158976254    0.00034519236080   -0.02043453605398  
  4.200000   -0.07919944122681    0.00981122264684    0.00033464416822   -0.02020827639401  
  4.210000   -0.07858600644304    0.00973142094849    0.00032419972520   -0.01998401724703  
  4.220000   -0.07797734863889    0.00965219063843    0.00031385056124   -0.01976177900068  
  4.230000   -0.07737345188876    0.00957353738961    0.00030359048844   -0.01954158850402  
  4.240000   -0.07677429631044    0.00949546648959    0.00029341556280   -0.01932347840875  
  4.250000   -0.07617985797959    0.00941798275763    0.00028332402437   -0.01910748645628  
  4.260000   -0.07559010888385    0.00934109046710    0.00027331621680   -0.01889365471827  
  4.270000   -0.07500501691711    0.00926479327399    0.00026339448769   -0.01868202879868  
  4.280000   -0.07442454591391    0.00918909415224    0.00025356307059   -0.01847265700579  
  4.290000   -0.07384865572355    0.00911399533653    0.00024382795030   -0.01826558950289  
  4.300000   -0.07327730232317    0.00903949827305    0.00023419671304   -0.01806087744667  
  4.310000   -0.07271043796870    0.00896560357869    0.00022467838292   -0.01785857212212  
  4.320000   -0.07214801138205    0.00889231100916    0.00021528324690   -0.01765872408314  
  4.330000   -0.07158996797286    0.00881961943614    0.00020602266982   -0.01746138230759  
  4.340000   -0.07103625009243    0.00874752683374    0.00019690890177   -0.01726659337574  
  4.350000   -0.07048679731756    0.00867603027442    0.00018795487967   -0.01707440068029  
  4.360000   -0.06994154676134    0.00860512593417    0.00017917402526   -0.01688484367636  
  4.370000   -0.06940043340795    0.00853480910709    0.00017058004155   -0.01669795717879  
  4.380000   -0.06886339046824    0.00846507422899    0.00016218670990   -0.01651377071413  
  4.390000   -0.06833034975260    0.00839591490980    0.00015400768969   -0.01633230793365  
  4.400000   -0.06780124205751    0.00832732397438    0.00014605632277   -0.01615358609338  
  4.410000   -0.06727599756216    0.00825929351136    0.00013834544444   -0.01597761560626  
  4.420000   -0.06675454623111    0.00819181492926    0.00013088720299   -0.01580439967071  
  4.430000   -0.06623681821933    0.00812487901959    0.00012369288949   -0.01563393397931  
  4.440000   -0.06572274427567    0.00805847602597    0.00011677277944   -0.01546620651026  
  4.450000   -0.06521225614083    0.00799259571867    0.00011013598776   -0.01530119740335  
  4.460000   -0.06470528693614    0.00792722747383    0.00010379033856   -0.01513887892157  
  4.470000   -0.06420177153945    0.00786236035636    0.00009774225069   -0.01497921549830  
  4.480000   -0.06370164694442    0.00779798320587    0.00009199664022   -0.01482216386926  
  4.490000   -0.06320485260005    0.00773408472458    0.00008655684055   -0.01466767328759  
  4.500000   -0.06271133072701    0.00767065356640    0.00008142454081   -0.01451568581928  
  4.510000   -0.06222102660799    0.00760767842621    0.00007659974300   -0.01436613671590  
  4.520000   -0.06173388884921    0.00754514812849    0.00007208073800   -0.01421895485998  
  4.530000   -0.06124986961083    0.00748305171440    0.00006786410056   -0.01407406327859  
  4.540000   -0.06076892480391    0.00742137852633    0.00006394470313   -0.01393137971907  
  4.550000   -0.06029101425237    0.00736011828928    0.00006031574799   -0.01379081728091  
  4.560000   -0.05981610181831    0.00729926118804    0.00005696881739   -0.01365228509696  
  4.570000   -0.05934415548967    0.00723879793958    0.00005389394074   -0.01351568905647  
  4.580000   -0.05887514742951    0.00717871985986    0.00005107967810   -0.01338093256248  
  4.590000   -0.05840905398652    0.00711901892436    0.00004851321887   -0.01324791731536  
  4.600000   -0.05794585566672    0.00705968782193    0.00004618049446   -0.01311654411437  
  4.610000   -0.05748553706690    0.00700072000123    0.00004406630366   -0.01298671366851  
  4.620000   -0.05702808677036    0.00694210970944    0.00004215444922   -0.01285832740856  
  4.630000   -0.05657349720622    0.00688385202294    0.00004042788411   -0.01273128829148  
  4.640000   -0.05612176447366    0.00682594286949    0.00003886886584   -0.01260550158890  
  4.650000   -0.05567288813299    0.00676837904197    0.00003745911716   -0.01248087565162  
  4.660000   -0.05522687096556    0.00671115820336    0.00003617999132   -0.01235732264206  
  4.670000   -0.05478371870503    0.00665427888314    0.00003501264020   -0.01223475922723  
  4.680000   -0.05434343974262    0.00659774046499    0.00003393818354   -0.01211310722505  
  4.690000   -0.05390604480927    0.00654154316611    0.00003293787741   -0.01199229419750  
  4.700000   -0.05347154663788    0.00648568800836    0.00003199328022   -0.01187225398455  
  4.710000   -0.05303995960902    0.00643017678148    0.00003108641461   -0.01175292717345  
  4.720000   -0.05261129938344    0.00637501199886    0.00003019992353   -0.01163426149883  
  4.730000   -0.05218558252515    0.00632019684632    0.00002931721892   -0.01151621216954  
  4.740000   -0.05176282611866    0.00626573512451    0.00002842262155   -0.01139874211916  
  4.750000   -0.05134304738417    0.00621163118531    0.00002750149073   -0.01128182217773  
  4.760000   -0.05092626329445    0.00615788986321    0.00002654034250   -0.01116543116333  
  4.770000   -0.05051249019706    0.00610451640216    0.00002552695526   -0.01104955589264  
  4.780000   -0.05010174344572    0.00605151637866    0.00002445046191   -0.01093419111076  
  4.790000   -0.04969403704430    0.00599889562198    0.00002330142760   -0.01081933934129  
  4.800000   -0.04928938330689    0.00594666013225    0.00002207191246   -0.01070501065847  
  4.810000   -0.04888779253718    0.00589481599720    0.00002075551884   -0.01059122238399  
  4.820000   -0.04848927273041    0.00584336930855    0.00001934742262   -0.01047799871202  
  4.830000   -0.04809382930049    0.00579232607867    0.00001784438857   -0.01036537026637  
  4.840000   -0.04770146483511    0.00574169215855    0.00001624476960   -0.01025337359496  
  4.850000   -0.04731217888106    0.00569147315776    0.00001454849017   -0.01014205060670  
  4.860000   -0.04692596776186    0.00564167436720    0.00001275701418   -0.01003144795719  
  4.870000   -0.04654282442936    0.00559230068552    0.00001087329773   -0.00992161638959  
  4.880000   -0.04616273835068    0.00554335654974    0.00000890172752   -0.00981261003774  
  4.890000   -0.04578569543165    0.00549484587096    0.00000684804552   -0.00970448569902  
  4.900000   -0.04541167797727    0.00544677197553    0.00000471926094   -0.00959730208444  
  4.910000   -0.04504066468956    0.00539913755253    0.00000252355047   -0.00949111905403  
  4.920000   -0.04467263070287    0.00535194460779    0.00000027014795   -0.00938599684543  
  4.930000   -0.04430754765600    0.00530519442507   -0.00000203077532   -0.00928199530382  
  4.940000   -0.04394538380061    0.00525888753464   -0.00000436823828   -0.00917917312112  
  4.950000   -0.04358610414459    0.00521302368965   -0.00000673058439   -0.00907758709245  
  4.960000   -0.04322967062913    0.00516760185036   -0.00000910562117   -0.00897729139746  
  4.970000   -0.04287604233743    0.00512262017646   -0.00001148076335   -0.00887833691394  
  4.980000   -0.04252517573326    0.00507807602748   -0.00001384317826   -0.00878077057082  
  4.990000   -0.04217702492674    0.00503396597130   -0.00001617993187   -0.00868463474705  
  5.000000   -0.04183154196481    0.00499028580048   -0.00001847813400   -0.00858996672250  
  5.010000   -0.04148867714351    0.00494703055647   -0.00002072508119   -0.00849679818651  
  5.020000   -0.04114837933884    0.00490419456116   -0.00002290839586   -0.00840515480879  
  5.030000   -0.04081059635315    0.00486177145565   -0.00002501616024   -0.00831505587715  
  5.040000   -0.04047527527341    0.00481975424562   -0.00002703704391   -0.00822651400541  
  5.050000   -0.04014236283795    0.00477813535298   -0.00002896042359   -0.00813953491441  
  5.060000   -0.03981180580799    0.00473690667318   -0.00003077649400   -0.00805411728800  
  5.070000   -0.03948355134040    0.00469605963757   -0.00003247636895   -0.00797025270532  
  5.080000   -0.03915754735780    0.00465558528017   -0.00003405217141   -0.00788792564980  
  5.090000   -0.03883374291263    0.00461547430827   -0.00003549711210   -0.00780711359442  
  5.100000   -0.03851208854140    0.00457571717592   -0.00003680555556   -0.00772778716206  
  5.110000   -0.03819253660567    0.00453630415979   -0.00003797307349   -0.00764991035907  
  5.120000   -0.03787504161648    0.00449722543650   -0.00003899648468   -0.00757344087925  
  5.130000   -0.03755956053895    0.00445847116061   -0.00003987388141   -0.00749833047468  
  5.140000   -0.03724605307412    0.00442003154266   -0.00004060464215   -0.00742452538960  
  5.150000   -0.03693448191512    0.00438189692622   -0.00004118943060   -0.00735196685212  
  5.160000   -0.03662481297538    0.00434405786347   -0.00004163018120   -0.00728059161869  
  5.170000   -0.03631701558629    0.00430650518830   -0.00004193007135   -0.00721033256534  
  5.180000   -0.03601106266273    0.00426923008636   -0.00004209348102   -0.00714111931919  
  5.190000   -0.03570693083449    0.00423222416134   -0.00004212593987   -0.00707287892359  
  5.200000   -0.03540460054247    0.00419547949680   -0.00004203406309   -0.00700553652973  
  5.210000   -0.03510405609863    0.00415898871298   -0.00004182547625   -0.00693901610725  
  5.220000   -0.03480528570910    0.00412274501801   -0.00004150873041   -0.00687324116642  
  5.230000   -0.03450828146007    0.00408674225308   -0.00004109320837   -0.00680813548421  
  5.240000   -0.03421303926681    0.00405097493103   -0.00004058902301   -0.00674362382655  
  5.250000   -0.03391955878601    0.00401543826816   -0.00004000690904   -0.00667963265915  
  5.260000   -0.03362784329243    0.00398012820883   -0.00003935810933   -0.00661609083954  
  5.270000   -0.03333789952103    0.00394504144269   -0.00003865425687   -0.00655293028292  
  5.280000   -0.03304973747592    0.00391017541436   -0.00003790725397   -0.00649008659506  
  5.290000   -0.03276337020825    0.00387552832558   -0.00003712914962   -0.00642749966549  
  5.300000   -0.03247881356482    0.00384109912967   -0.00003633201668   -0.00636511421492  
  5.310000   -0.03219608591011    0.00380688751857   -0.00003552782980   -0.00630288029129  
  5.320000   -0.03191520782430    0.00377289390251   -0.00003472834573   -0.00624075370929  
  5.330000   -0.03163620178012    0.00373911938251   -0.00003394498691   -0.00617869642882  
  5.340000   -0.03135909180181    0.00370556571614   -0.00003318872975   -0.00611667686870  
  5.350000   -0.03108390310928    0.00367223527677   -0.00003246999857   -0.00605467015235  
  5.360000   -0.03081066175118    0.00363913100682   -0.00003179856643   -0.00599265828313  
  5.370000   -0.03053939423008    0.00360625636551   -0.00003118346358   -0.00593063024754  
  5.380000   -0.03027012712376    0.00357361527155   -0.00003063289465   -0.00586858204552  
  5.390000   -0.03000288670596    0.00354121204153   -0.00003015416521   -0.00580651664757  
  5.400000   -0.02973769857049    0.00350905132451   -0.00002975361843   -0.00574444387940  
  5.410000   -0.02947458726223    0.00347713803348   -0.00002943658241   -0.00568238023545  
  5.420000   -0.02921357591865    0.00344547727450   -0.00002920732860   -0.00562034862338  
  5.430000   -0.02895468592527    0.00341407427412   -0.00002906904169   -0.00555837804251  
  5.440000   -0.02869793658855    0.00338293430593   -0.00002902380112   -0.00549650319951  
  5.450000   -0.02844334482919    0.00335206261677   -0.00002907257433   -0.00543476406576  
  5.460000   -0.02819092489905    0.00332146435370   -0.00002921522171   -0.00537320538101  
  5.470000   -0.02794068812429    0.00329114449204   -0.00002945051308   -0.00531187610867  
  5.480000   -0.02769264267731    0.00326110776555   -0.00002977615540   -0.00525082884872  
  5.490000   -0.02744679337968    0.00323135859926   -0.00003018883137   -0.00519011921425  
  5.500000   -0.02720314153812    0.00320190104563   -0.00003068424840   -0.00512980517849  
  5.510000   -0.02696168481495    0.00317273872474   -0.00003125719727   -0.00506994639909  
  5.520000   -0.02672241713451    0.00314387476905   -0.00003190161990   -0.00501060352690  
  5.530000   -0.02648532862625    0.00311531177329   -0.00003261068539   -0.00495183750642  
  5.540000   -0.02625040560536    0.00308705174993   -0.00003337687338   -0.00489370887540  
  5.550000   -0.02601763059089    0.00305909609075   -0.00003419206392   -0.00483627707088  
  5.560000   -0.02578698236137    0.00303144553476   -0.00003504763284   -0.00477959974892  
  5.570000   -0.02555843604742    0.00300410014286   -0.00003593455143   -0.00472373212516  
  5.580000   -0.02533196326042    0.00297705927945   -0.00003684348955   -0.00466872634304  
  5.590000   -0.02510753225606    0.00295032160116   -0.00003776492092   -0.00461463087634  
  5.600000   -0.02488510813128    0.00292388505278   -0.00003868922957   -0.00456148997208  
  5.610000   -0.02466465305252    0.00289774687041   -0.00003960681623   -0.00450934313969  
  5.620000   -0.02444612651344    0.00287190359179   -0.00004050820362   -0.00445822469156  
  5.630000   -0.02422948561922    0.00284635107369   -0.00004138413959   -0.00440816333981  
  5.640000   -0.02401468539506    0.00282108451616   -0.00004222569691   -0.00435918185330  
  5.650000   -0.02380167911572    0.00279609849332   -0.00004302436883   -0.00431129677832  
  5.660000   -0.02359041865299    0.00277138699050   -0.00004377215947   -0.00426451822587  
  5.670000   -0.02338085483765    0.00274694344717   -0.00004446166794   -0.00421884972752  
  5.680000   -0.02317293783260    0.00272276080535   -0.00004508616565   -0.00417428816113  
  5.690000   -0.02296661751330    0.00269883156293   -0.00004563966583   -0.00413082374733  
  5.700000   -0.02276184385204    0.00267514783131   -0.00004611698475   -0.00408844011629  
  5.710000   -0.02255856730219    0.00265170139689   -0.00004651379396   -0.00404711444420  
  5.720000   -0.02235673917876    0.00262848378566   -0.00004682666320   -0.00400681765775  
  5.730000   -0.02215631203148    0.00260548633028   -0.00004705309351   -0.00396751470429  
  5.740000   -0.02195724000685    0.00258270023896   -0.00004719154034   -0.00392916488483  
  5.750000   -0.02175947919553    0.00256011666548   -0.00004724142648   -0.00389172224602  
  5.760000   -0.02156298796177    0.00253772677952   -0.00004720314474   -0.00385513602711  
  5.770000   -0.02136772725155    0.00251552183673   -0.00004707805052   -0.00381935115691  
  5.780000   -0.02117366087640    0.00249349324776   -0.00004686844431   -0.00378430879543  
  5.790000   -0.02098075577023    0.00247163264555   -0.00004657754448   -0.00374994691456  
  5.800000   -0.02078898221637    0.00244993195019   -0.00004620945070   -0.00371620091140  
  5.810000   -0.02059831404283    0.00242838343078   -0.00004576909843   -0.00368300424785  
  5.820000   -0.02040872878363    0.00240697976359   -0.00004526220503   -0.00365028910967  
  5.830000   -0.02022020780460    0.00238571408590   -0.00004469520815   -0.00361798707797  
  5.840000   -0.02003273639246    0.00236458004515   -0.00004407519701   -0.00358602980619  
  5.850000   -0.01984630380607    0.00234357184271   -0.00004340983752   -0.00355434969517  
  5.860000   -0.01966090328940    0.00232268427200   -0.00004270729184   -0.00352288055957  
  5.870000   -0.01947653204595    0.00230191275046   -0.00004197613346   -0.00349155827827  
  5.880000   -0.01929319117483    0.00228125334517   -0.00004122525857   -0.00346032142224  
  5.890000   -0.01911088556897    0.00226070279172   -0.00004046379475   -0.00342911185314  
  5.900000   -0.01892962377641    0.00224025850635   -0.00003970100793   -0.00339787528642  
  5.910000   -0.01874941782597    0.00221991859107   -0.00003894620858   -0.00336656181312  
  5.920000   -0.01857028301876    0.00219968183180   -0.00003820865809   -0.00333512637492  
  5.930000   -0.01839223768768    0.00217954768959   -0.00003749747642   -0.00330352918746  
  5.940000   -0.01821530292701    0.00215951628492   -0.00003682155170   -0.00327173610768  
  5.950000   -0.01803950229471    0.00213958837534   -0.00003618945309   -0.00323971894129  
  5.960000   -0.01786486149026    0.00211976532668   -0.00003560934732   -0.00320745568729  
  5.970000   -0.01769140801104    0.00210004907805   -0.00003508892016   -0.00317493071706  
  5.980000   -0.01751917079067    0.00208044210114   -0.00003463530327   -0.00314213488628  
  5.990000   -0.01734817982263    0.00206094735407   -0.00003425500732   -0.00310906557848  
  6.000000   -0.01717846577280    0.00204156823041   -0.00003395386194   -0.00307572668001  
  6.010000   -0.01701005958483    0.00202230850382   -0.00003373696305   -0.00304212848675  
  6.020000   -0.01684299208188    0.00200317226893   -0.00003360862816   -0.00300828754359  
  6.030000   -0.01667729356878    0.00198416387897   -0.00003357235983   -0.00297422641855  
  6.040000   -0.01651299343847    0.00196528788099   -0.00003363081775   -0.00293997341397  
  6.050000   -0.01635011978644    0.00194654894905   -0.00003378579968   -0.00290556221793  
  6.060000   -0.01618869903707    0.00192795181636   -0.00003403823116   -0.00287103149958  
  6.070000   -0.01602875558545    0.00190950120688   -0.00003438816425   -0.00283642445287  
  6.080000   -0.01587031145831    0.00189120176707   -0.00003483478510   -0.00280178829338  
  6.090000   -0.01571338599722    0.00187305799872   -0.00003537643019   -0.00276717371375  
  6.100000   -0.01555799556748    0.00185507419320   -0.00003601061109   -0.00273263430341  
  6.110000   -0.01540415329544    0.00183725436814   -0.00003673404726   -0.00269822593888  
  6.120000   -0.01525186883685    0.00181960220696   -0.00003754270665   -0.00266400615092  
  6.130000   -0.01510114817883    0.00180212100202   -0.00003843185339   -0.00263003347545  
  6.140000   -0.01495199347723    0.00178481360187   -0.00003939610224   -0.00259636679492  
  6.150000   -0.01480440293131    0.00176768236325   -0.00004042947905   -0.00256306467713  
  6.160000   -0.01465837069696    0.00175072910823   -0.00004152548650   -0.00253018471857  
  6.170000   -0.01451388683950    0.00173395508706   -0.00004267717456   -0.00249778289902  
  6.180000   -0.01437093732665    0.00171736094699   -0.00004387721467   -0.00246591295435  
  6.190000   -0.01422950406197    0.00170094670754   -0.00004511797712   -0.00243462577405  
  6.200000   -0.01408956495844    0.00168471174230   -0.00004639161046   -0.00240396882980  
  6.210000   -0.01395109405187    0.00166865476770   -0.00004769012242   -0.00237398564110  
  6.220000   -0.01381406165296    0.00165277383860   -0.00004900546130   -0.00234471528353  
  6.230000   -0.01367843453688    0.00163706635104   -0.00005032959697   -0.00231619194486  
  6.240000   -0.01354417616862    0.00162152905194   -0.00005165460081   -0.00228844453350  
  6.250000   -0.01341124696207    0.00160615805574   -0.00005297272360   -0.00226149634354  
  6.260000   -0.01327960457052    0.00159094886787   -0.00005427647059   -0.00223536477972  
  6.270000   -0.01314920420589    0.00157589641476   -0.00005555867318   -0.00221006114531  
  6.280000   -0.01301999898372    0.00156099508013   -0.00005681255620   -0.00218559049492  
  6.290000   -0.01289194029070    0.00154623874729   -0.00005803180047   -0.00216195155399  
  6.300000   -0.01276497817135    0.00153162084683   -0.00005921059968   -0.00213913670544  
  6.310000   -0.01263906173018    0.00151713440952   -0.00006034371138   -0.00211713204392  
  6.320000   -0.01251413954541    0.00150277212364   -0.00006142650142   -0.00209591749676  
  6.330000   -0.01239016009058    0.00148852639639   -0.00006245498147   -0.00207546701045  
  6.340000   -0.01226707215972    0.00147438941852   -0.00006342583930   -0.00205574880065  
  6.350000   -0.01214482529224    0.00146035323188   -0.00006433646166   -0.00203672566296  
  6.360000   -0.01202337019329    0.00144640979889   -0.00006518494947   -0.00201835534128  
  6.370000   -0.01190265914563    0.00143255107338   -0.00006597012524   -0.00200059094974  
  6.380000   -0.01178264640893    0.00141876907220   -0.00006669153293   -0.00198338144371  
  6.390000   -0.01166328860263    0.00140505594659   -0.00006734942999   -0.00196667213510  
  6.400000   -0.01154454506859    0.00139140405297   -0.00006794477199   -0.00195040524623  
  6.410000   -0.01142637820993    0.00137780602202   -0.00006847919005   -0.00193452049658  
  6.420000   -0.01130875380272    0.00136425482576   -0.00006895496121   -0.00191895571629  
  6.430000   -0.01119164127729    0.00135074384162   -0.00006937497235   -0.00190364747967  
  6.440000   -0.01107501396646    0.00133726691300   -0.00006974267788   -0.00188853175237  
  6.450000   -0.01095884931789    0.00132381840575   -0.00007006205188   -0.00187354454517  
  6.460000   -0.01084312906862    0.00131039325979   -0.00007033753517   -0.00185862256748  
  6.470000   -0.01072783937963    0.00129698703556   -0.00007057397786   -0.00184370387387  
  6.480000   -0.01061297092910    0.00128359595464   -0.00007077657813   -0.00182872849658  
  6.490000   -0.01049851896317    0.00127021693420   -0.00007095081788   -0.00181363905752  
  6.500000   -0.01038448330347    0.00125684761491   -0.00007110239592   -0.00179838135316  
  6.510000   -0.01027086831111    0.00124348638189   -0.00007123715946   -0.00178290490632  
  6.520000   -0.01015768280726    0.00123013237866   -0.00007136103464   -0.00176716347891  
  6.530000   -0.01004493995078    0.00121678551367   -0.00007147995685   -0.00175111554023  
  6.540000   -0.00993265707376    0.00120344645961   -0.00007159980146   -0.00173472468595  
  6.550000   -0.00982085547645    0.00119011664509   -0.00007172631596   -0.00171796000332  
  6.560000   -0.00970956018313    0.00117679823917   -0.00007186505381   -0.00170079637874  
  6.570000   -0.00959879966108    0.00116349412848   -0.00007202131112   -0.00168321474441  
  6.580000   -0.00948860550515    0.00115020788733   -0.00007220006642   -0.00166520226154  
  6.590000   -0.00937901209054    0.00113694374105   -0.00007240592440   -0.00164675243803  
  6.600000   -0.00927005619718    0.00112370652281   -0.00007264306402   -0.00162786517955  
  6.610000   -0.00916177660881    0.00111050162437   -0.00007291519154   -0.00160854677321  
  6.620000   -0.00905421369059    0.00109733494121   -0.00007322549903   -0.00158880980417  
  6.630000   -0.00894740894910    0.00108421281257   -0.00007357662850   -0.00156867300598  
  6.640000   -0.00884140457867    0.00107114195692   -0.00007397064229   -0.00154816104608  
  6.650000   -0.00873624299841    0.00105812940343   -0.00007440899971   -0.00152730424889  
  6.660000   -0.00863196638415    0.00104518242029   -0.00007489254030   -0.00150613825914  
  6.670000   -0.00852861619978    0.00103230844029   -0.00007542147378   -0.00148470364915  
  6.680000   -0.00842623273231    0.00101951498460   -0.00007599537669   -0.00146304547397  
  6.690000   -0.00832485463516    0.00100680958536   -0.00007661319578   -0.00144121277920  
  6.700000   -0.00822451848408    0.00099419970789   -0.00007727325805   -0.00141925806652  
  6.710000   -0.00812525834978    0.00098169267324   -0.00007797328716   -0.00139723672249  
  6.720000   -0.00802710539175    0.00096929558189   -0.00007871042628   -0.00137520641675  
  6.730000   -0.00793008747687    0.00095701523925   -0.00007948126667   -0.00135322647573  
  6.740000   -0.00783422882689    0.00094485808384   -0.00008028188210   -0.00133135723865  
  6.750000   -0.00773954969810    0.00093283011872   -0.00008110786834   -0.00130965940231  
  6.760000   -0.00764606609653    0.00092093684693   -0.00008195438749   -0.00128819336183  
  6.770000   -0.00755378953153    0.00090918321159   -0.00008281621655   -0.00126701855397  
  6.780000   -0.00746272681047    0.00089757354124   -0.00008368779974   -0.00124619281025  
  6.790000   -0.00737287987652    0.00088611150097   -0.00008456330400   -0.00122577172642  
  6.800000   -0.00728424569162    0.00087480004986   -0.00008543667703   -0.00120580805504  
  6.810000   -0.00719681616593    0.00086364140520   -0.00008630170727   -0.00118635112761  
  6.820000   -0.00711057813466    0.00085263701379   -0.00008715208524   -0.00116744631231  
  6.830000   -0.00702551338312    0.00084178753075   -0.00008798146552   -0.00114913451313  
  6.840000   -0.00694159871982    0.00083109280593   -0.00008878352871   -0.00113145171562  
  6.850000   -0.00685880609746    0.00082055187829   -0.00008955204292   -0.00111442858428  
  6.860000   -0.00677710278105    0.00081016297811   -0.00009028092383   -0.00109809011568  
  6.870000   -0.00669645156182    0.00079992353727   -0.00009096429312   -0.00108245535125  
  6.880000   -0.00661681101542    0.00078983020736   -0.00009159653430   -0.00106753715269  
  6.890000   -0.00653813580225    0.00077987888561   -0.00009217234566   -0.00105334204253  
  6.900000   -0.00646037700747    0.00077006474837   -0.00009268678975   -0.00103987011162  
  6.910000   -0.00638348251789    0.00076038229188   -0.00009313533881   -0.00102711499470  
  6.920000   -0.00630739743243    0.00075082537992   -0.00009351391589   -0.00101506391427  
  6.930000   -0.00623206450272    0.00074138729798   -0.00009381893117   -0.00100369779263  
  6.940000   -0.00615742459990    0.00073206081348   -0.00009404731319   -0.00099299143091  
  6.950000   -0.00608341720356    0.00072283824133   -0.00009419653472   -0.00098291375339  
  6.960000   -0.00600998090843    0.00071371151449   -0.00009426463302   -0.00097342811474  
  6.970000   -0.00593705394443    0.00070467225860   -0.00009425022447   -0.00096449266692  
  6.980000   -0.00586457470508    0.00069571187019   -0.00009415251327   -0.00095606078233  
  6.990000   -0.00579248227986    0.00068682159762   -0.00009397129435   -0.00094808152858  
  7.000000   -0.00572071698532    0.00067799262404   -0.00009370695045   -0.00094050019026  
  7.010000   -0.00564922089021    0.00066921615155   -0.00009336044351   -0.00093325883221  
  7.020000   -0.00557793832981    0.00066048348575   -0.00009293330043   -0.00092629689866  
  7.030000   -0.00550681640441    0.00065178611998   -0.00009242759350   -0.00091955184186  
  7.040000   -0.00543580545756    0.00064311581822   -0.00009184591569   -0.00091295977392  
  7.050000   -0.00536485952925    0.00063446469605   -0.00009119135115   -0.00090645613487  
  7.060000   -0.00529393677990    0.00062582529883   -0.00009046744129   -0.00089997637025  
  7.070000   -0.00522299988087    0.00061719067623   -0.00008967814671   -0.00089345661099  
  7.080000   -0.00515201636773    0.00060855445251   -0.00008882780566   -0.00088683434854  
  7.090000   -0.00508095895278    0.00059991089173   -0.00008792108922   -0.00088004909821  
  7.100000   -0.00500980579351    0.00059125495742   -0.00008696295387   -0.00087304304377  
  7.110000   -0.00493854071434    0.00058258236580   -0.00008595859191   -0.00086576165646  
  7.120000   -0.00486715337909    0.00057388963233   -0.00008491338030   -0.00085815428191  
  7.130000   -0.00479563941224    0.00056517411088   -0.00008383282838   -0.00085017468880  
  7.140000   -0.00472400046749    0.00055643402517   -0.00008272252508   -0.00084178157331  
  7.150000   -0.00465224424244    0.00054766849216   -0.00008158808618   -0.00083293901400  
  7.160000   -0.00458038443883    0.00053887753701   -0.00008043510208   -0.00082361687225  
  7.170000   -0.00450844066824    0.00053006209959   -0.00007926908670   -0.00081379113384  
  7.180000   -0.00443643830361    0.00052122403217   -0.00007809542792   -0.00080344418790  
  7.190000   -0.00436440827735    0.00051236608852   -0.00007691934011   -0.00079256504012  
  7.200000   -0.00429238682750    0.00050349190419   -0.00007574581924   -0.00078114945773  
  7.210000   -0.00422041519359    0.00049460596839   -0.00007457960083   -0.00076920004446  
  7.220000   -0.00414853926470    0.00048571358736   -0.00007342512135   -0.00075672624444  
  7.230000   -0.00407680918210    0.00047682083977   -0.00007228648320   -0.00074374427469  
  7.240000   -0.00400527889990    0.00046793452436   -0.00007116742377   -0.00073027698651  
  7.250000   -0.00393400570703    0.00045906210027   -0.00007007128869   -0.00071635365706  
  7.260000   -0.00386304971457    0.00045021162068   -0.00006900100950   -0.00070200971279  
  7.270000   -0.00379247331252    0.00044139166016   -0.00006795908600   -0.00068728638730  
  7.280000   -0.00372234060064    0.00043261123642   -0.00006694757325   -0.00067223031695  
  7.290000   -0.00365271679805    0.00042387972728   -0.00006596807338   -0.00065689307793  
  7.300000   -0.00358366763663    0.00041520678331   -0.00006502173217   -0.00064133066932  
  7.310000   -0.00351525874343    0.00040660223723   -0.00006410924032   -0.00062560294721  
  7.320000   -0.00344755501724    0.00039807601061   -0.00006323083943   -0.00060977301537  
  7.330000   -0.00338062000491    0.00038963801893   -0.00006238633236   -0.00059390657848  
  7.340000   -0.00331451528264    0.00038129807567   -0.00006157509801   -0.00057807126433  
  7.350000   -0.00324929984782    0.00037306579645   -0.00006079611009   -0.00056233592180  
  7.360000   -0.00318502952662    0.00036495050401   -0.00006004795968   -0.00054676990150  
  7.370000   -0.00312175640269    0.00035696113489   -0.00005932888133   -0.00053144232634  
  7.380000   -0.00305952827197    0.00034910614875   -0.00005863678226   -0.00051642135944  
  7.390000   -0.00299838812839    0.00034139344112   -0.00005796927435   -0.00050177347661  
  7.400000   -0.00293837368525    0.00033383026031   -0.00005732370847   -0.00048756275084  
  7.410000   -0.00287951693624    0.00032642312937   -0.00005669721082   -0.00047385015603  
  7.420000   -0.00282184376012    0.00031917777375   -0.00005608672077   -0.00046069289704  
  7.430000   -0.00276537357232    0.00031209905527   -0.00005548902976   -0.00044814377285  
  7.440000   -0.00271011902614    0.00030519091305   -0.00005490082083   -0.00043625057921  
  7.450000   -0.00265608576558    0.00029845631176   -0.00005431870834   -0.00042505555700  
  7.460000   -0.00260327223105    0.00029189719773   -0.00005373927731   -0.00041459489158  
  7.470000   -0.00255166951775    0.00028551446290   -0.00005315912205   -0.00040489826823  
  7.480000   -0.00250126128560    0.00027930791692   -0.00005257488346   -0.00039598848780  
  7.490000   -0.00245202371776    0.00027327626701   -0.00005198328464   -0.00038788114587  
  7.500000   -0.00240392552258    0.00026741710538   -0.00005138116418   -0.00038058437799  
  7.510000   -0.00235692797159    0.00026172690336   -0.00005076550679   -0.00037409867215  
  7.520000   -0.00231098496286    0.00025620101123   -0.00005013347047   -0.00036841674838  
  7.530000   -0.00226604309558    0.00025083366232   -0.00004948240996   -0.00036352350412  
  7.540000   -0.00222204173748    0.00024561797922   -0.00004880989555   -0.00035939602176  
  7.550000   -0.00217891306224    0.00024054597979   -0.00004811372683   -0.00035600363290  
  7.560000   -0.00213658202904    0.00023560857974   -0.00004739194051   -0.00035330803162  
  7.570000   -0.00209496627209    0.00023079558815   -0.00004664281174   -0.00035126342619  
  7.580000   -0.00205397586401    0.00022609569185   -0.00004586484812   -0.00034981671597  
  7.590000   -0.00201351291524    0.00022149642429   -0.00004505677582   -0.00034890767764  
  7.600000   -0.00197347097252    0.00021698411438   -0.00004421751728   -0.00034846914243  
  7.610000   -0.00193373418538    0.00021254381169   -0.00004334616047   -0.00034842714441  
  7.620000   -0.00189417622156    0.00020815918517   -0.00004244191958   -0.00034870102013  
  7.630000   -0.00185465893261    0.00020381239514   -0.00004150408829   -0.00034920344190  
  7.640000   -0.00181503080137    0.00019948394120   -0.00004053198699   -0.00034984037276  
  7.650000   -0.00177512524507    0.00019515249346   -0.00003952490666   -0.00035051094113  
  7.660000   -0.00173475890162    0.00019079472060   -0.00003848205303   -0.00035110724828  
  7.670000   -0.00169373009168    0.00018638513520   -0.00003740249614   -0.00035151414322  
  7.680000   -0.00165181772252    0.00018189598554   -0.00003628513141   -0.00035160902693  
  7.690000   -0.00160878097591    0.00017729723156   -0.00003512865967   -0.00035126178058  
  7.700000   -0.00156436019329    0.00017255665133   -0.00003393159433   -0.00035033494880  
  7.710000   -0.00151827942678    0.00016764013099   -0.00003269230386   -0.00034868434499  
  7.720000   -0.00147025114966    0.00016251219498   -0.00003140909759   -0.00034616027684  
  7.730000   -0.00141998360092    0.00015713683183   -0.00003008036077   -0.00034260960939  
  7.740000   -0.00136719115922    0.00015147866302   -0.00002870474265   -0.00033787888283  
  7.750000   -0.00131160798997    0.00014550448600   -0.00002728139684   -0.00033181867457  
  7.760000   -0.00125300497708    0.00013918519693   -0.00002581026877   -0.00032428933283  
  7.770000   -0.00119120963823    0.00013249806350   -0.00002429241856   -0.00031516810690  
  7.780000   -0.00112612833963    0.00012542927449   -0.00002273036180   -0.00030435755752  
  7.790000   -0.00105776969744    0.00011797664324   -0.00002112840409   -0.00029179495294  
  7.800000   -0.00098626761394    0.00011015229069   -0.00001949294021   -0.00027746215522  
  7.810000   -0.00091190199708    0.00010198508582   -0.00001783268478   -0.00026139529492  
  7.820000   -0.00083511491014    0.00009352258436   -0.00001615880043   -0.00024369334713  
  7.830000   -0.00075651975549    0.00008483218720   -0.00001448489101   -0.00022452458652  
  7.840000   -0.00067690116883    0.00007600124526   -0.00001282683291   -0.00020412984601  
  7.850000   -0.00059720363243    0.00006713587308   -0.00001120242641   -0.00018282156046  
  7.860000   -0.00051850742627    0.00005835830152   -0.00000963086102   -0.00016097776232  
  7.870000   -0.00044199141556    0.00004980270028   -0.00000813200352   -0.00013903051778  
  7.880000   -0.00036888327250    0.00004160952813   -0.00000672553331   -0.00011744873776  
  7.890000   -0.00030039896824    0.00003391861287   -0.00000542996538   -0.00009671583721  
  7.900000   -0.00023767462803    0.00002686131147   -0.00000426161600   -0.00007730330075  
  7.910000   -0.00018169498316    0.00002055223630   -0.00000323357645   -0.00005964177656  
  7.920000   -0.00013322352866    0.00001508113922   -0.00000235476701   -0.00004409179363  
  7.930000   -0.00009273997459    0.00001050560478   -0.00000162914382   -0.00003091650729  
  7.940000   -0.00006039055558    0.00000684520513   -0.00000105512557   -0.00002025896676  
  7.950000   -0.00003595618647    0.00000407770479   -0.00000062529527   -0.00001212622793  
  7.960000   -0.00001884232720    0.00000213777418   -0.00000032641524   -0.00000638219856  
  7.970000   -0.00000809282306    0.00000091848509   -0.00000013977199   -0.00000275042653  
  7.980000   -0.00000242805418    0.00000027563494   -0.00000004184387   -0.00000082718717  
  7.990000   -0.00000030564834    0.00000003470247   -0.00000000526047   -0.00000010427844  
  8.000000   -0.00000000000000    0.00000000000000    0.00000000000000    0.00000000000000  
