<Coefficient>
	 11 Total number of radial orbitals.
	Type	L	Zeta-Orbital
	  Cs 	0	    1
	  -0.17450938749659
	  -0.13167850080378
	  -0.15370634981600
	  -0.05909587325925
	   0.03096948645842
	   0.10208739506015
	   0.11802459050460
	   0.11160338856779
	   0.07996685970632
	   0.05368156940650
	   0.02507893857666
	   0.01296980159094
	   0.00050452548148
	   0.00202067195388
	  -0.00302925277732
	   0.00295463340064
	  -0.00235544299502
	   0.00403654820393
	  -0.00315458597286
	   0.00406419413095
	  -0.00442139969573
	   0.00470734420282
	  -0.00542689301143
	   0.00643069890374
	  -0.00895742048657
	Type	L	Zeta-Orbital
	  Cs 	0	    2
	  -0.15724600497708
	   0.20660403818000
	   0.15014502770124
	   0.08780289958855
	   0.00623921682205
	  -0.03200551887187
	  -0.05795537131789
	  -0.04882304803646
	  -0.04311469312393
	  -0.02309851867678
	  -0.01769084040745
	  -0.00263702794582
	  -0.00485400729398
	   0.00480601811583
	  -0.00349624724288
	   0.00570002801741
	  -0.00526109112072
	   0.00621466445899
	  -0.00663250031098
	   0.00737515669410
	  -0.00809766991993
	   0.00904232214552
	  -0.01008604604608
	   0.01209300351119
	  -0.01694904458490
	Type	L	Zeta-Orbital
	  Cs 	0	    3
	  -0.16997638270209
	  -0.15765212098978
	  -0.01342909990835
	   0.16776085408205
	  -0.06143141427183
	  -0.12160811496769
	  -0.17526667910846
	  -0.12219706630965
	  -0.12392372177925
	  -0.06011978920320
	  -0.04250761774689
	  -0.00563162282209
	  -0.01666399118652
	   0.00777939353208
	  -0.01113082408356
	   0.01006733657809
	  -0.00786089325279
	   0.00839984714550
	  -0.01144867648447
	   0.00806798603976
	  -0.01177146300813
	   0.01150522644437
	  -0.01162179676948
	   0.01459853457115
	  -0.02059324169342
	Type	L	Zeta-Orbital
	  Cs 	0	    4
	   0.17119981394918
	  -0.17796497675921
	   0.02197127454935
	   0.11577157487750
	  -0.05261221380478
	   0.08828725491423
	   0.05583428925211
	   0.03893965201210
	   0.03593632506703
	   0.01874122991306
	   0.00042345019587
	  -0.00039322698500
	   0.00173841502094
	  -0.00222392005127
	   0.00301313210969
	  -0.00376213418587
	   0.00101386130318
	  -0.00223110465572
	   0.00344882129240
	  -0.00344989880147
	   0.00328078762718
	  -0.00477098691392
	   0.00335800649070
	  -0.00547107737340
	   0.01052373591402
	Type	L	Zeta-Orbital
	  Cs 	0	    5
	  -0.14724271954859
	  -0.01085914698862
	  -0.10169607936151
	   0.02891373854814
	   0.40519783867103
	   0.09003824854327
	  -0.12030778839828
	   0.04862725564148
	  -0.05295232784999
	   0.02008559698968
	  -0.02643404938474
	   0.03674662526602
	  -0.02808968459251
	   0.01591612218907
	  -0.00724814612867
	   0.05204441288451
	   0.00133033653232
	   0.02112329186285
	  -0.02456771030723
	   0.01444816517958
	  -0.01270388870729
	   0.02514265476710
	  -0.03082914729616
	   0.00821177564224
	  -0.04924474377741
	Type	L	Zeta-Orbital
	  Cs 	0	    6
	  -0.07405053752676
	   0.28984904255276
	   0.02039552738103
	  -0.16946932248301
	   0.15510903798107
	  -0.05624929374782
	   0.23434573850748
	   0.49425487320228
	   0.31752184647633
	   0.54208936516741
	   0.44167183517405
	   0.37021216536596
	   0.14551608118135
	   0.13695666535210
	   0.03634727670852
	   0.08818047346020
	   0.07808253202078
	   0.01313528003746
	  -0.04591350753375
	   0.05087015008526
	   0.02605587910480
	   0.03909285079642
	   0.02184985697405
	   0.06422959632204
	  -0.04478428619970
	Type	L	Zeta-Orbital
	  Cs 	1	    1
	   0.13894198217503
	   0.31130840952960
	   0.34244697282056
	   0.25976258680065
	   0.14259625419482
	   0.04176406264388
	  -0.02127367337049
	  -0.04794078856764
	  -0.04810951540918
	  -0.03595570823615
	  -0.02033228757706
	  -0.00838570047334
	  -0.00084479456493
	   0.00123617383317
	   0.00141268528612
	  -0.00035174738116
	  -0.00079903181820
	  -0.00165473682021
	  -0.00067787340683
	  -0.00085664484699
	   0.00034906770701
	  -0.00033751856442
	   0.00064903985495
	  -0.00066291057073
	   0.00150990856356
	Type	L	Zeta-Orbital
	  Cs 	1	    2
	   0.27777266113222
	  -0.07676175955819
	  -0.08064337793781
	  -0.14133275441848
	  -0.05588135043894
	  -0.00694222233709
	   0.01591361846077
	   0.01520600651782
	   0.02404287156812
	   0.01135174405548
	   0.01844431021976
	  -0.00133867405006
	   0.00666622090259
	  -0.00692717697130
	   0.00798085248485
	  -0.00868390423514
	   0.01115374205610
	  -0.00982423678894
	   0.01306899076305
	  -0.01296600735860
	   0.01397025452254
	  -0.01631763433612
	   0.01859346051427
	  -0.02700166687460
	   0.04986247151253
	Type	L	Zeta-Orbital
	  Cs 	1	    3
	  -0.64660468531594
	   0.42224468795947
	   0.15216864278043
	  -0.56123239925700
	  -0.20598022673051
	   0.03515378080858
	   0.04577144271785
	   0.07899917813403
	   0.04833773213595
	   0.07750028915048
	   0.05624902546085
	   0.05073248479293
	  -0.01055581019044
	   0.01551596024597
	  -0.00941278413132
	   0.02827576152363
	  -0.01754078527718
	   0.02306770571679
	  -0.01337576384110
	   0.02379341364859
	  -0.03627525958587
	   0.03412543600802
	  -0.03271567076967
	   0.03729779395773
	  -0.12711261348231
	Type	L	Zeta-Orbital
	  Cs 	2	    1
	  -0.27673676008502
	  -0.30251514906617
	  -0.28364356597694
	  -0.21528599018510
	  -0.09444321199675
	  -0.05184745633537
	  -0.01697532843607
	   0.00247027859402
	   0.00576812085853
	   0.00338854528947
	   0.00226869307470
	   0.00412391398962
	  -0.00122612167092
	   0.00292076139425
	  -0.00369458891394
	   0.00104809381535
	  -0.00327220177384
	   0.00390870369601
	  -0.00250655143787
	   0.00432716411959
	  -0.00456808206491
	   0.00399761479637
	  -0.00585106321339
	   0.00636298006202
	  -0.03390346920133
	Type	L	Zeta-Orbital
	  Cs 	2	    2
	  -0.72703165184917
	   0.35319949361594
	   0.68751950420772
	   0.42786566320514
	   0.13547025055947
	   0.07976726753771
	   0.02333579140042
	  -0.00072088516009
	  -0.02449115354045
	   0.01591327109220
	  -0.01736580359854
	   0.01211765693240
	  -0.01859191878892
	   0.01557753438850
	  -0.01870019366359
	   0.03337589754871
	  -0.02798638489360
	   0.02615384345522
	  -0.03612268941432
	   0.03618617945214
	  -0.04138141840191
	   0.04830910712255
	  -0.05084437049017
	   0.05111654060426
	  -0.31982551407374
</Coefficient>
<Mkb>
Left spillage = 3.1399223556e-02
</Mkb>
