0	0.0010325359780746753
1	0.0009303642214186037
2	0.0008965774128976717
3	0.0008639389469231426
4	0.0008266596343589722
5	0.0008065061625372934
6	0.000798988432915205
7	0.0007917340405982339
8	0.0007807646909650372
9	0.0007679820601420009
10	0.0007562369174518506
11	0.0007469111681107803
12	0.0007393667825084494
13	0.0007322156512395506
14	0.0007249660688693715
15	0.000718248871244054
16	0.0007128534222232174
17	0.0007088396446862965
18	0.0007054832533889555
19	0.0007019154473364332
20	0.0006977639704711608
21	0.0006932813369677588
22	0.0006889774256348058
23	0.0006851284988230356
24	0.0006815828938292713
25	0.0006780031994460852
26	0.0006742531712706067
27	0.0006705265209622177
28	0.0006671369465894497
29	0.0006642211915031985
30	0.0006616409315506265
31	0.0006591459386682687
32	0.0006566100323018889
33	0.0006541114099886604
34	0.0006518113995348199
35	0.0006497797150442488
36	0.0006479407168092908
37	0.0006461732884514231
38	0.0006444413661688601
39	0.0006428210157287926
40	0.0006414130194082192
41	0.000640242641561931
42	0.0006392455555151646
43	0.000638340409397025
44	0.0006375021194572454
45	0.0006367624308491544
46	0.0006361500016389716
47	0.0006356421820257353
48	0.0006351773332854918
49	0.0006347063049730358
50	0.000634224340591788
51	0.0006337541509972751
52	0.0006333058981739263
53	0.0006328595539291628
54	0.0006323844634305148
55	0.0006318691353446098
56	0.0006313275128615421
57	0.000630778609814169
58	0.0006302255712197049
59	0.0006296565703397273
60	0.0006290626492453958
61	0.0006284500386222922
62	0.000627834194830309
63	0.0006272248410602783
64	0.0006266197250123242
65	0.0006260124523469694
66	0.0006254033456461815
67	0.0006248007282596004
68	0.0006242128584767104
69	0.0006236412372185283
70	0.0006230826482850021
71	0.0006225360853898669
72	0.0006220057124748958
73	0.0006214969677585571
74	0.0006210113179182345
75	0.0006205459396854698
76	0.0006200979666785163
77	0.0006196677309311059
78	0.0006192575645518397
79	0.0006188684877878629
80	0.0006184990518524763
81	0.0006181471901450563
82	0.0006178122374213455
83	0.0006174946153760994
84	0.0006171938937812916
85	0.0006169078357530855
86	0.0006166335236976177
87	0.0006163689922551533
88	0.0006161134678538615
89	0.0006158663271682101
90	0.0006156262880410181
91	0.0006153917054919215
92	0.0006151613929328885
93	0.0006149348545173904
94	0.0006147116866524678
95	0.0006144909887385707
96	0.0006142715038174454
97	0.0006140521890135411
98	0.0006138324599291204
99	0.0006136119446401665
100	0.0006133902049054331
101	0.0006131667890362943
102	0.0006129415199830137
103	0.0006127146210254992
104	0.0006124864972688035
105	0.0006122574576877086
106	0.0006120276816767274
107	0.0006117974033265701
108	0.0006115670590793956
109	0.0006113372216339139
110	0.0006111084435355045
111	0.0006108811995012631
112	0.0006106559408393913
113	0.0006104331666857323
114	0.0006102134222732076
115	0.0006099972485704539
116	0.0006097851846640896
117	0.0006095778253668726
118	0.0006093758399445607
119	0.0006091799196532256
120	0.0006089906918145078
121	0.0006088086705914585
122	0.0006086342738404131
123	0.000608467850050288
124	0.0006083096708538781
125	0.0006081598920216755
126	0.0006080185251228113
127	0.0006078854405975569
128	0.0006077603911081218
129	0.0006076430347791852
130	0.0006075329420451618
131	0.0006074295997652434
132	0.0006073324249914129
133	0.0006072407830173107
134	0.0006071540028930362
135	0.0006070713786547557
136	0.0006069921663899429
137	0.0006069155926780967
138	0.0006068408741180344
139	0.0006067672383042966
140	0.0006066939344266932
141	0.0006066202344678922
142	0.000606545432921072
143	0.0006064688505350172
144	0.0006063898386014444
145	0.0006063077806551166
146	0.0006062220884591981
147	0.0006061321936360142
148	0.0006060375380427682
149	0.0006059375624963883
150	0.0006058316961772624
151	0.0006057193455687317
152	0.0006055998837928625
153	0.0006054726391420664
154	0.0006053368822786299
155	0.000605191812001359
156	0.000605036539708233
157	0.0006048700732986392
158	0.000604691302101674
159	0.000604498982452609
160	0.0006042917230274834
161	0.0006040679690959285
162	0.0006038259866896925
163	0.0006035638479549427
164	0.0006032794186017849
165	0.0006029703489657402
166	0.0006026340704609855
167	0.0006022678002299681
168	0.000601868557586382
169	0.0006014331971965886
170	0.000600958464726911
171	0.000600441080964786
172	0.0005998778605183924
173	0.0005992658705875071
174	0.0005986026332988228
175	0.0005978863715618506
176	0.000597116292118204
177	0.0005962928911902429
178	0.000595418257622049
179	0.0005944963374256482
180	0.0005935331146752299
181	0.0005925366595277606
182	0.0005915169988728588
183	0.000590485780144737
184	0.0005894557258271775
185	0.0005884399108153293
186	0.0005874509313310793
187	0.0005865000631308704
188	0.0005855965194288763
189	0.0005847469097575934
190	0.0005839549698802241
191	0.0005832215870327128
192	0.0005825450951177624
193	0.0005819217729717012
194	0.0005813464547677593
195	0.0005808131582023757
196	0.0005803156513530841
197	0.0005798479054343989
198	0.0005794044106590381
199	0.0005789803583338474
200	0.0005785717104124724
201	0.0005781751866251449
202	0.0005777882005513578
203	0.0005774087716018723
204	0.0005770354330288791
205	0.000576667148504984
206	0.0005763032433625671
207	0.0005759433515677419
208	0.0005755873763805949
209	0.0005752354606407837
210	0.0005748879621899736
211	0.0005745454299511413
212	0.0005742085769873317
213	0.0005738782479996997
214	0.000573555380204662
215	0.0005732409582329609
216	0.0005729359651346023
217	0.0005726413329057579
218	0.0005723578964479483
219	0.0005720863547503293
220	0.0005718272422355305
221	0.0005715809119225246
222	0.000571347530398446
223	0.0005711270834707209
224	0.0005709193902324735
225	0.0005707241230020008
226	0.0005705408305894628
227	0.0005703689628344806
228	0.000570207894933402
229	0.0005700569505825827
230	0.0005699154234887003
231	0.0005697825970214584
232	0.0005696577618748428
233	0.0005695402316393051
234	0.0005694293561811833
235	0.0005693245326002645
236	0.0005692252136296793
237	0.0005691309133731984
238	0.0005690412102353796
239	0.0005689557471956926
240	0.0005688742295476487
241	0.000568796420380606
242	0.0005687221342116969
243	0.0005686512292200843
244	0.0005685835985858605
245	0.0005685191614958874
246	0.0005684578543413185
247	0.000568399622612231
248	0.0005683444138815446
249	0.0005682921722072257
250	0.0005682428340929385
251	0.0005681963260376244
252	0.0005681525636115389
253	0.0005681114517579126
254	0.0005680728861593608
255	0.0005680367552347715
256	0.0005680029425148609
257	0.0005679713290905816
258	0.0005679417958643156
259	0.0005679142254813466
260	0.0005678885038063388
261	0.0005678645209109156
262	0.0005678421716179929
263	0.000567821355647581
264	0.0005678019774499662
265	0.0005677839458714698
266	0.000567767173692583
267	0.0005677515772121426
268	0.000567737075866281
269	0.0005677235920300576
270	0.0005677110509132965
271	0.0005676993806596697
272	0.000567688512541652
273	0.0005676783812450608
274	0.0005676689252018647
275	0.0005676600868879616
276	0.0005676518130794666
277	0.0005676440549891983
278	0.0005676367683206863
279	0.0005676299131617534
280	0.0005676234537926941
281	0.0005676173583932342
282	0.0005676115986657484
283	0.000567606149452393
284	0.000567600988314047
285	0.0005675960951511076
286	0.0005675914518334411
287	0.0005675870419097552
288	0.0005675828503369374
289	0.0005675788632906993
290	0.0005675750679927978
291	0.0005675714525944385
292	0.000567568006073638
293	0.0005675647181741918
294	0.0005675615793291813
295	0.0005675585806333264
296	0.0005675557137716626
297	0.0005675529709887208
298	0.000567550345063882
299	0.0005675478292594494
300	0.0005675454172843012
301	0.0005675431032759471
302	0.0005675408817624528
303	0.000567538747623156
304	0.0005675366960686389
305	0.0005675347226124834
306	0.0005675328230385355
307	0.0005675309933785124
308	0.0005675292298922285
309	0.0005675275290486616
310	0.0005675258874998147
311	0.0005675243020772623
312	0.0005675227697708083
313	0.0005675212877297045
314	0.0005675198532448689
315	0.0005675184637443395
316	0.0005675171167980081
317	0.0005675158100961011
318	0.0005675145414604649
319	0.0005675133088315361
320	0.0005675121102656383
321	0.0005675109439361142
322	0.0005675098081215134
323	0.0005675087012018557
324	0.0005675076216632142
325	0.0005675065680774288
326	0.0005675055391088843
327	0.0005675045335067024
328	0.0005675035500905309
329	0.0005675025877613815
330	0.000567501645484503
331	0.0005675007222868281
332	0.0005674998172627509
333	0.0005674989295518672
334	0.0005674980583469545
335	0.0005674972028933974
336	0.0005674963624685511
337	0.0005674955363959623
338	0.0005674947240355444
339	0.0005674939247694095
340	0.0005674931380204597
341	0.0005674923632376645
342	0.0005674915998872485
343	0.0005674908474659978
344	0.0005674901054879035
345	0.0005674893734900436
346	0.0005674886510281941
347	0.0005674879376752053
348	0.0005674872330261468
349	0.0005674865366796335
350	0.0005674858482683863
351	0.0005674851674263603
352	0.0005674844938061751
353	0.0005674838270776279
354	0.0005674831669176012
355	0.0005674825130182629
356	0.0005674818650839902
357	0.000567481222830955
358	0.0005674805859815293
359	0.0005674799542720931
360	0.0005674793274464754
361	0.0005674787052562518
362	0.0005674780874614698
363	0.0005674774738314515
364	0.0005674768641390666
365	0.0005674762581698673
366	0.0005674756557083845
367	0.0005674750565482079
368	0.0005674744604887124
369	0.0005674738673343931
370	0.0005674732768947346
371	0.0005674726889811767
372	0.000567472103409546
373	0.0005674715200032867
374	0.0005674709385835861
375	0.0005674703589790447
376	0.0005674697810205731
377	0.000567469204541888
378	0.0005674686293753393
379	0.0005674680553634128
380	0.0005674674823444434
381	0.0005674669101605812
382	0.000567466338658984
383	0.000567465767683898
384	0.0005674651970831959
385	0.0005674646267090687
386	0.0005674640564073305
387	0.0005674634860323186
388	0.0005674629154371217
389	0.0005674623444742418
390	0.0005674617729995494
391	0.0005674612008663865
392	0.0005674606279278604
393	0.0005674600540435914
394	0.0005674594790660149
395	0.0005674589028527471
396	0.0005674583252608705
397	0.0005674577461417776
398	0.0005674571653528312
399	0.0005674565827493191
400	0.0005674559981845786
401	0.0005674554115130601
402	0.0005674548225874931
403	0.0005674542312572712
404	0.000567453637376951
405	0.0005674530407961749
406	0.0005674524413594461
407	0.0005674518389183621
408	0.0005674512333170201
409	0.0005674506244012327
410	0.0005674500120071491
411	0.0005674493959841768
412	0.0005674487761666916
413	0.0005674481523918566
414	0.0005674475244935081
415	0.00056744689230568
416	0.0005674462556558266
417	0.0005674456143726072
418	0.0005674449682828709
419	0.0005674443172052439
420	0.0005674436609607858
421	0.0005674429993609377
422	0.0005674423322282734
423	0.0005674416593645292
424	0.0005674409805774892
425	0.0005674402956691417
426	0.0005674396044401683
427	0.0005674389066863256
428	0.0005674382021957431
429	0.0005674374907565505
430	0.0005674367721510158
431	0.0005674360461574595
432	0.0005674353125499688
433	0.000567434571096575
434	0.0005674338215617437
435	0.0005674330637019931
436	0.0005674322972726112
437	0.0005674315220231573
438	0.0005674307376925108
439	0.0005674299440174963
440	0.0005674291407288413
441	0.0005674283275534856
442	0.000567427504204795
443	0.0005674266703968197
444	0.0005674258258335579
445	0.000567424970211798
446	0.0005674241032213825
447	0.0005674232245440096
448	0.0005674223338571363
449	0.0005674214308274354
450	0.0005674205151101667
451	0.000567419586360413
452	0.0005674186442175919
453	0.00056741768831492
454	0.0005674167182788126
455	0.0005674157337198808
456	0.0005674147342440842
457	0.0005674137194481471
458	0.0005674126889158879
459	0.0005674116422230445
460	0.0005674105789311447
461	0.000567409498592788
462	0.0005674084007500262
463	0.0005674072849358254
464	0.0005674061506632502
465	0.0005674049974415394
466	0.0005674038247637176
467	0.0005674026321124707
468	0.0005674014189611136
469	0.0005674001847828657
470	0.000567398929072333
471	0.00056739765142069
472	0.0005673963517487369
473	0.0005673950310059047
474	0.0005673936933900265
475	0.0005673923527314501
476	0.0005673910475579299
477	0.0005673898466530072
478	0.0005673886915906036
479	0.0005673871013499715
480	0.0005673851261431418
481	0.0005673836695266731
482	0.0005673823217498943
483	0.0005673804780230427
484	0.000567378855365042
485	0.0005673773132839749
486	0.0005673754315365736
487	0.0005673737872033062
488	0.00056737208357439
489	0.0005673701168210428
490	0.0005673683856319458
491	0.0005673665368643313
492	0.0005673645224619238
493	0.0005673626513579913
494	0.0005673606452375853
495	0.0005673585875502173
496	0.0005673565654000851
497	0.0005673544036759737
498	0.0005673522647694411
499	0.0005673500921995563
500	0.0005673477935067548
501	0.0005673455276724293
502	0.0005673431971422261
503	0.0005673407753172812
504	0.0005673383558068229
505	0.0005673358556111288
506	0.0005673333024772338
507	0.0005673307194446006
508	0.0005673280455739565
509	0.0005673253375116281
510	0.0005673225809341349
511	0.0005673197351406414
512	0.0005673168515087732
513	0.0005673139061372499
514	0.0005673108833166347
515	0.0005673078122216355
516	0.0005673046662105228
517	0.0005673014514510346
518	0.000567298181099796
519	0.0005672948285233429
520	0.0005672914068531657
521	0.0005672879218485934
522	0.0005672843544879879
523	0.0005672807152214516
524	0.000567277002988
525	0.0005672732080172111
526	0.0005672693392370611
527	0.0005672653910800038
528	0.0005672613574069165
529	0.0005672572457811977
530	0.000567253051412543
531	0.0005672487699146941
532	0.0005672444054884727
533	0.0005672399544226385
534	0.0005672354146993865
535	0.0005672307889804524
536	0.0005672260736305962
537	0.000567221267050005
538	0.0005672163715648099
539	0.0005672113848368715
540	0.0005672063053886745
541	0.0005672011345970932
542	0.0005671958709213806
543	0.0005671905135592039
544	0.0005671850638339142
545	0.0005671795207121922
546	0.0005671738834590011
547	0.0005671681533516576
548	0.0005671623302399343
549	0.0005671564138549419
550	0.0005671504054092725
551	0.0005671443052430726
552	0.0005671381134974543
553	0.0005671318316070597
554	0.0005671254605963253
555	0.0005671190010933336
556	0.0005671124546323689
557	0.000567105822753888
558	0.0005670991066687194
559	0.0005670923082203343
560	0.0005670854294820896
561	0.0005670784722422664
562	0.0005670714386288716
563	0.0005670643311432944
564	0.0005670571521800824
565	0.0005670499042796733
566	0.0005670425903549334
567	0.0005670352133532097
568	0.0005670277762347177
569	0.000567020282254974
570	0.000567012734835573
571	0.0005670051373936757
572	0.0005669974935282953
573	0.0005669898070424196
574	0.0005669820817735102
575	0.0005669743216298236
576	0.0005669665306912667
577	0.0005669587131267089
578	0.0005669508731260633
579	0.0005669430149762356
580	0.0005669351430727091
581	0.0005669272618129564
582	0.0005669193756311406
583	0.0005669114890170647
584	0.0005669036064864427
585	0.0005668957325311674
586	0.0005668878716463118
587	0.0005668800283368034
588	0.0005668722070639946
589	0.0005668644122461379
590	0.0005668566482588584
591	0.0005668489194267841
592	0.0005668412300000201
593	0.0005668335841348916
594	0.0005668259859183563
595	0.0005668184393234654
596	0.0005668109482232185
597	0.000566803516363145
598	0.0005667961473717941
599	0.0005667888447468891
600	0.0005667816118411148
601	0.0005667744518603008
602	0.0005667673678686114
603	0.0005667603627699405
604	0.0005667534393101174
605	0.0005667466000724603
606	0.0005667398474838817
607	0.0005667331838077951
608	0.0005667266111555798
609	0.0005667201314938518
610	0.0005667137466708852
611	0.0005667074584718313
612	0.0005667012687108278
613	0.0005666951794211332
614	0.0005666891932149827
615	0.0005666833138753812
616	0.0005666775470802145
617	0.0005666719002813441
618	0.0005666663777843338
619	0.0005666609651114432
620	0.0005666556107086387
621	0.0005666502630777676
622	0.0005666449678010828
623	0.0005666398442301001
624	0.0005666349245666575
625	0.0005666301228400874
626	0.0005666253504061794
627	0.0005666206213811138
628	0.0005666160228875544
629	0.0005666115871023208
630	0.0005666072580130917
631	0.0005666029794773053
632	0.0005665987690302663
633	0.0005665946805718383
634	0.0005665907213841826
635	0.0005665868487406179
636	0.0005665830372056178
637	0.0005665793093434753
638	0.00056657569231757
639	0.0005665721768307214
640	0.0005665687366567787
641	0.0005665653667237307
642	0.0005665620824374332
643	0.0005665588917425698
644	0.000566555785016969
645	0.0005665527504972739
646	0.0005665497876106224
647	0.0005665469026156338
648	0.0005665440972906308
649	0.0005665413661479837
650	0.0005665387031110079
651	0.0005665361071992247
652	0.0005665335805828764
653	0.0005665311232762054
654	0.0005665287319585586
655	0.0005665264032268704
656	0.0005665241358324562
657	0.0005665219296255617
658	0.0005665197837916817
659	0.0005665176966445605
660	0.000566515666264057
661	0.0005665136909329549
662	0.000566511769339287
663	0.0005665099005909896
664	0.0005665080838185123
665	0.0005665063176743528
666	0.0005665046004381391
667	0.0005665029305751057
668	0.0005665013070496474
669	0.0005664997290848245
670	0.0005664981957221905
671	0.0005664967056574148
672	0.0005664952574352439
673	0.0005664938497999148
674	0.0005664924818733114
675	0.0005664911529421451
676	0.0005664898620940835
677	0.0005664886081092207
678	0.0005664873897350952
679	0.0005664862059831644
680	0.0005664850561338966
681	0.0005664839394823086
682	0.0005664828551307233
683	0.000566481802049527
684	0.0005664807792479737
685	0.0005664797858961112
686	0.0005664788213102985
687	0.0005664778848160719
688	0.000566476975653571
689	0.000566476092988196
690	0.00056647523599143
691	0.0005664744039383752
692	0.0005664735961970018
693	0.0005664728121641194
694	0.0005664720511957683
695	0.0005664713126129797
696	0.0005664705957364345
697	0.000566469899935978
698	0.0005664692246360537
699	0.0005664685692862088
700	0.0005664679333491202
701	0.0005664673162741924
702	0.0005664667175079047
703	0.0005664661365097503
704	0.0005664655727669226
705	0.000566465025794513
706	0.0005664644951310499
707	0.0005664639803120113
708	0.0005664634808855899
709	0.0005664629964022458
710	0.000566462526428538
711	0.0005664620705403564
712	0.0005664616283339612
713	0.0005664611994186776
714	0.000566460783408049
715	0.0005664603799338937
716	0.000566459988628697
717	0.0005664596091392978
718	0.0005664592411200688
719	0.0005664588842360541
720	0.0005664585381613626
721	0.0005664582025817957
722	0.0005664578771919801
723	0.0005664575616895916
724	0.0005664572557873835
725	0.0005664569592015349
726	0.0005664566716589815
727	0.0005664563928957415
728	0.0005664561226478537
729	0.0005664558606704331
730	0.0005664556067127165
731	0.0005664553605415864
732	0.0005664551219227948
733	0.0005664548906340958
734	0.000566454666457266
735	0.0005664544491813894
736	0.0005664542386007519
737	0.0005664540345169207
738	0.0005664538367349675
739	0.0005664536450701957
740	0.0005664534593343083
741	0.0005664532793527306
742	0.0005664531049531299
743	0.0005664529359662299
744	0.0005664527722322174
745	0.000566452613590762
746	0.0005664524598892066
747	0.0005664523109789614
748	0.0005664521667149642
749	0.0005664520269592992
750	0.0005664518915715438
751	0.0005664517604217435
752	0.0005664516333827073
753	0.0005664515103298718
754	0.0005664513911402423
755	0.0005664512756959602
756	0.0005664511638856806
757	0.0005664510555984192
758	0.000566450950725342
759	0.0005664508491619816
760	0.0005664507508094519
761	0.0005664506555663812
762	0.0005664505633415179
763	0.0005664504740412861
764	0.0005664503875726407
765	0.0005664503038530198
766	0.0005664502227989824
767	0.0005664501443280125
768	0.0005664500683622314
769	0.0005664499948276325
770	0.0005664499236552121
771	0.0005664498547786863
772	0.000566449788142869
773	0.0005664497236987473
774	0.0005664496614203093
775	0.0005664496013096577
776	0.0005664495434207674
777	0.0005664494878942741
778	0.0005664494350307876
779	0.0005664493854070483
780	0.0005664493400761735
781	0.0005664493009034494
782	0.0005664492710154406
783	0.0005664492552181693
784	0.0005664492595403406
785	0.0005664492877964196
786	0.0005664493319021047
787	0.000566449358214754
788	0.0005664493119600305
789	0.0005664491682563154
790	0.0005664489879950492
791	0.0005664488769059225
792	0.0005664488755874829
793	0.0005664489241012013
794	0.0005664489255472679
795	0.0005664488380765137
796	0.0005664487239497357
797	0.0005664486755937177
798	0.0005664486954256549
799	0.0005664487048048009
800	0.000566448654244028
801	0.0005664485799060713
802	0.0005664485412913171
803	0.0005664485412641899
804	0.0005664485375952248
805	0.0005664485051632417
806	0.0005664484596741267
807	0.0005664484285762621
808	0.0005664484180304911
809	0.0005664484111020977
810	0.0005664483902623034
811	0.0005664483575423564
812	0.0005664483307848361
813	0.0005664483196709989
814	0.0005664483131665031
815	0.0005664482961201786
816	0.0005664482703463712
817	0.000566448250068614
818	0.0005664482405750643
819	0.0005664482327137793
820	0.0005664482180155205
821	0.0005664481994940497
822	0.0005664481848800488
823	0.0005664481758453877
824	0.0005664481680566279
825	0.000566448158233424
826	0.0005664481475420916
827	0.0005664481392882004
828	0.0005664481356462171
829	0.0005664481366442113
830	0.0005664481411739531
831	0.0005664481486102196
832	0.0005664481589107515
833	0.000566448169680545
834	0.0005664481728441847
835	0.0005664481573842144
836	0.0005664481201183651
837	0.0005664480735802486
838	0.0005664480382567176
839	0.0005664480259271873
840	0.000566448032763539
841	0.0005664480452302027
842	0.0005664480492793861
843	0.0005664480380256254
844	0.0005664480156222563
845	0.0005664479937917324
846	0.00056644798240623
847	0.0005664479824560653
848	0.0005664479870730881
849	0.0005664479879558216
850	0.0005664479811579461
851	0.0005664479687489486
852	0.0005664479564017102
853	0.0005664479489718486
854	0.0005664479472790888
855	0.0005664479482085787
856	0.0005664479475242293
857	0.0005664479429877754
858	0.0005664479355466186
859	0.0005664479280788608
860	0.0005664479229940522
861	0.0005664479207414719
862	0.000566447919977229
863	0.0005664479187816792
864	0.0005664479159570546
865	0.0005664479116131754
866	0.0005664479068794443
867	0.0005664479029928102
868	0.0005664479004957766
869	0.0005664478990290726
870	0.0005664478977626618
871	0.0005664478959999047
872	0.0005664478935359866
873	0.000566447890640358
874	0.0005664478877900334
875	0.000566447885383256
876	0.0005664478835540178
877	0.0005664478821512525
878	0.0005664478808678993
879	0.0005664478794475834
880	0.0005664478777839075
881	0.0005664478759442825
882	0.0005664478740883281
883	0.0005664478723660593
884	0.0005664478708634539
885	0.0005664478695827203
886	0.0005664478684572097
887	0.0005664478673891688
888	0.0005664478662983584
889	0.0005664478651445163
890	0.0005664478639425014
891	0.000566447862737047
892	0.0005664478615752118
893	0.0005664478604924547
894	0.0005664478595051955
895	0.0005664478586061286
896	0.0005664478577761917
897	0.000566447856986361
898	0.0005664478562102956
899	0.0005664478554355749
900	0.0005664478546623911
901	0.0005664478538947506
902	0.0005664478531422192
903	0.0005664478524158378
904	0.0005664478517238216
905	0.0005664478510675114
906	0.0005664478504483626
907	0.0005664478498641303
908	0.0005664478493104017
909	0.0005664478487807105
910	0.0005664478482717444
911	0.000566447847780155
912	0.0005664478473049784
913	0.0005664478468440148
914	0.0005664478463979286
915	0.0005664478459648167
916	0.0005664478455464191
917	0.0005664478451403609
918	0.0005664478447489473
919	0.0005664478443727966
920	0.000566447844010566
921	0.0005664478436606665
922	0.0005664478433249373
923	0.0005664478430032183
924	0.0005664478426955585
925	0.0005664478424005387
926	0.0005664478421160783
927	0.0005664478418441277
928	0.0005664478415864463
929	0.0005664478413381782
930	0.0005664478411026015
931	0.0005664478408787586
932	0.0005664478406701555
933	0.0005664478404745984
934	0.0005664478402993573
935	0.0005664478401445351
936	0.0005664478400173683
937	0.0005664478399277568
938	0.0005664478398888714
939	0.0005664478399301462
940	0.0005664478400801597
941	0.0005664478404049441
942	0.0005664478409959589
943	0.0005664478420021233
944	0.0005664478436655104
945	0.0005664478463644855
946	0.0005664478507056427
947	0.0005664478576181523
948	0.0005664478684656376
949	0.0005664478850863947
950	0.0005664479095072734
951	0.0005664479429008855
952	0.0005664479832343265
953	0.0005664480221625062
954	0.0005664480444344935
955	0.0005664480351947872
956	0.000566447992759549
957	0.0005664479329485271
958	0.0005664478785284736
959	0.0005664478472331322
960	0.000566447846446632
961	0.0005664478704939487
962	0.0005664479015272093
963	0.0005664479179564158
964	0.0005664479080294625
965	0.0005664478787945305
966	0.0005664478502278797
967	0.0005664478382337397
968	0.0005664478438767038
969	0.0005664478573231132
970	0.0005664478679733439
971	0.0005664478703464705
972	0.0005664478641951769
973	0.0005664478528234193
974	0.0005664478418213866
975	0.0005664478367594182
976	0.000566447839527336
977	0.0005664478467008755
978	0.0005664478522586992
979	0.0005664478523020692
980	0.000566447847517028
981	0.0005664478415695752
982	0.0005664478376747419
983	0.0005664478367593543
984	0.0005664478380540299
985	0.0005664478403158708
986	0.0005664478423406037
987	0.0005664478430525135
988	0.0005664478419179941
989	0.0005664478394255149
990	0.0005664478369162478
991	0.0005664478356412212
992	0.0005664478358906823
993	0.0005664478370105565
994	0.0005664478380921732
995	0.0005664478386040434
996	0.0005664478384955107
997	0.0005664478379328694
998	0.0005664478371091976
999	0.0005664478362400795
1000	0.0005664478356002688
1001	0.0005664478354072251
1002	0.0005664478356605674
1003	0.0005664478361345849
1004	0.0005664478365336361
1005	0.0005664478366837435
1006	0.0005664478365896225
1007	0.000566447836352364
1008	0.0005664478360624206
1009	0.0005664478357687153
1010	0.0005664478355130711
1011	0.0005664478353418518
1012	0.0005664478353006106
1013	0.0005664478353794714
1014	0.0005664478355254451
1015	0.000566447835665703
1016	0.0005664478357608903
1017	0.0005664478358086862
1018	0.0005664478358261372
1019	0.000566447835834933
1020	0.0005664478358424002
1021	0.0005664478358617693
1022	0.0005664478359234403
1023	0.0005664478360718379
1024	0.0005664478363627874
1025	0.0005664478368618221
1026	0.0005664478376645239
1027	0.0005664478389218989
1028	0.0005664478408816181
1029	0.0005664478439562549
1030	0.0005664478487815911
1031	0.0005664478563421218
1032	0.0005664478680965005
1033	0.0005664478860656795
1034	0.0005664479126554953
1035	0.0005664479497757724
1036	0.0005664479965472899
1037	0.0005664480453754855
1038	0.0005664480786729195
1039	0.0005664480730876774
1040	0.0005664480169045546
1041	0.0005664479297837707
1042	0.0005664478575661124
1043	0.0005664478372697256
1044	0.0005664478679168466
1045	0.0005664479152064548
1046	0.0005664479387954908
1047	0.0005664479203627841
1048	0.0005664478762143597
1049	0.0005664478418057684
1050	0.0005664478393384899
1051	0.0005664478612142661
1052	0.0005664478821105198
1053	0.0005664478826821514
1054	0.0005664478640429332
1055	0.0005664478433638182
1056	0.0005664478365798823
1057	0.0005664478452139925
1058	0.000566447857915943
1059	0.0005664478621620545
1060	0.0005664478546719957
1061	0.0005664478425875225
1062	0.0005664478357966262
1063	0.0005664478380589459
