  0.000000    0.26020046158157    0.00000000000000  
  0.010000    0.26029262389816   -0.02073790404745  
  0.020000    0.26056899370372   -0.04145461419098  
  0.030000    0.26102921978107   -0.06212898474163  
  0.040000    0.26167271748541   -0.08273996628131  
  0.050000    0.26249866981790   -0.10326665340082  
  0.060000    0.26350602892420   -0.12368833196299  
  0.070000    0.26469351801353   -0.14398452573554  
  0.080000    0.26605963369263   -0.16413504224078  
  0.090000    0.26760264870777   -0.18412001767268  
  0.100000    0.26932061508672   -0.20391996073541  
  0.110000    0.27121136767158   -0.22351579526179  
  0.120000    0.27327252803224   -0.24288890147521  
  0.130000    0.27550150874906   -0.26202115576372  
  0.140000    0.27789551805267   -0.28089496884137  
  0.150000    0.28045156480753   -0.29949332217778  
  0.160000    0.28316646382525   -0.31779980258455  
  0.170000    0.28603684149279   -0.33579863485379  
  0.180000    0.28905914169986   -0.35347471235218  
  0.190000    0.29222963204926   -0.37081362548213  
  0.200000    0.29554441033334   -0.38780168792957  
  0.210000    0.29899941125896   -0.40442596062732  
  0.220000    0.30259041340338   -0.42067427337123  
  0.230000    0.30631304638256   -0.43653524403591  
  0.240000    0.31016279821354   -0.45199829534614  
  0.250000    0.31413502285210   -0.46705366916920  
  0.260000    0.31822494788667   -0.48169243830327  
  0.270000    0.32242768236981   -0.49590651574648  
  0.280000    0.32673822476805   -0.50968866144053  
  0.290000    0.33115147101129   -0.52303248649275  
  0.300000    0.33566222262313   -0.53593245488956  
  0.310000    0.34026519491347   -0.54838388272370  
  0.320000    0.34495502521521   -0.56038293496681  
  0.330000    0.34972628114720   -0.57192661982779  
  0.340000    0.35457346888582   -0.58301278074606  
  0.350000    0.35949104142823   -0.59364008607731  
  0.360000    0.36447340683074   -0.60380801653738  
  0.370000    0.36951493640621   -0.61351685047761  
  0.380000    0.37460997286518   -0.62276764707249  
  0.390000    0.37975283838574   -0.63156222750726  
  0.400000    0.38493784259829   -0.63990315425968  
  0.410000    0.39015929047132   -0.64779370857634  
  0.420000    0.39541149008584   -0.65523786624919  
  0.430000    0.40068876028612   -0.66224027180343  
  0.440000    0.40598543819555   -0.66880621121208  
  0.450000    0.41129588658697   -0.67494158325672  
  0.460000    0.41661450109773   -0.68065286965740  
  0.470000    0.42193571728019   -0.68594710409757  
  0.480000    0.42725401747947   -0.69083184027213  
  0.490000    0.43256393753069   -0.69531511908857  
  0.500000    0.43786007326878   -0.69940543515248  
  0.510000    0.44313708684456   -0.70311170266894  
  0.520000    0.44838971284167   -0.70644322089189  
  0.530000    0.45361276418915   -0.70940963925257  
  0.540000    0.45880113786562   -0.71202092229755  
  0.550000    0.46394982039115   -0.71428731456480  
  0.560000    0.46905389310376   -0.71621930552451  
  0.570000    0.47410853721785   -0.71782759470868  
  0.580000    0.47910903866251   -0.71912305715013  
  0.590000    0.48405079269786   -0.72011670924836  
  0.600000    0.48892930830842   -0.72081967517550  
  0.610000    0.49374021237240   -0.72124315393101  
  0.620000    0.49847925360651   -0.72139838714933  
  0.630000    0.50314230628613   -0.72129662775895  
  0.640000    0.50772537374081   -0.72094910958640  
  0.650000    0.51222459162556   -0.72036701799238  
  0.660000    0.51663623096839   -0.71956146162125  
  0.670000    0.52095670099494   -0.71854344533894  
  0.680000    0.52518255173096   -0.71732384442739  
  0.690000    0.52931047638383   -0.71591338009731  
  0.700000    0.53333731350416   -0.71432259637382  
  0.710000    0.53726004892875   -0.71256183840267  
  0.720000    0.54107581750614   -0.71064123221781  
  0.730000    0.54478190460621   -0.70857066600379  
  0.740000    0.54837574741508   -0.70635977287941  
  0.750000    0.55185493601690   -0.70401791522214  
  0.760000    0.55521721426374   -0.70155417054562  
  0.770000    0.55846048043528   -0.69897731893575  
  0.780000    0.56158278768956   -0.69629583204417  
  0.790000    0.56458234430642   -0.69351786363110  
  0.800000    0.56745751372509   -0.69065124164341  
  0.810000    0.57020681437737   -0.68770346180718  
  0.820000    0.57282891931823   -0.68468168270852  
  0.830000    0.57532265565513   -0.68159272233003  
  0.840000    0.57768700377800   -0.67844305600576  
  0.850000    0.57992109639158   -0.67523881575142  
  0.860000    0.58202421735189   -0.67198579092270  
  0.870000    0.58399580030902   -0.66868943014937  
  0.880000    0.58583542715813   -0.66535484448938  
  0.890000    0.58754282630119   -0.66198681174282  
  0.900000    0.58911787072174   -0.65858978186291  
  0.910000    0.59056057587543   -0.65516788339760  
  0.920000    0.59187109739934   -0.65172493089338  
  0.930000    0.59304972864301   -0.64826443319027  
  0.940000    0.59409689802491   -0.64478960253545  
  0.950000    0.59501316621777   -0.64130336444163  
  0.960000    0.59579922316717   -0.63780836821514  
  0.970000    0.59645588494740   -0.63430699807829  
  0.980000    0.59698409045968   -0.63080138481027  
  0.990000    0.59738489797754   -0.62729341783118  
  1.000000    0.59765948154513   -0.62378475765414  
  1.010000    0.59780912723405   -0.62027684863152  
  1.020000    0.59783522926522   -0.61677093192250  
  1.030000    0.59773928600237   -0.61326805861082  
  1.040000    0.59752289582418   -0.60976910290341  
  1.050000    0.59718775288273   -0.60627477534270  
  1.060000    0.59673564275594   -0.60278563596822  
  1.070000    0.59616843800253   -0.59930210736530  
  1.080000    0.59548809362801   -0.59582448754209  
  1.090000    0.59469664247078   -0.59235296257905  
  1.100000    0.59379619051783   -0.58888761899837  
  1.110000    0.59278891215968   -0.58542845580450  
  1.120000    0.59167704539463   -0.58197539615044  
  1.130000    0.59046288699270   -0.57852829858833  
  1.140000    0.58914878762979   -0.57508696786658  
  1.150000    0.58773714700283   -0.57165116524010  
  1.160000    0.58623040893704   -0.56822061826357  
  1.170000    0.58463105649627   -0.56479503004246  
  1.180000    0.58294160710772   -0.56137408791984  
  1.190000    0.58116460771241   -0.55795747158136  
  1.200000    0.57930262995260   -0.55454486056481  
  1.210000    0.57735826540752   -0.55113594116428  
  1.220000    0.57533412088865   -0.54773041272292  
  1.230000    0.57323281380555   -0.54432799331213  
  1.240000    0.57105696761324   -0.54092842479814  
  1.250000    0.56880920735190   -0.53753147730101  
  1.260000    0.56649215528919   -0.53413695305386  
  1.270000    0.56410842667535   -0.53074468967350  
  1.280000    0.56166062562103   -0.52735456285656  
  1.290000    0.55915134110687   -0.52396648851794  
  1.300000    0.55658314313410   -0.52058042439100  
  1.310000    0.55395857902430   -0.51719637111113  
  1.320000    0.55128016987631   -0.51381437280669  
  1.330000    0.54855040718759   -0.51043451722294  
  1.340000    0.54577174964670   -0.50705693540656  
  1.350000    0.54294662010295   -0.50368180097947  
  1.360000    0.54007740271859   -0.50030932903218  
  1.370000    0.53716644030828   -0.49693977466769  
  1.380000    0.53421603186962   -0.49357343122778  
  1.390000    0.53122843030825   -0.49021062823406  
  1.400000    0.52820584035967   -0.48685172907644  
  1.410000    0.52515041670972   -0.48349712848173  
  1.420000    0.52206426231446   -0.48014724979511  
  1.430000    0.51894942691980   -0.47680254210657  
  1.440000    0.51580790578006   -0.47346347725430  
  1.450000    0.51264163857424   -0.47013054673596  
  1.460000    0.50945250851774   -0.46680425855810  
  1.470000    0.50624234166674   -0.46348513405281  
  1.480000    0.50301290641159   -0.46017370468963  
  1.490000    0.49976591315492   -0.45687050890923  
  1.500000    0.49650301416954   -0.45357608900427  
  1.510000    0.49322580363041   -0.45029098807072  
  1.520000    0.48993581781461   -0.44701574705190  
  1.530000    0.48663453546241   -0.44375090189528  
  1.540000    0.48332337829211   -0.44049698084048  
  1.550000    0.48000371166100   -0.43725450185509  
  1.560000    0.47667684536394   -0.43402397023279  
  1.570000    0.47334403456115   -0.43080587636667  
  1.580000    0.47000648082608   -0.42760069370838  
  1.590000    0.46666533330414   -0.42440887692207  
  1.600000    0.46332168997270   -0.42123086023993  
  1.610000    0.45997659899280   -0.41806705602451  
  1.620000    0.45663106014251   -0.41491785354082  
  1.630000    0.45328602632220   -0.41178361793976  
  1.640000    0.44994240512166   -0.40866468945246  
  1.650000    0.44660106043915   -0.40556138279348  
  1.660000    0.44326281414268   -0.40247398676936  
  1.670000    0.43992844776351   -0.39940276408731  
  1.680000    0.43659870421264   -0.39634795135770  
  1.690000    0.43327428951080   -0.39330975928242  
  1.700000    0.42995587452297   -0.39028837302030  
  1.710000    0.42664409668864   -0.38728395271940  
  1.720000    0.42333956173961   -0.38429663420536  
  1.730000    0.42004284539717   -0.38132652981389  
  1.740000    0.41675449504127   -0.37837372935496  
  1.750000    0.41347503134458   -0.37543830119556  
  1.760000    0.41020494986477   -0.37252029344745  
  1.770000    0.40694472258916   -0.36961973524619  
  1.780000    0.40369479942591   -0.36673663810709  
  1.790000    0.40045560963711   -0.36387099734412  
  1.800000    0.39722756320907   -0.36102279353754  
  1.810000    0.39401105215622   -0.35819199403613  
  1.820000    0.39080645175517   -0.35537855448040  
  1.830000    0.38761412170647   -0.35258242033314  
  1.840000    0.38443440722178   -0.34980352840448  
  1.850000    0.38126764003510   -0.34704180835878  
  1.860000    0.37811413933705   -0.34429718419167  
  1.870000    0.37497421263186   -0.34156957566581  
  1.880000    0.37184815651716   -0.33885889969519  
  1.890000    0.36873625738722   -0.33616507166802  
  1.900000    0.36563879206099   -0.33348800669971  
  1.910000    0.36255602833622   -0.33082762080787  
  1.920000    0.35948822547219   -0.32818383200240  
  1.930000    0.35643563460304   -0.32555656128477  
  1.940000    0.35339849908501   -0.32294573355140  
  1.950000    0.35037705478048   -0.32035127839710  
  1.960000    0.34737153028252   -0.31777313081554  
  1.970000    0.34438214708362   -0.31521123179480  
  1.980000    0.34140911969275   -0.31266552880662  
  1.990000    0.33845265570485   -0.31013597618954  
  2.000000    0.33551295582722   -0.30762253542640  
  2.010000    0.33259021386733   -0.30512517531798  
  2.020000    0.32968461668654   -0.30264387205524  
  2.030000    0.32679634412449   -0.30017860919337  
  2.040000    0.32392556889870   -0.29772937753165  
  2.050000    0.32107245648400   -0.29529617490384  
  2.060000    0.31823716497647   -0.29287900588440  
  2.070000    0.31541984494611   -0.29047788141633  
  2.080000    0.31262063928278   -0.28809281836703  
  2.090000    0.30983968303942   -0.28572383901897  
  2.100000    0.30707710327662   -0.28337097050222  
  2.110000    0.30433301891225   -0.28103424417631  
  2.120000    0.30160754057969   -0.27871369496903  
  2.130000    0.29890077049798   -0.27640936067988  
  2.140000    0.29621280235681   -0.27412128125600  
  2.150000    0.29354372121912   -0.27184949804853  
  2.160000    0.29089360344371   -0.26959405305698  
  2.170000    0.28826251662997   -0.26735498816935  
  2.180000    0.28565051958645   -0.26513234440542  
  2.190000    0.28305766232485   -0.26292616117043  
  2.200000    0.28048398608047   -0.26073647552600  
  2.210000    0.27792952335997   -0.25856332148478  
  2.220000    0.27539429801690   -0.25640672933515  
  2.230000    0.27287832535536   -0.25426672500136  
  2.240000    0.27038161226135   -0.25214332944467  
  2.250000    0.26790415736177   -0.25003655810986  
  2.260000    0.26544595121011   -0.24794642042153  
  2.270000    0.26300697649801   -0.24587291933366  
  2.280000    0.26058720829148   -0.24381605093544  
  2.290000    0.25818661429036   -0.24177580411596  
  2.300000    0.25580515510930   -0.23975216028942  
  2.310000    0.25344278457865   -0.23774509318222  
  2.320000    0.25109945006301   -0.23575456868265  
  2.330000    0.24877509279555   -0.23378054475316  
  2.340000    0.24646964822572   -0.23182297140474  
  2.350000    0.24418304637806   -0.22988179073255  
  2.360000    0.24191521221974   -0.22795693701104  
  2.370000    0.23966606603428   -0.22604833684669  
  2.380000    0.23743552379908   -0.22415590938576  
  2.390000    0.23522349756425   -0.22227956657422  
  2.400000    0.23302989583028   -0.22041921346638  
  2.410000    0.23085462392216   -0.21857474857871  
  2.420000    0.22869758435761   -0.21674606428470  
  2.430000    0.22655867720722   -0.21493304724656  
  2.440000    0.22443780044429   -0.21313557887925  
  2.450000    0.22233485028238   -0.21135353584214  
  2.460000    0.22024972149875   -0.20958679055344  
  2.470000    0.21818230774187   -0.20783521172260  
  2.480000    0.21613250182155   -0.20609866489558  
  2.490000    0.21410019598015   -0.20437701300812  
  2.500000    0.21208528214388   -0.20267011694207  
  2.510000    0.21008765215301   -0.20097783607993  
  2.520000    0.20810719797030   -0.19930002885290  
  2.530000    0.20614381186695   -0.19763655327792  
  2.540000    0.20419738658568   -0.19598726747936  
  2.550000    0.20226781548090   -0.19435203019121  
  2.560000    0.20035499263564   -0.19273070123597  
  2.570000    0.19845881295573   -0.19112314197678  
  2.580000    0.19657917224146   -0.18952921573933  
  2.590000    0.19471596723730   -0.18794878820102  
  2.600000    0.19286909566041   -0.18638172774449  
  2.610000    0.19103845620884   -0.18482790577368  
  2.620000    0.18922394855047   -0.18328719699046  
  2.630000    0.18742547329381   -0.18175947963052  
  2.640000    0.18564293194209   -0.18024463565767  
  2.650000    0.18387622683192   -0.17874255091571  
  2.660000    0.18212526105810   -0.17725311523802  
  2.670000    0.18038993838617   -0.17577622251484  
  2.680000    0.17867016315433   -0.17431177071884  
  2.690000    0.17696584016646   -0.17285966189013  
  2.700000    0.17527687457791   -0.17141980208170  
  2.710000    0.17360317177589   -0.16999210126723  
  2.720000    0.17194463725614   -0.16857647321294  
  2.730000    0.17030117649761   -0.16717283531584  
  2.740000    0.16867269483686   -0.16578110841084  
  2.750000    0.16705909734386   -0.16440121654932  
  2.760000    0.16546028870065   -0.16303308675226  
  2.770000    0.16387617308454   -0.16167664874079  
  2.780000    0.16230665405709   -0.16033183464746  
  2.790000    0.16075163446033   -0.15899857871167  
  2.800000    0.15921101632139   -0.15767681696239  
  2.810000    0.15768470076661   -0.15636648689192  
  2.820000    0.15617258794609   -0.15506752712386  
  2.830000    0.15467457696961   -0.15377987707892  
  2.840000    0.15319056585452   -0.15250347664185  
  2.850000    0.15172045148621   -0.15123826583280  
  2.860000    0.15026412959162   -0.14998418448633  
  2.870000    0.14882149472594   -0.14874117194111  
  2.880000    0.14739244027283   -0.14750916674312  
  2.890000    0.14597685845794   -0.14628810636522  
  2.900000    0.14457464037578   -0.14507792694544  
  2.910000    0.14318567602954   -0.14387856304628  
  2.920000    0.14180985438350   -0.14268994743717  
  2.930000    0.14044706342746   -0.14151201090167  
  2.940000    0.13909719025264   -0.14034468207113  
  2.950000    0.13776012113822   -0.13918788728582  
  2.960000    0.13643574164769   -0.13804155048466  
  2.970000    0.13512393673409   -0.13690559312413  
  2.980000    0.13382459085317   -0.13577993412665  
  2.990000    0.13253758808332   -0.13466448985870  
  3.000000    0.13126281225116   -0.13355917413827  
  3.010000    0.13000014706174   -0.13246389827137  
  3.020000    0.12874947623195   -0.13137857111667  
  3.030000    0.12751068362607   -0.13030309917741  
  3.040000    0.12628365339225   -0.12923738671926  
  3.050000    0.12506827009857   -0.12818133591272  
  3.060000    0.12386441886763   -0.12713484699833  
  3.070000    0.12267198550840   -0.12609781847290  
  3.080000    0.12149085664425   -0.12507014729463  
  3.090000    0.12032091983610   -0.12405172910502  
  3.100000    0.11916206369961   -0.12304245846519  
  3.110000    0.11801417801547   -0.12204222910430  
  3.120000    0.11687715383202   -0.12105093417748  
  3.130000    0.11575088355924   -0.12006846653070  
  3.140000    0.11463526105355   -0.11909471897019  
  3.150000    0.11353018169275   -0.11812958453360  
  3.160000    0.11243554244058   -0.11717295676047  
  3.170000    0.11135124190062   -0.11622472995953  
  3.180000    0.11027718035899   -0.11528479947017  
  3.190000    0.10921325981600   -0.11435306191597  
  3.200000    0.10815938400629   -0.11342941544787  
  3.210000    0.10711545840783   -0.11251375997481  
  3.220000    0.10608139023967   -0.11160599738002  
  3.230000    0.10505708844877   -0.11070603172099  
  3.240000    0.10404246368626   -0.10981376941142  
  3.250000    0.10303742827347   -0.10892911938391  
  3.260000    0.10204189615834   -0.10805199323185  
  3.270000    0.10105578286270   -0.10718230532967  
  3.280000    0.10007900542118   -0.10631997293043  
  3.290000    0.09911148231248   -0.10546491624032  
  3.300000    0.09815313338369   -0.10461705846949  
  3.310000    0.09720387976870   -0.10377632585914  
  3.320000    0.09626364380136   -0.10294264768487  
  3.330000    0.09533234892458   -0.10211595623666  
  3.340000    0.09440991959607   -0.10129618677575  
  3.350000    0.09349628119189   -0.10048327746938  
  3.360000    0.09259135990864   -0.09967716930405  
  3.370000    0.09169508266540   -0.09887780597851  
  3.380000    0.09080737700617   -0.09808513377768  
  3.390000    0.08992817100405   -0.09729910142889  
  3.400000    0.08905739316775   -0.09651965994209  
  3.410000    0.08819497235157   -0.09574676243559  
  3.420000    0.08734083766947   -0.09498036394923  
  3.430000    0.08649491841411   -0.09422042124686  
  3.440000    0.08565714398162   -0.09346689261005  
  3.450000    0.08482744380260   -0.09271973762513  
  3.460000    0.08400574728001   -0.09197891696557  
  3.470000    0.08319198373457   -0.09124439217185  
  3.480000    0.08238608235781   -0.09051612543083  
  3.490000    0.08158797217343   -0.08979407935674  
  3.500000    0.08079758200696   -0.08907821677578  
  3.510000    0.08001484046413   -0.08836850051640  
  3.520000    0.07923967591783   -0.08766489320693  
  3.530000    0.07847201650380   -0.08696735708262  
  3.540000    0.07771179012489   -0.08627585380365  
  3.550000    0.07695892446385   -0.08559034428563  
  3.560000    0.07621334700417   -0.08491078854421  
  3.570000    0.07547498505894   -0.08423714555489  
  3.580000    0.07474376580713   -0.08356937312929  
  3.590000    0.07401961633686   -0.08290742780885  
  3.600000    0.07330246369529   -0.08225126477668  
  3.610000    0.07259223494429   -0.08160083778825  
  3.620000    0.07188885722153   -0.08095609912135  
  3.630000    0.07119225780614   -0.08031699954548  
  3.640000    0.07050236418828   -0.07968348831094  
  3.650000    0.06981910414191   -0.07905551315725  
  3.660000    0.06914240579994   -0.07843302034086  
  3.670000    0.06847219773109   -0.07781595468147  
  3.680000    0.06780840901751   -0.07720425962645  
  3.690000    0.06715096933255   -0.07659787733253  
  3.700000    0.06649980901781   -0.07599674876380  
  3.710000    0.06585485915871   -0.07540081380487  
  3.720000    0.06521605165787   -0.07481001138814  
  3.730000    0.06458331930561   -0.07422427963358  
  3.740000    0.06395659584687   -0.07364355599983  
  3.750000    0.06333581604384   -0.07306777744488  
  3.760000    0.06272091573394   -0.07249688059484  
  3.770000    0.06211183188235   -0.07193080191910  
  3.780000    0.06150850262878   -0.07136947791013  
  3.790000    0.06091086732804   -0.07081284526618  
  3.800000    0.06031886658399   -0.07026084107523  
  3.810000    0.05973244227671   -0.06971340299829  
  3.820000    0.05915153758249   -0.06917046945036  
  3.830000    0.05857609698667   -0.06863197977752  
  3.840000    0.05800606628913   -0.06809787442825  
  3.850000    0.05744139260253   -0.06756809511763  
  3.860000    0.05688202434316   -0.06704258498278  
  3.870000    0.05632791121485   -0.06652128872827  
  3.880000    0.05577900418572   -0.06600415276009  
  3.890000    0.05523525545849   -0.06549112530706  
  3.900000    0.05469661843420   -0.06498215652867  
  3.910000    0.05416304767012   -0.06447719860832  
  3.920000    0.05363449883198   -0.06397620583131  
  3.930000    0.05311092864118   -0.06347913464689  
  3.940000    0.05259229481735   -0.06298594371386  
  3.950000    0.05207855601699   -0.06249659392946  
  3.960000    0.05156967176853   -0.06201104844140  
  3.970000    0.05106560240475   -0.06152927264292  
  3.980000    0.05056630899277   -0.06105123415112  
  3.990000    0.05007175326271   -0.06057690276882  
  4.000000    0.04958189753529   -0.06010625043038  
  4.010000    0.04909670464925   -0.05963925113214  
  4.020000    0.04861613788911   -0.05917588084803  
  4.030000    0.04814016091402   -0.05871611743145  
  4.040000    0.04766873768822   -0.05825994050414  
  4.050000    0.04720183241372   -0.05780733133332  
  4.060000    0.04673940946582   -0.05735827269807  
  4.070000    0.04628143333197   -0.05691274874648  
  4.080000    0.04582786855443   -0.05647074484459  
  4.090000    0.04537867967727   -0.05603224741875  
  4.100000    0.04493383119801   -0.05559724379281  
  4.110000    0.04449328752436   -0.05516572202144  
  4.120000    0.04405701293627   -0.05473767072137  
  4.130000    0.04362497155368   -0.05431307890174  
  4.140000    0.04319712730993   -0.05389193579535  
  4.150000    0.04277344393128   -0.05347423069202  
  4.160000    0.04235388492229   -0.05305995277567  
  4.170000    0.04193841355741   -0.05264909096653  
  4.180000    0.04152699287836   -0.05224163376959  
  4.190000    0.04111958569768   -0.05183756913088  
  4.200000    0.04071615460778   -0.05143688430247  
  4.210000    0.04031666199578   -0.05103956571741  
  4.220000    0.03992107006347   -0.05064559887563  
  4.230000    0.03952934085241   -0.05025496824159  
  4.240000    0.03914143627358   -0.04986765715445  
  4.250000    0.03875731814143   -0.04948364775148  
  4.260000    0.03837694821164   -0.04910292090509  
  4.270000    0.03800028822241   -0.04872545617403  
  4.280000    0.03762729993856   -0.04835123176883  
  4.290000    0.03725794519811   -0.04798022453170  
  4.300000    0.03689218596071   -0.04761240993087  
  4.310000    0.03652998435749   -0.04724776206918  
  4.320000    0.03617130274164   -0.04688625370667  
  4.330000    0.03581610373933   -0.04652785629675  
  4.340000    0.03546435030037   -0.04617254003543  
  4.350000    0.03511600574802   -0.04582027392296  
  4.360000    0.03477103382756   -0.04547102583719  
  4.370000    0.03442939875303   -0.04512476261772  
  4.380000    0.03409106525167   -0.04478145015994  
  4.390000    0.03375599860569   -0.04444105351799  
  4.400000    0.03342416469081   -0.04410353701547  
  4.410000    0.03309553001139   -0.04376886436284  
  4.420000    0.03277006173159   -0.04343699878021  
  4.430000    0.03244772770246   -0.04310790312443  
  4.440000    0.03212849648453   -0.04278154001905  
  4.450000    0.03181233736582   -0.04245787198599  
  4.460000    0.03149922037505   -0.04213686157774  
  4.470000    0.03118911628990   -0.04181847150851  
  4.480000    0.03088199664034   -0.04150266478348  
  4.490000    0.03057783370695   -0.04118940482465  
  4.500000    0.03027660051428   -0.04087865559229  
  4.510000    0.02997827081929   -0.04057038170080  
  4.520000    0.02968281909510   -0.04026454852800  
  4.530000    0.02939022051013   -0.03996112231682  
  4.540000    0.02910045090288   -0.03966007026858  
  4.550000    0.02881348675253   -0.03936136062697  
  4.560000    0.02852930514589   -0.03906496275214  
  4.570000    0.02824788374066   -0.03877084718416  
  4.580000    0.02796920072574   -0.03847898569560  
  4.590000    0.02769323477867   -0.03818935133252  
  4.600000    0.02741996502083   -0.03790191844391  
  4.610000    0.02714937097071   -0.03761666269922  
  4.620000    0.02688143249569   -0.03733356109411  
  4.630000    0.02661612976292   -0.03705259194431  
  4.640000    0.02635344318956   -0.03677373486797  
  4.650000    0.02609335339301   -0.03649697075664  
  4.660000    0.02583584114152   -0.03622228173541  
  4.670000    0.02558088730566   -0.03594965111265  
  4.680000    0.02532847281102   -0.03567906331992  
  4.690000    0.02507857859269   -0.03541050384286  
  4.700000    0.02483118555180   -0.03514395914371  
  4.710000    0.02458627451464   -0.03487941657635  
  4.720000    0.02434382619452   -0.03461686429484  
  4.730000    0.02410382115696   -0.03435629115628  
  4.740000    0.02386623978823   -0.03409768661914  
  4.750000    0.02363106226771   -0.03384104063808  
  4.760000    0.02339826854415   -0.03358634355620  
  4.770000    0.02316783831613   -0.03333358599609  
  4.780000    0.02293975101674   -0.03308275875048  
  4.790000    0.02271398580265   -0.03283385267371  
  4.800000    0.02249052154766   -0.03258685857522  
  4.810000    0.02226933684060   -0.03234176711582  
  4.820000    0.02205040998776   -0.03209856870799  
  4.830000    0.02183371901955   -0.03185725342112  
  4.840000    0.02161924170151   -0.03161781089253  
  4.850000    0.02140695554925   -0.03138023024519  
  4.860000    0.02119683784748   -0.03114450001289  
  4.870000    0.02098886567252   -0.03091060807357  
  4.880000    0.02078301591831   -0.03067854159147  
  4.890000    0.02057926532558   -0.03044828696850  
  4.900000    0.02037759051373   -0.03021982980541  
  4.910000    0.02017796801526   -0.02999315487306  
  4.920000    0.01998037431228   -0.02976824609394  
  4.930000    0.01978478587474   -0.02954508653422  
  4.940000    0.01959117920002   -0.02932365840623  
  4.950000    0.01939953085348   -0.02910394308141  
  4.960000    0.01920981750948   -0.02888592111349  
  4.970000    0.01902201599265   -0.02866957227168  
  4.980000    0.01883610331873   -0.02845487558350  
  4.990000    0.01865205673490   -0.02824180938676  
  5.000000    0.01846985375889   -0.02803035139019  
  5.010000    0.01828947221682   -0.02782047874210  
  5.020000    0.01811089027910   -0.02761216810640  
  5.030000    0.01793408649425   -0.02740539574507  
  5.040000    0.01775903982033   -0.02720013760650  
  5.050000    0.01758572965352   -0.02699636941862  
  5.060000    0.01741413585382   -0.02679406678600  
  5.070000    0.01724423876739   -0.02659320528990  
  5.080000    0.01707601924562   -0.02639376059042  
  5.090000    0.01690945866048   -0.02619570852962  
  5.100000    0.01674453891625   -0.02599902523462  
  5.110000    0.01658124245738   -0.02580368721980  
  5.120000    0.01641955227255   -0.02560967148703  
  5.130000    0.01625945189483   -0.02541695562291  
  5.140000    0.01610092539801   -0.02522551789222  
  5.150000    0.01594395738911   -0.02503533732662  
  5.160000    0.01578853299723   -0.02484639380774  
  5.170000    0.01563463785885   -0.02465866814388  
  5.180000    0.01548225809966   -0.02447214213966  
  5.190000    0.01533138031324   -0.02428679865784  
  5.200000    0.01518199153675   -0.02410262167290  
  5.210000    0.01503407922389   -0.02391959631564  
  5.220000    0.01488763121533   -0.02373770890870  
  5.230000    0.01474263570711   -0.02355694699237  
  5.240000    0.01459908121706   -0.02337729934066  
  5.250000    0.01445695654976   -0.02319875596738  
  5.260000    0.01431625076034   -0.02302130812226  
  5.270000    0.01417695311743   -0.02284494827712  
  5.280000    0.01403905306563   -0.02266967010219  
  5.290000    0.01390254018785   -0.02249546843289  
  5.300000    0.01376740416799   -0.02232233922738  
  5.310000    0.01363363475408   -0.02215027951523  
  5.320000    0.01350122172245   -0.02197928733777  
  5.330000    0.01337015484315   -0.02180936168061  
  5.340000    0.01324042384691   -0.02164050239908  
  5.350000    0.01311201839406   -0.02147271013719  
  5.360000    0.01298492804555   -0.02130598624091  
  5.370000    0.01285914223638   -0.02114033266660  
  5.380000    0.01273465025178   -0.02097575188542  
  5.390000    0.01261144120611   -0.02081224678462  
  5.400000    0.01248950402488   -0.02064982056662  
  5.410000    0.01236882742990   -0.02048847664685  
  5.420000    0.01224939992775   -0.02032821855122  
  5.430000    0.01213120980154   -0.02016904981423  
  5.440000    0.01201424510622   -0.02001097387863  
  5.450000    0.01189849366715   -0.01985399399754  
  5.460000    0.01178394308224   -0.01969811313996  
  5.470000    0.01167058072733   -0.01954333390039  
  5.480000    0.01155839376489   -0.01938965841364  
  5.490000    0.01144736915591   -0.01923708827525  
  5.500000    0.01133749367478   -0.01908562446855  
  5.510000    0.01122875392698   -0.01893526729873  
  5.520000    0.01112113636949   -0.01878601633478  
  5.530000    0.01101462733361   -0.01863787035947  
  5.540000    0.01090921304992   -0.01849082732809  
  5.550000    0.01080487967518   -0.01834488433608  
  5.560000    0.01070161332095   -0.01820003759598  
  5.570000    0.01059940008340   -0.01805628242365  
  5.580000    0.01049822607433   -0.01791361323407  
  5.590000    0.01039807745280   -0.01777202354657  
  5.600000    0.01029894045725   -0.01763150599936  
  5.610000    0.01020080143766   -0.01749205237332  
  5.620000    0.01010364688750   -0.01735365362464  
  5.630000    0.01000746347520   -0.01721629992604  
  5.640000    0.00991223807466   -0.01707998071606  
  5.650000    0.00981795779473   -0.01694468475600  
  5.660000    0.00972461000719   -0.01681040019386  
  5.670000    0.00963218237308   -0.01667711463465  
  5.680000    0.00954066286703   -0.01654481521647  
  5.690000    0.00945003979948   -0.01641348869140  
  5.700000    0.00936030183647   -0.01628312151064  
  5.710000    0.00927143801687   -0.01615369991287  
  5.720000    0.00918343776688   -0.01602521001517  
  5.730000    0.00909629091167   -0.01589763790536  
  5.740000    0.00900998768407   -0.01577096973520  
  5.750000    0.00892451873021   -0.01564519181320  
  5.760000    0.00883987511207   -0.01552029069641  
  5.770000    0.00875604830697   -0.01539625328027  
  5.780000    0.00867303020389   -0.01527306688548  
  5.790000    0.00859081309687   -0.01515071934135  
  5.800000    0.00850938967533   -0.01502919906455  
  5.810000    0.00842875301158   -0.01490849513278  
  5.820000    0.00834889654562   -0.01478859735242  
  5.830000    0.00826981406726   -0.01466949631972  
  5.840000    0.00819149969588   -0.01455118347480  
  5.850000    0.00811394785802   -0.01443365114808  
  5.860000    0.00803715326289   -0.01431689259858  
  5.870000    0.00796111087615   -0.01420090204386  
  5.880000    0.00788581589222   -0.01408567468117  
  5.890000    0.00781126370528   -0.01397120669977  
  5.900000    0.00773744987934   -0.01385749528420  
  5.910000    0.00766437011763   -0.01374453860845  
  5.920000    0.00759202023150   -0.01363233582122  
  5.930000    0.00752039610937   -0.01352088702223  
  5.940000    0.00744949368564   -0.01341019322995  
  5.950000    0.00737930891027   -0.01330025634097  
  5.960000    0.00730983771893   -0.01319107908133  
  5.970000    0.00724107600429   -0.01308266495047  
  5.980000    0.00717301958844   -0.01297501815800  
  5.990000    0.00710566419694   -0.01286814355423  
  6.000000    0.00703900543459   -0.01276204655474  
  6.010000    0.00697303876305   -0.01265673305999  
  6.020000    0.00690775948077   -0.01255220937048  
  6.030000    0.00684316270509   -0.01244848209835  
  6.040000    0.00677924335688   -0.01234555807623  
  6.050000    0.00671599614778   -0.01224344426409  
  6.060000    0.00665341557005   -0.01214214765498  
  6.070000    0.00659149588925   -0.01204167518056  
  6.080000    0.00653023113968   -0.01194203361717  
  6.090000    0.00646961512266   -0.01184322949333  
  6.100000    0.00640964140763   -0.01174526899959  
  6.110000    0.00635030333601   -0.01164815790131  
  6.120000    0.00629159402774   -0.01155190145542  
  6.130000    0.00623350639059   -0.01145650433165  
  6.140000    0.00617603313181   -0.01136197053907  
  6.150000    0.00611916677230   -0.01126830335858  
  6.160000    0.00606289966293   -0.01117550528180  
  6.170000    0.00600722400299   -0.01108357795704  
  6.180000    0.00595213186046   -0.01099252214271  
  6.190000    0.00589761519390   -0.01090233766862  
  6.200000    0.00584366587585   -0.01081302340540  
  6.210000    0.00579027571733   -0.01072457724233  
  6.220000    0.00573743649335   -0.01063699607375  
  6.230000    0.00568513996910   -0.01055027579410  
  6.240000    0.00563337792654   -0.01046441130157  
  6.250000    0.00558214219115   -0.01037939651032  
  6.260000    0.00553142465868   -0.01029522437112  
  6.270000    0.00548121732141   -0.01021188690009  
  6.280000    0.00543151229396   -0.01012937521530  
  6.290000    0.00538230183807   -0.01004767958089  
  6.300000    0.00533357838648   -0.00996678945816  
  6.310000    0.00528533456535   -0.00988669356315  
  6.320000    0.00523756321523   -0.00980737993022  
  6.330000    0.00519025741030   -0.00972883598088  
  6.340000    0.00514341047567   -0.00965104859738  
  6.350000    0.00509701600271   -0.00957400420007  
  6.360000    0.00505106786208   -0.00949768882819  
  6.370000    0.00500556021456   -0.00942208822295  
  6.380000    0.00496048751935   -0.00934718791233  
  6.390000    0.00491584454003   -0.00927297329673  
  6.400000    0.00487162634789   -0.00919942973478  
  6.410000    0.00482782832278   -0.00912654262828  
  6.420000    0.00478444615138   -0.00905429750580  
  6.430000    0.00474147582301   -0.00898268010393  
  6.440000    0.00469891362291   -0.00891167644553  
  6.450000    0.00465675612318   -0.00884127291434  
  6.460000    0.00461500017142   -0.00877145632514  
  6.470000    0.00457364287715   -0.00870221398902  
  6.480000    0.00453268159627   -0.00863353377298  
  6.490000    0.00449211391352   -0.00856540415359  
  6.500000    0.00445193762339   -0.00849781426399  
  6.510000    0.00441215070935   -0.00843075393409  
  6.520000    0.00437275132185   -0.00836421372352  
  6.530000    0.00433373775520   -0.00829818494702  
  6.540000    0.00429510842355   -0.00823265969228  
  6.550000    0.00425686183621   -0.00816763082996  
  6.560000    0.00421899657258   -0.00810309201597  
  6.570000    0.00418151125689   -0.00803903768595  
  6.580000    0.00414440453296   -0.00797546304218  
  6.590000    0.00410767503931   -0.00791236403309  
  6.600000    0.00407132138474   -0.00784973732555  
  6.610000    0.00403534212472   -0.00778758027038  
  6.620000    0.00399973573868   -0.00772589086145  
  6.630000    0.00396450060854   -0.00766466768877  
  6.640000    0.00392963499858   -0.00760390988614  
  6.650000    0.00389513703688   -0.00754361707391  
  6.660000    0.00386100469845   -0.00748378929748  
  6.670000    0.00382723579024   -0.00742442696211  
  6.680000    0.00379382793819   -0.00736553076484  
  6.690000    0.00376077857633   -0.00730710162410  
  6.700000    0.00372808493809   -0.00724914060782  
  6.710000    0.00369574404992   -0.00719164886080  
  6.720000    0.00366375272716   -0.00713462753194  
  6.730000    0.00363210757233   -0.00707807770224  
  6.740000    0.00360080497564   -0.00702200031423  
  6.750000    0.00356984111798   -0.00696639610347  
  6.760000    0.00353921197603   -0.00691126553298  
  6.770000    0.00350891332973   -0.00685660873111  
  6.780000    0.00347894077177   -0.00680242543351  
  6.790000    0.00344928971920   -0.00674871492987  
  6.800000    0.00341995542685   -0.00669547601588  
  6.810000    0.00339093300266   -0.00664270695086  
  6.820000    0.00336221742448   -0.00659040542162  
  6.830000    0.00333380355841   -0.00653856851279  
  6.840000    0.00330568617834   -0.00648719268398  
  6.850000    0.00327785998663   -0.00643627375399  
  6.860000    0.00325031963559   -0.00638580689223  
  6.870000    0.00322305974964   -0.00633578661745  
  6.880000    0.00319607494792   -0.00628620680379  
  6.890000    0.00316935986709   -0.00623706069407  
  6.900000    0.00314290918419   -0.00618834092031  
  6.910000    0.00311671763920   -0.00614003953113  
  6.920000    0.00309078005729   -0.00609214802586  
  6.930000    0.00306509137025   -0.00604465739503  
  6.940000    0.00303964663730   -0.00599755816686  
  6.950000    0.00301444106465   -0.00595084045916  
  6.960000    0.00298947002396   -0.00590449403642  
  6.970000    0.00296472906940   -0.00585850837123  
  6.980000    0.00294021395309   -0.00581287270963  
  6.990000    0.00291592063893   -0.00576757613969  
  7.000000    0.00289184531454   -0.00572260766266  
  7.010000    0.00286798440133   -0.00567795626595  
  7.020000    0.00284433456254   -0.00563361099735  
  7.030000    0.00282089270914   -0.00558956103961  
  7.040000    0.00279765600367   -0.00554579578473  
  7.050000    0.00277462186190   -0.00550230490728  
  7.060000    0.00275178795228   -0.00545907843590  
  7.070000    0.00272915219324   -0.00541610682238  
  7.080000    0.00270671274839   -0.00537338100763  
  7.090000    0.00268446801960   -0.00533089248377  
  7.100000    0.00266241663811   -0.00528863335195  
  7.110000    0.00264055745367   -0.00524659637501  
  7.120000    0.00261888952191   -0.00520477502480  
  7.130000    0.00259741209002   -0.00516316352334  
  7.140000    0.00257612458084   -0.00512175687767  
  7.150000    0.00255502657559   -0.00508055090787  
  7.160000    0.00253411779536   -0.00503954226802  
  7.170000    0.00251339808151   -0.00499872845979  
  7.180000    0.00249286737524   -0.00495810783864  
  7.190000    0.00247252569647   -0.00491767961238  
  7.200000    0.00245237312221   -0.00487744383222  
  7.210000    0.00243240976469   -0.00483740137617  
  7.220000    0.00241263574938   -0.00479755392517  
  7.230000    0.00239305119312   -0.00475790393190  
  7.240000    0.00237365618265   -0.00471845458271  
  7.250000    0.00235445075359   -0.00467920975289  
  7.260000    0.00233543487016   -0.00464017395571  
  7.270000    0.00231660840581   -0.00460135228575  
  7.280000    0.00229797112492   -0.00456275035692  
  7.290000    0.00227952266572   -0.00452437423577  
  7.300000    0.00226126252464   -0.00448623037075  
  7.310000    0.00224319004212   -0.00444832551799  
  7.320000    0.00222530439019   -0.00441066666432  
  7.330000    0.00220760456166   -0.00437326094824  
  7.340000    0.00219008936131   -0.00433611557953  
  7.350000    0.00217275739889   -0.00429923775833  
  7.360000    0.00215560708417   -0.00426263459428  
  7.370000    0.00213863662399   -0.00422631302669  
  7.380000    0.00212184402134   -0.00419027974627  
  7.390000    0.00210522707646   -0.00415454111926  
  7.400000    0.00208878339002   -0.00411910311470  
  7.410000    0.00207251036818   -0.00408397123540  
  7.420000    0.00205640522964   -0.00404915045335  
  7.430000    0.00204046501457   -0.00401464515016  
  7.440000    0.00202468659516   -0.00398045906308  
  7.450000    0.00200906668798   -0.00394659523710  
  7.460000    0.00199360186777   -0.00391305598356  
  7.470000    0.00197828858269   -0.00387984284576  
  7.480000    0.00196312317070   -0.00384695657177  
  7.490000    0.00194810187723   -0.00381439709481  
  7.500000    0.00193322087358   -0.00378216352125  
  7.510000    0.00191847627618   -0.00375025412656  
  7.520000    0.00190386416638   -0.00371866635908  
  7.530000    0.00188938061064   -0.00368739685156  
  7.540000    0.00187502168093   -0.00365644144059  
  7.550000    0.00186078347510   -0.00362579519347  
  7.560000    0.00184666213708   -0.00359545244247  
  7.570000    0.00183265387676   -0.00356540682610  
  7.580000    0.00181875498928   -0.00353565133698  
  7.590000    0.00180496187359   -0.00350617837587  
  7.600000    0.00179127105018   -0.00347697981146  
  7.610000    0.00177767917767   -0.00344804704525  
  7.620000    0.00176418306836   -0.00341937108091  
  7.630000    0.00175077970224   -0.00339094259754  
  7.640000    0.00173746623975   -0.00336275202619  
  7.650000    0.00172424003283   -0.00333478962873  
  7.660000    0.00171109863439   -0.00330704557852  
  7.670000    0.00169803980602   -0.00327951004206  
  7.680000    0.00168506152387   -0.00325217326082  
  7.690000    0.00167216198277   -0.00322502563252  
  7.700000    0.00165933959838   -0.00319805779105  
  7.710000    0.00164659300750   -0.00317126068434  
  7.720000    0.00163392106651   -0.00314462564938  
  7.730000    0.00162132284794   -0.00311814448371  
  7.740000    0.00160879763522   -0.00309180951269  
  7.750000    0.00159634491568   -0.00306561365187  
  7.760000    0.00158396437188   -0.00303955046400  
  7.770000    0.00157165587131   -0.00301361420994  
  7.780000    0.00155941945463   -0.00298779989308  
  7.790000    0.00154725532248   -0.00296210329692  
  7.800000    0.00153516382110   -0.00293652101526  
  7.810000    0.00152314542679   -0.00291105047482  
  7.820000    0.00151120072941   -0.00288568995006  
  7.830000    0.00149933041511   -0.00286043857001  
  7.840000    0.00148753524833   -0.00283529631702  
  7.850000    0.00147581605340   -0.00281026401748  
  7.860000    0.00146417369579   -0.00278534332448  
  7.870000    0.00145260906321   -0.00276053669274  
  7.880000    0.00144112304681   -0.00273584734572  
  7.890000    0.00142971652253   -0.00271127923560  
  7.900000    0.00141839033281   -0.00268683699614  
  7.910000    0.00140714526897   -0.00266252588898  
  7.920000    0.00139598205412   -0.00263835174403  
  7.930000    0.00138490132708   -0.00261432089413  
  7.940000    0.00137390362720   -0.00259044010497  
  7.950000    0.00136298938040   -0.00256671650066  
  7.960000    0.00135215888636   -0.00254315748576  
  7.970000    0.00134141230720   -0.00251977066438  
  7.980000    0.00133074965755   -0.00249656375733  
  7.990000    0.00132017079618   -0.00247354451779  
  8.000000    0.00130967541930   -0.00245072064655  
  8.010000    0.00129926305546   -0.00242809970745  
  8.020000    0.00128893306224   -0.00240568904394  
  8.030000    0.00127868462462   -0.00238349569744  
  8.040000    0.00126851675516   -0.00236152632833  
  8.050000    0.00125842829581   -0.00233978714030  
  8.060000    0.00124841792156   -0.00231828380885  
  8.070000    0.00123848414569   -0.00229702141446  
  8.080000    0.00122862532660   -0.00227600438129  
  8.090000    0.00121883967631   -0.00225523642182  
  8.100000    0.00120912527027   -0.00223472048803  
  8.110000    0.00119948005870   -0.00221445872968  
  8.120000    0.00118990187902   -0.00219445245997  
  8.130000    0.00118038846957   -0.00217470212897  
  8.140000    0.00117093748423   -0.00215520730516  
  8.150000    0.00116154650801   -0.00213596666525  
  8.160000    0.00115221307325   -0.00211697799226  
  8.170000    0.00114293467651   -0.00209823818216  
  8.180000    0.00113370879584   -0.00207974325886  
  8.190000    0.00112453290823   -0.00206148839741  
  8.200000    0.00111540450733   -0.00204346795539  
  8.210000    0.00110632112091   -0.00202567551205  
  8.220000    0.00109728032830   -0.00200810391494  
  8.230000    0.00108827977726   -0.00199074533366  
  8.240000    0.00107931720045   -0.00197359132008  
  8.250000    0.00107039043118   -0.00195663287477  
  8.260000    0.00106149741831   -0.00193986051868  
  8.270000    0.00105263624021   -0.00192326436978  
  8.280000    0.00104380511767   -0.00190683422367  
  8.290000    0.00103500242556   -0.00189055963757  
  8.300000    0.00102622670322   -0.00187443001691  
  8.310000    0.00101747666346   -0.00185843470363  
  8.320000    0.00100875120005   -0.00184256306546  
  8.330000    0.00100004939374   -0.00182680458526  
  8.340000    0.00099137051663   -0.00181114894972  
  8.350000    0.00098271403495   -0.00179558613636  
  8.360000    0.00097407961015   -0.00178010649825  
  8.370000    0.00096546709836   -0.00176470084549  
  8.380000    0.00095687654822   -0.00174936052271  
  8.390000    0.00094830819702   -0.00173407748185  
  8.400000    0.00093976246528   -0.00171884434955  
  8.410000    0.00093123994979   -0.00170365448839  
  8.420000    0.00092274141513   -0.00168850205155  
  8.430000    0.00091426778381   -0.00167338203013  
  8.440000    0.00090582012507   -0.00165829029286  
  8.450000    0.00089739964249   -0.00164322361766  
  8.460000    0.00088900766040   -0.00162817971473  
  8.470000    0.00088064560941   -0.00161315724103  
  8.480000    0.00087231501100   -0.00159815580573  
  8.490000    0.00086401746136   -0.00158317596684  
  8.500000    0.00085575461469   -0.00156821921876  
  8.510000    0.00084752816603   -0.00155328797092  
  8.520000    0.00083933983374   -0.00153838551769  
  8.530000    0.00083119134191   -0.00152351599969  
  8.540000    0.00082308440272   -0.00150868435702  
  8.550000    0.00081502069896   -0.00149389627451  
  8.560000    0.00080700186684   -0.00147915811972  
  8.570000    0.00079902947927   -0.00146447687414  
  8.580000    0.00079110502972   -0.00144986005810  
  8.590000    0.00078322991680   -0.00143531565022  
  8.600000    0.00077540542970   -0.00142085200201  
  8.610000    0.00076763273457   -0.00140647774842  
  8.620000    0.00075991286209   -0.00139220171513  
  8.630000    0.00075224669613   -0.00137803282348  
  8.640000    0.00074463496373   -0.00136397999387  
  8.650000    0.00073707822649   -0.00135005204852  
  8.660000    0.00072957687336   -0.00133625761446  
  8.670000    0.00072213111493   -0.00132260502780  
  8.680000    0.00071474097930   -0.00130910223993  
  8.690000    0.00070740630949   -0.00129575672684  
  8.700000    0.00070012676247   -0.00128257540209  
  8.710000    0.00069290180978   -0.00126956453459  
  8.720000    0.00068573073977   -0.00125672967170  
  8.730000    0.00067861266135   -0.00124407556864  
  8.740000    0.00067154650937   -0.00123160612470  
  8.750000    0.00066453105144   -0.00121932432708  
  8.760000    0.00065756489617   -0.00120723220276  
  8.770000    0.00065064650281   -0.00119533077901  
  8.780000    0.00064377419217   -0.00118362005297  
  8.790000    0.00063694615871   -0.00117209897059  
  8.800000    0.00063016048375   -0.00116076541521  
  8.810000    0.00062341514960   -0.00114961620601  
  8.820000    0.00061670805465   -0.00113864710633  
  8.830000    0.00061003702913   -0.00112785284197  
  8.840000    0.00060339985145   -0.00111722712925  
  8.850000    0.00059679426515   -0.00110676271276  
  8.860000    0.00059021799602   -0.00109645141250  
  8.870000    0.00058366876954   -0.00108628417996  
  8.880000    0.00057714432835   -0.00107625116291  
  8.890000    0.00057064244960   -0.00106634177810  
  8.900000    0.00056416096215   -0.00105654479153  
  8.910000    0.00055769776332   -0.00104684840547  
  8.920000    0.00055125083526   -0.00103724035152  
  8.930000    0.00054481826059   -0.00102770798891  
  8.940000    0.00053839823740   -0.00101823840730  
  8.950000    0.00053198909330   -0.00100881853295  
  8.960000    0.00052558929856   -0.00099943523760  
  8.970000    0.00051919747814   -0.00099007544890  
  8.980000    0.00051281242259   -0.00098072626145  
  8.990000    0.00050643309771   -0.00097137504754  
  9.000000    0.00050005865279   -0.00096200956652  
  9.010000    0.00049368842761   -0.00095261807170  
  9.020000    0.00048732195792   -0.00094318941407  
  9.030000    0.00048095897943   -0.00093371314159  
  9.040000    0.00047459943037   -0.00092417959331  
  9.050000    0.00046824345247   -0.00091457998731  
  9.060000    0.00046189139040   -0.00090490650179  
  9.070000    0.00045554378976   -0.00089515234826  
  9.080000    0.00044920139354   -0.00088531183640  
  9.090000    0.00044286513706   -0.00087538042969  
  9.100000    0.00043653614152   -0.00086535479141  
  9.110000    0.00043021570622   -0.00085523282044  
  9.120000    0.00042390529937   -0.00084501367637  
  9.130000    0.00041760654769   -0.00083469779383  
  9.140000    0.00041132122486   -0.00082428688552  
  9.150000    0.00040505123889   -0.00081378393407  
  9.160000    0.00039879861846   -0.00080319317255  
  9.170000    0.00039256549846   -0.00079252005373  
  9.180000    0.00038635410464   -0.00078177120825  
  9.190000    0.00038016673775   -0.00077095439207  
  9.200000    0.00037400575699   -0.00076007842335  
  9.210000    0.00036787356313   -0.00074915310939  
  9.220000    0.00036177258133   -0.00073818916416  
  9.230000    0.00035570524373   -0.00072719811697  
  9.240000    0.00034967397201   -0.00071619221302  
  9.250000    0.00034368116011   -0.00070518430667  
  9.260000    0.00033772915698   -0.00069418774826  
  9.270000    0.00033182024982   -0.00068321626534  
  9.280000    0.00032595664764   -0.00067228383941  
  9.290000    0.00032014046543   -0.00066140457904  
  9.300000    0.00031437370896   -0.00065059259059  
  9.310000    0.00030865826032   -0.00063986184745  
  9.320000    0.00030299586441   -0.00062922605906  
  9.330000    0.00029738811625   -0.00061869854071  
  9.340000    0.00029183644943   -0.00060829208534  
  9.350000    0.00028634212558   -0.00059801883833  
  9.360000    0.00028090622510   -0.00058789017653  
  9.370000    0.00027552963902   -0.00057791659239  
  9.380000    0.00027021306220   -0.00056810758443  
  9.390000    0.00026495698778   -0.00055847155478  
  9.400000    0.00025976170305   -0.00054901571501  
  9.410000    0.00025462728652   -0.00053974600067  
  9.420000    0.00024955360641   -0.00053066699574  
  9.430000    0.00024454032043   -0.00052178186728  
  9.440000    0.00023958687670   -0.00051309231093  
  9.450000    0.00023469251590   -0.00050459850767  
  9.460000    0.00022985627434   -0.00049629909196  
  9.470000    0.00022507698790   -0.00048819113120  
  9.480000    0.00022035329642   -0.00048027011624  
  9.490000    0.00021568364819   -0.00047252996231  
  9.500000    0.00021106630417   -0.00046496301912  
  9.510000    0.00020649934108   -0.00045756008877  
  9.520000    0.00020198065250   -0.00045031044891  
  9.530000    0.00019750794703   -0.00044320187845  
  9.540000    0.00019307874195   -0.00043622068154  
  9.550000    0.00018869035077   -0.00042935170530  
  9.560000    0.00018433986270   -0.00042257834496  
  9.570000    0.00018002411195   -0.00041588252965  
  9.580000    0.00017573963427   -0.00040924468092  
  9.590000    0.00017148260869   -0.00040264363542  
  9.600000    0.00016724878229   -0.00039605652373  
  9.610000    0.00016303337660   -0.00038945859783  
  9.620000    0.00015883097551   -0.00038282300257  
  9.630000    0.00015463539617   -0.00037612049046  
  9.640000    0.00015043954701   -0.00036931908550  
  9.650000    0.00014623527987   -0.00036238371089  
  9.660000    0.00014201324766   -0.00035527580690  
  9.670000    0.00013776278304   -0.00034795297938  
  9.680000    0.00013347181873   -0.00034036873555  
  9.690000    0.00012912687447   -0.00033247238082  
  9.700000    0.00012471313985   -0.00032420916613  
  9.710000    0.00012021468450   -0.00031552078862  
  9.720000    0.00011561482694   -0.00030634635475  
  9.730000    0.00011089669056   -0.00029662391212  
  9.740000    0.00010604396700   -0.00028629264034  
  9.750000    0.00010104189568   -0.00027529575939  
  9.760000    0.00009587845033   -0.00026358416430  
  9.770000    0.00009054570203   -0.00025112072737  
  9.780000    0.00008504130255   -0.00023788512536  
  9.790000    0.00007937000474   -0.00022387895497  
  9.800000    0.00007354511030   -0.00020913080220  
  9.810000    0.00006758971315   -0.00019370084172  
  9.820000    0.00006153759181   -0.00017768447346  
  9.830000    0.00005543360059   -0.00016121446870  
  9.840000    0.00004933342044   -0.00014446111048  
  9.850000    0.00004330255673   -0.00012762988220  
  9.860000    0.00003741451526   -0.00011095638956  
  9.870000    0.00003174814637   -0.00009469839113  
  9.880000    0.00002638421780   -0.00007912505423  
  9.890000    0.00002140135351   -0.00006450382399  
  9.900000    0.00001687155128   -0.00005108557238  
  9.910000    0.00001285555780   -0.00003908894718  
  9.920000    0.00000939842812   -0.00002868503785  
  9.930000    0.00000652561908   -0.00001998358532  
  9.940000    0.00000423995822   -0.00001302196276  
  9.950000    0.00000251978850   -0.00000775803216  
  9.960000    0.00000131851583   -0.00000406773811  
  9.970000    0.00000056568611   -0.00000174795117  
  9.980000    0.00000016959939   -0.00000052464921  
  9.990000    0.00000002134250   -0.00000006606705  
 10.000000   -0.00000000000000    0.00000000000000  
