0	6.440295328598761
1	5.518452088447471
2	4.699325565392263
3	3.9908262369979113
4	3.3900767729570758
5	2.8876779719504624
6	2.470790328436742
7	2.126012052218135
8	1.841035275107365
9	1.6051843261697643
10	1.4094728872812126
11	1.24647425854568
12	1.1101170431566423
13	0.9954690647092381
14	0.8985391827713707
15	0.8161049248265753
16	0.745565642398847
17	0.6848200074368911
18	0.6321662063443794
19	0.5862221908487234
20	0.5458628121167788
21	0.5101705877425124
22	0.4783969743131162
23	0.4499313782779075
24	0.4242757801251177
25	0.4010235809412174
26	0.3798418562120901
27	0.3604565535339771
28	0.3426403622543591
29	0.32620304768371533
30	0.3109839852040851
31	0.29684651031048026
32	0.2836736290835853
33	0.27136467434604106
34	0.25983261484130676
35	0.24900185531532779
36	0.2388064573789953
37	0.22918874889401114
38	0.22009827130053572
39	0.2114909592774008
40	0.20332840442679992
41	0.19557707255030995
42	0.18820742664524773
43	0.18119301172980262
44	0.17450962910924578
45	0.1681347344012137
46	0.16204713366225365
47	0.15622695337521297
48	0.1506557726612673
49	0.14531677496608403
50	0.14019481155201852
51	0.13527634103062727
52	0.13054927418135095
53	0.12600278115232458
54	0.12162710511572143
55	0.11741339396955197
56	0.11335354096596442
57	0.10944003302633652
58	0.10566583060346092
59	0.10202431687936526
60	0.098509336722028
61	0.09511530234334849
62	0.09183730112746809
63	0.08867113319148115
64	0.08561324226697206
65	0.08266056221425663
66	0.07981034478549343
67	0.07706003531272167
68	0.07440722499493461
69	0.07184966080360758
70	0.06938526967458693
71	0.06701216429202939
72	0.06472862690326447
73	0.06253308734491703
74	0.0604241072429048
75	0.058400363695008416
76	0.05646061506155711
77	0.05460364191067706
78	0.05282817890371809
79	0.051132866524998856
80	0.04951624140752778
81	0.047976758459096984
82	0.04651281911862361
83	0.04512278341094288
84	0.04380496370922063
85	0.04255761505377744
86	0.041378935536629795
87	0.04026707491315595
88	0.039220138094250255
89	0.038236175038592286
90	0.03731316441478144
91	0.03644900823695477
92	0.03564154792982098
93	0.034888595462708845
94	0.034187962508662
95	0.03353747506846444
96	0.03293497420570543
97	0.03237831183020469
98	0.03186534779853793
99	0.03139394747211727
100	0.03096197713341653
101	0.030567299753841138
102	0.030207777785612
103	0.02988128618130212
104	0.02958573049616483
105	0.029319060751641684
106	0.029079276391710505
107	0.02886442609807162
108	0.028672609714643388
109	0.02850198545616597
110	0.028350779560332637
111	0.02821729415840927
112	0.028099912541675147
113	0.027997103937537557
114	0.027907428826774876
115	0.02782954287369114
116	0.027762197039499493
117	0.027704234161985933
118	0.027654584757985635
119	0.027612264118626603
120	0.02757637013756685
121	0.027546080147109922
122	0.027520646457073875
123	0.027499392027104202
124	0.027481707387678925
125	0.027467048125694626
126	0.027454931417569068
127	0.027444931220881562
128	0.02743667325196652
129	0.027429830913970932
130	0.02742412209319165
131	0.027419305916421142
132	0.027415179018634588
133	0.02741157172009566
134	0.027408344584549577
135	0.027405385233012666
136	0.02740260501464402
137	0.02739993556002726
138	0.027397325683650026
139	0.027394738907620522
140	0.027392151334990053
141	0.027389549455959422
142	0.02738692787258673
143	0.027384287294567548
144	0.027381633033943323
145	0.02737897385260943
146	0.027376320903269403
147	0.027373686722720603
148	0.02737108441611079
149	0.027368527082504913
150	0.027366027364721802
151	0.027363597021819928
152	0.027361246573290997
153	0.027358985111646337
154	0.02735682026570082
155	0.02735475820106456
156	0.027352803598043558
157	0.027350959654373116
158	0.027349228166549163
159	0.02734760966096975
160	0.02734610350912043
161	0.027344708017413358
162	0.02734342053944026
163	0.027342237635808217
164	0.027341155247054296
165	0.027340168833998736
166	0.027339273481329442
167	0.02733846398870475
168	0.027337734959539062
169	0.02733708087858481
170	0.027336496178211288
171	0.027335975309286647
172	0.027335512823483833
173	0.027335103450183675
174	0.02733474214748929
175	0.027334424127887547
176	0.027334144875330722
177	0.02733390016391062
178	0.027333686073961826
179	0.02733349899964676
180	0.027333335649551368
181	0.02733319304363612
182	0.02733306850463624
183	0.027332959640869438
184	0.027332864323303323
185	0.02733278066362745
186	0.027332706996337275
187	0.02733264186262134
188	0.027332583993925887
189	0.027332532296067642
190	0.027332485834763925
191	0.02733244382100899
192	0.02733240559454291
193	0.027332370606450315
194	0.027332338403486253
195	0.027332308615037677
196	0.027332280941610762
197	0.027332255143824223
198	0.027332231032039855
199	0.02733220845697299
200	0.02733218730116595
201	0.02733216747141487
202	0.02733214889275179
203	0.02733213150421107
204	0.027332115255638768
205	0.027332100104649325
206	0.027332086013612384
207	0.02733207294715244
208	0.027332060870403095
209	0.0273320497478536
210	0.0273320395426098
211	0.02733203021604002
212	0.027332021727695298
213	0.027332014035315554
214	0.027332007094888224
215	0.027332000860943156
216	0.027331995287096896
217	0.027331990326693575
218	0.027331985933333906
219	0.0273319820613185
220	0.02733197866603428
221	0.027331975704267472
222	0.027331973134410752
223	0.027331970916630744
224	0.02733196901308355
225	0.027331967388150243
226	0.027331966008605005
227	0.027331964843703763
228	0.027331963865218745
229	0.027331963047416353
230	0.02733196236698741
231	0.027331961802961137
232	0.027331961336652107
233	0.027331960951611764
234	0.02733196063353351
235	0.027331960370084247
236	0.027331960150709815
237	0.02733195996645663
238	0.027331959809805025
239	0.027331959674524328
240	0.02733195955554319
241	0.027331959448826274
242	0.027331959351242743
243	0.027331959260414134
244	0.027331959174577987
245	0.02733195909247567
246	0.027331959013262477
247	0.027331958936423834
248	0.0273319588617062
249	0.027331958789050852
250	0.027331958718542982
251	0.02733195865036052
252	0.027331958584727624
253	0.02733195852188436
254	0.027331958462066847
255	0.027331958405491134
256	0.027331958352336996
257	0.027331958302740815
258	0.027331958256791185
259	0.02733195821452557
260	0.027331958175925986
261	0.02733195814092648
262	0.027331958109420424
263	0.027331958081268082
264	0.027331958056298532
265	0.02733195803431912
266	0.02733195801511867
267	0.02733195799847597
268	0.027331957984162197
269	0.027331957971949133
270	0.02733195796161316
271	0.027331957952934076
272	0.02733195794570594
273	0.02733195793972944
274	0.027331957934820912
275	0.02733195793081322
276	0.027331957927555876
277	0.02733195792491417
278	0.027331957922769757
279	0.02733195792102086
280	0.027331957919578927
281	0.02733195791837045
282	0.02733195791733393
283	0.027331957916419757
284	0.027331957915588692
285	0.027331957914810624
286	0.02733195791406201
287	0.02733195791332785
288	0.027331957912596568
289	0.027331957911862884
290	0.02733195791112482
291	0.02733195791038336
292	0.027331957909642653
293	0.027331957908906183
294	0.027331957908180483
295	0.027331957907470533
296	0.027331957906782042
297	0.027331957906120728
298	0.0273319579054907
299	0.027331957904897054
300	0.02733195790434156
301	0.027331957903826712
302	0.027331957903353854
303	0.02733195790292343
304	0.02733195790253465
305	0.027331957902187714
306	0.027331957901880418
307	0.027331957901610946
308	0.027331957901377175
309	0.027331957901176443
310	0.027331957901005895
311	0.027331957900863
312	0.027331957900744216
313	0.02733195790064685
314	0.027331957900568506
315	0.027331957900505535
316	0.027331957900455867
317	0.027331957900417918
318	0.02733195790038801
319	0.027331957900365595
320	0.02733195790034896
321	0.027331957900336684
322	0.02733195790032615
323	0.027331957900318435
324	0.027331957900311774
325	0.02733195790030603
326	0.027331957900299523
327	0.027331957900293174
328	0.0273319579002861
329	0.027331957900279077
330	0.02733195790027079
331	0.027331957900262417
332	0.027331957900253535
333	0.02733195790024372
334	0.02733195790023383
335	0.027331957900223587
336	0.02733195790021382
337	0.027331957900203353
338	0.027331957900193854
339	0.027331957900184185
340	0.02733195790017491
341	0.027331957900166078
342	0.027331957900158414
343	0.0273319579001506
344	0.0273319579001436
345	0.027331957900136792
346	0.027331957900131647
347	0.027331957900126238
348	0.02733195790012205
349	0.027331957900117894
350	0.02733195790011436
351	0.027331957900111226
352	0.027331957900108807
353	0.027331957900106577
354	0.027331957900104772
355	0.027331957900103135
356	0.02733195790010182
357	0.0273319579001013
358	0.027331957900100283
359	0.027331957900099416
360	0.027331957900098586
361	0.027331957900098375
362	0.027331957900098174
363	0.02733195790009773
364	0.02733195790009748
365	0.027331957900097105
366	0.027331957900096477
367	0.027331957900096807
368	0.027331957900096678
369	0.027331957900096446
370	0.027331957900096106
371	0.027331957900095568
372	0.02733195790009559
373	0.027331957900095568
374	0.027331957900095235
375	0.027331957900095277
376	0.02733195790009508
377	0.027331957900095058
378	0.02733195790009481
379	0.027331957900094638
380	0.0273319579000948
381	0.027331957900094347
382	0.02733195790009443
383	0.02733195790009445
384	0.027331957900094593
385	0.027331957900094087
386	0.02733195790009391
387	0.027331957900094364
388	0.027331957900094007
389	0.027331957900094142
390	0.027331957900094028
391	0.02733195790009406
392	0.027331957900093955
393	0.027331957900094465
394	0.02733195790009438
395	0.02733195790009382
396	0.027331957900094152
397	0.027331957900094232
398	0.027331957900094128
399	0.027331957900094295
400	0.02733195790009361
401	0.02733195790009395
402	0.027331957900093948
403	0.027331957900093896
404	0.027331957900093864
405	0.02733195790009425
406	0.02733195790009385
407	0.027331957900093646
408	0.027331957900093913
409	0.027331957900094055
410	0.027331957900093816
411	0.02733195790009415
412	0.027331957900094454
413	0.027331957900094187
414	0.027331957900093767
415	0.027331957900094177
416	0.027331957900093937
417	0.02733195790009401
418	0.02733195790009382
419	0.027331957900093982
420	0.02733195790009398
421	0.02733195790009385
422	0.02733195790009382
423	0.027331957900093948
424	0.027331957900093743
425	0.02733195790009393
426	0.02733195790009409
427	0.02733195790009408
428	0.027331957900093927
429	0.027331957900093778
430	0.027331957900093736
431	0.027331957900093642
432	0.027331957900093795
433	0.027331957900093917
434	0.0273319579000938
435	0.027331957900093618
436	0.02733195790009404
437	0.02733195790009376
438	0.02733195790009405
439	0.027331957900093847
440	0.027331957900093667
441	0.02733195790009376
442	0.027331957900093802
443	0.02733195790009408
444	0.027331957900093854
445	0.027331957900094083
446	0.027331957900093698
447	0.027331957900093733
448	0.02733195790009406
449	0.027331957900093996
450	0.02733195790009378
451	0.027331957900094236
