<Coefficient>
	 3 Total number of radial orbitals.
	Type	L	Zeta-Orbital
	  Se 	0	    1
	   0.22795492962618
	   0.55118043018960
	   0.59683875472731
	   0.38356509632275
	   0.10810454231103
	  -0.11730848620187
	  -0.25208144016428
	  -0.30708121170756
	  -0.30162102219282
	  -0.25997912515206
	  -0.20119143666232
	  -0.14089147774380
	  -0.08825488440752
	  -0.04776444770845
	  -0.01999887846685
	  -0.00389564025087
	   0.00317835004846
	   0.00391269847719
	   0.00238975275975
	  -0.00019638855013
	  -0.00189328383015
	  -0.00293034899306
	  -0.00231667018815
	  -0.00145387902702
	   0.00039124779433
	   0.00133941533275
	   0.00249182206051
	   0.00218745341053
	Type	L	Zeta-Orbital
	  Se 	1	    1
	   0.30978995455419
	   0.67029596737066
	   0.76107243544627
	   0.63946641915908
	   0.44928225130674
	   0.26182642496576
	   0.11840300705701
	   0.01601082835767
	  -0.04176308672373
	  -0.06945152008437
	  -0.07029767795967
	  -0.05944332211784
	  -0.03954074771483
	  -0.02167759737942
	  -0.00384242083059
	   0.00683318625412
	   0.01501999311220
	   0.01484328077962
	   0.01498835101244
	   0.00990435925872
	   0.00783763010290
	   0.00198009684363
	   0.00147569173386
	  -0.00265166181293
	  -0.00032153299764
	  -0.00300180792279
	   0.00161544340340
	  -0.00350823452408
	Type	L	Zeta-Orbital
	  Se 	2	    1
	   0.00707183814529
	   0.03713294368798
	   0.10153426476071
	   0.20247058759554
	   0.33126424665313
	   0.47518397678892
	   0.62036955785501
	   0.75418260079841
	   0.86419117897285
	   0.94074111047967
	   0.97600360013348
	   0.96849101013024
	   0.91817045020494
	   0.83341960870266
	   0.72223825252866
	   0.59723626546400
	   0.46924803064336
	   0.34871710775927
	   0.24407219272456
	   0.15941845186587
	   0.09551933480833
	   0.05160798083460
	   0.02415028352176
	   0.00914881731257
	   0.00210818858939
	  -0.00006108944601
	  -0.00041626141734
	   0.00032044261985
</Coefficient>
<Mkb>
Left spillage = 6.9057690915e-03
</Mkb>
