<Coefficient>
	 8 Total number of radial orbitals.
	Type	L	Zeta-Orbital
	  Ne 	0	    1
	  -0.23201616788661
	   0.08900048571653
	   0.09052821235536
	   0.09125811404787
	   0.06438832863914
	   0.05717591627385
	   0.03613473449944
	   0.03008793693598
	   0.01260909943665
	   0.01323877183848
	  -0.00029451247535
	   0.00633851736862
	  -0.00668403480359
	   0.00515375001778
	  -0.00892346131054
	   0.00683503591937
	  -0.00995679691550
	   0.00953011478292
	  -0.01155116208617
	   0.01319604469649
	  -0.01594602650022
	   0.02668280758507
	Type	L	Zeta-Orbital
	  Ne 	0	    2
	   0.18016238993290
	   0.16243047543438
	   0.26139213113830
	   0.29113212713729
	   0.27931310447509
	   0.23030194061588
	   0.17896366655178
	   0.12425988503079
	   0.08407654389183
	   0.04658025530401
	   0.02655472960590
	   0.00658053907620
	   0.00329930472388
	  -0.00662685478502
	  -0.00077129854617
	  -0.00736536580684
	   0.00217658275808
	  -0.00558717065336
	   0.00552322582130
	  -0.00590733916230
	   0.00817154245185
	  -0.01242677194515
	Type	L	Zeta-Orbital
	  Ne 	0	    3
	  -0.51828915849906
	  -0.70940406154430
	  -0.22601347598803
	   0.12594742617076
	   0.68957964000411
	   0.46450648924823
	   0.38617916954172
	   0.30286697244570
	   0.44433451595272
	   0.26556908446019
	   0.16666352488484
	   0.09117345767160
	   0.11584104084927
	   0.00669369999910
	   0.05435120271374
	   0.02014703023541
	   0.06147104587106
	  -0.00261170919936
	   0.03873934933293
	  -0.05693323266007
	   0.03376994938424
	  -0.07090951215896
	Type	L	Zeta-Orbital
	  Ne 	1	    1
	   0.23913400665847
	  -0.35491017105119
	  -0.22757068987154
	  -0.24345519274570
	  -0.18704108780460
	  -0.19755675246520
	  -0.15124472955569
	  -0.15843964132473
	  -0.10830852506419
	  -0.11297514405925
	  -0.05950222996201
	  -0.07233393400472
	  -0.01831292495562
	  -0.04339673823035
	   0.00990255166235
	  -0.03018400823007
	   0.02546406813368
	  -0.03044389029428
	   0.03443842336291
	  -0.03933372498665
	   0.04983098542945
	  -0.14702143583963
	Type	L	Zeta-Orbital
	  Ne 	1	    2
	   0.31230864238417
	  -0.14384127700668
	   0.09371881661856
	   0.15066104148152
	   0.24600878726443
	   0.24588835298037
	   0.27873716817760
	   0.23795956125986
	   0.23918659845071
	   0.17550930323461
	   0.16588878695791
	   0.09204332535497
	   0.09220821959569
	   0.02367910988432
	   0.04544676863466
	  -0.01481147124317
	   0.02980891425848
	  -0.03062048391744
	   0.03348342424276
	  -0.03948187558213
	   0.05029439805840
	  -0.14628941386767
	Type	L	Zeta-Orbital
	  Ne 	1	    3
	   0.63922973863603
	   0.82323492337843
	  -0.23413939838517
	  -0.48802922499674
	  -0.50277533952055
	  -0.31623050640831
	  -0.12540257900123
	   0.15911214765663
	   0.30183016337580
	   0.40008033474612
	   0.41443303101544
	   0.49973359788627
	   0.49352382713085
	   0.48882424665557
	   0.33515982457046
	   0.26806926711417
	   0.11199199304240
	   0.09360779397547
	  -0.05499678616341
	  -0.06377094602688
	  -0.07638305922722
	   0.07314723289270
	Type	L	Zeta-Orbital
	  Ne 	2	    1
	  -0.21602561913726
	  -0.40187932307408
	  -0.40929806150222
	  -0.44846525601231
	  -0.39007933329660
	  -0.31359865435034
	  -0.20750627601178
	  -0.16847056340509
	  -0.11369932785663
	  -0.07339329316579
	  -0.03053173570126
	  -0.02225841169296
	  -0.00011908999675
	  -0.01475573258094
	   0.01165653754353
	  -0.00852390028566
	   0.01002319475053
	  -0.01544596281176
	   0.01499430832942
	  -0.01809863163541
	   0.01354249346521
	  -0.14317900238039
	Type	L	Zeta-Orbital
	  Ne 	2	    2
	   1.09488241396881
	   0.00359523454771
	  -0.55284419546464
	  -0.68833716298347
	  -0.23579038498900
	  -0.13663433527472
	  -0.14768658650996
	  -0.23622704831148
	   0.08726204109476
	   0.11307995078541
	   0.11787417426465
	  -0.09433542217617
	   0.06441270181025
	  -0.04881194774451
	   0.04962155878204
	  -0.07746454187050
	   0.09921928862671
	  -0.05393355315923
	   0.09392902585748
	  -0.07974303145721
	   0.03901880083807
	  -0.81215967695701
</Coefficient>
<Mkb>
Left spillage = 1.8153832422e-05
</Mkb>
