  0.000000    0.53694120754391    2.07823075856681    0.00000000000000    0.00000000000000  
  0.010000    0.53688555286049    2.07806748776464    0.02696814124805   -0.00018228164441  
  0.020000    0.53671860063921    2.07757775292459    0.05392037699784   -0.00072891174383  
  0.030000    0.53644038640339    2.07676178668881    0.08084081768994   -0.00163924618066  
  0.040000    0.53605096947935    2.07561997660376    0.10771360561989   -0.00291221270387  
  0.050000    0.53555043317644    2.07415286483467    0.13452293080930   -0.00454631284205  
  0.060000    0.53493888503692    2.07236114776593    0.16125304680920   -0.00653962457318  
  0.070000    0.53421645715327    2.07024567548779    0.18788828641346   -0.00888980574228  
  0.080000    0.53338330655027    2.06780745116950    0.21441307726005   -0.01159409821622  
  0.090000    0.53243961562839    2.06504763031938    0.24081195729804   -0.01464933276229  
  0.100000    0.53138559266440    2.06196751993222    0.26706959009885   -0.01805193463514  
  0.110000    0.53022147236493    2.05856857752443    0.29317077999011   -0.02179792985425  
  0.120000    0.52894751646773    2.05485241005765    0.31910048699107   -0.02588295215248  
  0.130000    0.52756401438544    2.05082077275140    0.34484384152886   -0.03030225057383  
  0.140000    0.52607128388591    2.04647556778550    0.37038615891524   -0.03505069769700  
  0.150000    0.52446967180287    2.04181884289311    0.39571295356387   -0.04012279845953  
  0.160000    0.52275955477060    2.03685278984526    0.42080995292882   -0.04551269955583  
  0.170000    0.52094133997570    2.03157974282792    0.44566311114524   -0.05121419938070  
  0.180000    0.51901546591907    2.02600217671257    0.47025862235394   -0.05722075848907  
  0.190000    0.51698240318117    2.02012270522166    0.49458293369213   -0.06352551054118  
  0.200000    0.51484265518309    2.01394407898994    0.51862275793296   -0.07012127370160  
  0.210000    0.51259675893657    2.00746918352332    0.54236508575752   -0.07700056245976  
  0.220000    0.51024528577557    2.00070103705662    0.56579719764337   -0.08415559983881  
  0.230000    0.50778884206248    1.99364278831167    0.58890667535431   -0.09157832995927  
  0.240000    0.50522806986190    1.98629771415775    0.61168141301719   -0.09926043092354  
  0.250000    0.50256364757541    1.97866921717587    0.63410962777178   -0.10719332798716  
  0.260000    0.49979629053072    1.97076082312907    0.65617986998094   -0.11536820698277  
  0.270000    0.49692675151919    1.96257617834054    0.67788103298887   -0.12377602796273  
  0.280000    0.49395582127570    1.95411904698197    0.69920236241615   -0.13240753902673  
  0.290000    0.49088432889571    1.94539330827416    0.72013346498094   -0.14125329030112  
  0.300000    0.48771314218428    1.93640295360247    0.74066431683676   -0.15030364803732  
  0.310000    0.48444316793275    1.92715208354954    0.76078527141801   -0.15954880879721  
  0.320000    0.48107535211902    1.91764490484795    0.78048706678515   -0.16897881369436  
  0.330000    0.47761068002799    1.90788572725554    0.79976083246266   -0.17858356266088  
  0.340000    0.47405017628934    1.89787896035629    0.81859809576326   -0.18835282871063  
  0.350000    0.47039490483032    1.88762911028984    0.83699078759340   -0.19827627217069  
  0.360000    0.46664596874195    1.87714077641255    0.85493124773528   -0.20834345485418  
  0.370000    0.46280451005758    1.86641864789357    0.87241222960204   -0.21854385414895  
  0.380000    0.45887170944326    1.85546750024913    0.88942690446339   -0.22886687699773  
  0.390000    0.45484878580031    1.84429219181843    0.90596886513990   -0.23930187374696  
  0.400000    0.45073699578081    1.83289766018487    0.92203212916505   -0.24983815184289  
  0.410000    0.44653763321743    1.82128891854611    0.93761114141511   -0.26046498935494  
  0.420000    0.44225202846968    1.80947105203672    0.95270077620758   -0.27117164830785  
  0.430000    0.43788154768912    1.79744921400736    0.96729633887002   -0.28194738780565  
  0.440000    0.43342759200675    1.78522862226426    0.98139356678175   -0.29278147693192  
  0.450000    0.42889159664626    1.77281455527307    0.99498862989189   -0.30366320741222  
  0.460000    0.42427502996722    1.76021234833114    1.00807813071788   -0.31458190602618  
  0.470000    0.41957939244297    1.74742738971233    1.02065910382952   -0.32552694675800  
  0.480000    0.41480621557813    1.73446511678853    1.03272901482445   -0.33648776267547  
  0.490000    0.40995706077123    1.72133101213206    1.04428575880138   -0.34745385752898  
  0.500000    0.40503351812814    1.70803059960337    1.05532765833863   -0.35841481706332  
  0.510000    0.40003720523232    1.69456944042810    1.06585346098584   -0.36936032003600  
  0.520000    0.39496976587814    1.68095312926798    1.07586233627762   -0.38028014893725  
  0.530000    0.38983286877371    1.66718729028981    1.08535387227854   -0.39116420040758  
  0.540000    0.38462820621962    1.65327757323690    1.09432807166941   -0.40200249535004  
  0.550000    0.37935749277031    1.63922964950720    1.10278534738557   -0.41278518873490  
  0.560000    0.37402246388467    1.62504920824244    1.11072651781835   -0.42350257909541  
  0.570000    0.36862487457225    1.61074195243264    1.11815280159150   -0.43414511771402  
  0.580000    0.36316649804178    1.59631359504006    1.12506581192480   -0.44470341749885  
  0.590000    0.35764912435810    1.58176985514692    1.13146755059783   -0.45516826155096  
  0.600000    0.35207455911372    1.56711645413096    1.13736040152684   -0.46553061142311  
  0.610000    0.34644462212075    1.55235911187283    1.14274712396872   -0.47578161507127  
  0.620000    0.34076114612889    1.53750354299949    1.14763084536583   -0.48591261450031  
  0.630000    0.33502597557453    1.52255545316735    1.15201505384632   -0.49591515310529  
  0.640000    0.32924096536589    1.50752053538904    1.15590359039459   -0.50578098271018  
  0.650000    0.32340797970854    1.49240446640757    1.15930064070690   -0.51550207030554  
  0.660000    0.31752889097530    1.47721290312143    1.16221072674752   -0.52507060448685  
  0.670000    0.31160557862388    1.46195147906415    1.16463869802086   -0.53447900159490  
  0.680000    0.30563992816531    1.44662580094173    1.16658972257527   -0.54371991155966  
  0.690000    0.29963383018554    1.43124144523117    1.16806927775449   -0.55278622344856  
  0.700000    0.29358917942209    1.41580395484318    1.16908314071262   -0.56167107072023  
  0.710000    0.28750787389700    1.40031883585219    1.16963737870875   -0.57036783618394  
  0.720000    0.28139181410693    1.38479155429628    1.16973833919741   -0.57887015666523  
  0.730000    0.27524290227052    1.36922753304995    1.16939263973098   -0.58717192737737  
  0.740000    0.26906304163265    1.35363214877212    1.16860715769028   -0.59526730599824  
  0.750000    0.26285413582469    1.33801072893176    1.16738901985945   -0.60315071645176  
  0.760000    0.25661808827914    1.32236854891348    1.16574559186120   -0.61081685239261  
  0.770000    0.25035680169684    1.30671082920497    1.16368446746853   -0.61826068039274  
  0.780000    0.24407217756408    1.29104273266841    1.16121345780866   -0.62547744282770  
  0.790000    0.23776611571669    1.27536936189738    1.15834058047508   -0.63246266046064  
  0.800000    0.23144051394769    1.25969575666101    1.15507404856323   -0.63921213472152  
  0.810000    0.22509726765455    1.24402689143675    1.15142225964516   -0.64572194967875  
  0.820000    0.21873826952203    1.22836767303293    1.14739378469856   -0.65198847370048  
  0.830000    0.21236540923576    1.21272293830233    1.14299735700495   -0.65800836080243  
  0.840000    0.20598057322198    1.19709745194766    1.13824186103183   -0.66377855167913  
  0.850000    0.19958564440818    1.18149590441966    1.13313632131329   -0.66929627441547  
  0.860000    0.19318250199931    1.16592290990859    1.12768989134315   -0.67455904487537  
  0.870000    0.18677302126425    1.15038300442946    1.12191184249466   -0.67956466676455  
  0.880000    0.18035907332687    1.13488064400139    1.11581155298021   -0.68431123136448  
  0.890000    0.17394252495610    1.11942020292131    1.10939849686433   -0.68879711693486  
  0.900000    0.16752523834946    1.10400597213205    1.10268223314289   -0.69302098778221  
  0.910000    0.16110907090440    1.08864215768468    1.09567239490111   -0.69698179299256  
  0.920000    0.15469587497216    1.07333287929492    1.08837867856247   -0.70067876482649  
  0.930000    0.14828749758874    1.05808216899342    1.08081083324043   -0.70411141677547  
  0.940000    0.14188578017792    1.04289396986920    1.07297865020447   -0.70727954127877  
  0.950000    0.13549255822155    1.02777213490593    1.06489195247143   -0.71018320710093  
  0.960000    0.12910966089255    1.01272042591025    1.05656058453289   -0.71282275637038  
  0.970000    0.12273891064634    0.99774251253139    1.04799440222899   -0.71519880128047  
  0.980000    0.11638212276704    0.98284197137128    1.03920326277850   -0.71731222045491  
  0.990000    0.11004110486482    0.96802228518409    1.03019701497472   -0.71916415498046  
  1.000000    0.10371765632163    0.95328684216423    1.02098548955640   -0.72075600411044  
  1.010000    0.09741356768261    0.93863893532172    1.01157848976236   -0.72208942064354  
  1.020000    0.09113061999140    0.92408176194368    1.00198578207824   -0.72316630598314  
  1.030000    0.08487058406765    0.90961842314071    0.99221708718326   -0.72398880488347  
  1.040000    0.07863521972592    0.89525192347688    0.98228207110465   -0.72455929988953  
  1.050000    0.07242627493548    0.88098517068186    0.97219033658692   -0.72488040547889  
  1.060000    0.06624548492127    0.86682097544394    0.96195141468279   -0.72495496191404  
  1.070000    0.06009457120655    0.85276205128223    0.95157475657209   -0.72478602881524  
  1.080000    0.05397524059862    0.83881101449680    0.94106972561491   -0.72437687846427  
  1.090000    0.04788918411945    0.82497038419504    0.93044558964446   -0.72373098885063  
  1.100000    0.04183807588336    0.81124258239264    0.91971151350504   -0.72285203647243  
  1.110000    0.03582357192482    0.79762993418774    0.90887655184008   -0.72174388890494  
  1.120000    0.02984730897960    0.78413466800647    0.89794964213474   -0.72041059715066  
  1.130000    0.02391090322317    0.77075891591836    0.88693959801739   -0.71885638778522  
  1.140000    0.01801594897059    0.75750471401977    0.87585510282381   -0.71708565491438  
  1.150000    0.01216401734260    0.74437400288381    0.86470470342752   -0.71510295195767  
  1.160000    0.00635665490303    0.73136862807506    0.85349680433958   -0.71291298327496  
  1.170000    0.00059538227296    0.71849034072722    0.84223966208062   -0.71052059565255  
  1.180000   -0.00511830727267    0.70574079818213    0.83094137982750   -0.70793076966598  
  1.190000   -0.01078294921995    0.69312156468837    0.81960990233691   -0.70514861093679  
  1.200000   -0.01639710923611    0.68063411215771    0.80825301114767   -0.70217934130102  
  1.210000   -0.02195938458860    0.66827982097770    0.79687832006316   -0.69902828990727  
  1.220000   -0.02746840555639    0.65605998087863    0.78549327091523   -0.69570088426224  
  1.230000   -0.03292283682711    0.64397579185315    0.77410512961023   -0.69220264124178  
  1.240000   -0.03832137887312    0.63202836512681    0.76272098245787   -0.68853915808548  
  1.250000   -0.04366276930013    0.62021872417776    0.75134773278299   -0.68471610339261  
  1.260000   -0.04894578416165    0.60854780580387    0.73999209782025   -0.68073920813717  
  1.270000   -0.05416923923281    0.59701646123559    0.72866060589125   -0.67661425671954  
  1.280000   -0.05933199123739    0.58562545729269    0.71735959386336   -0.67234707807189  
  1.290000   -0.06443293902177    0.57437547758328    0.70609520488920   -0.66794353683415  
  1.300000   -0.06947102467013    0.56326712374328    0.69487338642551   -0.66340952461700  
  1.310000   -0.07444523455524    0.55230091671460    0.68369988852961   -0.65875095136774  
  1.320000   -0.07935460031960    0.54147729806037    0.67258026243157   -0.65397373685450  
  1.330000   -0.08419819978208    0.53079663131537    0.66151985937976   -0.64908380228355  
  1.340000   -0.08897515776564    0.52025920337007    0.65052382975724   -0.64408706206391  
  1.350000   -0.09368464684193    0.50986522588635    0.63959712246603   -0.63898941573293  
  1.360000   -0.09832588798926    0.49961483674335    0.62874448457610   -0.63379674005555  
  1.370000   -0.10289815116077    0.48950810151160    0.61797046123553   -0.62851488130946  
  1.380000   -0.10740075576018    0.47954501495370    0.60727939583812   -0.62314964776762  
  1.390000   -0.11183307102289    0.46972550254994    0.59667543044423   -0.61770680238875  
  1.400000   -0.11619451630090    0.46004942204686    0.58616250645048   -0.61219205572567  
  1.410000   -0.12048456125032    0.45051656502735    0.57574436550360   -0.60661105906067  
  1.420000   -0.12470272592106    0.44112665850027    0.56542455065346   -0.60096939777621  
  1.430000   -0.12884858074835    0.43187936650804    0.55520640773992   -0.59527258496854  
  1.440000   -0.13292174644689    0.42277429175041    0.54509308700795   -0.58952605531107  
  1.450000   -0.13692189380827    0.41381097722269    0.53508754494514   -0.58373515917348  
  1.460000   -0.14084874340329    0.40498890786672    0.52519254633550   -0.57790515700192  
  1.470000   -0.14470206519107    0.39630751223290    0.51541066652304   -0.57204121396489  
  1.480000   -0.14848167803734    0.38776616415160    0.50574429387853   -0.56614839486859  
  1.490000   -0.15218744914466    0.37936418441211    0.49619563246246   -0.56023165934502  
  1.500000   -0.15581929339796    0.37110084244775    0.48676670487698   -0.55429585731540  
  1.510000   -0.15937717262880    0.36297535802509    0.47745935529950   -0.54834572473062  
  1.520000   -0.16286109480252    0.35498690293600    0.46827525269003   -0.54238587959035  
  1.530000   -0.16627111313240    0.34713460269063    0.45921589416469   -0.53642081824120  
  1.540000   -0.16960732512544    0.33941753820985    0.45028260852701   -0.53045491195447  
  1.550000   -0.17286987156461    0.33183474751547    0.44147655994887   -0.52449240378300  
  1.560000   -0.17605893543246    0.32438522741676    0.43279875179256   -0.51853740569639  
  1.570000   -0.17917474078140    0.31706793519162    0.42425003056519   -0.51259389599345  
  1.580000   -0.18221755155581    0.30988179026100    0.41583108999686   -0.50666571699025  
  1.590000   -0.18518767037147    0.30282567585492    0.40754247523341   -0.50075657298178  
  1.600000   -0.18808543725775    0.29589844066886    0.39938458713470   -0.49487002847481  
  1.610000   -0.19091122836793    0.28909890050880    0.39135768666935   -0.48900950668949  
  1.620000   -0.19366545466313    0.28242583992388    0.38346189939656   -0.48317828832650  
  1.630000   -0.19634856057522    0.27587801382494    0.37569722002556   -0.47737951059670  
  1.640000   -0.19896102265393    0.26945414908800    0.36806351704353   -0.47161616650968  
  1.650000   -0.20150334820331    0.26315294614112    0.36056053740225   -0.46589110441755  
  1.660000   -0.20397607391246    0.25697308053363    0.35318791125424   -0.46020702781004  
  1.670000   -0.20637976448540    0.25091320448638    0.34594515672887   -0.45456649535662  
  1.680000   -0.20871501127449    0.24497194842200    0.33883168473896   -0.44897192119146  
  1.690000   -0.21098243092176    0.23914792247410    0.33184680380861   -0.44342557543660  
  1.700000   -0.21318266401223    0.23343971797419    0.32498972491285   -0.43792958495855  
  1.710000   -0.21531637374282    0.22784590891565    0.31825956631998   -0.43248593435346  
  1.720000   -0.21738424461044    0.22236505339349    0.31165535842754   -0.42709646715578  
  1.730000   -0.21938698112229    0.21699569501930    0.30517604858279   -0.42176288726496  
  1.740000   -0.22132530653112    0.21173636431036    0.29882050587916   -0.41648676058491  
  1.750000   -0.22319996159807    0.20658558005233    0.29258752591981   -0.41126951687034  
  1.760000   -0.22501170338498    0.20154185063462    0.28647583554005   -0.40611245177422  
  1.770000   -0.22676130407813    0.19660367535794    0.28048409748042   -0.40101672909017  
  1.780000   -0.22844954984482    0.19176954571330    0.27461091500237   -0.39598338318346  
  1.790000   -0.23007723972380    0.18703794663203    0.26885483643894   -0.39101332160404  
  1.800000   -0.23164518455045    0.18240735770622    0.26321435967313   -0.38610732787478  
  1.810000   -0.23315420591717    0.17787625437920    0.25768793653662   -0.38126606444790  
  1.820000   -0.23460513516910    0.17344310910565    0.25227397712223   -0.37649007582209  
  1.830000   -0.23599881243512    0.16910639248100    0.24697085400369   -0.37177979181285  
  1.840000   -0.23733608569375    0.16486457433982    0.24177690635640   -0.36713553096808  
  1.850000   -0.23861780987337    0.16071612482305    0.23669044397369   -0.36255750412067  
  1.860000   -0.23984484598582    0.15665951541367    0.23170975117301   -0.35804581806966  
  1.870000   -0.24101806029249    0.15269321994095    0.22683309058716   -0.35360047938114  
  1.880000   -0.24213832350156    0.14881571555292    0.22205870683596   -0.34922139829974  
  1.890000   -0.24320650999516    0.14502548365721    0.21738483007413   -0.34490839276135  
  1.900000   -0.24422349708481    0.14132101083004    0.21280967941161   -0.34066119249743  
  1.910000   -0.24519016429371    0.13770078969363    0.20833146620307   -0.33647944322071  
  1.920000   -0.24610739266410    0.13416331976183    0.20394839720348   -0.33236271088228  
  1.930000   -0.24697606408813    0.13070710825432    0.19965867758741   -0.32831048598933  
  1.940000   -0.24779706066035    0.12733067087927    0.19546051382989   -0.32432218797285  
  1.950000   -0.24857126405024    0.12403253258484    0.19135211644720   -0.32039716959435  
  1.960000   -0.24929955489313    0.12081122827957    0.18733170259639   -0.31653472138024  
  1.970000   -0.24998281219765    0.11766530352195    0.18339749853262   -0.31273407607264  
  1.980000   -0.25062191276852    0.11459331517939    0.17954774192406   -0.30899441308508  
  1.990000   -0.25121773064286    0.11159383205688    0.17578068402435   -0.30531486295140  
  2.000000   -0.25177113653896    0.10866543549562    0.17209459170293   -0.30169451175630  
  2.010000   -0.25228299731617    0.10580671994191    0.16848774933422   -0.29813240553568  
  2.020000   -0.25275417544484    0.10301629348679    0.16495846054677   -0.29462755463524  
  2.030000   -0.25318552848549    0.10029277837649    0.16150504983394   -0.29117893801556  
  2.040000   -0.25357790857645    0.09763481149435    0.15812586402811   -0.28778550749223  
  2.050000   -0.25393216192937    0.09504104481444    0.15481927364065   -0.28444619189975  
  2.060000   -0.25424912833229    0.09251014582730    0.15158367407028   -0.28115990116785  
  2.070000   -0.25452964066007    0.09004079793824    0.14841748668273   -0.27792553029958  
  2.080000   -0.25477452439225    0.08763170083854    0.14531915976494   -0.27474196324052  
  2.090000   -0.25498459713839    0.08528157085013    0.14228716935722   -0.27160807662891  
  2.100000   -0.25516066817140    0.08298914124405    0.13932001996722   -0.26852274341700  
  2.110000   -0.25530353796945    0.08075316253314    0.13641624516961   -0.26548483635434  
  2.120000   -0.25541399776698    0.07857240273956    0.13357440809571   -0.26249323132421  
  2.130000   -0.25549282911595    0.07644564763743    0.13079310181736   -0.25954681052517  
  2.140000   -0.25554080345817    0.07437170097118    0.12807094962985   -0.25664446548996  
  2.150000   -0.25555868170996    0.07234938465002    0.12540660523826   -0.25378509993520  
  2.160000   -0.25554721386042    0.07037753891906    0.12279875285238   -0.25096763243542  
  2.170000   -0.25550713858466    0.06845502250755    0.12024610719495   -0.24819099891628  
  2.180000   -0.25543918287344    0.06658071275474    0.11774741342833   -0.24545415496223  
  2.190000   -0.25534406168082    0.06475350571383    0.11530144700471   -0.24275607793490  
  2.200000   -0.25522247759121    0.06297231623465    0.11290701344494   -0.24009576889923  
  2.210000   -0.25507512050769    0.06123607802535    0.11056294805117   -0.23747225435528  
  2.220000   -0.25490266736285    0.05954374369392    0.10826811555842   -0.23488458777458  
  2.230000   -0.25470578185398    0.05789428476982    0.10602140973023   -0.23233185094063  
  2.240000   -0.25448511420393    0.05628669170640    0.10382175290344   -0.22981315509420  
  2.250000   -0.25424130094932    0.05471997386461    0.10166809548719   -0.22732764188495  
  2.260000   -0.25397496475714    0.05319315947854    0.09955941542093   -0.22487448413176  
  2.270000   -0.25368671427138    0.05170529560344    0.09749471759647   -0.22245288639495  
  2.280000   -0.25337714399057    0.05025544804664    0.09547303324861   -0.22006208536463  
  2.290000   -0.25304683417724    0.04884270128210    0.09349341931908   -0.21770135007013  
  2.300000   -0.25269635080037    0.04746615834908    0.09155495779817   -0.21536998191624  
  2.310000   -0.25232624551118    0.04612494073557    0.08965675504829   -0.21306731455284  
  2.320000   -0.25193705565305    0.04481818824707    0.08779794111376   -0.21079271358525  
  2.330000   -0.25152930430559    0.04354505886132    0.08597766902047   -0.20854557613317  
  2.340000   -0.25110350036321    0.04230472856965    0.08419511406946   -0.20632533024693  
  2.350000   -0.25066013864781    0.04109639120548    0.08244947312774   -0.20413143419021  
  2.360000   -0.25019970005545    0.03991925826073    0.08073996391974   -0.20196337559884  
  2.370000   -0.24972265173632    0.03877255869068    0.07906582432262   -0.19982067052610  
  2.380000   -0.24922944730723    0.03765553870798    0.07742631166810   -0.19770286238480  
  2.390000   -0.24872052709567    0.03656746156642    0.07582070205375   -0.19560952079726  
  2.400000   -0.24819631841417    0.03550760733518    0.07424828966604   -0.19354024036428  
  2.410000   -0.24765723586350    0.03447527266416    0.07270838611730   -0.19149463936436  
  2.420000   -0.24710368166315    0.03346977054109    0.07120031979885   -0.18947235839475  
  2.430000   -0.24653604600715    0.03249043004109    0.06972343525180   -0.18747305896572  
  2.440000   -0.24595470744336    0.03153659606927    0.06827709255721   -0.18549642205949  
  2.450000   -0.24536003327386    0.03060762909717    0.06686066674694   -0.18354214666522  
  2.460000   -0.24475237997429    0.02970290489361    0.06547354723629   -0.18160994830112  
  2.470000   -0.24413209362951    0.02882181425055    0.06411513727930   -0.17969955753464  
  2.480000   -0.24349951038317    0.02796376270482    0.06278485344756   -0.17781071851120  
  2.490000   -0.24285495689828    0.02712817025611    0.06148212513282   -0.17594318750175  
  2.500000   -0.24219875082624    0.02631447108210    0.06020639407397   -0.17409673147877  
  2.510000   -0.24153120128140    0.02552211325116    0.05895711390839   -0.17227112672991  
  2.520000   -0.24085260931825    0.02475055843335    0.05773374974769   -0.17046615751799  
  2.530000   -0.24016326840860    0.02399928161034    0.05653577777773   -0.16868161479527  
  2.540000   -0.23946346491556    0.02326777078477    0.05536268488251   -0.16691729497932  
  2.550000   -0.23875347856192    0.02255552668960    0.05421396829151   -0.16517299879723  
  2.560000   -0.23803358288980    0.02186206249818    0.05308913524995   -0.16344853020399  
  2.570000   -0.23730404570917    0.02118690353535    0.05198770271122   -0.16174369538014  
  2.580000   -0.23656512953260    0.02052958699024    0.05090919705067   -0.16005830181307  
  2.590000   -0.23581709199366    0.01988966163122    0.04985315379999   -0.15839215746555  
  2.600000   -0.23506018624693    0.01926668752348    0.04881911740105   -0.15674507003416  
  2.610000   -0.23429466134732    0.01866023574961    0.04780664097832   -0.15511684629948  
  2.620000   -0.23352076260671    0.01806988813373    0.04681528612870   -0.15350729156922  
  2.630000   -0.23273873192628    0.01749523696947    0.04584462272773   -0.15191620921460  
  2.640000   -0.23194880810298    0.01693588475218    0.04489422875083   -0.15034340029930  
  2.650000   -0.23115122710862    0.01639144391571    0.04396369010866   -0.14878866329998  
  2.660000   -0.23034622234078    0.01586153657411    0.04305260049520   -0.14725179391609  
  2.670000   -0.22953402484445    0.01534579426841    0.04216056124740   -0.14573258496651  
  2.680000   -0.22871486350387    0.01484385771890    0.04128718121532   -0.14423082636945  
  2.690000   -0.22788896520429    0.01435537658291    0.04043207664150   -0.14274630520171  
  2.700000   -0.22705655496345    0.01388000921846    0.03959487104838   -0.14127880583274  
  2.710000   -0.22621785603295    0.01341742245390    0.03877519513281   -0.13982811012837  
  2.720000   -0.22537308996990    0.01296729136351    0.03797268666645   -0.13839399771857  
  2.730000   -0.22452247667961    0.01252929904935    0.03718699040114   -0.13697624632350  
  2.740000   -0.22366623442995    0.01210313642936    0.03641775797812   -0.13557463213125  
  2.750000   -0.22280457983878    0.01168850203163    0.03566464784040   -0.13418893022084  
  2.760000   -0.22193772783552    0.01128510179508    0.03492732514731   -0.13281891502368  
  2.770000   -0.22106589159854    0.01089264887625    0.03420546169034   -0.13146436081637  
  2.780000   -0.22018928247003    0.01051086346240    0.03349873580988   -0.13012504223787  
  2.790000   -0.21930810985027    0.01013947259074    0.03280683231180   -0.12880073482400  
  2.800000   -0.21842258107324    0.00977820997363    0.03212944238365   -0.12749121555204  
  2.810000   -0.21753290126591    0.00942681582984    0.03146626350978   -0.12619626338875  
  2.820000   -0.21663927319334    0.00908503672145    0.03081699938498   -0.12491565983474  
  2.830000   -0.21574189709211    0.00875262539654    0.03018135982635   -0.12364918945891  
  2.840000   -0.21484097049437    0.00842934063728    0.02955906068305   -0.12239664041643  
  2.850000   -0.21393668804521    0.00811494711329    0.02894982374376   -0.12115780494455  
  2.860000   -0.21302924131574    0.00780921524016    0.02835337664161   -0.11993247983053  
  2.870000   -0.21211881861441    0.00751192104278    0.02776945275662   -0.11872046684656  
  2.880000   -0.21120560479920    0.00722284602342    0.02719779111557   -0.11752157314713  
  2.890000   -0.21028978109299    0.00694177703419    0.02663813628930   -0.11633561162446  
  2.900000   -0.20937152490464    0.00666850615368    0.02609023828754   -0.11516240121859  
  2.910000   -0.20845100965801    0.00640283056769    0.02555385245149   -0.11400176717887  
  2.920000   -0.20752840463119    0.00614455245361    0.02502873934424   -0.11285354127440  
  2.930000   -0.20660387480799    0.00589347886834    0.02451466463931   -0.11171756195148  
  2.940000   -0.20567758074356    0.00564942163944    0.02401139900748   -0.11059367443679  
  2.950000   -0.20474967844611    0.00541219725944    0.02351871800240   -0.10948173078551  
  2.960000   -0.20382031927608    0.00518162678284    0.02303640194506   -0.10838158987420  
  2.970000   -0.20288964986435    0.00495753572578    0.02256423580765   -0.10729311733900  
  2.980000   -0.20195781205058    0.00473975396810    0.02210200909709   -0.10621618546008  
  2.990000   -0.20102494284280    0.00452811565762    0.02164951573855   -0.10515067299391  
  3.000000   -0.20009117439882    0.00432245911636    0.02120655395945   -0.10409646495546  
  3.010000   -0.19915663403029    0.00412262674864    0.02077292617424   -0.10305345235289  
  3.020000   -0.19822144422940    0.00392846495087    0.02034843887040   -0.10202153187782  
  3.030000   -0.19728572271858    0.00373982402277    0.01993290249587   -0.10100060555458  
  3.040000   -0.19634958252296    0.00355655808007    0.01952613134854   -0.09999058035238  
  3.050000   -0.19541313206513    0.00337852496842    0.01912794346788   -0.09899136776457  
  3.060000   -0.19447647528180    0.00320558617839    0.01873816052917   -0.09800288335940  
  3.070000   -0.19353971176134    0.00303760676165    0.01835660774067   -0.09702504630718  
  3.080000   -0.19260293690140    0.00287445524805    0.01798311374385   -0.09605777888858  
  3.090000   -0.19166624208525    0.00271600356361    0.01761751051714   -0.09510100598934  
  3.100000   -0.19072971487551    0.00256212694944    0.01725963328326   -0.09415465458633  
  3.110000   -0.18979343922370    0.00241270388144    0.01690932042041   -0.09321865323039  
  3.120000   -0.18885749569395    0.00226761599087    0.01656641337748   -0.09229293153088  
  3.130000   -0.18792196169892    0.00212674798567    0.01623075659334   -0.09137741964727  
  3.140000   -0.18698691174612    0.00198998757272    0.01590219742044   -0.09047204779262  
  3.150000   -0.18605241769241    0.00185722538077    0.01558058605263   -0.08957674575386  
  3.160000   -0.18511854900469    0.00172835488443    0.01526577545739   -0.08869144243335  
  3.170000   -0.18418537302443    0.00160327232894    0.01495762131225   -0.08781606541625  
  3.180000   -0.18325295523399    0.00148187665595    0.01465598194567   -0.08695054056757  
  3.190000   -0.18232135952235    0.00136406943034    0.01436071828196   -0.08609479166272  
  3.200000   -0.18139064844806    0.00124975476810    0.01407169379046   -0.08524874005489  
  3.210000   -0.18046088349723    0.00113883926537    0.01378877443862   -0.08441230438210  
  3.220000   -0.17953212533434    0.00103123192872    0.01351182864897   -0.08358540031660  
  3.230000   -0.17860443404383    0.00092684410671    0.01324072725971   -0.08276794035852  
  3.240000   -0.17767786936047    0.00082558942287    0.01297534348877   -0.08195983367547  
  3.250000   -0.17675249088658    0.00072738371015    0.01271555290114   -0.08116098598916  
  3.260000   -0.17582835829439    0.00063214494683    0.01246123337909   -0.08037129950976  
  3.270000   -0.17490553151183    0.00053979319415    0.01221226509526   -0.07959067291799  
  3.280000   -0.17398407089038    0.00045025053558    0.01196853048814   -0.07881900139484  
  3.290000   -0.17306403735363    0.00036344101786    0.01172991423972   -0.07805617669793  
  3.300000   -0.17214549252542    0.00027929059385    0.01149630325512   -0.07730208728333  
  3.310000   -0.17122849883664    0.00019772706729    0.01126758664379   -0.07655661847114  
  3.320000   -0.17031311961004    0.00011868003947    0.01104365570207   -0.07581965265264  
  3.330000   -0.16939941912241    0.00004208085787    0.01082440389676   -0.07509106953655  
  3.340000   -0.16848746264386   -0.00003213743315    0.01060972684946   -0.07437074643143  
  3.350000   -0.16757731645417   -0.00010404013970    0.01039952232143   -0.07365855856099  
  3.360000   -0.16666904783627   -0.00017369096355    0.01019369019860   -0.07295437940882  
  3.370000   -0.16576272504709   -0.00024115204542    0.00999213247660   -0.07225808108865  
  3.380000   -0.16485841726654   -0.00030648400604    0.00979475324544   -0.07156953473609  
  3.390000   -0.16395619452506   -0.00036974598531    0.00960145867378   -0.07088861091777  
  3.400000   -0.16305612761089   -0.00043099567942    0.00941215699233   -0.07021518005331  
  3.410000   -0.16215828795810   -0.00049028937593    0.00922675847652   -0.06954911284580  
  3.420000   -0.16126274751663   -0.00054768198701    0.00904517542789   -0.06889028071630  
  3.430000   -0.16036957860577   -0.00060322708077    0.00886732215442   -0.06823855623768  
  3.440000   -0.15947885375278   -0.00065697691075    0.00869311494940   -0.06759381356359  
  3.450000   -0.15859064551820   -0.00070898244377    0.00852247206886   -0.06695592884787  
  3.460000   -0.15770502630986   -0.00075929338599    0.00835531370745   -0.06632478065040  
  3.470000   -0.15682206818733   -0.00080795820758    0.00819156197272   -0.06570025032519  
  3.480000   -0.15594184265899   -0.00085502416578    0.00803114085773   -0.06508222238679  
  3.490000   -0.15506442047371   -0.00090053732671    0.00787397621209   -0.06447058485147  
  3.500000   -0.15418987140913   -0.00094454258583    0.00771999571122   -0.06386522954977  
  3.510000   -0.15331826405893   -0.00098708368742    0.00756912882411   -0.06326605240743  
  3.520000   -0.15244966562092   -0.00102820324284    0.00742130677947   -0.06267295369188  
  3.530000   -0.15158414168825   -0.00106794274811    0.00727646253041   -0.06208583822217  
  3.540000   -0.15072175604569   -0.00110634260052    0.00713453071767   -0.06150461554013  
  3.550000   -0.14986257047308   -0.00114344211474    0.00699544763166   -0.06092920004147  
  3.560000   -0.14900664455769   -0.00117927953833    0.00685915117321   -0.06035951106549  
  3.570000   -0.14815403551759   -0.00121389206679    0.00672558081338   -0.05979547294280  
  3.580000   -0.14730479803746   -0.00124731585846    0.00659467755233   -0.05923701500078  
  3.590000   -0.14645898411857   -0.00127958604906    0.00646638387750   -0.05868407152684  
  3.600000   -0.14561664294442   -0.00131073676633    0.00634064372124   -0.05813658169016  
  3.610000   -0.14477782076317   -0.00134080114456    0.00621740241799   -0.05759448942282  
  3.620000   -0.14394256078811   -0.00136981133934    0.00609660666134   -0.05705774326175  
  3.630000   -0.14311090311705   -0.00139779854251    0.00597820446098   -0.05652629615323  
  3.640000   -0.14228288467136   -0.00142479299735    0.00586214509992   -0.05600010522215  
  3.650000   -0.14145853915535   -0.00145082401428    0.00574837909192   -0.05547913150844  
  3.660000   -0.14063789703618   -0.00147591998684    0.00563685813950   -0.05496333967351  
  3.670000   -0.13982098554464   -0.00150010840832    0.00552753509264   -0.05445269767975  
  3.680000   -0.13900782869663   -0.00152341588880    0.00542036390830   -0.05394717644639  
  3.690000   -0.13819844733523   -0.00154586817290    0.00531529961095   -0.05344674948539  
  3.700000   -0.13739285919285   -0.00156749015801    0.00521229825428   -0.05295139252091  
  3.710000   -0.13659107897294   -0.00158830591323    0.00511131688417   -0.05246108309638  
  3.720000   -0.13579311845037   -0.00160833869893    0.00501231350305   -0.05197580017297  
  3.730000   -0.13499898658958   -0.00162761098686    0.00491524703585   -0.05149552372374  
  3.740000   -0.13420868967934   -0.00164614448099    0.00482007729750   -0.05102023432718  
  3.750000   -0.13342223148288   -0.00166396013879    0.00472676496216   -0.05054991276450  
  3.760000   -0.13263961340186   -0.00168107819318    0.00463527153419   -0.05008453962439  
  3.770000   -0.13186083465276   -0.00169751817495    0.00454555932098   -0.04962409491925  
  3.780000   -0.13108589245396   -0.00171329893556    0.00445759140754   -0.04916855771654  
  3.790000   -0.13031478222169   -0.00172843867048    0.00437133163304   -0.04871790578890  
  3.800000   -0.12954749777323   -0.00174295494274    0.00428674456914   -0.04827211528627  
  3.810000   -0.12878403153517   -0.00175686470678    0.00420379550019   -0.04783116043315  
  3.820000   -0.12802437475507   -0.00177018433252    0.00412245040527   -0.04739501325390  
  3.830000   -0.12726851771440   -0.00178292962945    0.00404267594193   -0.04696364332847  
  3.840000   -0.12651644994089   -0.00179511587082    0.00396443943172   -0.04653701758094  
  3.850000   -0.12576816041831   -0.00180675781768    0.00388770884723   -0.04611510010261  
  3.860000   -0.12502363779173   -0.00181786974284    0.00381245280082   -0.04569785201115  
  3.870000   -0.12428287056651   -0.00182846545446    0.00373864053466   -0.04528523134704  
  3.880000   -0.12354584729920   -0.00183855831943    0.00366624191219   -0.04487719300799  
  3.890000   -0.12281255677854   -0.00184816128621    0.00359522741078   -0.04447368872173  
  3.900000   -0.12208298819516   -0.00185728690716    0.00352556811544   -0.04407466705709  
  3.910000   -0.12135713129832   -0.00186594736032    0.00345723571356   -0.04368007347308  
  3.920000   -0.12063497653847   -0.00187415447043    0.00339020249040   -0.04328985040512  
  3.930000   -0.11991651519436   -0.00188191972922    0.00332444132533   -0.04290393738722  
  3.940000   -0.11920173948369   -0.00188925431484    0.00325992568858   -0.04252227120872  
  3.950000   -0.11849064265635   -0.00189616911036    0.00319662963837   -0.04214478610363  
  3.960000   -0.11778321906968   -0.00190267472138    0.00313452781834   -0.04177141397052  
  3.970000   -0.11707946424500   -0.00190878149255    0.00307359545508   -0.04140208462031  
  3.980000   -0.11637937490533   -0.00191449952301    0.00301380835563   -0.04103672604951  
  3.990000   -0.11568294899383   -0.00191983868080    0.00295514290485   -0.04067526473567  
  4.000000   -0.11499018567326   -0.00192480861609    0.00289757606254   -0.04031762595203  
  4.010000   -0.11430108530654   -0.00192941877326    0.00284108536010   -0.03996373409800  
  4.020000   -0.11361564941869   -0.00193367840184    0.00278564889678   -0.03961351304187  
  4.030000   -0.11293388064103   -0.00193759656627    0.00273124533530   -0.03926688647233  
  4.040000   -0.11225578263797   -0.00194118215453    0.00267785389679   -0.03892377825496  
  4.050000   -0.11158136001773   -0.00194444388559    0.00262545435495   -0.03858411279017  
  4.060000   -0.11091061822764   -0.00194739031575    0.00257402702944   -0.03824781536866  
  4.070000   -0.11024356343557   -0.00195002984397    0.00252355277837   -0.03791481252108  
  4.080000   -0.10958020239859   -0.00195237071604    0.00247401298985   -0.03758503235800  
  4.090000   -0.10892054232042   -0.00195442102787    0.00242538957264   -0.03725840489697  
  4.100000   -0.10826459069928   -0.00195618872777    0.00237766494581   -0.03693486237326  
  4.110000   -0.10761235516762   -0.00195768161788    0.00233082202749   -0.03661433953118  
  4.120000   -0.10696384332569   -0.00195890735479    0.00228484422261   -0.03629677389309  
  4.130000   -0.10631906257050   -0.00195987344948    0.00223971540979   -0.03598210600343  
  4.140000   -0.10567801992216   -0.00196058726647    0.00219541992725   -0.03567027964539  
  4.150000   -0.10504072184936   -0.00196105602260    0.00215194255803   -0.03536124202802  
  4.160000   -0.10440717409585   -0.00196128678513    0.00210926851429   -0.03505494394212  
  4.170000   -0.10377738150973   -0.00196128646956    0.00206738342094   -0.03475133988333  
  4.180000   -0.10315134787747   -0.00196106183711    0.00202627329872   -0.03445038814130  
  4.190000   -0.10252907576413   -0.00196061949197    0.00198592454663   -0.03415205085416  
  4.200000   -0.10191056636183   -0.00195996587844    0.00194632392393   -0.03385629402794  
  4.210000   -0.10129581934776   -0.00195910727798    0.00190745853188   -0.03356308752064  
  4.220000   -0.10068483275339   -0.00195804980640    0.00186931579512   -0.03327240499152  
  4.230000   -0.10007760284625   -0.00195679941106    0.00183188344297   -0.03298422381602  
  4.240000   -0.09947412402552   -0.00195536186836    0.00179514949071   -0.03269852496733  
  4.250000   -0.09887438873254   -0.00195374278146    0.00175910222095   -0.03241529286606  
  4.260000   -0.09827838737730   -0.00195194757841    0.00172373016518   -0.03213451519942  
  4.270000   -0.09768610828163   -0.00194998151063    0.00168902208569   -0.03185618271200  
  4.280000   -0.09709753763988   -0.00194784965192    0.00165496695786   -0.03158028897028  
  4.290000   -0.09651265949739   -0.00194555689795    0.00162155395307   -0.03130683010337  
  4.300000   -0.09593145574728   -0.00194310796638    0.00158877242216   -0.03103580452259  
  4.310000   -0.09535390614556   -0.00194050739752    0.00155661187972   -0.03076721262294  
  4.320000   -0.09477998834452   -0.00193775955571    0.00152506198915   -0.03050105646933  
  4.330000   -0.09420967794424   -0.00193486863128    0.00149411254874   -0.03023733947095  
  4.340000   -0.09364294856182   -0.00193183864323    0.00146375347861   -0.02997606604692  
  4.350000   -0.09307977191769   -0.00192867344260    0.00143397480885   -0.02971724128681  
  4.360000   -0.09252011793838   -0.00192537671647    0.00140476666873   -0.02946087060919  
  4.370000   -0.09196395487471   -0.00192195199270    0.00137611927707   -0.02920695942196  
  4.380000   -0.09141124943457   -0.00191840264523    0.00134802293392   -0.02895551278747  
  4.390000   -0.09086196692887   -0.00191473190003    0.00132046801335   -0.02870653509617  
  4.400000   -0.09031607142958   -0.00191094284173    0.00129344495762   -0.02846002975169  
  4.410000   -0.08977352593824   -0.00190703842064    0.00126694427257   -0.02821599887060  
  4.420000   -0.08923429256359   -0.00190302146035    0.00124095652431   -0.02797444299986  
  4.430000   -0.08869833270661   -0.00189889466585    0.00121547233705   -0.02773536085453  
  4.440000   -0.08816560725124   -0.00189466063187    0.00119048239232   -0.02749874907841  
  4.450000   -0.08763607675927   -0.00189032185169    0.00116597742923   -0.02726460202990  
  4.460000   -0.08710970166731   -0.00188588072617    0.00114194824594   -0.02703291159507  
  4.470000   -0.08658644248438   -0.00188133957290    0.00111838570217   -0.02680366702963  
  4.480000   -0.08606625998800   -0.00187670063561    0.00109528072274   -0.02657685483143  
  4.490000   -0.08554911541729   -0.00187196609345    0.00107262430203   -0.02635245864441  
  4.500000   -0.08503497066113   -0.00186713807039    0.00105040750932   -0.02613045919500  
  4.510000   -0.08452378843974   -0.00186221864440    0.00102862149483   -0.02591083426132  
  4.520000   -0.08401553247807   -0.00185720985653    0.00100725749651   -0.02569355867538  
  4.530000   -0.08351016766941   -0.00185211371966    0.00098630684732   -0.02547860435809  
  4.540000   -0.08300766022770   -0.00184693222699    0.00096576098301   -0.02526594038666  
  4.550000   -0.08250797782732   -0.00184166736008    0.00094561145024   -0.02505553309329  
  4.560000   -0.08201108972894   -0.00183632109643    0.00092584991496   -0.02484734619437  
  4.570000   -0.08151696689053   -0.00183089541659    0.00090646817090   -0.02464134094840  
  4.580000   -0.08102558206232   -0.00182539231063    0.00088745814808   -0.02443747634105  
  4.590000   -0.08053690986516   -0.00181981378398    0.00086881192130   -0.02423570929541  
  4.600000   -0.08005092685141   -0.00181416186266    0.00085052171830   -0.02403599490505  
  4.610000   -0.07956761154803   -0.00180843859773    0.00083257992782   -0.02383828668741  
  4.620000   -0.07908694448143   -0.00180264606899    0.00081497910706   -0.02364253685507  
  4.630000   -0.07860890818403   -0.00179678638799    0.00079771198882   -0.02344869660175  
  4.640000   -0.07813348718247   -0.00179086170012    0.00078077148796   -0.02325671640027  
  4.650000   -0.07766066796779   -0.00178487418604    0.00076415070727   -0.02306654630940  
  4.660000   -0.07719043894782   -0.00177882606222    0.00074784294254   -0.02287813628625  
  4.670000   -0.07672279038239   -0.00177271958068    0.00073184168693   -0.02269143650121  
  4.680000   -0.07625771430206   -0.00176655702802    0.00071614063440   -0.02250639765206  
  4.690000   -0.07579520441118   -0.00176034072361    0.00070073368228   -0.02232297127413  
  4.700000   -0.07533525597638   -0.00175407301708    0.00068561493293   -0.02214111004335  
  4.710000   -0.07487786570142   -0.00174775628509    0.00067077869438   -0.02196076806910  
  4.720000   -0.07442303158999   -0.00174139292747    0.00065621948004   -0.02178190117394  
  4.730000   -0.07397075279743   -0.00173498536269    0.00064193200738   -0.02160446715739  
  4.740000   -0.07352102947320   -0.00172853602283    0.00062791119566   -0.02142842604113  
  4.750000   -0.07307386259545   -0.00172204734800    0.00061415216266   -0.02125374029319  
  4.760000   -0.07262925379937   -0.00171552178034    0.00060065022044   -0.02108037502889  
  4.770000   -0.07218720520105   -0.00170896175764    0.00058740087026   -0.02090829818662  
  4.780000   -0.07174771921847   -0.00170236970665    0.00057439979649   -0.02073748067662  
  4.790000   -0.07131079839144   -0.00169574803614    0.00056164285980   -0.02056789650146  
  4.800000   -0.07087644520226   -0.00168909912988    0.00054912608954   -0.02039952284702  
  4.810000   -0.07044466189875   -0.00168242533941    0.00053684567536   -0.02023234014309  
  4.820000   -0.07001545032137   -0.00167572897693    0.00052479795827   -0.02006633209311  
  4.830000   -0.06958881173617   -0.00166901230818    0.00051297942109   -0.01990148567282  
  4.840000   -0.06916474667511   -0.00166227754547    0.00050138667841   -0.01973779109794  
  4.850000   -0.06874325478525   -0.00165552684101    0.00049001646621   -0.01957524176115  
  4.860000   -0.06832433468833   -0.00164876228039    0.00047886563109   -0.01941383413935  
  4.870000   -0.06790798385197   -0.00164198587656    0.00046793111936   -0.01925356767190  
  4.880000   -0.06749419847380   -0.00163519956414    0.00045720996602   -0.01909444461144  
  4.890000   -0.06708297337953   -0.00162840519424    0.00044669928360   -0.01893646984861  
  4.900000   -0.06667430193597   -0.00162160452983    0.00043639625124   -0.01877965071272  
  4.910000   -0.06626817597972   -0.00161479924166    0.00042629810377   -0.01862399675022  
  4.920000   -0.06586458576231   -0.00160799090486    0.00041640212116   -0.01846951948352  
  4.930000   -0.06546351991216   -0.00160118099616    0.00040670561825   -0.01831623215235  
  4.940000   -0.06506496541369   -0.00159437089180    0.00039720593493   -0.01816414944054  
  4.950000   -0.06466890760382   -0.00158756186624    0.00038790042676   -0.01801328719089  
  4.960000   -0.06427533018577   -0.00158075509150    0.00037878645631   -0.01786366211103  
  4.970000   -0.06388421526000   -0.00157395163734    0.00036986138495   -0.01771529147324  
  4.980000   -0.06349554337201   -0.00156715247206    0.00036112256550   -0.01756819281134  
  4.990000   -0.06310929357629   -0.00156035846423    0.00035256733560   -0.01742238361754  
  5.000000   -0.06272544351605   -0.00155357038494    0.00034419301179   -0.01727788104245  
  5.010000   -0.06234396951764   -0.00154678891089    0.00033599688456   -0.01713470160115  
  5.020000   -0.06196484669888   -0.00154001462813    0.00032797621423   -0.01699286088819  
  5.030000   -0.06158804909012   -0.00153324803641    0.00032012822764   -0.01685237330453  
  5.040000   -0.06121354976681   -0.00152648955417    0.00031245011584   -0.01671325179892  
  5.050000   -0.06084132099235   -0.00151973952407    0.00030493903268   -0.01657550762628  
  5.060000   -0.06047133436965   -0.00151299821899    0.00029759209420   -0.01643915012564  
  5.070000   -0.06010356100004   -0.00150626584859    0.00029040637903   -0.01630418651947  
  5.080000   -0.05973797164786   -0.00149954256610    0.00028337892957   -0.01617062173662  
  5.090000   -0.05937453690911   -0.00149282847555    0.00027650675400   -0.01603845826039  
  5.100000   -0.05901322738260   -0.00148612363919    0.00026978682912   -0.01590769600315  
  5.110000   -0.05865401384171   -0.00147942808515    0.00026321610393   -0.01577833220881  
  5.120000   -0.05829686740530   -0.00147274181510    0.00025679150384   -0.01565036138383  
  5.130000   -0.05794175970588   -0.00146606481208    0.00025050993558   -0.01552377525744  
  5.140000   -0.05758866305356   -0.00145939704821    0.00024436829264   -0.01539856277137  
  5.150000   -0.05723755059404   -0.00145273849227    0.00023836346120   -0.01527471009896  
  5.160000   -0.05688839645917   -0.00144608911718    0.00023249232650   -0.01515220069350  
  5.170000   -0.05654117590855   -0.00143944890712    0.00022675177954   -0.01503101536503  
  5.180000   -0.05619586546080   -0.00143281786444    0.00022113872405   -0.01491113238481  
  5.190000   -0.05585244301327   -0.00142619601606    0.00021565008359   -0.01479252761621  
  5.200000   -0.05551088794885   -0.00141958341952    0.00021028280886   -0.01467517467069  
  5.210000   -0.05517118122904   -0.00141298016848    0.00020503388487   -0.01455904508709  
  5.220000   -0.05483330547224   -0.00140638639767    0.00019990033816   -0.01444410853233  
  5.230000   -0.05449724501647   -0.00139980228722    0.00019487924381   -0.01433033302146  
  5.240000   -0.05416298596597   -0.00139322806641    0.00018996773225   -0.01421768515465  
  5.250000   -0.05383051622122   -0.00138666401661    0.00018516299573   -0.01410613036880  
  5.260000   -0.05349982549202   -0.00138011047371    0.00018046229440   -0.01399563320094  
  5.270000   -0.05317090529349   -0.00137356782960    0.00017586296204   -0.01388615756087  
  5.280000   -0.05284374892512   -0.00136703653312    0.00017136241112   -0.01377766701015  
  5.290000   -0.05251835143294   -0.00136051709013    0.00016695813744   -0.01367012504465  
  5.300000   -0.05219470955523   -0.00135401006288    0.00016264772410   -0.01356349537760  
  5.310000   -0.05187282165230   -0.00134751606865    0.00015842884477   -0.01345774222046  
  5.320000   -0.05155268762093   -0.00134103577768    0.00015429926630   -0.01335283055861  
  5.330000   -0.05123430879440   -0.00133456991036    0.00015025685063   -0.01324872641916  
  5.340000   -0.05091768782899   -0.00132811923381    0.00014629955593   -0.01314539712802  
  5.350000   -0.05060282857804   -0.00132168455778    0.00014242543692   -0.01304281155388  
  5.360000   -0.05028973595484   -0.00131526672999    0.00013863264455   -0.01294094033639  
  5.370000   -0.04997841578557   -0.00130886663095    0.00013491942479   -0.01283975609650  
  5.380000   -0.04966887465384   -0.00130248516820    0.00013128411675   -0.01273923362668  
  5.390000   -0.04936111973818   -0.00129612327026    0.00012772515004   -0.01263935005921  
  5.400000   -0.04905515864412   -0.00128978188005    0.00012424104141   -0.01254008501092  
  5.410000   -0.04875099923250   -0.00128346194818    0.00012083039074   -0.01244142070293  
  5.420000   -0.04844864944559   -0.00127716442585    0.00011749187636   -0.01234334205423  
  5.430000   -0.04814811713278   -0.00127089025768    0.00011422424982   -0.01224583674819  
  5.440000   -0.04784940987739   -0.00126464037443    0.00011102633009   -0.01214889527152  
  5.450000   -0.04755253482645   -0.00125841568568    0.00010789699734   -0.01205251092516  
  5.460000   -0.04725749852492   -0.00125221707258    0.00010483518617   -0.01195667980725  
  5.470000   -0.04696430675605   -0.00124604538074    0.00010183987869   -0.01186140076826  
  5.480000   -0.04667296438935   -0.00123990141328    0.00009891009715   -0.01176667533893  
  5.490000   -0.04638347523773   -0.00123378592421    0.00009604489644   -0.01167250763174  
  5.500000   -0.04609584192508   -0.00122769961207    0.00009324335646   -0.01157890421698  
  5.510000   -0.04581006576562   -0.00122164311404    0.00009050457442   -0.01148587397485  
  5.520000   -0.04552614665626   -0.00121561700045    0.00008782765717   -0.01139342792492  
  5.530000   -0.04524408298281   -0.00120962176988    0.00008521171362   -0.01130157903499  
  5.540000   -0.04496387154115   -0.00120365784470    0.00008265584735   -0.01121034201117  
  5.550000   -0.04468550747407   -0.00119772556736    0.00008015914946   -0.01111973307139  
  5.560000   -0.04440898422426   -0.00119182519722    0.00007772069174   -0.01102976970474  
  5.570000   -0.04413429350414   -0.00118595690813    0.00007533952023   -0.01094047041898  
  5.580000   -0.04386142528261   -0.00118012078666    0.00007301464923   -0.01085185447900  
  5.590000   -0.04359036778901   -0.00117431683109    0.00007074505581   -0.01076394163871  
  5.600000   -0.04332110753413   -0.00116854495114    0.00006852967491   -0.01067675186917  
  5.610000   -0.04305362934819   -0.00116280496839    0.00006636739504   -0.01059030508579  
  5.620000   -0.04278791643539   -0.00115709661753    0.00006425705464   -0.01050462087725  
  5.630000   -0.04252395044443   -0.00115141954824    0.00006219743910   -0.01041971823891  
  5.640000   -0.04226171155450   -0.00114577332784    0.00006018727859   -0.01033561531353  
  5.650000   -0.04200117857574   -0.00114015744465    0.00005822524649   -0.01025232914165  
  5.660000   -0.04174232906333   -0.00113457131191    0.00005630995878   -0.01016987542439  
  5.670000   -0.04148513944412   -0.00112901427246    0.00005443997398   -0.01008826830093  
  5.680000   -0.04122958515447   -0.00112348560385    0.00005261379399   -0.01000752014279  
  5.690000   -0.04097564078814   -0.00111798452413    0.00005082986570   -0.00992764136720  
  5.700000   -0.04072328025271   -0.00111251019800    0.00004908658324   -0.00984864027112  
  5.710000   -0.04047247693303   -0.00110706174345    0.00004738229104   -0.00977052288779  
  5.720000   -0.04022320386024   -0.00110163823869    0.00004571528755   -0.00969329286697  
  5.730000   -0.03997543388464   -0.00109623872948    0.00004408382964   -0.00961695138029  
  5.740000   -0.03972913985069   -0.00109086223657    0.00004248613755   -0.00954149705232  
  5.750000   -0.03948429477274   -0.00108550776335    0.00004092040050   -0.00946692591822  
  5.760000   -0.03924087200941   -0.00108017430358    0.00003938478272   -0.00939323140827  
  5.770000   -0.03899884543534   -0.00107486084914    0.00003787743002   -0.00932040435925  
  5.780000   -0.03875818960833   -0.00106956639768    0.00003639647667   -0.00924843305272  
  5.790000   -0.03851887993050   -0.00106428996015    0.00003494005268   -0.00917730327949  
  5.800000   -0.03828089280182   -0.00105903056814    0.00003350629127   -0.00910699842976  
  5.810000   -0.03804420576456   -0.00105378728094    0.00003209333656   -0.00903749960789  
  5.820000   -0.03780879763720   -0.00104855919225    0.00003069935139   -0.00896878577054  
  5.830000   -0.03757464863665   -0.00104334543647    0.00002932252512   -0.00890083388669  
  5.840000   -0.03734174048753   -0.00103814519460    0.00002796108145   -0.00883361911809  
  5.850000   -0.03711005651738   -0.00103295769952    0.00002661328609   -0.00876711501790  
  5.860000   -0.03687958173706   -0.00102778224080    0.00002527745426   -0.00870129374581  
  5.870000   -0.03665030290538   -0.00102261816885    0.00002395195795   -0.00863612629719  
  5.880000   -0.03642220857750   -0.00101746489842    0.00002263523283   -0.00857158274402  
  5.890000   -0.03619528913647   -0.00101232191149    0.00002132578479   -0.00850763248506  
  5.900000   -0.03596953680775   -0.00100718875936    0.00002002219606   -0.00844424450282  
  5.910000   -0.03574494565645   -0.00100206506409    0.00001872313075   -0.00838138762453  
  5.920000   -0.03552151156740   -0.00099695051923    0.00001742733990   -0.00831903078463  
  5.930000   -0.03529923220816   -0.00099184488970    0.00001613366595   -0.00825714328599  
  5.940000   -0.03507810697537   -0.00098674801112    0.00001484104648   -0.00819569505728  
  5.950000   -0.03485813692491   -0.00098165978823    0.00001354851737   -0.00813465690385  
  5.960000   -0.03463932468662   -0.00097658019278    0.00001225521520   -0.00807400074964  
  5.970000   -0.03442167436424   -0.00097150926061    0.00001096037894   -0.00801369986763  
  5.980000   -0.03420519142168   -0.00096644708815    0.00000966335097   -0.00795372909650  
  5.990000   -0.03398988255659   -0.00096139382833    0.00000836357723   -0.00789406504149  
  6.000000   -0.03377575556256   -0.00095634968589    0.00000706060680   -0.00783468625719  
  6.010000   -0.03356281918108   -0.00095131491213    0.00000575409056   -0.00777557341074  
  6.020000   -0.03335108294492   -0.00094628979932    0.00000444377933   -0.00771670942360  
  6.030000   -0.03314055701421   -0.00094127467460    0.00000312952117   -0.00765807959062  
  6.040000   -0.03293125200692   -0.00093626989358    0.00000181125808   -0.00759967167520  
  6.050000   -0.03272317882528   -0.00093127583365    0.00000048902206   -0.00754147597964  
  6.060000   -0.03251634847993   -0.00092629288711   -0.00000083706939   -0.00748348539010  
  6.070000   -0.03231077191331   -0.00092132145412   -0.00000216681840   -0.00742569539557  
  6.080000   -0.03210645982417   -0.00091636193563   -0.00000349995222   -0.00736810408095  
  6.090000   -0.03190342249470   -0.00091141472629   -0.00000483612928   -0.00731071209419  
  6.100000   -0.03170166962208   -0.00090648020742   -0.00000617494553   -0.00725352258800  
  6.110000   -0.03150121015606   -0.00090155874019   -0.00000751594113   -0.00719654113671  
  6.120000   -0.03130205214401   -0.00089665065898   -0.00000885860740   -0.00713977562912  
  6.130000   -0.03110420258507   -0.00089175626498   -0.00001020239391   -0.00708323613869  
  6.140000   -0.03090766729471   -0.00088687582027   -0.00001154671576   -0.00702693477218  
  6.150000   -0.03071245078108   -0.00088200954220   -0.00001289096081   -0.00697088549850  
  6.160000   -0.03051855613428   -0.00087715759827   -0.00001423449692   -0.00691510395949  
  6.170000   -0.03032598492960   -0.00087232010159   -0.00001557667914   -0.00685960726456  
  6.180000   -0.03013473714581   -0.00086749710682   -0.00001691685669   -0.00680441377139  
  6.190000   -0.02994481109909   -0.00086268860682   -0.00001825437971   -0.00674954285487  
  6.200000   -0.02975620339335   -0.00085789452987   -0.00001958860573   -0.00669501466669  
  6.210000   -0.02956890888749   -0.00085311473762   -0.00002091890581   -0.00664084988801  
  6.220000   -0.02938292067975   -0.00084834902373   -0.00002224467026   -0.00658706947783  
  6.230000   -0.02919823010948   -0.00084359711325   -0.00002356531391   -0.00653369441950  
  6.240000   -0.02901482677618   -0.00083885866266   -0.00002488028086   -0.00648074546799  
  6.250000   -0.02883269857574   -0.00083413326073   -0.00002618904873   -0.00642824290057  
  6.260000   -0.02865183175351   -0.00082942043007   -0.00002749113229   -0.00637620627332  
  6.270000   -0.02847221097367   -0.00082471962936   -0.00002878608650   -0.00632465418601  
  6.280000   -0.02829381940422   -0.00082003025630   -0.00003007350895   -0.00627360405763  
  6.290000   -0.02811663881691   -0.00081535165127   -0.00003135304162   -0.00622307191495  
  6.300000   -0.02794064970101   -0.00081068310156   -0.00003262437197   -0.00617307219616  
  6.310000   -0.02776583138986   -0.00080602384622   -0.00003388723348   -0.00612361757157  
  6.320000   -0.02759216219910   -0.00080137308147   -0.00003514140536   -0.00607471878315  
  6.330000   -0.02741961957512   -0.00079672996661   -0.00003638671180   -0.00602638450457  
  6.340000   -0.02724818025233   -0.00079209363034   -0.00003762302049   -0.00597862122301  
  6.350000   -0.02707782041789   -0.00078746317754   -0.00003885024053   -0.00593143314403  
  6.360000   -0.02690851588206   -0.00078283769626   -0.00004006831986   -0.00588482212030  
  6.370000   -0.02674024225276   -0.00077821626512   -0.00004127724205   -0.00583878760499  
  6.380000   -0.02657297511254   -0.00077359796070   -0.00004247702268   -0.00579332663016  
  6.390000   -0.02640669019632   -0.00076898186522   -0.00004366770518   -0.00574843381036  
  6.400000   -0.02624136356809   -0.00076436707417   -0.00004484935637   -0.00570410137135  
  6.410000   -0.02607697179497   -0.00075975270390   -0.00004602206158   -0.00566031920363  
  6.420000   -0.02591349211695   -0.00075513789917   -0.00004718591952   -0.00561707494013  
  6.430000   -0.02575090261053   -0.00075052184042   -0.00004834103689   -0.00557435405729  
  6.440000   -0.02558918234484   -0.00074590375089   -0.00004948752286   -0.00553213999844  
  6.450000   -0.02542831152862   -0.00074128290339   -0.00005062548345   -0.00549041431813  
  6.460000   -0.02526827164670   -0.00073665862664   -0.00005175501583   -0.00544915684603  
  6.470000   -0.02510904558459   -0.00073203031120   -0.00005287620267   -0.00540834586854  
  6.480000   -0.02495061774001   -0.00072739741494   -0.00005398910663   -0.00536795832637  
  6.490000   -0.02479297412023   -0.00072275946786   -0.00005509376497   -0.00532797002598  
  6.500000   -0.02463610242430   -0.00071811607641   -0.00005619018435   -0.00528835586266  
  6.510000   -0.02447999210932   -0.00071346692703   -0.00005727833596   -0.00524909005312  
  6.520000   -0.02432463444015   -0.00070881178918   -0.00005835815100   -0.00521014637498  
  6.530000   -0.02417002252199   -0.00070415051748   -0.00005942951649   -0.00517149841093  
  6.540000   -0.02401615131548   -0.00069948305327   -0.00006049227158   -0.00513311979484  
  6.550000   -0.02386301763426   -0.00069480942529   -0.00006154620435   -0.00509498445759  
  6.560000   -0.02371062012488   -0.00069012974972   -0.00006259104905   -0.00505706686979  
  6.570000   -0.02355895922925   -0.00068544422935   -0.00006362648405   -0.00501934227918  
  6.580000   -0.02340803712998   -0.00068075315207   -0.00006465213023   -0.00498178694018  
  6.590000   -0.02325785767915   -0.00067605688862   -0.00006566755012   -0.00494437833322  
  6.600000   -0.02310842631106   -0.00067135588958   -0.00006667224754   -0.00490709537182  
  6.610000   -0.02295974993990   -0.00066665068167   -0.00006766566804   -0.00486991859504  
  6.620000   -0.02281183684318   -0.00066194186344   -0.00006864719982   -0.00483283034358  
  6.630000   -0.02266469653219   -0.00065723010032   -0.00006961617541   -0.00479581491769  
  6.640000   -0.02251833961046   -0.00065251611906   -0.00007057187397   -0.00475885871529  
  6.650000   -0.02237277762182   -0.00064780070172   -0.00007151352416   -0.00472195034886  
  6.660000   -0.02222802288937   -0.00064308467914   -0.00007244030768   -0.00468508074005  
  6.670000   -0.02208408834688   -0.00063836892405   -0.00007335136329   -0.00464824319101  
  6.680000   -0.02194098736434   -0.00063365434384   -0.00007424579148   -0.00461143343169  
  6.690000   -0.02179873356916   -0.00062894187303   -0.00007512265955   -0.00457464964277  
  6.700000   -0.02165734066492   -0.00062423246560   -0.00007598100718   -0.00453789245382  
  6.710000   -0.02151682224927   -0.00061952708715   -0.00007681985241   -0.00450116491702  
  6.720000   -0.02137719163278   -0.00061482670708   -0.00007763819795   -0.00446447245644  
  6.730000   -0.02123846166050   -0.00061013229069   -0.00007843503782   -0.00442782279354  
  6.740000   -0.02110064453790   -0.00060544479152   -0.00007920936419   -0.00439122584977  
  6.750000   -0.02096375166298   -0.00060076514376   -0.00007996017444   -0.00435469362709  
  6.760000   -0.02082779346601   -0.00059609425499   -0.00008068647826   -0.00431824006778  
  6.770000   -0.02069277925859   -0.00059143299914   -0.00008138730488   -0.00428188089491  
  6.780000   -0.02055871709349   -0.00058678220997   -0.00008206171018   -0.00424563343520  
  6.790000   -0.02042561363654   -0.00058214267487   -0.00008270878385   -0.00420951642591  
  6.800000   -0.02029347405196   -0.00057751512929   -0.00008332765622   -0.00417354980799  
  6.810000   -0.02016230190212   -0.00057290025163   -0.00008391750501   -0.00413775450734  
  6.820000   -0.02003209906283   -0.00056829865880   -0.00008447756177   -0.00410215220661  
  6.830000   -0.01990286565499   -0.00056371090241   -0.00008500711791   -0.00406676510969  
  6.840000   -0.01977459999321   -0.00055913746571   -0.00008550553044   -0.00403161570152  
  6.850000   -0.01964729855204   -0.00055457876113   -0.00008597222716   -0.00399672650536  
  6.860000   -0.01952095595008   -0.00055003512869   -0.00008640671140   -0.00396211984027  
  6.870000   -0.01939556495220   -0.00054550683511   -0.00008680856625   -0.00392781758105  
  6.880000   -0.01927111648994   -0.00054099407368   -0.00008717745809   -0.00389384092324  
  6.890000   -0.01914759969976   -0.00053649696488   -0.00008751313966   -0.00386021015531  
  6.900000   -0.01902500197904   -0.00053201555788   -0.00008781545233   -0.00382694444073  
  6.910000   -0.01890330905917   -0.00052754983259   -0.00008808432780   -0.00379406161165  
  6.920000   -0.01878250509507   -0.00052309970263   -0.00008831978911   -0.00376157797670  
  6.930000   -0.01866257277042   -0.00051866501884   -0.00008852195088   -0.00372950814453  
  6.940000   -0.01854349341756   -0.00051424557357   -0.00008869101897   -0.00369786486505  
  6.950000   -0.01842524715084   -0.00050984110549   -0.00008882728933   -0.00366665888982  
  6.960000   -0.01830781301240   -0.00050545130508   -0.00008893114624   -0.00363589885313  
  6.970000   -0.01819116912879   -0.00050107582050   -0.00008900305990   -0.00360559117484  
  6.980000   -0.01807529287704   -0.00049671426403   -0.00008904358327   -0.00357573998592  
  6.990000   -0.01796016105863   -0.00049236621887   -0.00008905334842   -0.00354634707759  
  7.000000   -0.01784575007969   -0.00048803124621   -0.00008903306223   -0.00351741187430  
  7.010000   -0.01773203613559   -0.00048370889268   -0.00008898350155   -0.00348893143101  
  7.020000   -0.01761899539842   -0.00047939869783   -0.00008890550790   -0.00346090045460  
  7.030000   -0.01750660420529   -0.00047510020185   -0.00008879998166   -0.00343331134934  
  7.040000   -0.01739483924582   -0.00047081295319   -0.00008866787596   -0.00340615428572  
  7.050000   -0.01728367774691   -0.00046653651629   -0.00008851019013   -0.00337941729207  
  7.060000   -0.01717309765312   -0.00046227047901   -0.00008832796295   -0.00335308636794  
  7.070000   -0.01706307780077   -0.00045801445999   -0.00008812226565   -0.00332714561810  
  7.080000   -0.01695359808421   -0.00045376811569   -0.00008789419477   -0.00330157740568  
  7.090000   -0.01684463961254   -0.00044953114704   -0.00008764486491   -0.00327636252299  
  7.100000   -0.01673618485532   -0.00044530330576   -0.00008737540153   -0.00325148037816  
  7.110000   -0.01662821777576   -0.00044108440011   -0.00008708693372   -0.00322690919571  
  7.120000   -0.01652072395016   -0.00043687430020   -0.00008678058710   -0.00320262622906  
  7.130000   -0.01641369067238   -0.00043267294258   -0.00008645747695   -0.00317860798260  
  7.140000   -0.01630710704226   -0.00042848033427   -0.00008611870150   -0.00315483044131  
  7.150000   -0.01620096403711   -0.00042429655611   -0.00008576533557   -0.00313126930537  
  7.160000   -0.01609525456564   -0.00042012176532   -0.00008539842455   -0.00310790022743  
  7.170000   -0.01598997350354   -0.00041595619734   -0.00008501897876   -0.00308469905014  
  7.180000   -0.01588511771053   -0.00041180016690   -0.00008462796834   -0.00306164204145  
  7.190000   -0.01578068602855   -0.00040765406830   -0.00008422631851   -0.00303870612538  
  7.200000   -0.01567667926108   -0.00040351837481   -0.00008381490550   -0.00301586910578  
  7.210000   -0.01557310013369   -0.00039939363744   -0.00008339455295   -0.00299310988087  
  7.220000   -0.01546995323621   -0.00039528048269   -0.00008296602897   -0.00297040864635  
  7.230000   -0.01536724494696   -0.00039117960973   -0.00008253004380   -0.00294774708508  
  7.240000   -0.01526498333973   -0.00038709178672   -0.00008208724806   -0.00292510854126  
  7.250000   -0.01516317807438   -0.00038301784639   -0.00008163823172   -0.00290247817751  
  7.260000   -0.01506184027196   -0.00037895868102   -0.00008118352365   -0.00287984311304  
  7.270000   -0.01496098237562   -0.00037491523672   -0.00008072359183   -0.00285719254176  
  7.280000   -0.01486061799848   -0.00037088850710   -0.00008025884423   -0.00283451782893  
  7.290000   -0.01476076175998   -0.00036687952648   -0.00007978963025   -0.00281181258545  
  7.300000   -0.01466142911216   -0.00036288936260   -0.00007931624273   -0.00278907271905  
  7.310000   -0.01456263615753   -0.00035891910888   -0.00007883892065   -0.00276629646185  
  7.320000   -0.01446439946024   -0.00035496987643   -0.00007835785221   -0.00274348437399  
  7.330000   -0.01436673585235   -0.00035104278571   -0.00007787317847   -0.00272063932337  
  7.340000   -0.01426966223700   -0.00034713895816   -0.00007738499747   -0.00269776644164  
  7.350000   -0.01417319539041   -0.00034325950754   -0.00007689336865   -0.00267487305692  
  7.360000   -0.01407735176454   -0.00033940553142   -0.00007639831774   -0.00265196860401  
  7.370000   -0.01398214729229   -0.00033557810262   -0.00007589984182   -0.00262906451288  
  7.380000   -0.01388759719726   -0.00033177826089   -0.00007539791469   -0.00260617407669  
  7.390000   -0.01379371580964   -0.00032800700472   -0.00007489249241   -0.00258331230070  
  7.400000   -0.01370051639024   -0.00032426528354   -0.00007438351887   -0.00256049573352  
  7.410000   -0.01360801096432   -0.00032055399025   -0.00007387093154   -0.00253774228252  
  7.420000   -0.01351621016674   -0.00031687395422   -0.00007335466707   -0.00251507101526  
  7.430000   -0.01342512310002   -0.00031322593480   -0.00007283466690   -0.00249250194892  
  7.440000   -0.01333475720678   -0.00030961061545   -0.00007231088268   -0.00247005583002  
  7.450000   -0.01324511815770   -0.00030602859846   -0.00007178328152   -0.00244775390648  
  7.460000   -0.01315620975617   -0.00030248040042   -0.00007125185096   -0.00242561769459  
  7.470000   -0.01306803386067   -0.00029896644839   -0.00007071660362   -0.00240366874300  
  7.480000   -0.01298059032559   -0.00029548707691   -0.00007017758150   -0.00238192839645  
  7.490000   -0.01289387696115   -0.00029204252575   -0.00006963485984   -0.00236041756134  
  7.500000   -0.01280788951292   -0.00028863293854   -0.00006908855053   -0.00233915647581  
  7.510000   -0.01272262166112   -0.00028525836228   -0.00006853880505   -0.00231816448651  
  7.520000   -0.01263806503984   -0.00028191874768   -0.00006798581679   -0.00229745983441  
  7.530000   -0.01255420927609   -0.00027861395037   -0.00006742982290   -0.00227705945184  
  7.540000   -0.01247104204829   -0.00027534373294   -0.00006687110552   -0.00225697877282  
  7.550000   -0.01238854916381   -0.00027210776790   -0.00006630999234   -0.00223723155865  
  7.560000   -0.01230671465483   -0.00026890564140   -0.00006574685669   -0.00221782974053  
  7.570000   -0.01222552089170   -0.00026573685770   -0.00006518211685   -0.00219878328081  
  7.580000   -0.01214494871279   -0.00026260084448   -0.00006461623488   -0.00218010005439  
  7.590000   -0.01206497756965   -0.00025949695876   -0.00006404971472   -0.00216178575134  
  7.600000   -0.01198558568607   -0.00025642449352   -0.00006348309983   -0.00214384380187  
  7.610000   -0.01190675022980   -0.00025338268488   -0.00006291697011   -0.00212627532440  
  7.620000   -0.01182844749506   -0.00025037071981   -0.00006235193842   -0.00210907909726  
  7.630000   -0.01175065309435   -0.00024738774427   -0.00006178864647   -0.00209225155431  
  7.640000   -0.01167334215766   -0.00024443287174   -0.00006122776032   -0.00207578680460  
  7.650000   -0.01159648953729   -0.00024150519207   -0.00006066996539   -0.00205967667584  
  7.660000   -0.01152007001622   -0.00023860378045   -0.00006011596112   -0.00204391078123  
  7.670000   -0.01144405851827   -0.00023572770664   -0.00005956645527   -0.00202847660912  
  7.680000   -0.01136843031779   -0.00023287604411   -0.00005902215802   -0.00201335963436  
  7.690000   -0.01129316124713   -0.00023004787922   -0.00005848377573   -0.00199854345056  
  7.700000   -0.01121822789969   -0.00022724232023   -0.00005795200467   -0.00198400992157  
  7.710000   -0.01114360782678   -0.00022445850611   -0.00005742752457   -0.00196973935095  
  7.720000   -0.01106927972628   -0.00022169561503   -0.00005691099217   -0.00195571066754  
  7.730000   -0.01099522362123   -0.00021895287248   -0.00005640303486   -0.00194190162533  
  7.740000   -0.01092142102679   -0.00021622955892   -0.00005590424433   -0.00192828901560  
  7.750000   -0.01084785510372   -0.00021352501689   -0.00005541517046   -0.00191484888917  
  7.760000   -0.01077451079694   -0.00021083865752   -0.00005493631543   -0.00190155678651  
  7.770000   -0.01070137495790   -0.00020816996640   -0.00005446812809   -0.00188838797342  
  7.780000   -0.01062843644930   -0.00020551850864   -0.00005401099873   -0.00187531767978  
  7.790000   -0.01055568623130   -0.00020288393327   -0.00005356525424   -0.00186232133911  
  7.800000   -0.01048311742817   -0.00020026597671   -0.00005313115374   -0.00184937482634  
  7.810000   -0.01041072537473   -0.00019766446547   -0.00005270888467   -0.00183645469147  
  7.820000   -0.01033850764208   -0.00019507931789   -0.00005229855956   -0.00182353838675  
  7.830000   -0.01026646404216   -0.00019251054503   -0.00005190021322   -0.00181060448500  
  7.840000   -0.01019459661110   -0.00018995825066   -0.00005151380073   -0.00179763288687  
  7.850000   -0.01012290957148   -0.00018742263025   -0.00005113919595   -0.00178460501498  
  7.860000   -0.01005140927354   -0.00018490396911   -0.00005077619081   -0.00177150399283  
  7.870000   -0.00998010411607   -0.00018240263967   -0.00005042449518   -0.00175831480686  
  7.880000   -0.00990900444745   -0.00017991909779   -0.00005008373756   -0.00174502444971  
  7.890000   -0.00983812244775   -0.00017745387829   -0.00004975346635   -0.00173162204346  
  7.900000   -0.00976747199297   -0.00017500758971   -0.00004943315193   -0.00171809894146  
  7.910000   -0.00969706850251   -0.00017258090824   -0.00004912218932   -0.00170444880774  
  7.920000   -0.00962692877136   -0.00017017457102   -0.00004881990158   -0.00169066767307  
  7.930000   -0.00955707078848   -0.00016778936876   -0.00004852554382   -0.00167675396726  
  7.940000   -0.00948751354302   -0.00016542613783   -0.00004823830779   -0.00166270852719  
  7.950000   -0.00941827682012   -0.00016308575185   -0.00004795732713   -0.00164853458050  
  7.960000   -0.00934938098835   -0.00016076911283   -0.00004768168302   -0.00163423770515  
  7.970000   -0.00928084678051   -0.00015847714204   -0.00004741041046   -0.00161982576515  
  7.980000   -0.00921269507010   -0.00015621077061   -0.00004714250482   -0.00160530882317  
  7.990000   -0.00914494664534   -0.00015397092998   -0.00004687692894   -0.00159069903077  
  8.000000   -0.00907762198307   -0.00015175854225   -0.00004661262035   -0.00157601049750  
  8.010000   -0.00901074102445   -0.00014957451067   -0.00004634849892   -0.00156125914005  
  8.020000   -0.00894432295487   -0.00014741971011   -0.00004608347453   -0.00154646251302  
  8.030000   -0.00887838598992   -0.00014529497788   -0.00004581645498   -0.00153163962301  
  8.040000   -0.00881294716968   -0.00014320110476   -0.00004554635387   -0.00151681072782  
  8.050000   -0.00874802216315   -0.00014113882647   -0.00004527209850   -0.00150199712299  
  8.060000   -0.00868362508498   -0.00013910881563   -0.00004499263760   -0.00148722091750  
  8.070000   -0.00861976832594   -0.00013711167422   -0.00004470694896   -0.00147250480128  
  8.080000   -0.00855646239921   -0.00013514792674   -0.00004441404683   -0.00145787180653  
  8.090000   -0.00849371580371   -0.00013321801401   -0.00004411298894   -0.00144334506554  
  8.100000   -0.00843153490605   -0.00013132228783   -0.00004380288326   -0.00142894756734  
  8.110000   -0.00836992384225   -0.00012946100631   -0.00004348289421   -0.00141470191557  
  8.120000   -0.00830888444026   -0.00012763433026   -0.00004315224851   -0.00140063009029  
  8.130000   -0.00824841616418   -0.00012584232030   -0.00004281024042   -0.00138675321585  
  8.140000   -0.00818851608076   -0.00012408493506   -0.00004245623641   -0.00137309133739  
  8.150000   -0.00812917884869   -0.00012236203028   -0.00004208967922   -0.00135966320825  
  8.160000   -0.00807039673089   -0.00012067335887   -0.00004171009123   -0.00134648609031  
  8.170000   -0.00801215962976   -0.00011901857201   -0.00004131707718   -0.00133357556947  
  8.180000   -0.00795445514529   -0.00011739722119   -0.00004091032614   -0.00132094538809  
  8.190000   -0.00789726865554   -0.00011580876122   -0.00004048961275   -0.00130860729615  
  8.200000   -0.00784058341884   -0.00011425255420   -0.00004005479776   -0.00129657092262  
  8.210000   -0.00778438069698   -0.00011272787437   -0.00003960582777   -0.00128484366844  
  8.220000   -0.00772863989821   -0.00011123391385   -0.00003914273423   -0.00127343062221  
  8.230000   -0.00767333873891   -0.00010976978921   -0.00003866563180   -0.00126233449942  
  8.240000   -0.00761845342254   -0.00010833454875   -0.00003817471584   -0.00125155560600  
  8.250000   -0.00756395883410   -0.00010692718052   -0.00003767025936   -0.00124109182646  
  8.260000   -0.00750982874862   -0.00010554662095   -0.00003715260924   -0.00123093863691  
  8.270000   -0.00745603605161   -0.00010419176400   -0.00003662218184   -0.00122108914278  
  8.280000   -0.00740255296950   -0.00010286147083   -0.00003607945802   -0.00121153414085  
  8.290000   -0.00734935130799   -0.00010155457974   -0.00003552497766   -0.00120226220523  
  8.300000   -0.00729640269609   -0.00010026991649   -0.00003495933371   -0.00119325979615  
  8.310000   -0.00724367883360   -0.00009900630471   -0.00003438316577   -0.00118451139070  
  8.320000   -0.00719115173962   -0.00009776257647   -0.00003379715340   -0.00117599963419  
  8.330000   -0.00713879399997   -0.00009653758273   -0.00003320200904   -0.00116770551056  
  8.340000   -0.00708657901086   -0.00009533020378   -0.00003259847082   -0.00115960853019  
  8.350000   -0.00703448121682   -0.00009413935937   -0.00003198729513   -0.00115168693330  
  8.360000   -0.00698247634038   -0.00009296401856   -0.00003136924917   -0.00114391790668  
  8.370000   -0.00693054160130   -0.00009180320913   -0.00003074510345   -0.00113627781184  
  8.380000   -0.00687865592337   -0.00009065602652   -0.00003011562443   -0.00112874242211  
  8.390000   -0.00682680012658   -0.00008952164209   -0.00002948156722   -0.00112128716627  
  8.400000   -0.00677495710274   -0.00008839931080   -0.00002884366853   -0.00111388737639  
  8.410000   -0.00672311197301   -0.00008728837803   -0.00002820263992   -0.00110651853723  
  8.420000   -0.00667125222537   -0.00008618828564   -0.00002755916135   -0.00109915653469  
  8.430000   -0.00661936783093   -0.00008509857707   -0.00002691387520   -0.00109177790079  
  8.440000   -0.00656745133764   -0.00008401890153   -0.00002626738070   -0.00108436005270  
  8.450000   -0.00651549794037   -0.00008294901718   -0.00002562022891   -0.00107688152331  
  8.460000   -0.00646350552661   -0.00008188879327   -0.00002497291829   -0.00106932218096  
  8.470000   -0.00641147469713   -0.00008083821117   -0.00002432589087   -0.00106166343615  
  8.480000   -0.00635940876114   -0.00007979736439   -0.00002367952905   -0.00105388843300  
  8.490000   -0.00630731370602   -0.00007876645744   -0.00002303415315   -0.00104598222344  
  8.500000   -0.00625519814142   -0.00007774580363   -0.00002239001961   -0.00103793192246  
  8.510000   -0.00620307321830   -0.00007673582174   -0.00002174731992   -0.00102972684257  
  8.520000   -0.00615095252337   -0.00007573703170   -0.00002110618038   -0.00102135860621  
  8.530000   -0.00609885194967   -0.00007475004919   -0.00002046666246   -0.00101282123476  
  8.540000   -0.00604678954449   -0.00007377557926   -0.00001982876404   -0.00100411121331  
  8.550000   -0.00599478533560   -0.00007281440901   -0.00001919242127   -0.00099522753031  
  8.560000   -0.00594286113757   -0.00007186739942   -0.00001855751120   -0.00098617169170  
  8.570000   -0.00589104033951   -0.00007093547636   -0.00001792385508   -0.00097694770930  
  8.580000   -0.00583934767626   -0.00007001962084   -0.00001729122233   -0.00096756206337  
  8.590000   -0.00578780898499   -0.00006912085868   -0.00001665933506   -0.00095802363981  
  8.600000   -0.00573645094928   -0.00006824024957   -0.00001602787325   -0.00094834364238  
  8.610000   -0.00568530083304   -0.00006737887571   -0.00001539648039   -0.00093853548085  
  8.620000   -0.00563438620662   -0.00006653783010   -0.00001476476956   -0.00092861463607  
  8.630000   -0.00558373466763   -0.00006571820451   -0.00001413232998   -0.00091859850328  
  8.640000   -0.00553337355891   -0.00006492107746   -0.00001349873388   -0.00090850621513  
  8.650000   -0.00548332968642   -0.00006414750201   -0.00001286354354   -0.00089835844616  
  8.660000   -0.00543362903949   -0.00006339849377   -0.00001222631868   -0.00088817720064  
  8.670000   -0.00538429651613   -0.00006267501902   -0.00001158662383   -0.00087798558581  
  8.680000   -0.00533535565598   -0.00006197798319   -0.00001094403586   -0.00086780757289  
  8.690000   -0.00528682838347   -0.00006130821979   -0.00001029815137   -0.00085766774805  
  8.700000   -0.00523873476351   -0.00006066647975   -0.00000964859407   -0.00084759105596  
  8.710000   -0.00519109277226   -0.00006005342156   -0.00000899502191   -0.00083760253844  
  8.720000   -0.00514391808515   -0.00005946960200   -0.00000833713397   -0.00082772707080  
  8.730000   -0.00509722388421   -0.00005891546776   -0.00000767467703   -0.00081798909863  
  8.740000   -0.00505102068674   -0.00005839134796   -0.00000700745173   -0.00080841237754  
  8.750000   -0.00500531619704   -0.00005789744764   -0.00000633531825   -0.00079901971868  
  8.760000   -0.00496011518279   -0.00005743384230   -0.00000565820148   -0.00078983274247  
  8.770000   -0.00491541937746   -0.00005700047360   -0.00000497609560   -0.00078087164320  
  8.780000   -0.00487122740982   -0.00005659714614   -0.00000428906799   -0.00077215496685  
  8.790000   -0.00482753476155   -0.00005622352553   -0.00000359726251   -0.00076369940443  
  8.800000   -0.00478433375349   -0.00005587913762   -0.00000290090199   -0.00075551960306  
  8.810000   -0.00474161356104   -0.00005556336905   -0.00000220029002   -0.00074762799671  
  8.820000   -0.00469936025870   -0.00005527546896   -0.00000149581191   -0.00074003465847  
  8.830000   -0.00465755689377   -0.00005501455207   -0.00000078793487   -0.00073274717584  
  8.840000   -0.00461618358872   -0.00005477960289   -0.00000007720737   -0.00072577055058  
  8.850000   -0.00457521767158   -0.00005456948121    0.00000063574233   -0.00071910712407  
  8.860000   -0.00453463383350   -0.00005438292870    0.00000135020845   -0.00071275652915  
  8.870000   -0.00449440431217   -0.00005421857668    0.00000206541072   -0.00070671566911  
  8.880000   -0.00445449909988   -0.00005407495493    0.00000278049833   -0.00070097872404  
  8.890000   -0.00441488617437   -0.00005395050144    0.00000349455443   -0.00069553718479  
  8.900000   -0.00437553175076   -0.00005384357316    0.00000420660153   -0.00069037991422  
  8.910000   -0.00433640055241   -0.00005375245748    0.00000491560748   -0.00068549323532  
  8.920000   -0.00429745609841   -0.00005367538443    0.00000562049207   -0.00068086104548  
  8.930000   -0.00425866100540   -0.00005361053959    0.00000632013427   -0.00067646495588  
  8.940000   -0.00421997730097   -0.00005355607740    0.00000701337988   -0.00067228445478  
  8.950000   -0.00418136674613   -0.00005351013485    0.00000769904972   -0.00066829709314  
  8.960000   -0.00414279116379   -0.00005347084553    0.00000837594813   -0.00066447869099  
  8.970000   -0.00410421277060   -0.00005343635375    0.00000904287177   -0.00066080356239  
  8.980000   -0.00406559450910   -0.00005340482862    0.00000969861864   -0.00065724475707  
  8.990000   -0.00402690037714   -0.00005337447814    0.00001034199725   -0.00065377431631  
  9.000000   -0.00398809575170   -0.00005334356293    0.00001097183583   -0.00065036354054  
  9.010000   -0.00394914770416   -0.00005331040963    0.00001158699145   -0.00064698326631  
  9.020000   -0.00391002530397   -0.00005327342381    0.00001218635914   -0.00064360414957  
  9.030000   -0.00387069990812   -0.00005323110223    0.00001276888064   -0.00064019695286  
  9.040000   -0.00383114543347   -0.00005318204435    0.00001333355303   -0.00063673283326  
  9.050000   -0.00379133860950   -0.00005312496307    0.00001387943684   -0.00063318362849  
  9.060000   -0.00375125920891   -0.00005305869439    0.00001440566383   -0.00062952213816  
  9.070000   -0.00371089025394   -0.00005298220610    0.00001491144412   -0.00062572239740  
  9.080000   -0.00367021819614   -0.00005289460531    0.00001539607283   -0.00062175994010  
  9.090000   -0.00362923306792   -0.00005279514476    0.00001585893600   -0.00061761204917  
  9.100000   -0.00358792860416   -0.00005268322778    0.00001629951576   -0.00061325799115  
  9.110000   -0.00354630233239   -0.00005255841199    0.00001671739481   -0.00060867923276  
  9.120000   -0.00350435563067   -0.00005242041156    0.00001711225995   -0.00060385963725  
  9.130000   -0.00346209375204   -0.00005226909798    0.00001748390482   -0.00059878563833  
  9.140000   -0.00341952581525   -0.00005210449950    0.00001783223174   -0.00059344639000  
  9.150000   -0.00337666476121   -0.00005192679899    0.00001815725254   -0.00058783389034  
  9.160000   -0.00333352727543   -0.00005173633041    0.00001845908857   -0.00058194307831  
  9.170000   -0.00329013367665   -0.00005153357378    0.00001873796963   -0.00057577190195  
  9.180000   -0.00324650777229   -0.00005131914879    0.00001899423201   -0.00056932135748  
  9.190000   -0.00320267668156   -0.00005109380704    0.00001922831558   -0.00056259549849  
  9.200000   -0.00315867062765   -0.00005085842287    0.00001944075999   -0.00055560141510  
  9.210000   -0.00311452270015   -0.00005061398306    0.00001963219984   -0.00054834918287  
  9.220000   -0.00307026858974   -0.00005036157531    0.00001980335912   -0.00054085178192  
  9.230000   -0.00302594629698   -0.00005010237558    0.00001995504479   -0.00053312498678  
  9.240000   -0.00298159581745   -0.00004983763460    0.00002008813953   -0.00052518722781  
  9.250000   -0.00293725880581   -0.00004956866331    0.00002020359380   -0.00051705942531  
  9.260000   -0.00289297822129   -0.00004929681775    0.00002030241732   -0.00050876479783  
  9.270000   -0.00284879795760   -0.00004902348320    0.00002038566986   -0.00050032864623  
  9.280000   -0.00280476246015   -0.00004875005782    0.00002045445157   -0.00049177811548  
  9.290000   -0.00276091633377   -0.00004847793608    0.00002050989292   -0.00048314193631  
  9.300000   -0.00271730394422   -0.00004820849179    0.00002055314427   -0.00047445014904  
  9.310000   -0.00267396901667   -0.00004794306122    0.00002058536520   -0.00046573381216  
  9.320000   -0.00263095423472   -0.00004768292626    0.00002060771365   -0.00045702469832  
  9.330000   -0.00258830084316   -0.00004742929779    0.00002062133513   -0.00044835498051  
  9.340000   -0.00254604825805   -0.00004718329948    0.00002062735178   -0.00043975691152  
  9.350000   -0.00250423368733   -0.00004694595212    0.00002062685172   -0.00043126249943  
  9.360000   -0.00246289176533   -0.00004671815861    0.00002062087860   -0.00042290318255  
  9.370000   -0.00242205420435   -0.00004650068979    0.00002061042137   -0.00041470950656  
  9.380000   -0.00238174946638   -0.00004629417120    0.00002059640465   -0.00040671080717  
  9.390000   -0.00234200245780   -0.00004609907098    0.00002057967944   -0.00039893490126  
  9.400000   -0.00230283424991   -0.00004591568891    0.00002056101451   -0.00039140778950  
  9.410000   -0.00226426182750   -0.00004574414674    0.00002054108846   -0.00038415337330  
  9.420000   -0.00222629786783   -0.00004558438003    0.00002052048250   -0.00037719318890  
  9.430000   -0.00218895055174   -0.00004543613134    0.00002049967407   -0.00037054616112  
  9.440000   -0.00215222340817   -0.00004529894510    0.00002047903128   -0.00036422837922  
  9.450000   -0.00211611519314   -0.00004517216396    0.00002045880832   -0.00035825289690  
  9.460000   -0.00208061980318   -0.00004505492683    0.00002043914184   -0.00035262955845  
  9.470000   -0.00204572622267   -0.00004494616858    0.00002042004817   -0.00034736485236  
  9.480000   -0.00201141850349   -0.00004484462116    0.00002040142171   -0.00034246179369  
  9.490000   -0.00197767577391   -0.00004474881640    0.00002038303409   -0.00033791983575  
  9.500000   -0.00194447227225   -0.00004465709005    0.00002036453436   -0.00033373481117  
  9.510000   -0.00191177739868   -0.00004456758699    0.00002034544990   -0.00032989890175  
  9.520000   -0.00187955577613   -0.00004447826734    0.00002032518814   -0.00032640063578  
  9.530000   -0.00184776730835   -0.00004438691298    0.00002030303865   -0.00032322491036  
  9.540000   -0.00181636721971   -0.00004429113407    0.00002027817568   -0.00032035303534  
  9.550000   -0.00178530605760   -0.00004418837485    0.00002024966052   -0.00031776279404  
  9.560000   -0.00175452963440   -0.00004407591793    0.00002021644360   -0.00031542851465  
  9.570000   -0.00172397888210   -0.00004395088610    0.00002017736558   -0.00031332114441  
  9.580000   -0.00169358958978   -0.00004381024049    0.00002013115719   -0.00031140831745  
  9.590000   -0.00166329199259   -0.00004365077395    0.00002007643694   -0.00030965440545  
  9.600000   -0.00163301018195   -0.00004346909831    0.00002001170630   -0.00030802053966  
  9.610000   -0.00160266131177   -0.00004326162430    0.00001993534164   -0.00030646459244  
  9.620000   -0.00157215458585   -0.00004302453328    0.00001984558248   -0.00030494110763  
  9.630000   -0.00154139002892   -0.00004275374028    0.00001974051581   -0.00030340117204  
  9.640000   -0.00151025706991   -0.00004244484880    0.00001961805658   -0.00030179222553  
  9.650000   -0.00147863300142   -0.00004209309890    0.00001947592506   -0.00030005781555  
  9.660000   -0.00144638142505   -0.00004169331166    0.00001931162242   -0.00029813731373  
  9.670000   -0.00141335084681   -0.00004123983534    0.00001912240697   -0.00029596562774  
  9.680000   -0.00137937364846   -0.00004072650045    0.00001890527440   -0.00029347296054  
  9.690000   -0.00134426572403   -0.00004014659399    0.00001865694681   -0.00029058469099  
  9.700000   -0.00130782712962   -0.00003949286508    0.00001837387633   -0.00028722147225  
  9.710000   -0.00126984413961   -0.00003875757679    0.00001805227028   -0.00028329966589  
  9.720000   -0.00123009312151   -0.00003793261998    0.00001768814556   -0.00027873224553  
  9.730000   -0.00118834662408   -0.00003700970522    0.00001727741981   -0.00027343031065  
  9.740000   -0.00114438200414   -0.00003598064687    0.00001681604650   -0.00026730534398  
  9.750000   -0.00109799278904   -0.00003483774955    0.00001630019884   -0.00026027231955  
  9.760000   -0.00104900277564   -0.00003357430049    0.00001572650457   -0.00025225371937  
  9.770000   -0.00099728260428   -0.00003218516170    0.00001509232915   -0.00024318444332  
  9.780000   -0.00094276822747   -0.00003066744434    0.00001439609915   -0.00023301749876  
  9.790000   -0.00088548033633   -0.00002902123375    0.00001363765123   -0.00022173023884  
  9.800000   -0.00082554344541   -0.00002725031937    0.00001281858503   -0.00020933078988  
  9.810000   -0.00076320300876   -0.00002536287006    0.00001194259160   -0.00019586418100  
  9.820000   -0.00069883869469   -0.00002337198475    0.00001101572386   -0.00018141758037  
  9.830000   -0.00063297183470   -0.00002129604192    0.00001004657209   -0.00016612397044  
  9.840000   -0.00056626512922   -0.00001915877224    0.00000904630793   -0.00015016357801  
  9.850000   -0.00049951297414   -0.00001698898744    0.00000802856392   -0.00013376243088  
  9.860000   -0.00043362128314   -0.00001481991631    0.00000700912449   -0.00011718754970  
  9.870000   -0.00036957641171   -0.00001268812558    0.00000600541670   -0.00010073850515  
  9.880000   -0.00030840369954   -0.00001063203777    0.00000503580578   -0.00008473536579  
  9.890000   -0.00025111716903   -0.00000869009761    0.00000411871951   -0.00006950341060  
  9.900000   -0.00019866295327   -0.00000689867909    0.00000327164513   -0.00005535534994  
  9.910000   -0.00015185996239   -0.00000528986302    0.00000251006102   -0.00004257214922  
  9.920000   -0.00011134201424   -0.00000388924436    0.00000184637971   -0.00003138383568  
  9.930000   -0.00007750604400   -0.00000271394607    0.00000128898760   -0.00002195184793  
  9.940000   -0.00005047098402   -0.00000177101705    0.00000084146752   -0.00001435452553  
  9.950000   -0.00003005142685   -0.00000105637584    0.00000050208253   -0.00000857720915  
  9.960000   -0.00001574925676   -0.00000055442643    0.00000026358290   -0.00000450813114  
  9.970000   -0.00000676512068   -0.00000023842341    0.00000011337393   -0.00000194083648  
  9.980000   -0.00000203001974   -0.00000007160160    0.00000003405275   -0.00000058332642  
  9.990000   -0.00000025559188   -0.00000000901942    0.00000000428990   -0.00000007351523  
 10.000000    0.00000000000000    0.00000000000000    0.00000000000000    0.00000000000000  
