<Coefficient>
	 9 Total number of radial orbitals.
	Type	L	Zeta-Orbital
	  Pt 	0	    1
	  -0.06099324375357
	  -0.09265689811041
	  -0.11017576404877
	  -0.16935507591589
	  -0.21321215773100
	  -0.23742922352929
	  -0.22824218614967
	  -0.20235507399948
	  -0.16071525176368
	  -0.11224219955328
	  -0.05837719252616
	  -0.00865996891682
	   0.03411885587946
	   0.06642987471247
	   0.08945497669727
	   0.10264907800961
	   0.10829690019452
	   0.10675559040055
	   0.10026499122988
	   0.08955404789688
	   0.07731176437595
	   0.06405174851449
	   0.05136196513436
	   0.03929400954072
	   0.02883547267575
	   0.01994090885232
	   0.01325096814609
	   0.00802085599775
	   0.00450541001357
	   0.00198646950534
	   0.00067934029345
	  -0.00012956828585
	  -0.00020486427685
	  -0.00034073953086
	   0.00007817419468
	Type	L	Zeta-Orbital
	  Pt 	0	    2
	   0.10308764722860
	   0.11753485425023
	   0.02175753959348
	  -0.02494804948126
	  -0.06255356807072
	  -0.07705370496755
	  -0.08607997922295
	  -0.07699797847541
	  -0.06296655895196
	  -0.04295314946037
	  -0.02782325396225
	  -0.01219367250870
	   0.00001198177750
	   0.01249710739654
	   0.02021408503674
	   0.02660869156497
	   0.02859863146949
	   0.02970480443790
	   0.02809060389078
	   0.02658141083125
	   0.02320660738914
	   0.02030428553871
	   0.01608969146492
	   0.01320290227442
	   0.00993796882971
	   0.00791693270104
	   0.00509147911060
	   0.00372086983934
	   0.00191054273332
	   0.00146235370636
	   0.00032480559738
	   0.00043634505749
	  -0.00041098023497
	   0.00020795053016
	  -0.00103115132058
	Type	L	Zeta-Orbital
	  Pt 	0	    3
	   0.36793783971683
	   0.02094861212615
	  -0.52638574829637
	  -0.23260829941115
	  -0.00020618414648
	   0.21743010507017
	   0.22807285761921
	   0.26421723926277
	   0.23797977302082
	   0.23742809532933
	   0.17211402488364
	   0.13312254823229
	   0.08029820568915
	   0.06882317528017
	   0.03756748849586
	   0.03286912600041
	   0.00597573401473
	   0.00178592759458
	  -0.01762379028936
	  -0.01411848629100
	  -0.02724031382297
	  -0.02163270003114
	  -0.03406775841325
	  -0.02459464775714
	  -0.02973892747570
	  -0.01570569123934
	  -0.02370754664094
	  -0.01022937292734
	  -0.01712298595066
	  -0.00197749697078
	  -0.01040730282876
	   0.00506402839133
	  -0.00771314592334
	   0.01118451028851
	  -0.01946130395888
	Type	L	Zeta-Orbital
	  Pt 	0	    4
	  -0.46454809500149
	   0.37152905203419
	   0.49955695155505
	   0.11668268570307
	  -0.16523308840379
	  -0.21728294343195
	  -0.05804501589322
	   0.06850345582188
	   0.03409808198501
	  -0.02669976670169
	  -0.05219475485627
	  -0.03119652032986
	  -0.04106100552396
	  -0.05232746927893
	  -0.10066572458177
	  -0.11347566001655
	  -0.13477053081384
	  -0.11331881015949
	  -0.11768109804287
	  -0.09953933714364
	  -0.10185986409116
	  -0.06097295960054
	  -0.06182966176428
	  -0.03241450316411
	  -0.04340946717342
	  -0.01179493017416
	  -0.02618506883115
	   0.00737118645437
	  -0.01553335145569
	   0.01491669242129
	  -0.01626723197002
	   0.01856076704767
	  -0.02009587923090
	   0.02602152490749
	  -0.05847237719092
	Type	L	Zeta-Orbital
	  Pt 	1	    1
	  -0.13557834225323
	  -0.12492173832333
	  -0.12352038916492
	  -0.12657629451534
	  -0.13786082656236
	  -0.12600581700892
	  -0.12494545834528
	  -0.10844606828159
	  -0.10131689227291
	  -0.07712545426445
	  -0.06826624338159
	  -0.04829164557654
	  -0.03811194350008
	  -0.02175861750947
	  -0.01638745464243
	  -0.00416130475360
	  -0.00317332842745
	   0.00604157135810
	   0.00336656690390
	   0.01052248248586
	   0.00521140019592
	   0.01032374541118
	   0.00363996341387
	   0.00920313605147
	   0.00121981550169
	   0.00687196641454
	  -0.00145954137678
	   0.00555684304804
	  -0.00349696049484
	   0.00502336937606
	  -0.00506270774818
	   0.00548322028049
	  -0.00642319377520
	   0.00658204479241
	  -0.03663182084701
	Type	L	Zeta-Orbital
	  Pt 	1	    2
	   0.58921045816590
	   0.43010436576610
	   0.23663492816401
	   0.02195476581882
	  -0.14855352784899
	  -0.37702225271776
	  -0.48464922638393
	  -0.58947865473497
	  -0.58136953885245
	  -0.59930887315733
	  -0.50943397134034
	  -0.45344453664212
	  -0.34554582202585
	  -0.27308488334527
	  -0.16444644603420
	  -0.10702563203870
	  -0.01933910849183
	   0.00718754185662
	   0.06789709242010
	   0.06416182167445
	   0.10240708070923
	   0.07994892735292
	   0.10299223664524
	   0.06347482827984
	   0.08328332989966
	   0.03901950609833
	   0.05993639883486
	   0.01193246802393
	   0.04063806089946
	  -0.00896614113398
	   0.03013395195965
	  -0.02355314861017
	   0.02860366155476
	  -0.03280542444864
	   0.16744488250789
	Type	L	Zeta-Orbital
	  Pt 	2	    1
	  -0.03350144624415
	  -0.10150609614384
	  -0.17223944434966
	  -0.23249411078608
	  -0.27775313979546
	  -0.30436118851205
	  -0.31307592628350
	  -0.30735113317820
	  -0.29119837266807
	  -0.26871806387541
	  -0.24120622379050
	  -0.21083983037791
	  -0.17860187649104
	  -0.14776100352947
	  -0.11880632749322
	  -0.09299675274335
	  -0.07036730923124
	  -0.05148678864766
	  -0.03564848546813
	  -0.02344582748062
	  -0.01395562106019
	  -0.00738916756490
	  -0.00270369567842
	   0.00014641687701
	   0.00187760834637
	   0.00229731513767
	   0.00234269972114
	   0.00183823237386
	   0.00141489071783
	   0.00073537311659
	   0.00035528538178
	  -0.00013233636578
	  -0.00023245710241
	  -0.00026535019177
	   0.00085753684566
	Type	L	Zeta-Orbital
	  Pt 	2	    2
	  -0.35173448314131
	  -0.85947662029105
	  -0.67383762736413
	  -0.40326209516614
	  -0.15887076082038
	  -0.03527658888929
	   0.21429072486793
	   0.34442488513528
	   0.37699992126753
	   0.22938085493071
	   0.17956457850803
	   0.14389084962897
	   0.19631335459620
	   0.16759038706795
	   0.16779864181230
	   0.09375262068848
	   0.07987772656960
	   0.03318486094432
	   0.05133391214935
	   0.01702007643180
	   0.03377735234103
	  -0.01390032314578
	   0.00437952521616
	  -0.01965949137173
	   0.01783592186487
	  -0.02014891011044
	   0.01225359267992
	  -0.02254007845345
	   0.01565005114412
	  -0.02041162006568
	   0.02034925298419
	  -0.02182791232488
	   0.01987995664963
	   0.02497422848054
	   0.35239325635848
	Type	L	Zeta-Orbital
	  Pt 	3	    1
	  -0.23770195404920
	  -0.31125624394991
	  -0.61662357628671
	  -0.68202763446745
	  -0.84035678437849
	  -0.89360840342380
	  -0.95954933150087
	  -0.83529970454965
	  -0.68000381846445
	  -0.43717989204888
	  -0.37561168228297
	  -0.30547290002206
	  -0.31451691982818
	  -0.25350370964600
	  -0.24401482448902
	  -0.15812953059370
	  -0.15242288692953
	  -0.08463492445055
	  -0.09745293948567
	  -0.03815030534025
	  -0.05776019120310
	   0.00306131225352
	  -0.02571523781910
	   0.02713321861755
	  -0.01462694008195
	   0.02908279545160
	  -0.02385124449285
	   0.02472897192679
	  -0.03132503035610
	   0.02086563355529
	  -0.03242813782698
	   0.01586442750196
	  -0.01367794018273
	  -0.28773604937876
	  -0.99710251205526
</Coefficient>
<Mkb>
Left spillage = 3.0656338811e-04
</Mkb>
