<Coefficient>
	 9 Total number of radial orbitals.
	Type	L	Zeta-Orbital
	  Y 	0	    1
	   0.18848770980473
	  -0.01093527724842
	  -0.11962112335392
	  -0.12746343687062
	  -0.08389104849754
	  -0.04278829628550
	  -0.00415567585663
	   0.01782659571825
	   0.03452328866685
	   0.03659664655769
	   0.03787796625795
	   0.02943756301152
	   0.02590648084436
	   0.01517649666401
	   0.01374565778448
	   0.00413367566547
	   0.00628458118181
	  -0.00190495055861
	   0.00358567266948
	  -0.00426817044679
	   0.00381391702600
	  -0.00507332910570
	   0.00516409679558
	  -0.00642847547156
	   0.00898319140874
	Type	L	Zeta-Orbital
	  Y 	0	    2
	  -0.16507419295280
	  -0.15849329164088
	  -0.16092141829755
	  -0.14488907490402
	  -0.09318966548933
	  -0.02557608739693
	   0.03426903025104
	   0.07784792636057
	   0.09727270102699
	   0.10068310845642
	   0.08943381030668
	   0.07430634088693
	   0.05379620643422
	   0.03812345824622
	   0.02133851865116
	   0.01328998288187
	   0.00335284447214
	   0.00272495504460
	  -0.00235429184018
	   0.00140251375407
	  -0.00258886386235
	   0.00277511002970
	  -0.00225585218214
	   0.00417691984984
	  -0.00429344364753
	Type	L	Zeta-Orbital
	  Y 	0	    3
	   0.83050248559588
	  -0.42145459086951
	  -0.01760021842415
	   0.45782144692789
	   0.26729561016493
	   0.38605481540900
	   0.19577766124842
	   0.17955227762958
	   0.07180138042158
	   0.08641370238795
	   0.02780080274886
	   0.03985888055278
	   0.00139682385961
	   0.00156539943226
	  -0.01228314418164
	  -0.01419661338141
	  -0.00947708918925
	  -0.01073513456851
	   0.00299888751599
	  -0.00811185412039
	   0.01415139240588
	  -0.00488942352009
	   0.02014243153673
	  -0.01415293125442
	   0.02930950427606
	Type	L	Zeta-Orbital
	  Y 	0	    4
	   0.00622159444894
	   0.41120841271063
	   0.16440516472988
	  -0.07895967481684
	   0.08861747476303
	   0.18661377611807
	   0.31205066189998
	   0.29623433077359
	   0.34249080933674
	   0.29950816817984
	   0.26687931769696
	   0.18756879057208
	   0.13872576074794
	   0.07162001144997
	   0.04428563632137
	   0.00494002110657
	   0.00333959567839
	  -0.01003987955571
	  -0.00158934267047
	  -0.00775023258629
	   0.00626649436436
	   0.00451219981102
	   0.01152654412828
	   0.00177044281332
	   0.00956915988888
	Type	L	Zeta-Orbital
	  Y 	1	    1
	   0.07258108354645
	   0.23207693437680
	   0.36370800117954
	   0.41397882084090
	   0.37891887287320
	   0.30085833445791
	   0.20472214540059
	   0.11532830692972
	   0.04165545069005
	  -0.00976705642476
	  -0.04191326982764
	  -0.05652451516972
	  -0.06011115245103
	  -0.05456047465125
	  -0.04569935909453
	  -0.03423006934989
	  -0.02442178624553
	  -0.01511628284210
	  -0.00907440362422
	  -0.00384348185009
	  -0.00185871581042
	   0.00024741281657
	  -0.00018668070295
	   0.00084953739319
	  -0.00130859575899
	Type	L	Zeta-Orbital
	  Y 	1	    2
	   0.72893281342465
	   0.06671718566311
	  -0.39080023207217
	  -0.50012600245566
	  -0.45803127600768
	  -0.36574983200336
	  -0.24612480040344
	  -0.14829680867678
	  -0.05038790965279
	  -0.00077575021650
	   0.04971864517350
	   0.05037754997645
	   0.07233344952807
	   0.04653199812412
	   0.05987281316349
	   0.02433266955288
	   0.04082815987200
	   0.00194233867778
	   0.02724532518890
	  -0.01389343158861
	   0.02313775839932
	  -0.02435130338002
	   0.02667874039852
	  -0.03558515300328
	   0.08302859331125
	Type	L	Zeta-Orbital
	  Y 	2	    1
	  -0.23472667194953
	  -0.28504745819912
	  -0.33435003435684
	  -0.28800171780725
	  -0.27227184268840
	  -0.21038077788225
	  -0.17712467054503
	  -0.12127212576505
	  -0.09889715505330
	  -0.05847538169118
	  -0.05038904860982
	  -0.02358370095677
	  -0.02702917068129
	  -0.00626295034358
	  -0.01622096829450
	   0.00178624581065
	  -0.01260886317937
	   0.00630820554122
	  -0.01117902100626
	   0.00953003999645
	  -0.01173053850467
	   0.01250854263898
	  -0.01395742372187
	   0.01491386746186
	  -0.08577530823444
	Type	L	Zeta-Orbital
	  Y 	2	    2
	  -0.87482094341210
	   0.45968883189354
	   0.57667552084561
	   0.68388900547981
	   0.54394159223400
	   0.43586244954813
	   0.33456561358288
	   0.26959315218285
	   0.17472994920214
	   0.15309629108665
	   0.07557520226230
	   0.08999957467162
	   0.01713800028240
	   0.06072082975701
	  -0.01407316596697
	   0.04760678538272
	  -0.03501025875576
	   0.04912728762904
	  -0.04652221320130
	   0.05697538937753
	  -0.05676516271116
	   0.06784218108355
	  -0.07718847821794
	   0.07895202324379
	  -0.46148548936064
	Type	L	Zeta-Orbital
	  Y 	3	    1
	  -0.24725863518531
	   0.86686241663763
	   0.85411311407432
	   0.90563190628874
	   0.59543863684195
	   0.50740054184379
	   0.33596096938557
	   0.32120071602995
	   0.16944727305702
	   0.19967221635986
	   0.06551772303030
	   0.11208141588450
	   0.00569122802919
	   0.08084894731064
	  -0.03570602784938
	   0.06409037996320
	  -0.05163585145441
	   0.06754773629841
	  -0.06527612327247
	   0.07036921504791
	  -0.07240021347480
	   0.08081662361845
	  -0.07086049823315
	  -0.12123277315906
	  -1.33322139707205
</Coefficient>
<Mkb>
Left spillage = 7.0789574298e-03
</Mkb>
