0	0.09103054928926095
1	0.056665627977884124
2	0.06887213951520434
3	0.05967076380820491
4	0.052753263315035645
5	0.05147503452413896
6	0.05222561309631438
7	0.05287294496534971
8	0.05284953457455854
9	0.05222865631720759
10	0.05124803929497709
11	0.050135909024159715
12	0.049063571186689636
13	0.04813973956758546
14	0.04741607152864062
15	0.04689627719794534
16	0.04654816082841278
17	0.046318275885332
18	0.046147384427842754
19	0.04598407552016379
20	0.04579419190535428
21	0.04556445327647899
22	0.04530001887224442
23	0.045017655763399486
24	0.044737188666929995
25	0.044474001203134036
26	0.044234529425514243
27	0.04401518932607827
28	0.04380454495606972
29	0.04358808014897703
30	0.04335373847962861
31	0.04309555975357415
32	0.04281426239629193
33	0.04251548505494996
34	0.042206869301268504
35	0.041895498139212395
36	0.04158646227469684
37	0.04128244633083805
38	0.04098427784049746
39	0.04069223557979978
40	0.0404074295691077
41	0.04013243168576267
42	0.03987090315760092
43	0.039626656626667756
44	0.03940298737568414
45	0.03920260693510868
46	0.03902768304138647
47	0.03887955092366787
48	0.038758221854963484
49	0.03866209155792275
50	0.03858809822311055
51	0.038532267922982165
52	0.03849042259756254
53	0.038458840143419194
54	0.03843470818598649
55	0.03841626447824573
56	0.038402608185974865
57	0.0383932921268221
58	0.0383878898618909
59	0.038385714493574905
60	0.03838576899126338
61	0.03838689236280699
62	0.03838799065316876
63	0.038388236931265814
64	0.03838717260161177
65	0.03838469970567611
66	0.03838099128828284
67	0.038376361017018634
68	0.03837113302517671
69	0.03836554598699236
70	0.03835971318666527
71	0.038353642281989404
72	0.03834729771272981
73	0.038340673202959294
74	0.03833384040567217
75	0.038326954635681254
76	0.03832022115154246
77	0.03831384232460682
78	0.03830796985366043
79	0.03830267858978749
80	0.03829796638962849
81	0.03829377459581142
82	0.0382900192579967
83	0.03828662269060726
84	0.03828353614433298
85	0.03828074715964203
86	0.038278270389324257
87	0.03827612711699817
88	0.038274323172890416
89	0.03827283486863675
90	0.03827160792677334
91	0.03827056788541483
92	0.03826963586823844
93	0.0382687429568905
94	0.03826783878447201
95	0.038266893167878444
96	0.03826589212845336
97	0.03826483107132121
98	0.038263708213815945
99	0.03826252070192109
100	0.038261264409006
101	0.038259936607938444
102	0.03825853942056613
103	0.038257081929623155
104	0.03825557991805648
105	0.03825405348568128
106	0.03825252355968757
107	0.03825100843693739
108	0.038249521246940504
109	0.038248068902687074
110	0.03824665273961069
111	0.038245270508305194
112	0.03824391882795711
113	0.038242595032698556
114	0.038241297745715816
115	0.03824002624177072
116	0.038238779245894916
117	0.03823755394743338
118	0.03823634571837375
119	0.038235148608338584
120	0.0382339563815046
121	0.03823276369524731
122	0.03823156697976797
123	0.03823036469602131
124	0.03822915692180079
125	0.03822794452909086
126	0.03822672838744459
127	0.038225508940013725
128	0.0382242862267632
129	0.03822306018642864
130	0.03822183099596411
131	0.038220599278200894
132	0.03821936612041731
133	0.03821813292515949
134	0.03821690115685606
135	0.038215672078835874
136	0.038214446584358804
137	0.03821322518093819
138	0.03821200810417502
139	0.038210795473859346
140	0.038209587403045135
141	0.038208384021385024
142	0.03820718543172641
143	0.03820599164558073
144	0.038204802539228824
145	0.038203617856602465
146	0.03820243726465718
147	0.03820126044293685
148	0.03820008717077366
149	0.038198917375853916
150	0.03819775112983295
151	0.03819658860534522
152	0.03819543002269205
153	0.03819427560817577
154	0.03819312557207344
155	0.03819198010430245
156	0.03819083938213903
157	0.03818970358292378
158	0.03818857289360374
159	0.03818744751096408
160	0.038186327632518995
161	0.038185213443534406
162	0.038184105106572275
163	0.0381830027573706
164	0.0381819065079555
165	0.038180816455884045
166	0.0381797326965154
167	0.038178655333025946
168	0.03817758447915418
169	0.038176520253824515
170	0.03817546277188846
171	0.03817441213694914
172	0.03817336843963993
173	0.03817233176063038
174	0.03817130217552875
175	0.03817027975922431
176	0.038169264588295934
177	0.03816825674103593
178	0.03816725629555761
179	0.038166263327374425
180	0.0381652779080706
181	0.03816430010570732
182	0.03816332998625123
183	0.038162367614797806
184	0.03816141305585914
185	0.03816046637268985
186	0.03815952762596719
187	0.03815859687222095
188	0.03815767416255797
189	0.038156759542258306
190	0.03815585305140387
191	0.03815495472606288
192	0.03815406459925748
193	0.03815318270124634
194	0.03815230905917834
195	0.0381514436965187
196	0.038150586632625536
197	0.038149737882688106
198	0.03814889745806074
199	0.03814806536681768
200	0.038147241614275205
201	0.03814642620325839
202	0.03814561913409763
203	0.03814482040447594
204	0.03814403000926761
205	0.03814324794044172
206	0.03814247418705967
207	0.0381417087353715
208	0.03814095156898119
209	0.038140202668987745
210	0.03813946201403906
211	0.038138729580292914
212	0.038138005341359416
213	0.038137289268283664
214	0.03813658132959766
215	0.03813588149142444
216	0.03813518971761471
217	0.038134505969879176
218	0.03813383020788067
219	0.038133162389285
220	0.03813250246980277
221	0.03813185040325023
222	0.03813120614164715
223	0.03813056963533053
224	0.038129940833064126
225	0.0381293196821323
226	0.038128706128414944
227	0.03812810011644096
228	0.038127501589427584
229	0.03812691048931977
230	0.03812632675684409
231	0.038125750331585696
232	0.038125181152059866
233	0.03812461915578989
234	0.0381240642793621
235	0.038123516458481235
236	0.03812297562801864
237	0.03812244172206539
238	0.038121914673995755
239	0.03812139441653662
240	0.03812088088183729
241	0.03812037400153518
242	0.038119873706812316
243	0.03811937992844666
244	0.038118892596863144
245	0.03811841164217914
246	0.038117936994254566
247	0.03811746858274126
248	0.038117006337130444
249	0.03811655018680054
250	0.03811610006105797
251	0.03811565588918077
252	0.03811521760045547
253	0.038114785124218384
254	0.03811435838989284
255	0.038113937327029196
256	0.038113521865342254
257	0.03811311193474467
258	0.038112707465380674
259	0.038112308387653296
260	0.03811191463225507
261	0.038111526130195736
262	0.03811114281283037
263	0.03811076461188666
264	0.038110391459490765
265	0.03811002328818944
266	0.03810966003097158
267	0.03810930162129037
268	0.038108947993083175
269	0.03810859908078837
270	0.03810825481936611
271	0.03810791514431417
272	0.03810757999168305
273	0.038107249298090104
274	0.038106923000733574
275	0.03810660103740338
276	0.03810628334649185
277	0.03810596986700584
278	0.03810566053857452
279	0.03810535530146014
280	0.03810505409656331
281	0.03810475686543173
282	0.038104463550266435
283	0.03810417409392534
284	0.03810388843992999
285	0.03810360653247014
286	0.03810332831640394
287	0.03810305373726519
288	0.03810278274126147
289	0.03810251527527778
290	0.038102251286876776
291	0.03810199072429899
292	0.03810173353646327
293	0.03810147967296588
294	0.03810122908407953
295	0.038100981720751784
296	0.038100737534602976
297	0.03810049647792421
298	0.03810025850367485
299	0.03810002356547752
300	0.03809979161761733
301	0.03809956261503751
302	0.03809933651333325
303	0.038099113268750304
304	0.03809889283817741
305	0.03809867517914411
306	0.038098460249813636
307	0.03809824800897866
308	0.03809803841605587
309	0.03809783143107948
310	0.038097627014695996
311	0.03809742512815752
312	0.03809722573331637
313	0.03809702879261846
314	0.03809683426909663
315	0.038096642126364336
316	0.03809645232860894
317	0.038096264840585335
318	0.03809607962760807
319	0.038095896655546024
320	0.03809571589081413
321	0.0380955373003673
322	0.038095360851692614
323	0.038095186512803754
324	0.03809501425223171
325	0.03809484403901968
326	0.038094675842715704
327	0.03809450963336375
328	0.03809434538149961
329	0.03809418305814172
330	0.038094022634784626
331	0.03809386408339154
332	0.03809370737638877
333	0.038093552486657356
334	0.03809339938752665
335	0.03809324805276736
336	0.03809309845658513
337	0.03809295057361273
338	0.03809280437890428
339	0.03809265984792818
340	0.03809251695656072
341	0.03809237568107919
342	0.03809223599815577
343	0.03809209788484992
344	0.0380919613186034
345	0.03809182627723419
346	0.038091692738928956
347	0.03809156068223702
348	0.03809143008606476
349	0.03809130092967008
350	0.03809117319265579
351	0.038091046854963034
352	0.03809092189686735
353	0.03809079829897111
354	0.03809067604219911
355	0.038090555107792246
356	0.03809043547730242
357	0.03809031713258731
358	0.03809020005580403
359	0.03809008422940547
360	0.03808996963613397
361	0.03808985625901645
362	0.038089744081359116
363	0.038089633086743714
364	0.03808952325902136
365	0.03808941458230812
366	0.03808930704098067
367	0.03808920061967139
368	0.03808909530326376
369	0.03808899107688758
370	0.038088887925916304
371	0.03808878583596003
372	0.038088684792862766
373	0.03808858478269883
374	0.038088485791767324
375	0.03808838780658881
376	0.03808829081390168
377	0.03808819480065797
378	0.038088099754018494
379	0.03808800566135069
380	0.038087912510225176
381	0.03808782028840976
382	0.03808772898386772
383	0.03808763858475446
384	0.03808754907941362
385	0.038087460456372416
386	0.038087372704341024
387	0.03808728581220726
388	0.03808719976903404
389	0.038087114564056175
390	0.038087030186677535
391	0.03808694662646758
392	0.03808686387315922
393	0.03808678191664418
394	0.03808670074697326
395	0.038086620354349565
396	0.038086540729129405
397	0.03808646186181722
398	0.038086383743064334
399	0.03808630636366562
400	0.038086229714555796
401	0.03808615378681078
402	0.03808607857164063
403	0.038086004060390616
404	0.0380859302445371
405	0.03808585711568472
406	0.038085784665566585
407	0.03808571288603952
408	0.038085641769083085
409	0.03808557130679701
410	0.03808550149140073
411	0.03808543231522796
412	0.03808536377072766
413	0.03808529585046104
414	0.038085228547099684
415	0.03808516185342356
416	0.038085095762318597
417	0.038085030266776315
418	0.03808496535989042
419	0.03808490103485699
420	0.03808483728496966
421	0.03808477410362136
422	0.03808471148430047
423	0.03808464942058995
424	0.03808458790616519
425	0.03808452693479332
426	0.038084466500331114
427	0.0380844065967241
428	0.03808434721800271
429	0.038084288358284715
430	0.038084230011770186
431	0.038084172172742764
432	0.038084114835566646
433	0.038084057994685346
434	0.0380840016446212
435	0.03808394577997379
436	0.03808389039541821
437	0.03808383548570388
438	0.03808378104565359
439	0.03808372707016314
440	0.0380836735541977
441	0.038083620492793256
442	0.038083567881054485
443	0.038083515714152645
444	0.03808346398732637
445	0.0380834126958788
446	0.03808336183517731
447	0.03808331140065394
448	0.03808326138780095
449	0.0380832117921725
450	0.03808316260938354
451	0.038083113835107325
452	0.03808306546507574
453	0.038083017495078295
454	0.03808296992096059
455	0.03808292273862368
456	0.03808287594402324
457	0.038082829533168855
458	0.038082783502123484
459	0.03808273784700013
460	0.03808269256396642
461	0.03808264764923729
462	0.03808260309907885
463	0.03808255890980593
464	0.03808251507778079
465	0.03808247159941402
466	0.03808242847116182
467	0.03808238568952718
468	0.038082343251057624
469	0.03808230115234509
470	0.03808225939002547
471	0.038082217960777744
472	0.03808217686132356
473	0.038082136088425575
474	0.03808209563888876
475	0.03808205550955717
476	0.038082015697315556
477	0.03808197619908803
478	0.03808193701183704
479	0.03808189813256284
480	0.03808185955830362
481	0.03808182128613444
482	0.03808178331316651
483	0.0380817456365469
484	0.03808170825345843
485	0.03808167116111741
486	0.03808163435677536
487	0.038081597837717716
488	0.03808156160126242
489	0.03808152564476014
490	0.03808148996559392
491	0.03808145456117874
492	0.0380814194289605
493	0.038081384566415605
494	0.03808134997105184
495	0.03808131564040592
496	0.038081281572043914
497	0.03808124776356155
498	0.03808121421258262
499	0.03808118091675955
500	0.0380811478737716
501	0.03808111508132667
502	0.038081082537158056
503	0.038081050239026956
504	0.038081018184720206
505	0.03808098637204974
506	0.038080954798853796
507	0.03808092346299587
508	0.038080892362363
509	0.03808086149486696
510	0.0380808308584438
511	0.038080800451053234
512	0.03808077027067797
513	0.03808074031532338
514	0.03808071058301818
515	0.0380806810718128
516	0.0380806517797797
517	0.03808062270501287
518	0.03808059384562842
519	0.03808056519976323
520	0.03808053676557337
521	0.03808050854123789
522	0.03808048052495412
523	0.03808045271494058
524	0.03808042510943406
525	0.03808039770669179
526	0.03808037050498908
527	0.0380803435026216
528	0.03808031669790185
529	0.038080290089161424
530	0.03808026367474978
531	0.03808023745303425
532	0.03808021142239992
533	0.03808018558124867
534	0.03808015992799922
535	0.03808013446108852
536	0.03808010917896834
537	0.0380800840801082
538	0.03808005916299204
539	0.038080034426122455
540	0.03808000986801514
541	0.03807998548720221
542	0.0380799612822312
543	0.038079937251664954
544	0.03807991339408027
545	0.03807988970807039
546	0.03807986619224046
547	0.03807984284521231
548	0.03807981966562034
549	0.038079796652113675
550	0.038079773803354935
551	0.03807975111802012
552	0.03807972859479857
553	0.03807970623239303
554	0.03807968402951936
555	0.038079661984905935
556	0.038079640097293685
557	0.03807961836543649
558	0.0380795967881005
559	0.03807957536406392
560	0.0380795540921172
561	0.03807953297106207
562	0.038079511999712774
563	0.038079491176894485
564	0.03807947050144417
565	0.03807944997220985
566	0.03807942958805112
567	0.0380794093478381
568	0.03807938925045173
569	0.038079369294784414
570	0.03807934947973741
571	0.038079329804225064
572	0.038079310267169514
573	0.03807929086750445
574	0.038079271604173556
575	0.0380792524761301
576	0.038079233482337105
577	0.03807921462176713
578	0.03807919589340368
579	0.03807917729623788
580	0.038079158829271216
581	0.03807914049151417
582	0.03807912228198615
583	0.038079104199716184
584	0.038079086243741456
585	0.03807906841310866
586	0.038079050706871925
587	0.03807903312409564
588	0.038079015663851634
589	0.038078998325220076
590	0.03807898110728972
591	0.03807896400915741
592	0.03807894702992829
593	0.03807893016871501
594	0.038078913424638705
595	0.038078896796827355
596	0.03807888028441762
597	0.03807886388655411
598	0.038078847602387195
599	0.0380788314310765
600	0.03807881537178734
601	0.03807879942369452
602	0.03807878358597801
603	0.03807876785782571
604	0.03807875223843223
605	0.03807873672700035
606	0.038078721322737624
607	0.038078706024859896
608	0.038078690832589426
609	0.038078675745154895
610	0.038078660761791706
611	0.03807864588174152
612	0.03807863110425303
613	0.03807861642858061
614	0.03807860185398525
615	0.03807858737973387
616	0.03807857300509982
617	0.03807855872936253
618	0.03807854455180743
619	0.03807853047172552
620	0.0380785164884142
621	0.03807850260117636
622	0.03807848880932049
623	0.038078475112161364
624	0.038078461509018904
625	0.03807844799921903
626	0.0380784345820922
627	0.03807842125697533
628	0.038078408023210816
629	0.03807839488014571
630	0.03807838182713248
631	0.03807836886352889
632	0.03807835598869848
633	0.03807834320200905
634	0.038078330502833824
635	0.03807831789055115
636	0.03807830536454399
637	0.038078292924200986
638	0.038078280568914616
639	0.03807826829808302
640	0.03807825611110862
641	0.038078244007398704
642	0.038078231986364994
643	0.03807822004742478
644	0.03807820818999851
645	0.038078196413512455
646	0.038078184717396595
647	0.0380781731010856
648	0.038078161564018304
649	0.0380781501056386
650	0.03807813872539391
651	0.03807812742273631
652	0.038078116197122036
653	0.03807810504801182
654	0.03807809397486966
655	0.038078082977164945
656	0.03807807205436981
657	0.03807806120596163
658	0.03807805043142077
659	0.03807803973023225
660	0.03807802910188522
661	0.038078018545871624
662	0.038078008061687915
663	0.03807799764883433
664	0.03807798730681548
665	0.038077977035138634
666	0.03807796683331562
667	0.03807795670086147
668	0.038077946637294316
669	0.03807793664213779
670	0.0380779267149171
671	0.03807791685516187
672	0.03807790706240549
673	0.03807789733618398
674	0.03807788767603765
675	0.03807787808150972
676	0.038077868552147315
677	0.03807785908750005
678	0.038077849687121676
679	0.03807784035056902
680	0.03807783107740195
681	0.038077821867183705
682	0.03807781271948134
683	0.03807780363386331
684	0.038077794609903765
685	0.03807778564717784
686	0.03807777674526455
687	0.0380777679037463
688	0.038077759122208676
689	0.03807775040023908
690	0.038077741737429144
691	0.038077733133373134
692	0.0380777245876677
693	0.03807771609991314
694	0.038077707669712454
695	0.03807769929667152
696	0.03807769098039892
697	0.03807768272050577
698	0.0380776745166067
699	0.03807766636831862
700	0.03807765827526177
701	0.03807765023705786
702	0.03807764225333275
703	0.038077634323714436
704	0.03807762644783324
705	0.038077618625322406
706	0.03807761085581774
707	0.03807760313895782
708	0.03807759547438372
709	0.03807758786173895
710	0.03807758030067
711	0.03807757279082495
712	0.03807756533185513
713	0.0380775579234146
714	0.03807755056515865
715	0.038077543256746386
716	0.03807753599783887
717	0.03807752878809925
718	0.03807752162719258
719	0.03807751451478753
720	0.03807750745055502
721	0.038077500434167036
722	0.038077493465298776
723	0.03807748654362777
724	0.03807747966883335
725	0.03807747284059774
726	0.038077466058604834
727	0.03807745932254078
728	0.03807745263209438
729	0.03807744598695672
730	0.03807743938681925
731	0.038077432831378176
732	0.038077426320330524
733	0.03807741985337541
734	0.03807741343021387
735	0.03807740705054981
736	0.03807740071408852
737	0.038077394420537806
738	0.03807738816960673
739	0.03807738196100739
740	0.03807737579445359
741	0.038077369669660695
742	0.0380773635863458
743	0.038077357544229445
744	0.038077351543032247
745	0.038077345582478314
746	0.038077339662292715
747	0.038077333782202294
748	0.03807732794193731
749	0.038077322141227776
750	0.038077316379806964
751	0.0380773106574099
752	0.03807730497377255
753	0.038077299328633886
754	0.03807729372173389
755	0.038077288152813964
756	0.03807728262161912
757	0.038077277127893674
758	0.038077271671385804
759	0.03807726625184402
760	0.03807726086901948
761	0.03807725552266414
762	0.03807725021253301
763	0.03807724493838141
764	0.03807723969996685
765	0.03807723449704881
766	0.03807722932938816
767	0.038077224196747174
768	0.03807721909889018
769	0.03807721403558296
770	0.0380772090065928
771	0.03807720401168897
772	0.038077199050642004
773	0.038077194123223586
774	0.038077189229207595
775	0.03807718436836956
776	0.038077179540486304
777	0.03807717474533555
778	0.038077169982697875
779	0.03807716525235436
780	0.0380771605540873
781	0.038077155887681804
782	0.038077151252923436
783	0.03807714664959924
784	0.03807714207749809
785	0.03807713753640991
786	0.03807713302612674
787	0.038077128546441456
788	0.038077124097148383
789	0.03807711967804346
790	0.03807711528892338
791	0.03807711092958759
792	0.038077106599835826
793	0.03807710229946914
794	0.03807709802829035
795	0.03807709378610314
796	0.038077089572713656
797	0.03807708538792864
798	0.03807708123155522
799	0.038077077103402954
800	0.03807707300328328
801	0.03807706893100716
802	0.038077064886388456
803	0.03807706086924137
804	0.03807705687938138
805	0.03807705291662585
806	0.038077048980792734
807	0.03807704507170161
808	0.038077041189173266
809	0.038077037333029536
810	0.03807703350309329
811	0.038077029699189524
812	0.038077025921142885
813	0.03807702216878077
814	0.03807701844193048
815	0.038077014740421376
816	0.03807701106408377
817	0.03807700741274885
818	0.03807700378624843
819	0.03807700018441745
820	0.038076996607090026
821	0.03807699305410159
822	0.038076989525289706
823	0.038076986020492816
824	0.03807698253954895
825	0.03807697908229938
826	0.03807697564858513
827	0.03807697223824876
828	0.03807696885113346
829	0.03807696548708375
830	0.038076962145945886
831	0.03807695882756587
832	0.03807695553179198
833	0.03807695225847252
834	0.038076949007457075
835	0.038076945778596986
836	0.03807694257174352
837	0.038076939386749664
838	0.03807693622346925
839	0.038076933081756935
840	0.038076929961468095
841	0.038076926862460614
842	0.03807692378459114
843	0.038076920727718275
844	0.03807691769170201
845	0.038076914676403034
846	0.038076911681682084
847	0.038076908707402296
848	0.03807690575342706
849	0.03807690281962031
850	0.038076899905847325
851	0.038076897011974066
852	0.03807689413786777
853	0.03807689128339636
854	0.03807688844842845
855	0.03807688563283393
856	0.03807688283648292
857	0.038076880059247094
858	0.038076877300998915
859	0.0380768745616117
860	0.0380768718409588
861	0.03807686913891547
862	0.03807686645535745
863	0.03807686379016093
864	0.03807686114320374
865	0.038076858514363626
866	0.03807685590352007
867	0.038076853310552265
868	0.038076850735341713
869	0.03807684817776921
870	0.038076845637717203
871	0.038076843115068565
872	0.038076840609706994
873	0.038076838121517576
874	0.0380768356503851
875	0.038076833196195675
876	0.038076830758837034
877	0.038076828338196485
878	0.03807682593416174
879	0.03807682354662274
880	0.03807682117546911
881	0.038076818820591586
882	0.03807681648188145
883	0.03807681415923095
884	0.038076811852532415
885	0.038076809561680344
886	0.03807680728656826
887	0.038076805027090946
888	0.038076802783144945
889	0.03807680055462615
890	0.038076798341431725
891	0.038076796143459
892	0.038076793960606994
893	0.03807679179277455
894	0.038076789639861434
895	0.038076787501768565
896	0.03807678537839653
897	0.03807678326964714
898	0.038076781175423284
899	0.03807677909562796
900	0.03807677703016424
901	0.03807677497893747
902	0.03807677294185223
903	0.03807677091881456
904	0.03807676890973051
905	0.03807676691450653
906	0.03807676493305083
907	0.03807676296527128
908	0.03807676101107701
909	0.03807675907037712
910	0.03807675714308158
911	0.038076755229101075
912	0.038076753328346716
913	0.038076751440730625
914	0.038076749566164546
915	0.03807674770456208
916	0.03807674585583633
917	0.038076744019901576
918	0.03807674219667253
919	0.03807674038606475
920	0.03807673858799323
921	0.03807673680237517
922	0.03807673502912707
923	0.038076733268166664
924	0.038076731519411676
925	0.03807672978278121
926	0.03807672805819403
927	0.03807672634556977
928	0.03807672464482875
929	0.038076722955891776
930	0.038076721278679615
931	0.03807671961311491
932	0.038076717959119113
933	0.03807671631661563
934	0.03807671468552743
935	0.03807671306577895
936	0.03807671145729369
937	0.03807670985999695
938	0.038076708273813736
939	0.03807670669867072
940	0.03807670513449317
941	0.03807670358120871
942	0.03807670203874444
943	0.038076700507027696
944	0.03807669898598776
945	0.038076697475552056
946	0.03807669597565083
947	0.03807669448621349
948	0.03807669300716977
949	0.03807669153845093
950	0.03807669007998793
951	0.03807668863171171
952	0.038076687193554615
953	0.0380766857654493
954	0.038076684347328166
955	0.0380766829391251
956	0.03807668154077313
957	0.03807668015220745
958	0.03807667877336196
959	0.03807667740417177
960	0.038076676044572405
961	0.03807667469450009
962	0.03807667335389091
963	0.03807667202268161
964	0.03807667070080945
965	0.03807666938821226
966	0.038076668084827785
967	0.03807666679059417
968	0.038076665505450843
969	0.038076664229336574
970	0.03807666296219078
971	0.03807666170395392
972	0.03807666045456693
973	0.03807665921396949
974	0.03807665798210351
975	0.03807665675891026
976	0.03807665554433158
977	0.038076654338310666
978	0.03807665314078954
979	0.03807665195171087
980	0.03807665077101917
981	0.0380766495986576
982	0.038076648434570995
983	0.038076647278703156
984	0.038076646130999425
985	0.0380766449914054
986	0.03807664385986659
987	0.03807664273632851
988	0.038076641620738115
989	0.038076640513042055
990	0.038076639413187306
991	0.0380766383211214
992	0.03807663723679195
993	0.03807663616014693
994	0.03807663509113557
995	0.03807663402970568
996	0.03807663297580745
997	0.03807663192938931
998	0.038076630890401635
999	0.038076629858794515
1000	0.038076628834518074
1001	0.03807662781752353
1002	0.03807662680776176
1003	0.0380766258051843
1004	0.038076624809742825
1005	0.03807662382138921
1006	0.03807662284007591
1007	0.038076621865755944
1008	0.03807662089838183
1009	0.03807661993790722
1010	0.03807661898428555
1011	0.03807661803747065
1012	0.03807661709741694
1013	0.03807661616407873
1014	0.03807661523741077
1015	0.0380766143173683
1016	0.03807661340390684
1017	0.03807661249698186
1018	0.038076611596549334
1019	0.03807661070256564
1020	0.038076609814987575
1021	0.03807660893377095
1022	0.03807660805887426
1023	0.0380766071902538
1024	0.03807660632786769
1025	0.038076605471673824
1026	0.0380766046216306
1027	0.03807660377769627
1028	0.0380766029398294
1029	0.038076602107989736
1030	0.0380766012821358
1031	0.0380766004622273
1032	0.03807659964822473
1033	0.03807659884008748
1034	0.038076598037776146
1035	0.038076597241250947
1036	0.038076596450473406
1037	0.03807659566540425
1038	0.03807659488600498
1039	0.03807659411223657
1040	0.03807659334406228
1041	0.038076592581442664
1042	0.03807659182434141
1043	0.03807659107272005
1044	0.038076590326542335
1045	0.038076589585770634
1046	0.03807658885036898
1047	0.03807658812030015
1048	0.03807658739552859
1049	0.03807658667601812
1050	0.03807658596173307
1051	0.038076585252637685
1052	0.03807658454869696
1053	0.03807658384987596
1054	0.03807658315613985
1055	0.03807658246745347
1056	0.03807658178378337
1057	0.03807658110509501
1058	0.038076580431354326
1059	0.03807657976252786
1060	0.03807657909858223
1061	0.03807657843948393
1062	0.038076577785199836
1063	0.03807657713569701
1064	0.038076576490943446
1065	0.03807657585090679
1066	0.038076575215554256
1067	0.03807657458485419
1068	0.03807657395877474
1069	0.038076573337284376
1070	0.038076572720351504
1071	0.03807657210794533
1072	0.03807657150003482
1073	0.03807657089658947
1074	0.03807657029757789
1075	0.03807656970297076
1076	0.03807656911273716
1077	0.0380765685268475
1078	0.038076567945271575
1079	0.038076567367980825
1080	0.03807656679494477
1081	0.03807656622613469
1082	0.03807656566152168
1083	0.03807656510107685
1084	0.03807656454477129
1085	0.03807656399257689
1086	0.03807656344446554
1087	0.03807656290040872
1088	0.038076562360378846
1089	0.03807656182434786
1090	0.0380765612922893
1091	0.0380765607641743
1092	0.038076560239976624
1093	0.03807655971966897
1094	0.03807655920322485
1095	0.038076558690617206
1096	0.038076558181819764
1097	0.03807655767680641
1098	0.03807655717555043
1099	0.03807655667802641
1100	0.038076556184208694
1101	0.03807655569407102
1102	0.03807655520758857
1103	0.03807655472473548
1104	0.03807655424548698
1105	0.038076553769818444
1106	0.03807655329770437
1107	0.038076552829120064
1108	0.03807655236404181
1109	0.03807655190244491
1110	0.038076551444305044
1111	0.03807655098959842
1112	0.03807655053830089
1113	0.038076550090389
1114	0.038076549645839376
1115	0.03807654920462816
1116	0.038076548766732964
1117	0.03807654833212957
1118	0.03807654790079576
1119	0.038076547472708895
1120	0.03807654704784599
1121	0.038076546626183955
1122	0.038076546207701865
1123	0.03807654579237668
1124	0.03807654538018632
1125	0.03807654497110878
1126	0.038076544565122876
1127	0.03807654416220644
1128	0.03807654376233801
1129	0.038076543365496776
1130	0.03807654297166107
1131	0.038076542580810065
1132	0.03807654219292265
1133	0.03807654180797798
1134	0.038076541425955644
1135	0.038076541046834805
1136	0.03807654067059528
1137	0.03807654029721693
1138	0.03807653992667963
1139	0.03807653955896294
1140	0.03807653919404765
1141	0.0380765388319134
1142	0.03807653847254139
1143	0.03807653811591157
1144	0.03807653776200442
1145	0.03807653741080114
1146	0.03807653706228248
1147	0.03807653671642979
1148	0.038076536373223585
1149	0.03807653603264572
1150	0.038076535694677116
1151	0.03807653535929981
1152	0.038076535026495335
1153	0.03807653469624501
1154	0.03807653436853094
1155	0.03807653404333554
1156	0.03807653372064074
1157	0.03807653340042852
1158	0.038076533082681316
1159	0.03807653276738176
1160	0.03807653245451247
1161	0.03807653214405601
1162	0.03807653183599495
1163	0.03807653153031309
1164	0.03807653122699244
1165	0.038076530926016657
1166	0.03807653062736932
1167	0.03807653033103289
1168	0.03807653003699188
1169	0.03807652974522886
1170	0.038076529455728564
1171	0.03807652916847416
1172	0.03807652888344959
1173	0.03807652860063952
1174	0.03807652832002732
1175	0.0380765280415971
1176	0.038076527765334094
1177	0.03807652749122216
1178	0.038076527219245614
1179	0.038076526949389726
1180	0.03807652668163866
1181	0.038076526415977564
1182	0.038076526152391675
1183	0.038076525890865354
1184	0.03807652563138409
1185	0.038076525373933336
1186	0.038076525118498336
1187	0.03807652486506443
1188	0.038076524613616936
1189	0.03807652436414209
1190	0.038076524116624946
1191	0.038076523871051725
1192	0.03807652362740816
1193	0.03807652338568053
1194	0.038076523145854704
1195	0.03807652290791712
1196	0.03807652267185355
1197	0.03807652243765132
1198	0.038076522205295824
1199	0.03807652197477421
1200	0.03807652174607305
1201	0.03807652151917945
1202	0.03807652129407957
1203	0.03807652107076058
1204	0.0380765208492095
1205	0.03807652062941325
1206	0.0380765204113595
1207	0.0380765201950352
1208	0.038076519980427624
1209	0.038076519767524526
1210	0.03807651955631295
1211	0.038076519346780795
1212	0.03807651913891567
1213	0.03807651893270561
1214	0.03807651872813847
1215	0.03807651852520134
1216	0.038076518323883105
1217	0.038076518124171316
1218	0.03807651792605464
1219	0.038076517729521295
1220	0.03807651753455936
1221	0.03807651734115736
1222	0.038076517149303636
1223	0.038076516958986915
1224	0.03807651677019547
1225	0.03807651658291882
1226	0.038076516397145405
1227	0.038076516212863454
1228	0.038076516030062776
1229	0.038076515848731896
1230	0.038076515668860306
1231	0.038076515490436565
1232	0.03807651531345062
1233	0.03807651513789163
1234	0.038076514963748614
1235	0.038076514791010915
1236	0.038076514619669086
1237	0.0380765144497118
1238	0.03807651428112896
1239	0.03807651411390994
1240	0.0380765139480454
1241	0.03807651378352472
1242	0.03807651362033781
1243	0.03807651345847473
1244	0.03807651329792604
1245	0.03807651313868091
1246	0.038076512980730635
1247	0.03807651282406468
1248	0.03807651266867382
1249	0.03807651251454873
1250	0.03807651236167927
1251	0.03807651221005635
1252	0.03807651205967071
1253	0.03807651191051285
1254	0.038076511762573484
1255	0.03807651161584318
1256	0.038076511470313504
1257	0.03807651132597488
1258	0.038076511182818545
1259	0.03807651104083522
1260	0.038076510900016305
1261	0.03807651076035329
1262	0.038076510621836826
1263	0.03807651048445865
1264	0.038076510348209594
1265	0.038076510213081644
1266	0.03807651007906619
1267	0.03807650994615473
1268	0.03807650981433864
1269	0.03807650968360984
1270	0.0380765095539599
1271	0.03807650942538061
1272	0.03807650929786408
1273	0.038076509171401735
1274	0.03807650904598592
1275	0.038076508921608444
1276	0.03807650879826134
1277	0.03807650867593696
1278	0.03807650855462705
1279	0.038076508434324384
1280	0.03807650831502087
1281	0.03807650819670903
1282	0.03807650807938075
1283	0.03807650796302904
1284	0.03807650784764605
1285	0.038076507733224955
1286	0.0380765076197576
1287	0.03807650750723707
1288	0.03807650739565559
1289	0.038076507285006375
1290	0.038076507175282104
1291	0.03807650706647561
1292	0.03807650695858022
1293	0.038076506851587776
1294	0.03807650674549254
1295	0.038076506640286716
1296	0.038076506535963645
1297	0.03807650643251684
1298	0.03807650632993884
1299	0.03807650622822337
1300	0.038076506127363345
1301	0.0380765060273528
1302	0.03807650592818448
1303	0.03807650582985217
1304	0.038076505732349025
1305	0.03807650563566874
1306	0.038076505539805135
1307	0.03807650544475134
1308	0.03807650535050167
1309	0.038076505257048913
1310	0.0380765051643877
1311	0.03807650507251149
1312	0.0380765049814139
1313	0.0380765048910893
1314	0.038076504801531304
1315	0.038076504712734195
1316	0.038076504624691504
1317	0.03807650453739727
1318	0.03807650445084618
1319	0.03807650436503231
1320	0.03807650427994959
1321	0.03807650419559204
1322	0.03807650411195407
1323	0.03807650402903029
1324	0.03807650394681476
1325	0.03807650386530226
1326	0.03807650378448671
1327	0.038076503704362635
1328	0.03807650362492498
1329	0.03807650354616806
1330	0.038076503468086435
1331	0.0380765033906749
1332	0.038076503313927756
1333	0.03807650323784023
1334	0.038076503162406954
1335	0.038076503087622234
1336	0.03807650301348143
1337	0.038076502939979405
1338	0.03807650286711132
1339	0.03807650279487268
1340	0.0380765027232598
1341	0.038076502652270354
1342	0.03807650258190724
1343	0.03807650251218207
1344	0.03807650244312999
1345	0.0380765023748429
1346	0.03807650230754672
1347	0.038076502241795915
1348	0.03807650217894236
1349	0.03807650212229766
1350	0.03807650207999655
1351	0.0380765020721068
1352	0.03807650214828306
1353	0.038076502431384184
1354	0.038076503223060706
1355	0.038076505243971395
1356	0.038076510084829915
1357	0.03807652052077035
1358	0.03807653808818363
1359	0.0380765527252961
1360	0.038076540405254086
1361	0.038076508831014995
1362	0.03807650462843634
1363	0.038076525629521824
1364	0.03807652459354691
1365	0.0380765037868808
1366	0.03807650665929365
1367	0.03807651957503748
1368	0.03807650952722403
1369	0.03807650116702995
1370	0.03807651124422216
1371	0.03807651064279598
1372	0.038076501042042105
1373	0.038076505615028816
1374	0.03807650905958558
1375	0.03807650181081616
1376	0.03807650257072688
1377	0.03807650680624768
1378	0.038076502268309054
1379	0.03807650107714962
1380	0.03807650474493459
1381	0.03807650231297439
1382	0.038076500386872554
1383	0.03807650310758378
1384	0.03807650208025702
1385	0.03807650008108765
1386	0.03807650188453504
1387	0.038076501703130566
1388	0.03807649994412247
1389	0.03807650099957755
1390	0.038076501271140865
1391	0.03807649986909678
1392	0.03807650037070083
1393	0.0380765008368324
1394	0.03807649980473149
1395	0.03807649992855552
1396	0.03807650042878253
1397	0.038076499728166915
1398	0.03807649961856459
1399	0.038076500061030576
1400	0.03807649963126623
1401	0.0380764993989759
1402	0.03807649973928468
1403	0.03807649951352852
1404	0.03807649923834675
1405	0.03807649946413041
1406	0.03807649937849017
1407	0.03807649911343942
1408	0.03807649923280897
1409	0.03807649923170399
1410	0.03807649900753645
1411	0.03807649904036418
1412	0.03807649907944706
1413	0.038076498909207744
1414	0.03807649888046781
1415	0.03807649892772517
1416	0.038076498811378
1417	0.03807649874614432
1418	0.038076498781529806
1419	0.03807649871052785
1420	0.03807649863041164
1421	0.03807649864437696
1422	0.03807649860587417
1423	0.03807649852687931
1424	0.03807649851810994
1425	0.038076498498503364
1426	0.03807649843027351
1427	0.03807649840295193
1428	0.03807649839051443
1429	0.0380764983367879
1430	0.038076498297791896
1431	0.0380764982842458
1432	0.038076498244192576
1433	0.03807649820065585
1434	0.03807649818166287
1435	0.03807649815168587
1436	0.03807649810926271
1437	0.03807649808397195
1438	0.038076498059543405
1439	0.03807649802154406
1440	0.03807649799149693
1441	0.038076497968649745
1442	0.03807649793600702
1443	0.03807649790380949
1444	0.038076497880016276
1445	0.03807649785188432
1446	0.038076497820028185
1447	0.03807649779440287
1448	0.038076497769068345
1449	0.038076497739176415
1450	0.03807649771212522
1451	0.03807649768788417
1452	0.038076497660478756
1453	0.038076497633052805
1454	0.03807649760879608
1455	0.03807649758351865
1456	0.03807649755676955
1457	0.03807649753215853
1458	0.03807649750823315
1459	0.03807649748279014
1460	0.038076497458080824
1461	0.038076497434783266
1462	0.03807649741074328
1463	0.03807649738643798
1464	0.038076497363376656
1465	0.038076497340460244
1466	0.03807649731697385
1467	0.03807649729412976
1468	0.0380764972719484
1469	0.03807649724943579
1470	0.03807649722701393
1471	0.03807649720529534
1472	0.03807649718366686
1473	0.03807649716189321
1474	0.03807649714056734
1475	0.03807649711962284
1476	0.038076497098605264
1477	0.0380764970777514
1478	0.038076497057327595
1479	0.038076497037031046
1480	0.038076497016762835
1481	0.03807649699680337
1482	0.03807649697711892
1483	0.03807649695749264
1484	0.038076496938029884
1485	0.0380764969188629
1486	0.038076496899853936
1487	0.03807649688094229
1488	0.03807649686225859
1489	0.03807649684380099
1490	0.038076496825461555
1491	0.038076496807275775
1492	0.03807649678931492
1493	0.03807649677152336
1494	0.03807649675385825
1495	0.038076496736375975
1496	0.038076496719088825
1497	0.03807649670194481
1498	0.0380764966849467
1499	0.03807649666813297
1500	0.038076496651485874
1501	0.03807649663497788
1502	0.038076496618626526
1503	0.03807649660244791
1504	0.038076496586418714
1505	0.03807649657053064
1506	0.03807649655480137
1507	0.038076496539230044
1508	0.038076496523800324
1509	0.03807649650851341
1510	0.03807649649337996
1511	0.03807649647839339
1512	0.03807649646354421
1513	0.038076496448837434
1514	0.038076496434276894
1515	0.03807649641985461
1516	0.03807649640556696
1517	0.03807649639141856
1518	0.03807649637740932
1519	0.03807649636353221
1520	0.03807649634978694
1521	0.038076496336176366
1522	0.038076496322697655
1523	0.03807649630934727
1524	0.038076496296125
1525	0.03807649628303157
1526	0.03807649627006542
1527	0.038076496257223084
1528	0.038076496244504855
1529	0.038076496231910575
1530	0.038076496219438254
1531	0.03807649620708567
1532	0.03807649619485314
1533	0.03807649618273995
1534	0.03807649617074389
1535	0.03807649615886353
1536	0.03807649614709925
1537	0.03807649613544946
1538	0.038076496123912514
1539	0.03807649611248757
1540	0.03807649610117438
1541	0.03807649608997146
1542	0.03807649607887732
1543	0.03807649606789121
1544	0.03807649605701223
1545	0.03807649604623986
1546	0.03807649603557261
1547	0.03807649602500945
1548	0.038076496014549634
1549	0.03807649600419246
1550	0.03807649599393587
1551	0.0380764959837805
1552	0.038076495973724325
1553	0.03807649596376653
1554	0.03807649595390696
1555	0.0380764959441436
1556	0.03807649593447647
1557	0.03807649592490406
1558	0.038076495915425945
1559	0.03807649590604083
1560	0.03807649589674831
1561	0.03807649588754762
1562	0.038076495878437006
1563	0.038076495869416485
1564	0.0380764958604848
1565	0.03807649585164124
1566	0.038076495842885465
1567	0.038076495834215726
1568	0.03807649582563191
1569	0.03807649581713297
1570	0.038076495808718046
1571	0.03807649580038634
1572	0.038076495792137406
1573	0.03807649578397029
1574	0.03807649577588407
1575	0.038076495767877847
1576	0.038076495759951506
1577	0.038076495752103735
1578	0.038076495744333826
1579	0.03807649573664157
1580	0.03807649572902551
1581	0.0380764957214856
1582	0.03807649571402056
1583	0.038076495706629965
1584	0.03807649569931297
1585	0.03807649569206911
1586	0.03807649568489743
1587	0.038076495677797875
1588	0.03807649567076868
1589	0.03807649566381006
1590	0.038076495656920784
1591	0.03807649565010067
1592	0.038076495643349
1593	0.03807649563666491
1594	0.03807649563004781
1595	0.03807649562349703
1596	0.038076495617012054
1597	0.03807649561059204
1598	0.038076495604236774
1599	0.03807649559794542
1600	0.038076495591717024
1601	0.03807649558555154
1602	0.038076495579447985
1603	0.038076495573406234
1604	0.03807649556742543
1605	0.03807649556150426
1606	0.03807649555564321
1607	0.038076495549841764
1608	0.03807649554409875
1609	0.03807649553841332
1610	0.03807649553278605
1611	0.03807649552721505
1612	0.038076495521700955
1613	0.038076495516242474
1614	0.03807649551083907
1615	0.03807649550549086
1616	0.038076495500196914
1617	0.038076495494956356
1618	0.03807649548976929
1619	0.03807649548463469
1620	0.03807649547955263
1621	0.03807649547452219
1622	0.03807649546954284
1623	0.038076495464614175
1624	0.038076495459735626
1625	0.03807649545490669
1626	0.03807649545012731
1627	0.03807649544539652
1628	0.0380764954407144
1629	0.03807649543607965
1630	0.038076495431492344
1631	0.038076495426952045
1632	0.038076495422458286
1633	0.03807649541801048
1634	0.03807649541360801
1635	0.0380764954092509
1636	0.038076495404938154
1637	0.03807649540067009
1638	0.03807649539644534
1639	0.03807649539226425
1640	0.03807649538812617
1641	0.03807649538403033
1642	0.03807649537997682
1643	0.03807649537596505
1644	0.03807649537199456
1645	0.03807649536806488
1646	0.038076495364175705
1647	0.03807649536032669
1648	0.038076495356517456
1649	0.038076495352747416
1650	0.03807649534901633
1651	0.03807649534532369
1652	0.038076495341669334
1653	0.03807649533805261
1654	0.03807649533447373
1655	0.03807649533093146
1656	0.03807649532742596
1657	0.038076495323957085
1658	0.03807649532052398
1659	0.03807649531712631
1660	0.03807649531376403
1661	0.038076495310436664
1662	0.03807649530714398
1663	0.03807649530388535
1664	0.03807649530066079
1665	0.03807649529746964
1666	0.03807649529431183
1667	0.038076495291186625
1668	0.03807649528809434
1669	0.038076495285034304
1670	0.038076495282006004
1671	0.038076495279009206
1672	0.03807649527604404
1673	0.03807649527310987
1674	0.03807649527020589
1675	0.03807649526733263
1676	0.038076495264489474
1677	0.03807649526167585
1678	0.03807649525889171
1679	0.03807649525613703
1680	0.03807649525341075
1681	0.03807649525071355
1682	0.03807649524804455
1683	0.03807649524540337
1684	0.03807649524279012
1685	0.03807649524020447
1686	0.0380764952376457
1687	0.038076495235114
1688	0.03807649523260902
1689	0.0380764952301303
1690	0.03807649522767788
1691	0.03807649522525099
1692	0.03807649522284984
1693	0.03807649522047432
1694	0.038076495218123584
1695	0.038076495215797576
1696	0.038076495213496125
1697	0.03807649521121969
1698	0.03807649520896657
1699	0.03807649520673759
1700	0.03807649520453218
1701	0.03807649520235009
1702	0.038076495200191456
1703	0.038076495198055144
1704	0.03807649519594163
1705	0.03807649519385101
1706	0.03807649519178231
1707	0.038076495189735465
1708	0.03807649518771053
1709	0.03807649518570716
1710	0.03807649518372512
1711	0.03807649518176399
1712	0.03807649517982388
1713	0.03807649517790476
1714	0.03807649517600558
1715	0.03807649517412671
1716	0.03807649517226829
1717	0.038076495170429374
1718	0.03807649516861039
1719	0.038076495166810546
1720	0.038076495165030366
1721	0.03807649516326863
1722	0.03807649516152614
1723	0.03807649515980251
1724	0.03807649515809679
1725	0.038076495156409575
1726	0.03807649515474093
1727	0.038076495153089814
1728	0.03807649515145619
1729	0.03807649514984028
1730	0.03807649514824159
1731	0.03807649514666029
1732	0.03807649514509612
1733	0.03807649514354886
1734	0.03807649514201793
1735	0.03807649514050384
1736	0.03807649513900542
1737	0.03807649513752362
1738	0.03807649513605813
1739	0.038076495134608014
1740	0.038076495133173655
1741	0.038076495131754824
1742	0.038076495130351065
1743	0.03807649512896277
1744	0.03807649512758946
1745	0.038076495126230875
1746	0.038076495124887304
1747	0.03807649512355807
1748	0.038076495122243266
1749	0.03807649512094265
1750	0.03807649511965608
1751	0.0380764951183839
1752	0.03807649511712539
1753	0.038076495115880266
1754	0.038076495114648896
1755	0.03807649511343084
1756	0.038076495112226015
1757	0.03807649511103435
1758	0.03807649510985549
1759	0.03807649510868985
1760	0.03807649510753688
1761	0.03807649510639631
1762	0.03807649510526817
1763	0.03807649510415226
1764	0.038076495103048634
1765	0.03807649510195737
1766	0.038076495100877655
1767	0.03807649509980968
1768	0.038076495098753854
1769	0.03807649509770937
1770	0.038076495096676155
1771	0.03807649509565439
1772	0.03807649509464388
1773	0.038076495093644074
1774	0.03807649509265578
1775	0.03807649509167802
1776	0.03807649509071109
1777	0.038076495089754955
1778	0.03807649508880914
1779	0.03807649508787379
1780	0.03807649508694863
1781	0.038076495086033536
1782	0.03807649508512897
1783	0.038076495084234135
1784	0.03807649508334909
1785	0.038076495082473856
1786	0.038076495081608056
1787	0.03807649508075251
1788	0.03807649507990574
1789	0.03807649507906877
1790	0.0380764950782406
1791	0.03807649507742177
1792	0.03807649507661197
1793	0.03807649507581129
1794	0.03807649507501955
1795	0.03807649507423631
1796	0.038076495073462
1797	0.03807649507269617
1798	0.03807649507193898
1799	0.038076495071189764
1800	0.03807649507044946
1801	0.03807649506971696
1802	0.03807649506899291
1803	0.03807649506827665
1804	0.03807649506756877
1805	0.038076495066868325
1806	0.038076495066175636
1807	0.03807649506549086
1808	0.03807649506481368
1809	0.03807649506414422
1810	0.03807649506348209
1811	0.038076495062827204
1812	0.03807649506217985
1813	0.038076495061539886
1814	0.03807649506090673
1815	0.03807649506028107
1816	0.03807649505966211
1817	0.03807649505904973
1818	0.038076495058444716
1819	0.03807649505784647
1820	0.038076495057254765
1821	0.03807649505666957
1822	0.0380764950560913
1823	0.038076495055519244
1824	0.03807649505495389
1825	0.03807649505439473
1826	0.03807649505384181
1827	0.03807649505329521
1828	0.03807649505275445
1829	0.03807649505222029
1830	0.038076495051691805
1831	0.038076495051169224
1832	0.038076495050652755
1833	0.03807649505014201
1834	0.038076495049637116
1835	0.03807649504913804
1836	0.03807649504864417
1837	0.03807649504815623
1838	0.03807649504767352
1839	0.03807649504719657
1840	0.038076495046724924
1841	0.03807649504625852
1842	0.03807649504579756
1843	0.038076495045341795
1844	0.03807649504489091
1845	0.038076495044445574
1846	0.038076495044004975
1847	0.03807649504356927
1848	0.03807649504313886
1849	0.03807649504271317
1850	0.038076495042292366
1851	0.03807649504187605
1852	0.0380764950414651
1853	0.03807649504105863
1854	0.038076495040656626
1855	0.038076495040259034
1856	0.038076495039866126
1857	0.03807649503947755
1858	0.038076495039093716
1859	0.03807649503871425
1860	0.03807649503833906
1861	0.038076495037968346
1862	0.03807649503760155
1863	0.03807649503723866
1864	0.038076495036880674
1865	0.038076495036526395
1866	0.03807649503617573
1867	0.038076495035829674
1868	0.03807649503548735
1869	0.0380764950351491
1870	0.038076495034814604
1871	0.03807649503448425
1872	0.03807649503415748
1873	0.03807649503383418
1874	0.03807649503351505
1875	0.0380764950331994
1876	0.03807649503288712
1877	0.038076495032578914
1878	0.03807649503227406
1879	0.03807649503197275
1880	0.03807649503167484
1881	0.03807649503138069
1882	0.03807649503108984
1883	0.038076495030803195
1884	0.03807649503052073
1885	0.03807649503024306
1886	0.03807649502997322
1887	0.03807649502971486
1888	0.03807649502947716
1889	0.0380764950292805
1890	0.03807649502916662
1891	0.03807649502922596
1892	0.03807649502965494
1893	0.03807649503087858
1894	0.03807649503382548
1895	0.0380764950405324
1896	0.038076495055491065
1897	0.038076495088652094
1898	0.03807649516214761
1899	0.0380764953253367
1900	0.038076495688243776
1901	0.03807649649431344
1902	0.03807649826990751
1903	0.038076502086236634
1904	0.03807650980336444
1905	0.03807652332876241
1906	0.03807654018474903
1907	0.03807654633306556
1908	0.03807652704578374
1909	0.03807649990129293
1910	0.038076498355994796
1911	0.03807651675904041
1912	0.03807652056213835
1913	0.038076503111482314
1914	0.038076495486715066
1915	0.038076507067758385
1916	0.03807651130100537
1917	0.03807649979329365
1918	0.03807649565539522
1919	0.03807650398032443
1920	0.03807650483305416
1921	0.038076496692747784
1922	0.03807649642835169
1923	0.03807650208929272
1924	0.03807650019460213
1925	0.0380764952224127
1926	0.03807649724003916
1927	0.03807650011672165
1928	0.038076497157492575
1929	0.03807649507095846
1930	0.03807649755629313
1931	0.03807649814431191
1932	0.03807649558029263
1933	0.03807649546801031
1934	0.038076497266960226
1935	0.03807649657297565
1936	0.0380764950544135
1937	0.038076495816421696
1938	0.03807649662908324
1939	0.03807649559963298
1940	0.038076495060019484
1941	0.03807649589535784
