0	3.423726107721155
1	3.0288592501229807
2	2.7201365375028144
3	2.474661961192988
4	2.27034056100657
5	2.094454447861262
6	1.9398334767281107
7	1.8015835182266309
8	1.6758351338701
9	1.5594475561066308
10	1.4500147653429905
11	1.345933415218072
12	1.2464037674541915
13	1.151247435246808
14	1.0604926549571154
15	0.9739833375735976
16	0.8913982455219203
17	0.8125618402269441
18	0.7376335194648285
19	0.6670483339061836
20	0.6013444628118383
21	0.5410041264079553
22	0.4863416386811185
23	0.4374292469939447
24	0.39405755721213187
25	0.35574792016995327
26	0.321836587243129
27	0.2916103478876941
28	0.264435501920048
29	0.23983199158389218
30	0.21748468153746647
31	0.19721307404561086
32	0.17892520550768015
33	0.1625719491730696
34	0.14810794335102642
35	0.1354609685476445
36	0.12451150711502108
37	0.11508470780724897
38	0.10695584669169103
39	0.09986770001508265
40	0.09355557217205229
41	0.08777420412461256
42	0.08232069613470992
43	0.07704893775389383
44	0.0718735574113119
45	0.06676431012020241
46	0.06173394309919196
47	0.05682309573550961
48	0.05208501864274338
49	0.04757192237128004
50	0.043324374350478534
51	0.03936508460615352
52	0.03569782519321145
53	0.03231093472759512
54	0.02918364432044597
55	0.026293119754815714
56	0.023620541686712442
57	0.021155088282834425
58	0.018895106319727746
59	0.016846346843182952
60	0.0150179701306821
61	0.013417616810535458
62	0.012046828150603544
63	0.010897740192955092
64	0.009951714127333589
65	0.009180341642876538
66	0.008548726439392026
67	0.00802017671658626
68	0.007561003088985278
69	0.007144297948561359
70	0.006752071125342029
71	0.006375540343726779
72	0.006013711985958043
73	0.0056707624670362215
74	0.00535301254827107
75	0.005066254860818785
76	0.0048139115836176175
77	0.004596218386801032
78	0.0044104294378245245
79	0.004251817914248069
80	0.004115033842080022
81	0.003995342947186918
82	0.0038894318548412907
83	0.0037956625976405443
84	0.0037137960234599424
85	0.0036443307567321547
86	0.003587723897324586
87	0.0035437666645576553
88	0.00351126359456914
89	0.0034880332799502364
90	0.003471190113096554
91	0.003457624008647446
92	0.003444532261629976
93	0.00342983939183536
94	0.0034124054682087334
95	0.00339201019893289
96	0.0033691539527298934
97	0.003344752200144158
98	0.003319824965159257
99	0.0032952671019860404
100	0.0032717308294565686
101	0.003249608355528788
102	0.003229089022993692
103	0.003210256190121572
104	0.0031931778120584376
105	0.003177954261640058
106	0.0031647154473314703
107	0.003153579731074333
108	0.003144594041227397
109	0.0031376804547733755
110	0.0031326146686891237
111	0.003129045954986511
112	0.0031265489564973083
113	0.0031246915059471615
114	0.003123103445163552
115	0.003121529102076858
116	0.003119847727203586
117	0.0031180583202229098
118	0.0031162385310467056
119	0.0031144929869832538
120	0.003112907163145382
121	0.003111520380326557
122	0.0031103229359892644
123	0.003109271730215652
124	0.0031083139658450087
125	0.003107409490919828
126	0.0031065445320183696
127	0.003105733039960165
128	0.0031050072558469113
129	0.0031044027096381586
130	0.0031039429380234056
131	0.0031036285260769665
132	0.00310343427594632
133	0.00310331530017474
134	0.0031032188943467976
135	0.0031030975211379453
136	0.0031029190525680293
137	0.0031026716987084275
138	0.0031023628300032736
139	0.003102013139907751
140	0.0031016487666219736
141	0.0031012937807875993
142	0.0031009649664675604
143	0.003100670080281674
144	0.003100409325447166
145	0.0031001785669816247
146	0.003099972707445065
147	0.0030997880993959164
148	0.0030996234057710553
149	0.0030994790486121014
150	0.003099355944347702
151	0.0030992541915667578
152	0.0030991721619163743
153	0.0030991063596957774
154	0.0030990521261331193
155	0.003099004797799585
156	0.0030989607768020836
157	0.0030989181449023115
158	0.0030988766553027482
159	0.0030988371749146983
160	0.003098800904789989
161	0.003098768735611584
162	0.003098740921874161
163	0.003098717108276423
164	0.0030986966236062037
165	0.0030986788451523727
166	0.0030986634458097886
167	0.00309865044738139
168	0.0030986400845728988
169	0.0030986325474263664
170	0.003098627738717371
171	0.003098625166430193
172	0.0030986239978892925
173	0.0030986232402700382
174	0.0030986219846023087
175	0.0030986196218336995
176	0.0030986159517383646
177	0.0030986111615453815
178	0.0030986056961717656
179	0.003098600072396248
180	0.0030985947121176067
181	0.003098589852463122
182	0.003098585542619799
183	0.003098581705152314
184	0.003098578225911078
185	0.003098575030898305
186	0.0030985721220436998
187	0.0030985695676863266
188	0.003098567458552822
189	0.0030985658517463837
190	0.0030985647318945127
191	0.0030985640060899977
192	0.003098563529241623
193	0.003098563146765668
194	0.0030985627376897743
195	0.0030985622411900484
196	0.0030985616588733874
197	0.0030985610365574135
198	0.0030985604352398617
199	0.0030985599037875954
200	0.0030985594639146414
201	0.0030985591098869705
202	0.0030985588185514852
203	0.0030985585631244394
204	0.003098558324119974
205	0.003098558093589166
206	0.003098557873332686
207	0.003098557669572861
208	0.0030985574867714075
209	0.003098557323686706
210	0.0030985571733980993
211	0.0030985570264365154
212	0.0030985568750043096
213	0.0030985567161352424
214	0.0030985565522556706
215	0.0030985563893542126
216	0.0030985562342061464
217	0.003098556091919045
218	0.0030985559646748498
219	0.003098555852070564
220	0.0030985557525586055
221	0.0030985556650652253
222	0.0030985555899553418
223	0.0030985555288237767
224	0.003098555483330054
225	0.0030985554538760676
226	0.0030985554387780905
227	0.003098555434250503
228	0.003098555435254115
229	0.003098555436845226
230	0.003098555435436045
231	0.0030985554295062216
232	0.003098555419536566
233	0.003098555407271685
234	0.003098555394736171
235	0.0030985553834393972
236	0.003098555374011613
237	0.0030985553662967675
238	0.003098555359735058
239	0.0030985553537782227
240	0.0030985553481639432
241	0.0030985553429632856
242	0.0030985553384173616
243	0.0030985553346994745
244	0.0030985553317447586
245	0.003098555329229638
246	0.003098555326691797
247	0.0030985553237234723
248	0.0030985553201297437
249	0.0030985553159857846
250	0.003098555311584737
251	0.0030985553073030656
252	0.0030985553034569772
253	0.0030985553002123517
254	0.0030985552975767183
255	0.003098555295451855
256	0.003098555293711617
257	0.003098555292261608
258	0.003098555291060928
259	0.0030985552901101475
260	0.003098555289412923
261	0.0030985552889459533
262	0.0030985552886442403
263	0.0030985552884194145
264	0.0030985552881870816
265	0.0030985552878928365
266	0.0030985552875233053
267	0.0030985552870984394
268	0.0030985552866519537
269	0.0030985552862145384
270	0.003098555285800314
271	0.003098555285410513
272	0.003098555285041356
273	0.0030985552846946336
274	0.003098555284380897
275	0.0030985552841163856
276	0.0030985552839161395
277	0.0030985552837835186
278	0.003098555283708399
279	0.0030985552836681747
280	0.0030985552836341177
281	0.0030985552835830384
282	0.0030985552835039705
283	0.0030985552834002592
284	0.0030985552832854877
285	0.003098555283175827
286	0.003098555283085466
287	0.003098555283020124
288	0.003098555282979004
289	0.0030985552829566007
290	0.0030985552829461394
291	0.0030985552829427233
292	0.003098555282942708
293	0.00309855528294508
294	0.003098555282948112
295	0.0030985552829501353
296	0.003098555282948237
297	0.003098555282941375
298	0.003098555282928131
299	0.003098555282909323
300	0.0030985552828866193
301	0.003098555282863106
302	0.003098555282841044
303	0.003098555282821441
304	0.00309855528280477
305	0.0030985552827908543
306	0.003098555282778484
307	0.0030985552827677773
308	0.0030985552827581123
309	0.0030985552827499335
310	0.0030985552827434534
311	0.003098555282737714
312	0.0030985552827331835
313	0.003098555282729047
314	0.0030985552827252844
315	0.003098555282721678
316	0.003098555282717902
317	0.0030985552827147446
318	0.0030985552827124323
319	0.0030985552827106724
320	0.0030985552827092755
321	0.003098555282708587
322	0.0030985552827085924
323	0.003098555282708498
324	0.0030985552827088973
325	0.0030985552827091723
326	0.0030985552827101303
327	0.003098555282710206
328	0.0030985552827110054
329	0.003098555282711062
330	0.003098555282710711
331	0.003098555282710267
332	0.0030985552827091194
333	0.0030985552827084693
334	0.0030985552827075455
335	0.003098555282706672
336	0.0030985552827061326
337	0.0030985552827056564
338	0.003098555282705124
339	0.0030985552827049304
340	0.0030985552827048905
341	0.0030985552827044304
342	0.0030985552827041754
343	0.0030985552827038207
344	0.003098555282703913
345	0.0030985552827040705
346	0.0030985552827034993
347	0.003098555282703461
348	0.0030985552827032348
349	0.0030985552827034637
350	0.003098555282702925
351	0.0030985552827028765
352	0.0030985552827029724
353	0.003098555282703092
354	0.0030985552827030045
355	0.003098555282702932
356	0.0030985552827029134
357	0.0030985552827029394
358	0.0030985552827028176
359	0.0030985552827028314
360	0.0030985552827027933
361	0.0030985552827028895
362	0.003098555282702957
363	0.0030985552827028397
364	0.003098555282702817
365	0.003098555282702988
366	0.003098555282702732
367	0.0030985552827026163
368	0.0030985552827026137
369	0.0030985552827027902
370	0.0030985552827025747
371	0.0030985552827026137
372	0.0030985552827028674
373	0.003098555282702655
374	0.0030985552827025673
375	0.003098555282702569
376	0.0030985552827026415
377	0.003098555282702681
378	0.003098555282702681
379	0.0030985552827025946
380	0.003098555282702612
381	0.0030985552827024324
382	0.0030985552827026775
383	0.0030985552827026332
384	0.003098555282702797
385	0.0030985552827026445
386	0.003098555282702527
387	0.003098555282702955
388	0.003098555282702986
389	0.003098555282702374
390	0.0030985552827029446
391	0.003098555282702799
392	0.003098555282702847
393	0.0030985552827027785
394	0.003098555282702574
395	0.003098555282702478
396	0.0030985552827026185
397	0.0030985552827026636
398	0.0030985552827026727
399	0.0030985552827027933
400	0.00309855528270276
401	0.0030985552827026822
402	0.003098555282702711
403	0.0030985552827026363
404	0.0030985552827029936
405	0.003098555282702541
406	0.003098555282702797
407	0.0030985552827025825
408	0.0030985552827026367
409	0.003098555282702558
410	0.0030985552827026133
411	0.0030985552827025994
412	0.0030985552827025144
413	0.0030985552827027365
414	0.003098555282702543
415	0.0030985552827024936
416	0.0030985552827027655
417	0.0030985552827025643
418	0.003098555282702759
419	0.0030985552827027915
420	0.0030985552827027334
421	0.0030985552827027885
422	0.0030985552827027412
423	0.003098555282702828
424	0.003098555282702749
425	0.0030985552827025296
426	0.0030985552827028063
427	0.0030985552827025144
428	0.003098555282702565
429	0.00309855528270262
430	0.003098555282702702
431	0.0030985552827025955
432	0.0030985552827026202
433	0.003098555282702502
434	0.0030985552827025756
435	0.003098555282702687
436	0.003098555282702532
437	0.003098555282702806
438	0.0030985552827027226
439	0.0030985552827024897
440	0.00309855528270262
