  0.000000    0.98238707238716    2.19437744642947    0.00000000000000    0.00000000000000  
  0.010000    0.98231811670020    2.19416078355739   -0.03111721280588    0.00027874957502  
  0.020000    0.98211128197472    2.19351091918586   -0.06221413321642    0.00111459699370  
  0.030000    0.98176666525544    2.19242822588676   -0.09327049147736    0.00250633902739  
  0.040000    0.98128442841134    2.19091332407285   -0.12426606307923    0.00445197259540  
  0.050000    0.98066479832552    2.18896708118914   -0.15518069128630    0.00694869821204  
  0.060000    0.97990806715706    2.18659061058464   -0.18599430955372    0.00999292480516  
  0.070000    0.97901459267134    2.18378527006844   -0.21668696379594    0.01358027589889  
  0.080000    0.97798479863377    2.18055266015473   -0.24723883446984    0.01770559715120  
  0.090000    0.97681917526147    2.17689462200300   -0.27763025843653    0.02236296523468  
  0.100000    0.97551827972581    2.17281323506009   -0.30784175056614    0.02754569804699  
  0.110000    0.97408273669857    2.16831081441189   -0.33785402505071    0.03324636623474  
  0.120000    0.97251323893306    2.16338990785365   -0.36764801639075    0.03945680601315  
  0.130000    0.97081054787120    2.15805329268824   -0.39720490002195    0.04616813326075  
  0.140000    0.96897549426657    2.15230397226277   -0.42650611254931    0.05337075886666  
  0.150000    0.96700897881323    2.14614517225478   -0.45553337155674    0.06105440530560  
  0.160000    0.96491197276910    2.13958033671957   -0.48426869496138    0.06920812441318  
  0.170000    0.96268551856292    2.13261312391104   -0.51269441988276    0.07782031633196  
  0.180000    0.96033073037272    2.12524740188892   -0.54079322099794    0.08687874959631  
  0.190000    0.95784879466438    2.11748724392562   -0.56854812835533    0.09637058232156  
  0.200000    0.95524097067785    2.10933692372632   -0.59594254462051    0.10628238446071  
  0.210000    0.95250859084938    2.10080091047623   -0.62296026172933    0.11660016108937  
  0.220000    0.94965306115758    2.09188386372918   -0.64958547692423    0.12730937667747  
  0.230000    0.94667586138164    2.08259062815163   -0.67580280815167    0.13839498030338  
  0.240000    0.94357854526034    2.07292622813666   -0.70159730879959    0.14984143176429  
  0.250000    0.94036274054054    2.06289586230186   -0.72695448175549    0.16163272853384  
  0.260000    0.93703014890472    2.05250489788559   -0.75186029276707    0.17375243351600  
  0.270000    0.93358254576741    2.04175886505530   -0.77630118308907    0.18618370354172  
  0.280000    0.93002177993110    2.03066345114192   -0.80026408140135    0.19890931855289  
  0.290000    0.92634977309304    2.01922449481340   -0.82373641498482    0.21191171141584  
  0.300000    0.92256851919491    2.00744798020071   -0.84670612014357    0.22517299830465  
  0.310000    0.91868008360850    1.99534003098867   -0.86916165186300    0.23867500959277  
  0.320000    0.91468660215125    1.98290690448379   -0.89109199269543    0.25239932118932  
  0.330000    0.91059027992669    1.97015498567064   -0.91248666086625    0.26632728625525  
  0.340000    0.90639338998559    1.95709078126761   -0.93333571759529    0.28044006723256  
  0.350000    0.90209827180516    1.94372091379250   -0.95362977362979    0.29471866811871  
  0.360000    0.89770732958423    1.93005211564739   -0.97335999498672    0.30914396691716  
  0.370000    0.89322303035386    1.91609122323189   -0.99251810790403    0.32369674819388  
  0.380000    0.88864790190387    1.90184517109287   -1.01109640300179    0.33835773566904  
  0.390000    0.88398453052693    1.88732098611828   -1.02908773865581    0.35310762477222  
  0.400000    0.87923555858298    1.87252578178156   -1.04648554358783    0.36792711508970  
  0.410000    0.87440368188797    1.85746675244293   -1.06328381867778    0.38279694263144  
  0.420000    0.86949164693196    1.84215116771252   -1.07947713800506    0.39769791184641  
  0.430000    0.86450224793283    1.82658636687997   -1.09506064912741    0.41261092731440  
  0.440000    0.85943832373280    1.81077975341431   -1.11003007260677    0.42751702504379  
  0.450000    0.85430275454596    1.79473878953697   -1.12438170079356    0.44239740330504  
  0.460000    0.84909845856612    1.77847099087052   -1.13811239588133    0.45723345293126  
  0.470000    0.84382838844511    1.76198392116473   -1.15121958724554    0.47200678701817  
  0.480000    0.83849552765244    1.74528518710099   -1.16370126808093    0.48669926995768  
  0.490000    0.83310288672804    1.72838243317577   -1.17555599135337    0.50129304574112  
  0.500000    0.82765349944059    1.71128333666285   -1.18678286508281    0.51577056547011  
  0.510000    0.82215041886448    1.69399560265397   -1.19738154697517    0.53011461401578  
  0.520000    0.81659671338875    1.67652695917681   -1.20735223842167    0.54430833576920  
  0.530000    0.81099546267238    1.65888515238887   -1.21669567788520    0.55833525942907  
  0.540000    0.80534975355982    1.64107794184571   -1.22541313369379    0.57217932177558  
  0.550000    0.79966267597172    1.62311309584116   -1.23350639626214    0.58582489038248  
  0.560000    0.79393731878533    1.60499838681767   -1.24097776976287    0.59925678522319  
  0.570000    0.78817676571950    1.58674158684389   -1.24783006326928    0.61246029912975  
  0.580000    0.78238409123893    1.56835046315727   -1.25406658139249    0.62542121706779  
  0.590000    0.77656235649233    1.54983277376881   -1.25969111443576    0.63812583419407  
  0.600000    0.77071460529887    1.53119626312731   -1.26470792808933    0.65056097266736  
  0.610000    0.76484386019692    1.51244865784055   -1.26912175268952    0.66271399718744  
  0.620000    0.75895311856884    1.49359766245078   -1.27293777206562    0.67457282924112  
  0.630000    0.75304534885484    1.47465095526215   -1.27616161199885    0.68612596003838  
  0.640000    0.74712348686865    1.45561618421772   -1.27879932831713    0.69736246212598  
  0.650000    0.74119043222686    1.43650096282419   -1.28085739464989    0.70827199967007  
  0.660000    0.73524904490320    1.41731286612250   -1.28234268986682    0.71884483740357  
  0.670000    0.72930214191825    1.39805942670275   -1.28326248522443    0.72907184823826  
  0.680000    0.72335249417417    1.37874813076255   -1.28362443124431    0.73894451954559  
  0.690000    0.71740282344324    1.35938641420770   -1.28343654434631    0.74845495811443  
  0.700000    0.71145579951809    1.33998165879505   -1.28270719326022    0.75759589379754  
  0.710000    0.70551403753035    1.32054118831741   -1.28144508523864    0.76636068186286  
  0.720000    0.69958009544387    1.30107226483093   -1.27965925209372    0.77474330406892  
  0.730000    0.69365647172712    1.28158208492571   -1.27735903608001    0.78273836848744  
  0.740000    0.68774560320890    1.26207777604103   -1.27455407564506    0.79034110809957  
  0.750000    0.68184986312002    1.24256639282664   -1.27125429106911    0.79754737819504  
  0.760000    0.67597155932292    1.22305491355234   -1.26746987001474    0.80435365260696  
  0.770000    0.67011293273006    1.20355023656826   -1.26321125300661    0.81075701881710  
  0.780000    0.66427615591084    1.18405917681865   -1.25848911886114    0.81675517196965  
  0.790000    0.65846333188600    1.16458846241249   -1.25331437008520    0.82234640783311  
  0.800000    0.65267649310753    1.14514473125441   -1.24769811826244    0.82752961475238  
  0.810000    0.64691760062102    1.12573452773985   -1.24165166944531    0.83230426463480  
  0.820000    0.64118854340669    1.10636429951864   -1.23518650956999    0.83667040301525  
  0.830000    0.63549113789469    1.08704039433132   -1.22831428991125    0.84062863824691  
  0.840000    0.62982712764909    1.06776905692299   -1.22104681259320    0.84418012986518  
  0.850000    0.62419818321481    1.04855642603944   -1.21339601617169    0.84732657617297  
  0.860000    0.61860590212058    1.02940853151040   -1.20537396130321    0.85007020109620  
  0.870000    0.61305180903112    1.01033129142521   -1.19699281651482    0.85241374035861  
  0.880000    0.60753735604048    0.99133050940575   -1.18826484408874    0.85436042702488  
  0.890000    0.60206392309883    0.97241187198183   -1.17920238607501    0.85591397646117  
  0.900000    0.59663281856393    0.95358094607415   -1.16981785044481    0.85707857076143  
  0.910000    0.59124527986898    0.93484317658975   -1.16012369739660    0.85785884268761  
  0.920000    0.58590247429764    0.91620388413471   -1.15013242582681    0.85825985917086  
  0.930000    0.58060549985743    0.89766826284893   -1.13985655997604    0.85828710442002  
  0.940000    0.57535538624242    0.87924137836734   -1.12930863626159    0.85794646268247  
  0.950000    0.57015309587620    0.86092816591165   -1.11850119030645    0.85724420070132  
  0.960000    0.56499952502618    0.84273342851680   -1.10744674417459    0.85618694991152  
  0.970000    0.55989550498052    0.82466183539531   -1.09615779382179    0.85478168841583  
  0.980000    0.55484180327914    0.80671792044308   -1.08464679677119    0.85303572278040  
  0.990000    0.54983912499049    0.78890608088913   -1.07292616002204    0.85095666968768  
  1.000000    0.54488811402624    0.77123057609192   -1.06100822820000    0.84855243748316  
  1.010000    0.53998935448635    0.75369552648402   -1.04890527195703    0.84583120765029  
  1.020000    0.53514337202733    0.73630491266656   -1.03662947662847    0.84280141624663  
  1.030000    0.53035063524714    0.71906257465466   -1.02419293115486    0.83947173533235  
  1.040000    0.52561155708052    0.70197221127402   -1.01160761727555    0.83585105442058  
  1.050000    0.52092649619927    0.68503737970895   -0.99888539900120    0.83194846197746  
  1.060000    0.51629575841226    0.66826149520109   -0.98603801237183    0.82777322699821  
  1.070000    0.51171959806081    0.65164783089792   -0.97307705550701    0.82333478068392  
  1.080000    0.50719821940551    0.63519951784950   -0.96001397895450    0.81864269824240  
  1.090000    0.50273177800112    0.61891954515142   -0.94686007634365    0.81370668083502  
  1.100000    0.49832038205692    0.60281076023148   -0.93362647534948    0.80853653769019  
  1.110000    0.49396409378024    0.58687586927711   -0.92032412897339    0.80314216840305  
  1.120000    0.48966293070163    0.57111743780019   -0.90696380714617    0.79753354543985  
  1.130000    0.48541686698064    0.55553789133543   -0.89355608865895    0.79172069686451  
  1.140000    0.48122583469168    0.54013951626808   -0.88011135342746    0.78571368930413  
  1.150000    0.47708972508984    0.52492446078647   -0.86663977509485    0.77952261116950  
  1.160000    0.47300838985731    0.50989473595448   -0.85315131397824    0.77315755614611  
  1.170000    0.46898164233098    0.49505221689871   -0.83965571036386    0.76662860697052  
  1.180000    0.46500925871274    0.48039864410502   -0.82616247815556    0.75994581950698  
  1.190000    0.46109097926383    0.46593562481872   -0.81268089888123    0.75311920713857  
  1.200000    0.45722650948534    0.45166463454259   -0.79922001606148    0.74615872548717  
  1.210000    0.45341552128679    0.43758701862689   -0.78578862994467    0.73907425747666  
  1.220000    0.44965765414528    0.42370399394515   -0.77239529261211    0.73187559875338  
  1.230000    0.44595251625766    0.41001665064979   -0.75904830345716    0.72457244347853  
  1.240000    0.44229968568821    0.39652595400146   -0.74575570504132    0.71717437050690  
  1.250000    0.43869871151463    0.38323274626591   -0.73252527933038    0.70969082996677  
  1.260000    0.43514911497481    0.37013774867255   -0.71936454431331    0.70213113025607  
  1.270000    0.43165039061712    0.35724156342876   -0.70628075100603    0.69450442547000  
  1.280000    0.42820200745650    0.34454467578424   -0.69328088084190    0.68681970327588  
  1.290000    0.42480341013891    0.33204745613976   -0.68037164345048    0.67908577325082  
  1.300000    0.42145402011614    0.31975016219511   -0.66755947482541    0.67131125569854  
  1.310000    0.41815323683293    0.30765294113117   -0.65485053588182    0.66350457096148  
  1.320000    0.41490043892810    0.29575583182109   -0.64225071140342    0.65567392924465  
  1.330000    0.41169498545095    0.28405876706637   -0.62976560937855    0.64782732096772  
  1.340000    0.40853621709404    0.27256157585340   -0.61740056072396    0.63997250766183  
  1.350000    0.40542345744301    0.26126398562669   -0.60516061939485    0.63211701342750  
  1.360000    0.40235601424361    0.25016562457536   -0.59305056287846    0.62426811696972  
  1.370000    0.39933318068598    0.23926602392963   -0.58107489306847    0.61643284422615  
  1.380000    0.39635423670560    0.22856462026453   -0.56923783751641    0.60861796160362  
  1.390000    0.39341845029993    0.21806075780858   -0.55754335105577    0.60082996983783  
  1.400000    0.39052507885953    0.20775369075515   -0.54599511779383    0.59307509849011  
  1.410000    0.38767337051172    0.19764258557505   -0.53459655346526    0.58535930109434  
  1.420000    0.38486256547483    0.18772652332888   -0.52335080814137    0.57768825096613  
  1.430000    0.38209189742023    0.17800450197822   -0.51226076928748    0.57006733768498  
  1.440000    0.37936059483947    0.16847543869495   -0.50132906516068    0.56250166425890  
  1.450000    0.37666788241307    0.15913817216847   -0.49055806853936    0.55499604497944  
  1.460000    0.37401298237733    0.14999146491059   -0.47994990077500    0.54755500397328  
  1.470000    0.37139511588535    0.14103400555844   -0.46950643615625    0.54018277445494  
  1.480000    0.36881350435803    0.13226441117580   -0.45922930657451    0.53288329868282  
  1.490000    0.36626737082056    0.12368122955342   -0.44911990647942    0.52566022861927  
  1.500000    0.36375594121984    0.11528294150926   -0.43917939811218    0.51851692729243  
  1.510000    0.36127844571814    0.10706796318957   -0.42940871700391    0.51145647085601  
  1.520000    0.35883411995796    0.09903464837184   -0.41980857772544    0.50448165134008  
  1.530000    0.35642220629330    0.09118129077092   -0.41037947987472    0.49759498008406  
  1.540000    0.35404195498234    0.08350612634928   -0.40112171428696    0.49079869183990  
  1.550000    0.35169262533663    0.07600733563283   -0.39203536945260    0.48409474953141  
  1.560000    0.34937348682189    0.06868304603333   -0.38312033812728    0.47748484965265  
  1.570000    0.34708382010581    0.06153133417854   -0.37437632411780    0.47097042828579  
  1.580000    0.34482291804820    0.05455022825114   -0.36580284922756    0.46455266771618  
  1.590000    0.34259008662933    0.04773771033724   -0.35739926034461    0.45823250361981  
  1.600000    0.34038464581220    0.04109171878524   -0.34916473665510    0.45201063279564  
  1.610000    0.33820593033512    0.03461015057556   -0.34109829696480    0.44588752141294  
  1.620000    0.33605329043126    0.02829086370153   -0.33319880711103    0.43986341374125  
  1.630000    0.33392609247187    0.02213167956156   -0.32546498744713    0.43393834132838  
  1.640000    0.33182371953095    0.01613038536227   -0.31789542038184    0.42811213258963  
  1.650000    0.32974557186875    0.01028473653225   -0.31048855795556    0.42238442276950  
  1.660000    0.32769106733288    0.00459245914561   -0.30324272943568    0.41675466423526  
  1.670000    0.32565964167536   -0.00094874764581   -0.29615614891326    0.41122213706006  
  1.680000    0.32365074878529   -0.00634120917295   -0.28922692288356    0.40578595985200  
  1.690000    0.32166386083672   -0.01158727280440   -0.28245305779292    0.40044510078416  
  1.700000    0.31969846835218   -0.01668930549782   -0.27583246753500    0.39519838877972  
  1.710000    0.31775408018278   -0.02164969135031   -0.26936298087968    0.39004452480557  
  1.720000    0.31583022340619   -0.02647082915022   -0.26304234881818    0.38498209322717  
  1.730000    0.31392644314465   -0.03115512993372   -0.25686825180857    0.38000957317748  
  1.740000    0.31204230230527   -0.03570501454919   -0.25083830690640    0.37512534989249  
  1.750000    0.31017738124576   -0.04012291123321   -0.24495007476540    0.37032772596655  
  1.760000    0.30833127736900   -0.04441125320187   -0.23920106649436    0.36561493248089  
  1.770000    0.30650360465032   -0.04857247626168   -0.23358875035645    0.36098513996008  
  1.780000    0.30469399310197   -0.05260901644423   -0.22811055829820    0.35643646911183  
  1.790000    0.30290208817945   -0.05652330766926   -0.22276389229621    0.35196700130728  
  1.800000    0.30112755013479   -0.06031777944069   -0.21754613051014    0.34757478876052  
  1.810000    0.29937005332242   -0.06399485458063   -0.21245463323163    0.34325786436784  
  1.820000    0.29762928546308   -0.06755694700595   -0.20748674861960    0.33901425116964  
  1.830000    0.29590494687206   -0.07100645955274   -0.20263981821307    0.33484197140012  
  1.840000    0.29419674965773   -0.07434578185333   -0.19791118221385    0.33073905509251  
  1.850000    0.29250441689675   -0.07757728827101   -0.19329818453222    0.32670354821046  
  1.860000    0.29082768179242   -0.08070333589736   -0.18879817758946    0.32273352027918  
  1.870000    0.28916628682258   -0.08372626261693   -0.18440852687255    0.31882707149292  
  1.880000    0.28751998288360   -0.08664838524400   -0.18012661523678    0.31498233927885  
  1.890000    0.28588852843678   -0.08947199773596   -0.17594984695326    0.31119750430058  
  1.900000    0.28427168866353   -0.09219936948760   -0.17187565149922    0.30747079588821  
  1.910000    0.28266923463551   -0.09483274371039   -0.16790148708989    0.30380049688519  
  1.920000    0.28108094250563   -0.09737433590050   -0.16402484395178    0.30018494790587  
  1.930000    0.27950659272559   -0.09982633239911   -0.16024324733788    0.29662255100137  
  1.940000    0.27794596929552   -0.10219088904811   -0.15655426028649    0.29311177273463  
  1.950000    0.27639885905061   -0.10447012994398   -0.15295548612607    0.28965114666943  
  1.960000    0.27486505098957   -0.10666614629219   -0.14944457072921    0.28623927528141  
  1.970000    0.27334433564922   -0.10878099536410   -0.14601920452013    0.28287483130245  
  1.980000    0.27183650452899   -0.11081669955798   -0.14267712424020    0.27955655851332  
  1.990000    0.27034134956877   -0.11277524556498   -0.13941611447731    0.27628327200236  
  2.000000    0.26885866268308   -0.11465858364096   -0.13623400896527    0.27305385791111  
  2.010000    0.26738823535387   -0.11646862698406   -0.13312869166011    0.26986727269049  
  2.020000    0.26592985828380   -0.11820725121778   -0.13009809760091    0.26672254189391  
  2.030000    0.26448332111148   -0.11987629397873   -0.12714021356321    0.26361875853581  
  2.040000    0.26304841218927   -0.12147755460768   -0.12425307851339    0.26055508104654  
  2.050000    0.26162491842404   -0.12301279394223   -0.12143478387341    0.25753073085626  
  2.060000    0.26021262518055   -0.12448373420872   -0.11868347360486    0.25454498964218  
  2.070000    0.25881131624657   -0.12589205901073   -0.11599734412255    0.25159719627491  
  2.080000    0.25742077385845   -0.12723941341109   -0.11337464404728    0.24868674350064  
  2.090000    0.25604077878541   -0.12852740410372   -0.11081367380826    0.24581307439693  
  2.100000    0.25467111046990   -0.12975759967149   -0.10831278510571    0.24297567864008  
  2.110000    0.25331154722165   -0.13093153092564   -0.10587038024391    0.24017408862260  
  2.120000    0.25196186646187   -0.13205069132228   -0.10348491134567    0.23740787545895  
  2.130000    0.25062184501420   -0.13311653745077   -0.10115487945860    0.23467664491769  
  2.140000    0.24929125943836   -0.13413048958911   -0.09887883356402    0.23198003331724  
  2.150000    0.24796988640217   -0.13509393232045   -0.09665536949876    0.22931770342177  
  2.160000    0.24665750308754   -0.13600821520546   -0.09448312880058    0.22668934037255  
  2.170000    0.24535388762545   -0.13687465350446   -0.09236079748704    0.22409464768862  
  2.180000    0.24405881955498   -0.13769452894352   -0.09028710477814    0.22153334336895  
  2.190000    0.24277208030134   -0.13846909051846   -0.08826082177222    0.21900515612673  
  2.200000    0.24149345366754   -0.13919955533075   -0.08628076008459    0.21650982178382  
  2.210000    0.24022272633450   -0.13988710944918   -0.08434577045802    0.21404707985172  
  2.220000    0.23895968836420   -0.14053290879149   -0.08245474135367    0.21161667032258  
  2.230000    0.23770413370080   -0.14113808001975   -0.08060659753085    0.20921833069148  
  2.240000    0.23645586066438   -0.14170372144407   -0.07880029862346    0.20685179322849  
  2.250000    0.23521467243237   -0.14223090392873   -0.07703483772036    0.20451678251612  
  2.260000    0.23398037750390   -0.14272067179549   -0.07530923995691    0.20221301326531  
  2.270000    0.23275279014225   -0.14317404371885   -0.07362256112380    0.19994018841969  
  2.280000    0.23153173079126   -0.14359201360833   -0.07197388629935    0.19769799755561  
  2.290000    0.23031702646146   -0.14397555147320   -0.07036232851056    0.19548611558190  
  2.300000    0.22910851108228   -0.14432560426543   -0.06878702742796    0.19330420174100  
  2.310000    0.22790602581697   -0.14464309669677   -0.06724714809854    0.19115189891000  
  2.320000    0.22670941933718   -0.14492893202658   -0.06574187972070    0.18902883319739  
  2.330000    0.22551854805467   -0.14518399281714   -0.06427043446453    0.18693461382896  
  2.340000    0.22433327630800   -0.14540914165373   -0.06283204634038    0.18486883331335  
  2.350000    0.22315347650252   -0.14560522182708   -0.06142597011787    0.18283106787583  
  2.360000    0.22197902920234   -0.14577305797638   -0.06005148029748    0.18082087814631  
  2.370000    0.22080982317360   -0.14591345669114   -0.05870787013579    0.17883781008570  
  2.380000    0.21964575537866   -0.14602720707115   -0.05739445072556    0.17688139613294  
  2.390000    0.21848673092134   -0.14611508124363   -0.05611055013105    0.17495115655317  
  2.400000    0.21733266294393   -0.14617783483747   -0.05485551257860    0.17304660096618  
  2.410000    0.21618347247682   -0.14621620741474   -0.05362869770226    0.17116723003317  
  2.420000    0.21503908824245   -0.14623092286008   -0.05242947984372    0.16931253727861  
  2.430000    0.21389944641533   -0.14622268972887   -0.05125724740555    0.16748201102345  
  2.440000    0.21276449034048   -0.14619220155562   -0.05011140225636    0.16567513640526  
  2.450000    0.21163417021292   -0.14614013712409   -0.04899135918634    0.16389139746074  
  2.460000    0.21050844272129   -0.14606716070125   -0.04789654541126    0.16213027924584  
  2.470000    0.20938727065872   -0.14597392223737   -0.04682640012272    0.16039126996907  
  2.480000    0.20827062250481   -0.14586105753459   -0.04578037408255    0.15867386311392  
  2.490000    0.20715847198221   -0.14572918838691   -0.04475792925864    0.15697755952687  
  2.500000    0.20605079759214   -0.14557892269447   -0.04375853849978    0.15530186944857  
  2.510000    0.20494758213277   -0.14541085455522   -0.04278168524665    0.15364631446651  
  2.520000    0.20384881220491   -0.14522556433720   -0.04182686327618    0.15201042936901  
  2.530000    0.20275447770935   -0.14502361873487   -0.04089357647647    0.15039376388153  
  2.540000    0.20166457134025   -0.14480557081271   -0.03998133864923    0.14879588426814  
  2.550000    0.20057908807899   -0.14457196003963   -0.03908967333700    0.14721637478239  
  2.560000    0.19949802469284   -0.14432331231755   -0.03821811367213    0.14565483895393  
  2.570000    0.19842137924282   -0.14406014000742   -0.03736620224480    0.14411090069895  
  2.580000    0.19734915060469   -0.14378294195612   -0.03653349098716    0.14258420524471  
  2.590000    0.19628133800734   -0.14349220352719   -0.03571954107110    0.14107441986032  
  2.600000    0.19521794059204   -0.14318839663859   -0.03492392281684    0.13958123438817  
  2.610000    0.19415895699645   -0.14287197981024   -0.03414621561010    0.13810436157261  
  2.620000    0.19310438496637   -0.14254339822401   -0.03338600782531    0.13664353718435  
  2.630000    0.19205422099842   -0.14220308379860   -0.03264289675283    0.13519851994149  
  2.640000    0.19100846001623   -0.14185145528151   -0.03191648852811    0.13376909123008  
  2.650000    0.18996709508249   -0.14148891836003   -0.03120639806091    0.13235505462885  
  2.660000    0.18893011714885   -0.14111586579287   -0.03051224896286    0.13095623524520  
  2.670000    0.18789751484522   -0.14073267756389   -0.02983367347200    0.12957247887091  
  2.680000    0.18686927430968   -0.14033972105889   -0.02917031237279    0.12820365096799  
  2.690000    0.18584537905987   -0.13993735126627   -0.02852181491062    0.12684963549683  
  2.700000    0.18482580990613   -0.13952591100209   -0.02788783869974    0.12551033359980  
  2.710000    0.18381054490652   -0.13910573115951   -0.02726804962390    0.12418566215538  
  2.720000    0.18279955936325   -0.13867713098259   -0.02666212172914    0.12287555221850  
  2.730000    0.18179282585977   -0.13824041836391   -0.02606973710820    0.12157994736405  
  2.740000    0.18079031433726   -0.13779589016524   -0.02549058577642    0.12029880195126  
  2.750000    0.17979199220919   -0.13734383256029   -0.02492436553900    0.11903207932714  
  2.760000    0.17879782451177   -0.13688452139806   -0.02437078184964    0.11777974998767  
  2.770000    0.17780777408837   -0.13641822258539   -0.02382954766085    0.11654178971565  
  2.780000    0.17682180180520   -0.13594519248680   -0.02330038326619    0.11531817771413  
  2.790000    0.17583986679549   -0.13546567833960   -0.02278301613492    0.11410889475415  
  2.800000    0.17486192672926   -0.13497991868208   -0.02227718073971    0.11291392135518  
  2.810000    0.17388793810521   -0.13448814379234   -0.02178261837792    0.11173323601616  
  2.820000    0.17291785656148   -0.13399057613532   -0.02129907698736    0.11056681351428  
  2.830000    0.17195163720152   -0.13348743081522   -0.02082631095726    0.10941462328783  
  2.840000    0.17098923493157   -0.13297891603083   -0.02036408093530    0.10827662791837  
  2.850000    0.17003060480571   -0.13246523353065   -0.01991215363174    0.10715278172626  
  2.860000    0.16907570237489   -0.13194657906530   -0.01947030162154    0.10604302949254  
  2.870000    0.16812448403598   -0.13142314283413   -0.01903830314534    0.10494730531839  
  2.880000    0.16717690737705   -0.13089510992338   -0.01861594191054    0.10386553163216  
  2.890000    0.16623293151526   -0.13036266073316   -0.01820300689320    0.10279761835219  
  2.900000    0.16529251742360   -0.12982597139042   -0.01779929214183    0.10174346221223  
  2.910000    0.16435562824311   -0.12928521414559   -0.01740459658408    0.10070294625422  
  2.920000    0.16342222957720   -0.12874055775032   -0.01701872383705    0.09967593949164  
  2.930000    0.16249228976508   -0.12819216781405   -0.01664148202228    0.09866229674506  
  2.940000    0.16156578013125   -0.12764020713754   -0.01627268358601    0.09766185864927  
  2.950000    0.16064267520863   -0.12708483602118   -0.01591214512560    0.09667445183019  
  2.960000    0.15972295293287   -0.12652621254666   -0.01555968722280    0.09569988924772  
  2.970000    0.15880659480583   -0.12596449283058   -0.01521513428423    0.09473797069907  
  2.980000    0.15789358602663   -0.12539983124864   -0.01487831438995    0.09378848347574  
  2.990000    0.15698391558872   -0.12483238062970   -0.01454905915021    0.09285120316559  
  3.000000    0.15607757634208   -0.12426229241903   -0.01422720357096    0.09192589459024  
  3.010000    0.15517456501985   -0.12368971681029   -0.01391258592832    0.09101231286658  
  3.020000    0.15427488222904   -0.12311480284625   -0.01360504765217    0.09011020458023  
  3.030000    0.15337853240536   -0.12253769848845   -0.01330443321897    0.08921930905758  
  3.040000    0.15248552373267   -0.12195855065617   -0.01301059005381    0.08833935972226  
  3.050000    0.15159586802764   -0.12137750523555   -0.01272336844168    0.08747008552116  
  3.060000    0.15070958059089   -0.12079470705981   -0.01244262144772    0.08661121240446  
  3.070000    0.14982668002585   -0.12021029986182   -0.01216820484632    0.08576246484393  
  3.080000    0.14894718802730   -0.11962442620052   -0.01189997705863    0.08492356737316  
  3.090000    0.14807112914135   -0.11903722736294   -0.01163779909830    0.08409424613379  
  3.100000    0.14719853049941   -0.11844884324364   -0.01138153452490    0.08327423041126  
  3.110000    0.14632942152861   -0.11785941220385   -0.01113104940453    0.08246325414461  
  3.120000    0.14546383364133   -0.11726907091242   -0.01088621227718    0.08166105739440  
  3.130000    0.14460179990705   -0.11667795417114   -0.01064689413024    0.08086738775424  
  3.140000    0.14374335470950   -0.11608619472684   -0.01041296837743    0.08008200169135  
  3.150000    0.14288853339233   -0.11549392307311   -0.01018431084277    0.07930466580298  
  3.160000    0.14203737189692   -0.11490126724415   -0.00996079974865    0.07853515797622  
  3.170000    0.14118990639544   -0.11430835260367   -0.00974231570759    0.07777326843968  
  3.180000    0.14034617292300   -0.11371530163155   -0.00952874171679    0.07701880069719  
  3.190000    0.13950620701201   -0.11312223371104   -0.00931996315502    0.07627157233437  
  3.200000    0.13867004333251   -0.11252926491931   -0.00911586778094    0.07553141569067  
  3.210000    0.13783771534163   -0.11193650782389   -0.00891634573245    0.07479817839079  
  3.220000    0.13700925494559   -0.11134407128781   -0.00872128952628    0.07407172373088  
  3.230000    0.13618469217733   -0.11075206028574   -0.00853059405724    0.07335193091634  
  3.240000    0.13536405489277   -0.11016057573356   -0.00834415659661    0.07263869514973  
  3.250000    0.13454736848858   -0.10956971433364   -0.00816187678909    0.07193192756874  
  3.260000    0.13373465564386   -0.10897956843773   -0.00798365664786    0.07123155503564  
  3.270000    0.13292593608836   -0.10839022592937   -0.00780940054729    0.07053751978132  
  3.280000    0.13212122639904   -0.10780177012750   -0.00763901521280    0.06984977890824  
  3.290000    0.13132053982700   -0.10721427971254   -0.00747240970779    0.06916830375826  
  3.300000    0.13052388615616   -0.10662782867626   -0.00730949541704    0.06849307915235  
  3.310000    0.12973127159498   -0.10604248629624   -0.00715018602651    0.06782410251086  
  3.320000    0.12894269870204   -0.10545831713566   -0.00699439749939    0.06716138286364  
  3.330000    0.12815816634607   -0.10487538106885   -0.00684204804816    0.06650493976092  
  3.340000    0.12737766970063   -0.10429373333267   -0.00669305810270    0.06585480209635  
  3.350000    0.12660120027338   -0.10371342460365   -0.00654735027436    0.06521100685459  
  3.360000    0.12582874596945   -0.10313450110060   -0.00640484931607    0.06457359779663  
  3.370000    0.12506029118815   -0.10255700471188   -0.00626548207862    0.06394262409630  
  3.380000    0.12429581695197   -0.10198097314665   -0.00612917746319    0.06331813894216  
  3.390000    0.12353530106649   -0.10140644010885   -0.00599586637033    0.06270019811881  
  3.400000    0.12277871830948   -0.10083343549269   -0.00586548164568    0.06208885858232  
  3.410000    0.12202604064728   -0.10026198559799   -0.00573795802265    0.06148417704378  
  3.420000    0.12127723747623   -0.09969211336370   -0.00561323206242    0.06088620857546  
  3.430000    0.12053227588678   -0.09912383861769   -0.00549124209153    0.06029500525331  
  3.440000    0.11979112094755   -0.09855717834065   -0.00537192813752    0.05971061484909  
  3.450000    0.11905373600659   -0.09799214694199   -0.00525523186289    0.05913307958525  
  3.460000    0.11832008300686   -0.09742875654532   -0.00514109649799    0.05856243496428  
  3.470000    0.11759012281276   -0.09686701728116   -0.00502946677300    0.05799870868414  
  3.480000    0.11686381554466   -0.09630693758426   -0.00492028884965    0.05744191964988  
  3.490000    0.11614112091805   -0.09574852449321   -0.00481351025297    0.05689207709081  
  3.500000    0.11542199858405   -0.09519178394955   -0.00470907980362    0.05634917979138  
  3.510000    0.11470640846806   -0.09463672109397   -0.00460694755110    0.05581321544273  
  3.520000    0.11399431110329   -0.09408334055706   -0.00450706470833    0.05528416012064  
  3.530000    0.11328566795584   -0.09353164674207   -0.00440938358796    0.05476197789411  
  3.540000    0.11258044173844   -0.09298164409746   -0.00431385754079    0.05424662056786  
  3.550000    0.11187859670979   -0.09243333737671   -0.00422044089673    0.05373802756014  
  3.560000    0.11118009895662   -0.09188673188341   -0.00412908890844    0.05323612591634  
  3.570000    0.11048491665589   -0.09134183369966   -0.00403975769813    0.05274083045714  
  3.580000    0.10979302031479   -0.09079864989562   -0.00395240420770    0.05225204405888  
  3.590000    0.10910438298605   -0.09025718871891   -0.00386698615247    0.05176965806229  
  3.600000    0.10841898045690   -0.08971745976213   -0.00378346197858    0.05129355280457  
  3.610000    0.10773679140981   -0.08917947410729   -0.00370179082448    0.05082359826852  
  3.620000    0.10705779755352   -0.08864324444613   -0.00362193248626    0.05035965484136  
  3.630000    0.10638198372347   -0.08810878517545   -0.00354384738722    0.04990157417469  
  3.640000    0.10570933795052   -0.08757611246699   -0.00346749655148    0.04944920013621  
  3.650000    0.10503985149757   -0.08704524431131   -0.00339284158178    0.04900236984283  
  3.660000    0.10437351886395   -0.08651620053578   -0.00331984464128    0.04856091476405  
  3.670000    0.10371033775744   -0.08598900279672   -0.00324846843942    0.04812466188404  
  3.680000    0.10305030903462   -0.08546367454608   -0.00317867622160    0.04769343490991  
  3.690000    0.10239343661000   -0.08494024097337   -0.00311043176257    0.04726705551376  
  3.700000    0.10173972733515   -0.08441872892358   -0.00304369936336    0.04684534459547  
  3.710000    0.10108919084900   -0.08389916679227   -0.00297844385147    0.04642812355320  
  3.720000    0.10044183940095   -0.08338158439915   -0.00291463058414    0.04601521554856  
  3.730000    0.09979768764860   -0.08286601284146   -0.00285222545438    0.04560644675350  
  3.740000    0.09915675243216   -0.08235248432911   -0.00279119489947    0.04520164756635  
  3.750000    0.09851905252787   -0.08184103200317   -0.00273150591168    0.04480065378462  
  3.760000    0.09788460838279   -0.08133168973983   -0.00267312605075    0.04440330772284  
  3.770000    0.09725344183386   -0.08082449194195   -0.00261602345794    0.04400945926440  
  3.780000    0.09662557581367   -0.08031947332034   -0.00256016687123    0.04361896683682  
  3.790000    0.09600103404619   -0.07981666866727   -0.00250552564133    0.04323169830102  
  3.800000    0.09537984073526   -0.07931611262429   -0.00245206974814    0.04284753174588  
  3.810000    0.09476202024894   -0.07881783944715   -0.00239976981735    0.04246635618048  
  3.820000    0.09414759680282   -0.07832188276988   -0.00234859713684    0.04208807211749  
  3.830000    0.09353659414538   -0.07782827537080   -0.00229852367251    0.04171259204231  
  3.840000    0.09292903524844   -0.07733704894258   -0.00224952208324    0.04133984076370  
  3.850000    0.09232494200567   -0.07684823386887   -0.00220156573479    0.04096975564292  
  3.860000    0.09172433494210   -0.07636185900975   -0.00215462871216    0.04060228669974  
  3.870000    0.09112723293738   -0.07587795149802   -0.00210868583037    0.04023739659472  
  3.880000    0.09053365296550   -0.07539653654868   -0.00206371264322    0.03987506048855  
  3.890000    0.08994360985334   -0.07491763728321   -0.00201968545010    0.03951526578062  
  3.900000    0.08935711606037   -0.07444127457065   -0.00197658130029    0.03915801172986  
  3.910000    0.08877418148167   -0.07396746688687   -0.00193437799507    0.03880330896247  
  3.920000    0.08819481327592   -0.07349623019371   -0.00189305408705    0.03845117887184  
  3.930000    0.08761901572008   -0.07302757783884   -0.00185258887703    0.03810165291763  
  3.940000    0.08704679009203   -0.07256152047773   -0.00181296240809    0.03775477183117  
  3.950000    0.08647813458221   -0.07209806601815   -0.00177415545698    0.03741058473614  
  3.960000    0.08591304423509   -0.07163721958803   -0.00173614952279    0.03706914819349  
  3.970000    0.08535151092076   -0.07117898352687   -0.00169892681303    0.03673052518089  
  3.980000    0.08479352333703   -0.07072335740074   -0.00166247022699    0.03639478401725  
  3.990000    0.08423906704178   -0.07027033804091   -0.00162676333673    0.03606199724352  
  4.000000    0.08368812451512   -0.06981991960558   -0.00159179036562    0.03573224047138  
  4.010000    0.08314067525077   -0.06937209366413   -0.00155753616468    0.03540559121144  
  4.020000    0.08259669587554   -0.06892684930319   -0.00152398618687    0.03508212769324  
  4.030000    0.08205616029575   -0.06848417325331   -0.00149112645954    0.03476192768868  
  4.040000    0.08151903986900   -0.06804405003520   -0.00145894355521    0.03444506735105  
  4.050000    0.08098530359958   -0.06760646212397   -0.00142742456098    0.03413162008123  
  4.060000    0.08045491835546   -0.06717139012987   -0.00139655704673    0.03382165543237  
  4.070000    0.07992784910477   -0.06673881299373   -0.00136632903247    0.03351523806398  
  4.080000    0.07940405916935   -0.06630870819525   -0.00133672895494    0.03321242675579  
  4.090000    0.07888351049274   -0.06588105197209   -0.00130774563396    0.03291327349102  
  4.100000    0.07836616392018   -0.06545581954773   -0.00127936823853    0.03261782261794  
  4.110000    0.07785197948757   -0.06503298536577   -0.00125158625320    0.03232611009794  
  4.120000    0.07734091671674   -0.06461252332860   -0.00122438944479    0.03203816284712  
  4.130000    0.07683293491402   -0.06419440703797   -0.00119776782984    0.03175399817765  
  4.140000    0.07632799346923   -0.06377861003531   -0.00117171164294    0.03147362334409  
  4.150000    0.07582605215211   -0.06336510603944   -0.00114621130631    0.03119703519855  
  4.160000    0.07532707140337   -0.06295386917935   -0.00112125740068    0.03092421995776  
  4.170000    0.07483101261742   -0.06254487422001   -0.00109684063789    0.03065515308379  
  4.180000    0.07433783841415   -0.06213809677888   -0.00107295183521    0.03038979927889  
  4.190000    0.07384751289710   -0.06173351353116   -0.00104958189163    0.03012811259406  
  4.200000    0.07336000189543   -0.06133110240197   -0.00102672176638    0.02987003664951  
  4.210000    0.07287527318749   -0.06093084274338   -0.00100436245956    0.02961550496423  
  4.220000    0.07239329670386   -0.06053271549495   -0.00098249499525    0.02936444139067  
  4.230000    0.07191404470776   -0.06013670332612   -0.00096111040698    0.02911676064960  
  4.240000    0.07143749195130   -0.05974279075913   -0.00094019972580    0.02887236895911  
  4.250000    0.07096361580608   -0.05935096427152   -0.00091975397074    0.02863116475086  
  4.260000    0.07049239636676   -0.05896121237714   -0.00089976414194    0.02839303946578  
  4.270000    0.07002381652692   -0.05857352568501   -0.00088022121621    0.02815787842070  
  4.280000    0.06955786202631   -0.05818789693565   -0.00086111614513    0.02792556173675  
  4.290000    0.06909452146920   -0.05780432101446   -0.00084243985549    0.02769596531953  
  4.300000    0.06863378631376   -0.05742279494225   -0.00082418325211    0.02746896188098  
  4.310000    0.06817565083251   -0.05704331784300   -0.00080633722285    0.02724442199216  
  4.320000    0.06772011204451   -0.05666589088935   -0.00078889264568    0.02702221515602  
  4.330000    0.06726716961976   -0.05629051722637   -0.00077184039768    0.02680221088913  
  4.340000    0.06681682575706   -0.05591720187449   -0.00075517136583    0.02658427980114  
  4.350000    0.06636908503648   -0.05554595161256   -0.00073887645936    0.02636829466111  
  4.360000    0.06592395424789   -0.05517677484237   -0.00072294662348    0.02615413143965  
  4.370000    0.06548144219745   -0.05480968143595   -0.00070737285430    0.02594167031637  
  4.380000    0.06504155949387   -0.05444468256719   -0.00069214621474    0.02573079664258  
  4.390000    0.06460431831663   -0.05408179052964   -0.00067725785116    0.02552140184944  
  4.400000    0.06416973216855   -0.05372101854217   -0.00066269901051    0.02531338429256  
  4.410000    0.06373781561506   -0.05336238054457   -0.00064846105784    0.02510665002466  
  4.420000    0.06330858401286   -0.05300589098512   -0.00063453549385    0.02490111348877  
  4.430000    0.06288205323061   -0.05265156460220   -0.00062091397228    0.02469669812505  
  4.440000    0.06245823936447   -0.05229941620225   -0.00060758831699    0.02449333688558  
  4.450000    0.06203715845124   -0.05194946043616   -0.00059455053846    0.02429097265208  
  4.460000    0.06161882618197   -0.05160171157647   -0.00058179284951    0.02408955855282  
  4.470000    0.06120325761891   -0.05125618329740   -0.00056930768014    0.02388905817578  
  4.480000    0.06079046691849   -0.05091288846016   -0.00055708769113    0.02368944567640  
  4.490000    0.06038046706315   -0.05057183890538   -0.00054512578650    0.02349070577923  
  4.500000    0.05997326960454   -0.05023304525496   -0.00053341512447    0.02329283367389  
  4.510000    0.05956888442083   -0.04989651672520   -0.00052194912685    0.02309583480683  
  4.520000    0.05916731949018   -0.04956226095297   -0.00051072148688    0.02289972457143  
  4.530000    0.05876858068296   -0.04923028383689   -0.00049972617521    0.02270452790010  
  4.540000    0.05837267157440   -0.04890058939478   -0.00048895744415    0.02251027876284  
  4.550000    0.05797959327982   -0.04857317963909   -0.00047840983008    0.02231701957783  
  4.560000    0.05758934431379   -0.04824805447124   -0.00046807815388    0.02212480054040  
  4.570000    0.05720192047474   -0.04792521159625   -0.00045795751960    0.02193367887758  
  4.580000    0.05681731475612   -0.04760464645813   -0.00044804331119    0.02174371803610  
  4.590000    0.05643551728495   -0.04728635219708   -0.00043833118738    0.02155498681250  
  4.600000    0.05605651528835   -0.04697031962851   -0.00042881707482    0.02136755843431  
  4.610000    0.05568029308835   -0.04665653724445   -0.00041949715951    0.02118150960207  
  4.620000    0.05530683212517   -0.04634499123713   -0.00041036787657    0.02099691950190  
  4.630000    0.05493611100849   -0.04603566554456   -0.00040142589852    0.02081386879911  
  4.640000    0.05456810559642   -0.04572854191773   -0.00039266812218    0.02063243862286  
  4.650000    0.05420278910125   -0.04542360000869   -0.00038409165433    0.02045270955262  
  4.660000    0.05384013222111   -0.04512081747871   -0.00037569379615    0.02027476061644  
  4.670000    0.05348010329598   -0.04482017012552   -0.00036747202688    0.02009866831154  
  4.680000    0.05312266848684   -0.04452163202826   -0.00035942398656    0.01992450565680  
  4.690000    0.05276779197599   -0.04422517570889   -0.00035154745816    0.01975234128702  
  4.700000    0.05241543618662   -0.04393077230837   -0.00034384034937    0.01958223859771  
  4.710000    0.05206556201961   -0.04363839177603   -0.00033630067402    0.01941425494926  
  4.720000    0.05171812910507   -0.04334800307010   -0.00032892653351    0.01924844093809  
  4.730000    0.05137309606632   -0.04305957436770   -0.00032171609823    0.01908483974220  
  4.740000    0.05103042079366   -0.04277307328206   -0.00031466758941    0.01892348654729  
  4.750000    0.05069006072531   -0.04248846708497   -0.00030777926128    0.01876440805919  
  4.760000    0.05035197313271   -0.04220572293221   -0.00030104938392    0.01860762210707  
  4.770000    0.05001611540753   -0.04192480808996   -0.00029447622690    0.01845313734125  
  4.780000    0.04968244534752   -0.04164569015971   -0.00028805804376    0.01830095302820  
  4.790000    0.04935092143837   -0.04136833729982   -0.00028179305761    0.01815105894453  
  4.800000    0.04902150312900   -0.04109271844132   -0.00027567944794    0.01800343537065  
  4.810000    0.04869415109748   -0.04081880349600   -0.00026971533866    0.01785805318370  
  4.820000    0.04836882750507   -0.04054656355478   -0.00026389878754    0.01771487404844  
  4.830000    0.04804549623583   -0.04027597107435   -0.00025822777716    0.01757385070381  
  4.840000    0.04772412311963   -0.04000700005042   -0.00025270020740    0.01743492734174  
  4.850000    0.04740467613626   -0.03973962617571   -0.00024731388943    0.01729804007411  
  4.860000    0.04708712559872   -0.03947382698145   -0.00024206654143    0.01716311748251  
  4.870000    0.04677144431398   -0.03920958196067   -0.00023695578586    0.01703008124514  
  4.880000    0.04645760771954   -0.03894687267244   -0.00023197914838    0.01689884683384  
  4.890000    0.04614559399455   -0.03868568282579   -0.00022713405840    0.01676932427401  
  4.900000    0.04583538414450   -0.03842599834268   -0.00022241785116    0.01664141895937  
  4.910000    0.04552696205845   -0.03816780739934   -0.00021782777137    0.01651503251288  
  4.920000    0.04522031453849   -0.03791110044564   -0.00021336097827    0.01639006368497  
  4.930000    0.04491543130106   -0.03765587020227   -0.00020901455206    0.01626640927961  
  4.940000    0.04461230495008   -0.03740211163578   -0.00020478550164    0.01614396509866  
  4.950000    0.04431093092226   -0.03714982191177   -0.00020067077349    0.01602262689477  
  4.960000    0.04401130740512   -0.03689900032669   -0.00019666726159    0.01590229132290  
  4.970000    0.04371343522848   -0.03664964821887   -0.00019277181826    0.01578285688086  
  4.980000    0.04341731773048   -0.03640176885970   -0.00018898126587    0.01566422482912  
  4.990000    0.04312296059959   -0.03615536732610   -0.00018529240904    0.01554630008057  
  5.000000    0.04283037169397   -0.03591045035535   -0.00018170204747    0.01542899205120  
  5.010000    0.04253956084005   -0.03566702618389   -0.00017820698905    0.01531221546307  
  5.020000    0.04225053961232   -0.03542510437158   -0.00017480406314    0.01519589109158  
  5.030000    0.04196332109642   -0.03518469561307   -0.00017149013400    0.01507994644932  
  5.040000    0.04167791963786   -0.03494581153831   -0.00016826211393    0.01496431640000  
  5.050000    0.04139435057893   -0.03470846450399   -0.00016511697630    0.01484894369619  
  5.060000    0.04111262998612   -0.03447266737794   -0.00016205176810    0.01473377943554  
  5.070000    0.04083277437106   -0.03423843331877   -0.00015906362193    0.01461878343129  
  5.080000    0.04055480040737   -0.03400577555264   -0.00015614976734    0.01450392449332  
  5.090000    0.04027872464637   -0.03377470714962   -0.00015330754136    0.01438918061721  
  5.100000    0.04000456323445   -0.03354524080160   -0.00015053439810    0.01427453907973  
  5.110000    0.03973233163472   -0.03331738860398   -0.00014782791734    0.01415999643993  
  5.120000    0.03946204435573   -0.03309116184340   -0.00014518581202    0.01404555844622  
  5.130000    0.03919371468999   -0.03286657079340   -0.00014260593449    0.01393123985063  
  5.140000    0.03892735446470   -0.03264362452006   -0.00014008628159    0.01381706413244  
  5.150000    0.03866297380720   -0.03242233069964   -0.00013762499833    0.01370306313432  
  5.160000    0.03840058092745   -0.03220269544985   -0.00013522038031    0.01358927661489  
  5.170000    0.03814018191966   -0.03198472317647   -0.00013287087473    0.01347575172259  
  5.180000    0.03788178058495   -0.03176841643683   -0.00013057508004    0.01336254239657  
  5.190000    0.03762537827688   -0.03155377582148   -0.00012833174424    0.01324970870070  
  5.200000    0.03737097377130   -0.03134079985519   -0.00012613976181    0.01313731609805  
  5.210000    0.03711856316182   -0.03112948491837   -0.00012399816937    0.01302543467313  
  5.220000    0.03686813978192   -0.03091982518948   -0.00012190614003    0.01291413831024  
  5.230000    0.03661969415454   -0.03071181260921   -0.00011986297662    0.01280350383638  
  5.240000    0.03637321396956   -0.03050543686675   -0.00011786810372    0.01269361013752  
  5.250000    0.03612868408947   -0.03030068540816   -0.00011592105873    0.01258453725754  
  5.260000    0.03588608658323   -0.03009754346702   -0.00011402148192    0.01247636548888  
  5.270000    0.03564540078791   -0.02989599411684   -0.00011216910571    0.01236917446448  
  5.280000    0.03540660339764   -0.02969601834495   -0.00011036374322    0.01226304226008  
  5.290000    0.03516966857890   -0.02949759514700   -0.00010860527618    0.01215804451612  
  5.300000    0.03493456811126   -0.02930070164128   -0.00010689364240    0.01205425358822  
  5.310000    0.03470127155196   -0.02910531320177   -0.00010522882287    0.01195173773474  
  5.320000    0.03446974642298   -0.02891140360857   -0.00010361082867    0.01185056034971  
  5.330000    0.03423995841865   -0.02871894521435   -0.00010203968775    0.01175077924876  
  5.340000    0.03401187163189   -0.02852790912518   -0.00010051543184    0.01165244601528  
  5.350000    0.03378544879689   -0.02833826539401   -0.00009903808345    0.01155560541323  
  5.360000    0.03356065154585   -0.02814998322494   -0.00009760764327    0.01146029487251  
  5.370000    0.03333744067731   -0.02796303118637   -0.00009622407792    0.01136654405184  
  5.380000    0.03311577643355   -0.02777737743081   -0.00009488730832    0.01127437448342  
  5.390000    0.03289561878429   -0.02759298991949   -0.00009359719874    0.01118379930282  
  5.400000    0.03267692771400   -0.02740983664933   -0.00009235354652    0.01109482306649  
  5.410000    0.03245966350998   -0.02722788588025   -0.00009115607283    0.01100744165862  
  5.420000    0.03224378704855   -0.02704710636064   -0.00009000441421    0.01092164228791  
  5.430000    0.03202926007638   -0.02686746754859   -0.00008889811528    0.01083740357414  
  5.440000    0.03181604548444   -0.02668893982708   -0.00008783662250    0.01075469572323  
  5.450000    0.03160410757176   -0.02651149471071   -0.00008681927904    0.01067348078890  
  5.460000    0.03139341229646   -0.02633510504216   -0.00008584532094    0.01059371301780  
  5.470000    0.03118392751173   -0.02615974517648   -0.00008491387443    0.01051533927455  
  5.480000    0.03097562318426   -0.02598539115127   -0.00008402395449    0.01043829954182  
  5.490000    0.03076847159314   -0.02581202084122   -0.00008317446468    0.01036252749035  
  5.500000    0.03056244750729   -0.02563961409550   -0.00008236419820    0.01028795111273  
  5.510000    0.03035752833957   -0.02546815285657   -0.00008159184017    0.01021449341419  
  5.520000    0.03015369427610   -0.02529762125931   -0.00008085597105    0.01014207315338  
  5.530000    0.02995092837964   -0.02512800570952   -0.00008015507126    0.01007060562509  
  5.540000    0.02974921666579   -0.02495929494088   -0.00007948752683    0.01000000347696  
  5.550000    0.02954854815139   -0.02479148005001   -0.00007885163604    0.00993017755170  
  5.560000    0.02934891487462   -0.02462455450903   -0.00007824561711    0.00986103774596  
  5.570000    0.02915031188649   -0.02445851415565   -0.00007766761657    0.00979249387710  
  5.580000    0.02895273721383   -0.02429335716082   -0.00007711571852    0.00972445654896  
  5.590000    0.02875619179416   -0.02412908397420   -0.00007658795450    0.00965683800759  
  5.600000    0.02856067938286   -0.02396569724793   -0.00007608231390    0.00958955297838  
  5.610000    0.02836620643377   -0.02380320173948   -0.00007559675479    0.00952251947587  
  5.620000    0.02817278195408   -0.02364160419450   -0.00007512921514    0.00945565957811  
  5.630000    0.02798041733505   -0.02348091321069   -0.00007467762419    0.00938890015767  
  5.640000    0.02778912616014   -0.02332113908403   -0.00007423991394    0.00932217356186  
  5.650000    0.02759892399232   -0.02316229363889   -0.00007381403059    0.00925541823543  
  5.660000    0.02740982814263   -0.02300439004357   -0.00007339794587    0.00918857927936  
  5.670000    0.02722185742222   -0.02284744261302   -0.00007298966810    0.00912160894029  
  5.680000    0.02703503188021   -0.02269146660070   -0.00007258725289    0.00905446702562  
  5.690000    0.02684937252991   -0.02253647798154   -0.00007218881335    0.00898712124034  
  5.700000    0.02666490106598   -0.02238249322805   -0.00007179252978    0.00891954744224  
  5.710000    0.02648163957532   -0.02222952908179   -0.00007139665870    0.00885172981308  
  5.720000    0.02629961024442   -0.02207760232233   -0.00007099954107    0.00878366094425  
  5.730000    0.02611883506600   -0.02192672953602   -0.00007059960978    0.00871534183616  
  5.740000    0.02593933554775   -0.02177692688666   -0.00007019539621    0.00864678181164  
  5.750000    0.02576113242607   -0.02162820989047   -0.00006978553587    0.00857799834447  
  5.760000    0.02558424538739   -0.02148059319732   -0.00006936877305    0.00850901680493  
  5.770000    0.02540869280004   -0.02133409038053   -0.00006894396447    0.00843987012528  
  5.780000    0.02523449145892   -0.02118871373711   -0.00006851008181    0.00837059838869  
  5.790000    0.02506165634580   -0.02104447410055   -0.00006806621333    0.00830124834620  
  5.800000    0.02489020040731   -0.02090138066779   -0.00006761156427    0.00823187286664  
  5.810000    0.02472013435291   -0.02075944084221   -0.00006714545632    0.00816253032547  
  5.820000    0.02455146647480   -0.02061866009411   -0.00006666732599    0.00809328393892  
  5.830000    0.02438420249148   -0.02047904183998   -0.00006617672203    0.00802420105037  
  5.840000    0.02421834541650   -0.02034058734194   -0.00006567330185    0.00795535237647  
  5.850000    0.02405389545382   -0.02020329562809   -0.00006515682706    0.00788681122080  
  5.860000    0.02389084992055   -0.02006716343472   -0.00006462715814    0.00781865266321  
  5.870000    0.02372920319819   -0.01993218517101   -0.00006408424837    0.00775095273328  
  5.880000    0.02356894671251   -0.01979835290640   -0.00006352813700    0.00768378757641  
  5.890000    0.02341006894261   -0.01966565638097   -0.00006295894183    0.00761723262107  
  5.900000    0.02325255545888   -0.01953408303862   -0.00006237685122    0.00755136175585  
  5.910000    0.02309638898967   -0.01940361808285   -0.00006178211574    0.00748624652467  
  5.920000    0.02294154951593   -0.01927424455459   -0.00006117503935    0.00742195534846  
  5.930000    0.02278801439309   -0.01914594343137   -0.00006055597043    0.00735855278109  
  5.940000    0.02263575849887   -0.01901869374685   -0.00005992529259    0.00729609880738  
  5.950000    0.02248475440570   -0.01889247272971   -0.00005928341550    0.00723464819002  
  5.960000    0.02233497257623   -0.01876725596042   -0.00005863076573    0.00717424987223  
  5.970000    0.02218638157973   -0.01864301754455   -0.00005796777773    0.00711494644201  
  5.980000    0.02203894832776   -0.01851973030084   -0.00005729488513    0.00705677366351  
  5.990000    0.02189263832647   -0.01839736596238   -0.00005661251225    0.00699976008001  
  6.000000    0.02174741594332   -0.01827589538886   -0.00005592106621    0.00694392669260  
  6.010000    0.02160324468558   -0.01815528878785   -0.00005522092941    0.00688928671762  
  6.020000    0.02146008748799   -0.01803551594314   -0.00005451245267    0.00683584542512  
  6.030000    0.02131790700674   -0.01791654644774   -0.00005379594903    0.00678360005997  
  6.040000    0.02117666591698   -0.01779834993948   -0.00005307168826    0.00673253984616  
  6.050000    0.02103632721093   -0.01768089633679   -0.00005233989210    0.00668264607406  
  6.060000    0.02089685449382   -0.01756415607251   -0.00005160073045    0.00663389226959  
  6.070000    0.02075821227463   -0.01744810032341   -0.00005085431827    0.00658624444343  
  6.080000    0.02062036624896   -0.01733270123317   -0.00005010071344    0.00653966141747  
  6.090000    0.02048328357116   -0.01721793212674   -0.00004933991556    0.00649409522498  
  6.100000    0.02034693311314   -0.01710376771388   -0.00004857186556    0.00644949158029  
  6.110000    0.02021128570731   -0.01699018428009   -0.00004779644626    0.00640579041300  
  6.120000    0.02007631437128   -0.01687715986282   -0.00004701348389    0.00636292646098  
  6.130000    0.01994199451205   -0.01676467441142   -0.00004622275035    0.00632082991607  
  6.140000    0.01980830410777   -0.01665270992921   -0.00004542396643    0.00627942711571  
  6.150000    0.01967522386525   -0.01654125059624   -0.00004461680573    0.00623864127318  
  6.160000    0.01954273735154   -0.01643028287152   -0.00004380089941    0.00619839323900  
  6.170000    0.01941083109847   -0.01631979557378   -0.00004297584160    0.00615860228549  
  6.180000    0.01927949467880   -0.01620977993983   -0.00004214119541    0.00611918690644  
  6.190000    0.01914872075351   -0.01610022965999   -0.00004129649954    0.00608006562351  
  6.200000    0.01901850508942   -0.01599114089016   -0.00004044127539    0.00604115779123  
  6.210000    0.01888884654716   -0.01588251224044   -0.00003957503451    0.00600238439215  
  6.220000    0.01875974703929   -0.01577434474030   -0.00003869728642    0.00596366881400  
  6.230000    0.01863121145918   -0.01566664178061   -0.00003780754662    0.00592493760097  
  6.240000    0.01850324758105   -0.01555940903307   -0.00003690534481    0.00588612117135  
  6.250000    0.01837586593226   -0.01545265434774   -0.00003599023307    0.00584715449420  
  6.260000    0.01824907963882   -0.01534638762968   -0.00003506179407    0.00580797771819  
  6.270000    0.01812290424581   -0.01524062069570   -0.00003411964910    0.00576853674617  
  6.280000    0.01799735751413   -0.01513536711281   -0.00003316346592    0.00572878374971  
  6.290000    0.01787245919566   -0.01503064201964   -0.00003219296625    0.00568867761834  
  6.300000    0.01774823078897   -0.01492646193269   -0.00003120793295    0.00564818433905  
  6.310000    0.01762469527769   -0.01482284453918   -0.00003020821661    0.00560727730217  
  6.320000    0.01750187685434   -0.01471980847846   -0.00002919374175    0.00556593753075  
  6.330000    0.01737980063196   -0.01461737311413   -0.00002816451228    0.00552415383097  
  6.340000    0.01725849234646   -0.01451555829900   -0.00002712061635    0.00548192286248  
  6.350000    0.01713797805256   -0.01441438413513   -0.00002606223047    0.00543924912768  
  6.360000    0.01701828381613   -0.01431387073134   -0.00002498962288    0.00539614488066  
  6.370000    0.01689943540594   -0.01421403796038   -0.00002390315602    0.00535262995636  
  6.380000    0.01678145798788   -0.01411490521833   -0.00002280328829    0.00530873152228  
  6.390000    0.01666437582447   -0.01401649118828   -0.00002169057488    0.00526448375511  
  6.400000    0.01654821198269   -0.01391881361081   -0.00002056566769    0.00521992744596  
  6.410000    0.01643298805286   -0.01382188906342   -0.00001942931450    0.00517510953812  
  6.420000    0.01631872388145   -0.01372573275102   -0.00001828235710    0.00513008260253  
  6.430000    0.01620543732030   -0.01363035830962   -0.00001712572875    0.00508490425615  
  6.440000    0.01609314399482   -0.01353577762502   -0.00001596045063    0.00503963652956  
  6.450000    0.01598185709336   -0.01344200066848   -0.00001478762765    0.00499434519021  
  6.460000    0.01587158717996   -0.01334903535083   -0.00001360844337    0.00494909902853  
  6.470000    0.01576234203218   -0.01325688739645   -0.00001242415431    0.00490396911409  
  6.480000    0.01565412650580   -0.01316556023867   -0.00001123608350    0.00485902802984  
  6.490000    0.01554694242775   -0.01307505493726   -0.00001004561353    0.00481434909202  
  6.500000    0.01544078851820   -0.01298537011915   -0.00000885417897    0.00477000556404  
  6.510000    0.01533566034294   -0.01289650194297   -0.00000766325844    0.00472606987243  
  6.520000    0.01523155029627   -0.01280844408768   -0.00000647436617    0.00468261283276  
  6.530000    0.01512844761496   -0.01272118776561   -0.00000528904334    0.00463970289382  
  6.540000    0.01502633842297   -0.01263472175981   -0.00000410884918    0.00459740540749  
  6.550000    0.01492520580672   -0.01254903248534   -0.00000293535188    0.00455578193207  
  6.560000    0.01482502992030   -0.01246410407417   -0.00000177011948    0.00451488957611  
  6.570000    0.01472578811958   -0.01237991848266   -0.00000061471083    0.00447478038945  
  6.580000    0.01462745512406   -0.01229645562088    0.00000052933348    0.00443550080770  
  6.590000    0.01453000320508   -0.01221369350252    0.00000166049983    0.00439709115598  
  6.600000    0.01443340239838   -0.01213160841392    0.00000277731015    0.00435958521666  
  6.610000    0.01433762073943   -0.01205017510075    0.00000387833005    0.00432300986585  
  6.620000    0.01424262451891   -0.01196936697054    0.00000496217659    0.00428738478205  
  6.630000    0.01414837855625   -0.01188915630915    0.00000602752556    0.00425272223004  
  6.640000    0.01405484648846   -0.01180951450916    0.00000707311822    0.00421902692211  
  6.650000    0.01396199107165   -0.01173041230799    0.00000809776735    0.00418629595793  
  6.660000    0.01386977449222   -0.01165182003347    0.00000910036279    0.00415451884373  
  6.670000    0.01377815868486   -0.01157370785454    0.00001007987616    0.00412367759042  
  6.680000    0.01368710565428   -0.01149604603467    0.00001103536493    0.00409374688953  
  6.690000    0.01359657779756   -0.01141880518552    0.00001196597566    0.00406469436521  
  6.700000    0.01350653822403   -0.01134195651848    0.00001287094653    0.00403648089952  
  6.710000    0.01341695106957   -0.01126547209148    0.00001374960905    0.00400906102754  
  6.720000    0.01332778180229   -0.01118932504896    0.00001460138894    0.00398238339833  
  6.730000    0.01323899751661   -0.01111348985231    0.00001542580631    0.00395639129670  
  6.740000    0.01315056721284   -0.01103794249878    0.00001622247496    0.00393102322060  
  6.750000    0.01306246205953   -0.01096266072659    0.00001699110098    0.00390621350787  
  6.760000    0.01297465563601   -0.01088762420425    0.00001773148064    0.00388189300599  
  6.770000    0.01288712415266   -0.01081281470216    0.00001844349751    0.00385798977791  
  6.780000    0.01279984664674   -0.01073821624478    0.00001912711902    0.00383442983647  
  6.790000    0.01271280515183   -0.01066381524189    0.00001978239233    0.00381113789997  
  6.800000    0.01262598483904   -0.01058960059745    0.00002040943969    0.00378803816097  
  6.810000    0.01253937412862   -0.01051556379506    0.00002100845329    0.00376505506046  
  6.820000    0.01245296477077   -0.01044169895906    0.00002157968971    0.00374211405923  
  6.830000    0.01236675189469   -0.01036800289046    0.00002212346395    0.00371914239869  
  6.840000    0.01228073402532   -0.01029447507753    0.00002264014319    0.00369606984307  
  6.850000    0.01219491306747   -0.01022111768046    0.00002313014035    0.00367282939550  
  6.860000    0.01210929425731   -0.01014793549045    0.00002359390744    0.00364935798044  
  6.870000    0.01202388608171   -0.01007493586342    0.00002403192889    0.00362559708560  
  6.880000    0.01193870016582   -0.01000212862869    0.00002444471482    0.00360149335648  
  6.890000    0.01185375113007   -0.00992952597371    0.00002483279442    0.00357699913767  
  6.900000    0.01176905641777   -0.00985714230558    0.00002519670947    0.00355207295512  
  6.910000    0.01168463609471   -0.00978499409069    0.00002553700802    0.00352667993455  
  6.920000    0.01160051262279   -0.00971309967394    0.00002585423836    0.00350079215158  
  6.930000    0.01151671060959   -0.00964147907917    0.00002614894337    0.00347438891009  
  6.940000    0.01143325653619   -0.00957015379255    0.00002642165523    0.00344745694582  
  6.950000    0.01135017846588   -0.00949914653106    0.00002667289053    0.00341999055324  
  6.960000    0.01126750573628   -0.00942848099811    0.00002690314594    0.00339199163430  
  6.970000    0.01118526863797   -0.00935818162864    0.00002711289437    0.00336346966858  
  6.980000    0.01110349808246   -0.00928827332606    0.00002730258173    0.00333444160519  
  6.990000    0.01102222526280   -0.00921878119352    0.00002747262423    0.00330493167746  
  7.000000    0.01094148130993   -0.00914973026207    0.00002762340637    0.00327497114242  
  7.010000    0.01086129694815   -0.00908114521828    0.00002775527949    0.00324459794769  
  7.020000    0.01078170215291   -0.00901305013394    0.00002786856099    0.00321385632923  
  7.030000    0.01070272581432   -0.00894546820043    0.00002796353419    0.00318279634413  
  7.040000    0.01062439540957   -0.00887842147029    0.00002804044881    0.00315147334316  
  7.050000    0.01054673668746   -0.00881193060860    0.00002809952205    0.00311994738862  
  7.060000    0.01046977336812   -0.00874601465644    0.00002814094030    0.00308828262343  
  7.070000    0.01039352686088   -0.00868069080889    0.00002816486138    0.00305654659798  
  7.080000    0.01031801600312   -0.00861597420971    0.00002817141732    0.00302480956156  
  7.090000    0.01024325682257   -0.00855187776469    0.00002816071764    0.00299314372593  
  7.100000    0.01016926232568   -0.00848841197567    0.00002813285306    0.00296162250831  
  7.110000    0.01009604231402   -0.00842558479679    0.00002808789961    0.00293031976177  
  7.120000    0.01002360323069   -0.00836340151454    0.00002802592313    0.00289930900097  
  7.130000    0.00995194803836   -0.00830186465286    0.00002794698394    0.00286866263103  
  7.140000    0.00988107613030   -0.00824097390427    0.00002785114185    0.00283845118774  
  7.150000    0.00981098327538   -0.00818072608793    0.00002773846124    0.00280874259675  
  7.160000    0.00974166159774   -0.00812111513503    0.00002760901633    0.00277960145945  
  7.170000    0.00967309959153   -0.00806213210196    0.00002746289635    0.00275108837290  
  7.180000    0.00960528217083   -0.00800376521106    0.00002730021078    0.00272325929083  
  7.190000    0.00953819075434   -0.00794599991898    0.00002712109445    0.00269616493233  
  7.200000    0.00947180338426   -0.00788881901190    0.00002692571247    0.00266985024424  
  7.210000    0.00940609487852   -0.00783220272697    0.00002671426488    0.00264435392295  
  7.220000    0.00934103701492   -0.00777612889895    0.00002648699114    0.00261970800049  
  7.230000    0.00927659874574   -0.00772057313076    0.00002624417411    0.00259593749912  
  7.240000    0.00921274644087   -0.00766550898647    0.00002598614375    0.00257306015815  
  7.250000    0.00914944415729   -0.00761090820498    0.00002571328035    0.00255108623578  
  7.260000    0.00908665393261   -0.00755674093254    0.00002542601719    0.00253001838800  
  7.270000    0.00902433609975   -0.00750297597188    0.00002512484277    0.00250985162588  
  7.280000    0.00896244962025   -0.00744958104589    0.00002481030243    0.00249057335174  
  7.290000    0.00890095243275   -0.00739652307312    0.00002448299937    0.00247216347383  
  7.300000    0.00883980181373   -0.00734376845284    0.00002414359509    0.00245459459843  
  7.310000    0.00877895474694   -0.00729128335682    0.00002379280919    0.00243783229740  
  7.320000    0.00871836829819   -0.00723903402515    0.00002343141852    0.00242183544847  
  7.330000    0.00865799999188   -0.00718698706339    0.00002306025575    0.00240655664487  
  7.340000    0.00859780818572   -0.00713510973803    0.00002268020728    0.00239194267000  
  7.350000    0.00853775244012   -0.00708337026770    0.00002229221054    0.00237793503250  
  7.360000    0.00847779387860   -0.00703173810711    0.00002189725069    0.00236447055597  
  7.370000    0.00841789553589   -0.00698018422118    0.00002149635684    0.00235148201757  
  7.380000    0.00835802269011   -0.00692868134652    0.00002109059758    0.00233889882880  
  7.390000    0.00829814317610   -0.00687720423778    0.00002068107617    0.00232664775151  
  7.400000    0.00823822767643   -0.00682572989653    0.00002026892518    0.00231465364180  
  7.410000    0.00817824998753   -0.00677423778018    0.00001985530079    0.00230284021419  
  7.420000    0.00811818725800   -0.00672270998901    0.00001944137667    0.00229113081812  
  7.430000    0.00805802019682   -0.00667113142936    0.00001902833766    0.00227944921886  
  7.440000    0.00799773324920   -0.00661948995120    0.00001861737309    0.00226772037477  
  7.450000    0.00793731473822   -0.00656777645871    0.00001820967002    0.00225587120287  
  7.460000    0.00787675697074   -0.00651598499260    0.00001780640637    0.00224383132477  
  7.470000    0.00781605630622   -0.00646411278317    0.00001740874392    0.00223153378540  
  7.480000    0.00775521318767   -0.00641216027352    0.00001701782141    0.00221891573686  
  7.490000    0.00769423213409   -0.00636013111234    0.00001663474770    0.00220591908052  
  7.500000    0.00763312169428   -0.00630803211630    0.00001626059504    0.00219249106058  
  7.510000    0.00757189436213   -0.00625587320203    0.00001589639262    0.00217858480288  
  7.520000    0.00751056645394   -0.00620366728826    0.00001554312033    0.00216415979341  
  7.530000    0.00744915794868   -0.00615143016875    0.00001520170290    0.00214918229149  
  7.540000    0.00738769229241   -0.00609918035702    0.00001487300436    0.00213362567316  
  7.550000    0.00732619616843   -0.00604693890416    0.00001455782301    0.00211747070129  
  7.560000    0.00726469923518   -0.00599472919127    0.00001425688683    0.00210070571942  
  7.570000    0.00720323383395   -0.00594257669820    0.00001397084941    0.00208332676720  
  7.580000    0.00714183466912   -0.00589050875073    0.00001370028647    0.00206533761617  
  7.590000    0.00708053846361   -0.00583855424830    0.00001344569294    0.00204674972533  
  7.600000    0.00701938359260   -0.00578674337476    0.00001320748069    0.00202758211687  
  7.610000    0.00695840969890   -0.00573510729477    0.00001298597686    0.00200786117315  
  7.620000    0.00689765729336   -0.00568367783846    0.00001278142288    0.00198762035691  
  7.630000    0.00683716734390   -0.00563248717740    0.00001259397409    0.00196689985743  
  7.640000    0.00677698085714   -0.00558156749469    0.00001242370009    0.00194574616620  
  7.650000    0.00671713845623   -0.00553095065234    0.00001227058567    0.00192421158625  
  7.660000    0.00665767995902   -0.00548066785897    0.00001213453238    0.00190235368019  
  7.670000    0.00659864396037   -0.00543074934096    0.00001201536081    0.00188023466231  
  7.680000    0.00654006742272   -0.00538122402013    0.00001191281330    0.00185792074122  
  7.690000    0.00648198527853   -0.00533211920112    0.00001182655738    0.00183548141929  
  7.700000    0.00642443004874   -0.00528346027129    0.00001175618960    0.00181298875640  
  7.710000    0.00636743148066   -0.00523527041623    0.00001170123992    0.00179051660527  
  7.720000    0.00631101620902   -0.00518757035353    0.00001166117654    0.00176813982617  
  7.730000    0.00625520744336   -0.00514037808748    0.00001163541106    0.00174593348929  
  7.740000    0.00620002468505   -0.00509370868721    0.00001162330402    0.00172397207264  
  7.750000    0.00614548347673   -0.00504757409046    0.00001162417075    0.00170232866401  
  7.760000    0.00609159518672   -0.00500198293503    0.00001163728736    0.00168107417500  
  7.770000    0.00603836683088   -0.00495694041975    0.00001166189697    0.00166027657545  
  7.780000    0.00598580093367   -0.00491244819649    0.00001169721603    0.00164000015599  
  7.790000    0.00593389543018   -0.00486850429447    0.00001174244060    0.00162030482666  
  7.800000    0.00588264361030   -0.00482510307782    0.00001179675275    0.00160124545860  
  7.810000    0.00583203410604   -0.00478223523717    0.00001185932675    0.00158287127602  
  7.820000    0.00578205092230   -0.00473988781553    0.00001192933523    0.00156522530464  
  7.830000    0.00573267351133   -0.00469804426860    0.00001200595501    0.00154834388257  
  7.840000    0.00568387689051   -0.00465668455920    0.00001208837287    0.00153225623883  
  7.850000    0.00563563180282   -0.00461578528529    0.00001217579081    0.00151698414403  
  7.860000    0.00558790491874   -0.00457531984074    0.00001226743114    0.00150254163715  
  7.870000    0.00554065907829   -0.00453525860753    0.00001236254107    0.00148893483131  
  7.880000    0.00549385357115   -0.00449556917807    0.00001246039691    0.00147616180099  
  7.890000    0.00544744445283   -0.00445621660568    0.00001256030783    0.00146421255207  
  7.900000    0.00540138489405   -0.00441716368141    0.00001266161906    0.00145306907525  
  7.910000    0.00535562556075   -0.00437837123471    0.00001276371470    0.00144270548272  
  7.920000    0.00531011502121   -0.00433979845552    0.00001286601983    0.00143308822694  
  7.930000    0.00526480017704   -0.00430140323498    0.00001296800225    0.00142417639960  
  7.940000    0.00521962671421   -0.00426314252190    0.00001306917357    0.00141592210807  
  7.950000    0.00517453957017   -0.00422497269180    0.00001316908980    0.00140827092572  
  7.960000    0.00512948341303   -0.00418684992531    0.00001326735135    0.00140116241193  
  7.970000    0.00508440312846   -0.00414873059258    0.00001336360258    0.00139453069664  
  7.980000    0.00503924431003   -0.00411057164027    0.00001345753082    0.00138830512384  
  7.990000    0.00499395374852   -0.00407233097758    0.00001354886483    0.00138241094763  
  8.000000    0.00494847991570   -0.00403396785791    0.00001363737293    0.00137677007399  
  8.010000    0.00490277343829   -0.00399544325251    0.00001372286062    0.00137130184097  
  8.020000    0.00485678755752   -0.00395672021283    0.00001380516786    0.00136592382937  
  8.030000    0.00481047857017   -0.00391776421802    0.00001388416598    0.00136055269604  
  8.040000    0.00476380624678   -0.00387854350445    0.00001395975431    0.00135510502111  
  8.050000    0.00471673422319   -0.00383902937397    0.00001403185658    0.00134949816093  
  8.060000    0.00466923036143   -0.00379919647811    0.00001410041709    0.00134365109782  
  8.070000    0.00462126707663   -0.00375902307515    0.00001416539675    0.00133748527816  
  8.080000    0.00457282162649   -0.00371849125786    0.00001422676903    0.00133092543016  
  8.090000    0.00452387636046   -0.00367758714918    0.00001428451587    0.00132390035295  
  8.100000    0.00447441892599   -0.00363630106413    0.00001433862364    0.00131634366888  
  8.110000    0.00442444242950   -0.00359462763593    0.00001438907909    0.00130819453113  
  8.120000    0.00437394555031   -0.00355256590490    0.00001443586551    0.00129939827943  
  8.130000    0.00432293260588   -0.00351011936914    0.00001447895906    0.00128990703673  
  8.140000    0.00427141356753   -0.00346729599587    0.00001451832522    0.00127968024072  
  8.150000    0.00421940402571   -0.00342410819320    0.00001455391566    0.00126868510430  
  8.160000    0.00416692510494   -0.00338057274202    0.00001458566529    0.00125689700014  
  8.170000    0.00411400332833   -0.00333671068832    0.00001461348976    0.00124429976486  
  8.180000    0.00406067043273   -0.00329254719638    0.00001463728328    0.00123088591949  
  8.190000    0.00400696313536   -0.00324811136385    0.00001465691688    0.00121665680330  
  8.200000    0.00395292285360   -0.00320343599991    0.00001467223709    0.00120162261948  
  8.210000    0.00389859537996   -0.00315855736799    0.00001468306514    0.00118580239130  
  8.220000    0.00384403051464   -0.00311351489523    0.00001468919652    0.00116922382902  
  8.230000    0.00378928165832   -0.00306835085048    0.00001469040115    0.00115192310812  
  8.240000    0.00373440536861   -0.00302310999375    0.00001468642394    0.00113394456059  
  8.250000    0.00367946088341   -0.00297783919963    0.00001467698586    0.00111534028193  
  8.260000    0.00362450961513   -0.00293258705766    0.00001466178551    0.00109616965706  
  8.270000    0.00356961461997   -0.00288740345318    0.00001464050111    0.00107649880953  
  8.280000    0.00351484004634   -0.00284233913174    0.00001461279293    0.00105639997899  
  8.290000    0.00346025056730   -0.00279744525091    0.00001457830619    0.00103595083248  
  8.300000    0.00340591080159   -0.00275277292320    0.00001453667426    0.00101523371624  
  8.310000    0.00335188472819   -0.00270837275385    0.00001448752226    0.00099433485479  
  8.320000    0.00329823509935   -0.00266429437752    0.00001443047096    0.00097334350492  
  8.330000    0.00324502285719   -0.00262058599773    0.00001436514098    0.00095235107279  
  8.340000    0.00319230655884   -0.00257729393319    0.00001429115713    0.00093145020240  
  8.350000    0.00314014181520   -0.00253446217476    0.00001420815300    0.00091073384421  
  8.360000    0.00308858074810   -0.00249213195707    0.00001411577561    0.00089029431313  
  8.370000    0.00303767147081   -0.00245034134846    0.00001401369020    0.00087022234468  
  8.380000    0.00298745759637   -0.00240912486296    0.00001390158494    0.00085060615890  
  8.390000    0.00293797777823   -0.00236851309766    0.00001377917567    0.00083153054084  
  8.400000    0.00288926528724   -0.00232853239882    0.00001364621048    0.00081307594692  
  8.410000    0.00284134762868   -0.00228920455956    0.00001350247418    0.00079531764581  
  8.420000    0.00279424620288   -0.00225054655178    0.00001334779252    0.00077832490241  
  8.430000    0.00274797601203   -0.00221257029462    0.00001318203619    0.00076216021297  
  8.440000    0.00270254541564   -0.00217528246120    0.00001300512440    0.00074687859886  
  8.450000    0.00265795593609   -0.00213868432471    0.00001281702821    0.00073252696601  
  8.460000    0.00261420211493   -0.00210277164464    0.00001261777337    0.00071914353609  
  8.470000    0.00257127141955   -0.00206753459237    0.00001240744266    0.00070675735475  
  8.480000    0.00252914419827   -0.00203295771505    0.00001218617778    0.00069538788123  
  8.490000    0.00248779368045   -0.00199901993467    0.00001195418061    0.00068504466238  
  8.500000    0.00244718601592   -0.00196569457783    0.00001171171389    0.00067572709273  
  8.510000    0.00240728034526   -0.00193294942968    0.00001145910120    0.00066742426059  
  8.520000    0.00236802888963   -0.00190074680272    0.00001119672623    0.00066011487824  
  8.530000    0.00232937704447   -0.00186904360814    0.00001092503127    0.00065376729182  
  8.540000    0.00229126345742   -0.00183779141412    0.00001064451489    0.00064833956387  
  8.550000    0.00225362006543   -0.00180693647099    0.00001035572869    0.00064377961838  
  8.560000    0.00221637206109   -0.00177641967965    0.00001005927309    0.00064002543444  
  8.570000    0.00217943775296   -0.00174617647522    0.00000975579224    0.00063700527091  
  8.580000    0.00214272828064   -0.00171613659479    0.00000944596777    0.00063463790041  
  8.590000    0.00210614714317   -0.00168622369648    0.00000913051165    0.00063283282703  
  8.600000    0.00206958949997   -0.00165635479778    0.00000881015802    0.00063149045951  
  8.610000    0.00203294121014   -0.00162643950599    0.00000848565431    0.00063050220989  
  8.620000    0.00199607758831   -0.00159637902411    0.00000815775157    0.00062975048922  
  8.630000    0.00195886187768   -0.00156606493296    0.00000782719467    0.00062910857690  
  8.640000    0.00192114347379   -0.00153537777683    0.00000749471250    0.00062844035139  
  8.650000    0.00188275597859   -0.00150418551635    0.00000716100892    0.00062759988745  
  8.660000    0.00184351522310   -0.00147234195916    0.00000682675508    0.00062643095156  
  8.670000    0.00180321746881   -0.00143968533567    0.00000649258384    0.00062476646265  
  8.680000    0.00176163807817   -0.00140603725110    0.00000615908724    0.00062242802938  
  8.690000    0.00171853102875   -0.00137120231122    0.00000582681759    0.00061922572760  
  8.700000    0.00167362972455   -0.00133496878183    0.00000549629314    0.00061495833699  
  8.710000    0.00162664961858   -0.00129711068943    0.00000516800854    0.00060941431013  
  8.720000    0.00157729319017   -0.00125739179351    0.00000484245025    0.00060237379070  
  8.730000    0.00152525779997   -0.00121557184372    0.00000452011656    0.00059361202118  
  8.740000    0.00147024686026   -0.00117141546715    0.00000420154120    0.00058290447094  
  8.750000    0.00141198459299   -0.00112470389903    0.00000388731904    0.00057003396271  
  8.760000    0.00135023439433   -0.00107524956891    0.00000357813168    0.00055479996739  
  8.770000    0.00128482048285   -0.00102291328285    0.00000327477043    0.00053703006847  
  8.780000    0.00121565208978   -0.00096762341050    0.00000297815368    0.00051659336851  
  8.790000    0.00114274898013   -0.00090939611398    0.00000268933568    0.00049341532939  
  8.800000    0.00106626661277   -0.00084835527494    0.00000240950440    0.00046749322577  
  8.810000    0.00098651880996   -0.00078475043091    0.00000213996606    0.00043891107687  
  8.820000    0.00090399547543   -0.00071897077048    0.00000188211589    0.00040785264594  
  8.830000    0.00081937274260   -0.00065155311377    0.00000163739493    0.00037461090447  
  8.840000    0.00073351301210   -0.00058318186796    0.00000140723506    0.00033959229758  
  8.850000    0.00064745269856   -0.00051467923504    0.00000119299484    0.00030331425817  
  8.860000    0.00056237617181   -0.00044698447708    0.00000099589088    0.00026639472850  
  8.870000    0.00047957533566   -0.00038112180446    0.00000081692934    0.00022953296519  
  8.880000    0.00040039548710   -0.00031815740269    0.00000065684323    0.00019348160769  
  8.890000    0.00032616944796   -0.00025914718217    0.00000051604013    0.00015901083098  
  8.900000    0.00025814333331   -0.00020507792086    0.00000039456461    0.00012686630462  
  8.910000    0.00019739856526   -0.00015680545408    0.00000029207786    0.00009772354196  
  8.920000    0.00014477569765   -0.00011499432150    0.00000020785553    0.00007214193718  
  8.930000    0.00010080614163   -0.00008006369488    0.00000014080277    0.00005052224463  
  8.940000    0.00006565786096   -0.00005214439135    0.00000008948417    0.00003307136920  
  8.950000    0.00003910048101   -0.00003105128072    0.00000005216474    0.00001977805100  
  8.960000    0.00002049403419   -0.00001627442709    0.00000002685784    0.00001040233658  
  8.970000    0.00000880382791   -0.00000699092926    0.00000001137564    0.00000448067218  
  8.980000    0.00000264181847   -0.00000209775956    0.00000000337879    0.00000134712830  
  8.990000    0.00000033260940   -0.00000026410759    0.00000000042277    0.00000016980133  
  9.000000    0.00000000000000    0.00000000000000   -0.00000000000000   -0.00000000000000  
