<Coefficient>
	 5 Total number of radial orbitals.
	Type	L	Zeta-Orbital
	  P 	0	    1
	  -0.17712669012421
	  -0.29149188477588
	  -0.17882316985453
	  -0.01535315772160
	   0.09033740333322
	   0.13035856373287
	   0.12557114596168
	   0.10101423535885
	   0.07034898813233
	   0.04373018565213
	   0.02281924300551
	   0.01092158083943
	   0.00339308494108
	   0.00134702683540
	  -0.00049953736239
	   0.00052506495763
	  -0.00068083043343
	   0.00071736947406
	  -0.00082872634765
	   0.00094401555326
	  -0.00115803130303
	   0.00192771027285
	Type	L	Zeta-Orbital
	  P 	0	    2
	   0.43302505899482
	  -0.32216332071683
	  -0.53418582733002
	  -0.12262835945654
	   0.48493415586795
	   0.71164414845174
	   0.68309007610821
	   0.51520438192557
	   0.37813449219323
	   0.23086974537440
	   0.13768080490954
	   0.04317183682268
	   0.02479226031599
	  -0.00952286450000
	   0.01280414344676
	  -0.01526234974116
	   0.01403125206847
	  -0.01828418677703
	   0.02053571338557
	  -0.02240498664684
	   0.02856461838071
	  -0.04562423087748
	Type	L	Zeta-Orbital
	  P 	1	    1
	   0.23970236845301
	   0.35570786896160
	   0.31004579670462
	   0.19579115774869
	   0.10347180835959
	   0.03545360213473
	   0.00490777441189
	  -0.01291251430040
	  -0.01246245163680
	  -0.01344650199423
	  -0.00416930458223
	  -0.00430398079893
	   0.00337314917549
	  -0.00073083627618
	   0.00507008557252
	  -0.00175068310210
	   0.00455433201257
	  -0.00360802421185
	   0.00467449114635
	  -0.00534114985511
	   0.00657636098961
	  -0.01952095293301
	Type	L	Zeta-Orbital
	  P 	1	    2
	   0.83244277013801
	  -0.11260183639812
	  -0.82674819337666
	  -0.77160059899071
	  -0.38619824201860
	  -0.06600799869516
	   0.03380873633835
	   0.03147410382089
	   0.04243207773186
	   0.03746198777270
	   0.04498460493420
	   0.00526426235824
	   0.01963617462490
	  -0.00890707203225
	   0.02971226606581
	  -0.00379388062353
	   0.03931674071804
	  -0.01220229712723
	   0.03952815007164
	  -0.02716283585182
	   0.04955187693569
	  -0.12945919362973
	Type	L	Zeta-Orbital
	  P 	2	    1
	   0.26433276413822
	   0.64602008536823
	   0.76671420641964
	   0.74844281893543
	   0.59053244423654
	   0.43189843418330
	   0.33051652744078
	   0.28432732137843
	   0.23817138048341
	   0.19467794233119
	   0.14961194181266
	   0.12478955308424
	   0.09883796001481
	   0.08326820594763
	   0.06011011811815
	   0.04823795047508
	   0.02991800521883
	   0.02572409972148
	   0.01128159274991
	   0.01165924076778
	   0.00099169199544
	   0.02797956504946
</Coefficient>
<Mkb>
Left spillage = 3.7709570880e-03
</Mkb>
