  0.000000   -2.97133784088226   -2.82349012919353    0.00000000000000  
  0.010000   -2.97075855594967   -2.82274333020730    0.02880746863323  
  0.020000   -2.96902159674650   -2.82050403548008    0.05758180603188  
  0.030000   -2.96612964764910   -2.81677554903285    0.08628997965060  
  0.040000   -2.96208717460206   -2.81156336866463    0.11489915383190  
  0.050000   -2.95690041312471   -2.80487517262878    0.14337678702674  
  0.060000   -2.95057735158126   -2.79672080104019    0.17169072755587  
  0.070000   -2.94312770977519   -2.78711223207354    0.19980930744042  
  0.080000   -2.93456291294540   -2.77606355302931    0.22770143384227  
  0.090000   -2.92489606125820   -2.76359092636107    0.25533667767064  
  0.100000   -2.91414189490543   -2.74971255077328    0.28268535892907  
  0.110000   -2.90231675493436   -2.73444861751481    0.30971862839835  
  0.120000   -2.88943853995039   -2.71782126200832    0.33640854527398  
  0.130000   -2.87552665884806   -2.69985451097057    0.36272815040288  
  0.140000   -2.86060197973929   -2.68057422519224    0.38865153479202  
  0.150000   -2.84468677526143   -2.66000803815996    0.41415390309133  
  0.160000   -2.82780466445945   -2.63818529071503    0.43921163178537  
  0.170000   -2.80998055144835   -2.61513696195604    0.46380232186109  
  0.180000   -2.79124056107230   -2.59089559660309    0.48790484575375  
  0.190000   -2.77161197178671   -2.56549522905186    0.51149938840838  
  0.200000   -2.75112314599799   -2.53897130435525    0.53456748233062  
  0.210000   -2.72980345810348   -2.51136059637850    0.55709203653736  
  0.220000   -2.70768322048072   -2.48270112338151    0.57905735935486  
  0.230000   -2.68479360768062   -2.45303206128865    0.60044917504856  
  0.240000   -2.66116657908386   -2.42239365491176    0.62125463430613  
  0.250000   -2.63683480028300   -2.39082712739697    0.64146231863077  
  0.260000   -2.61183156345529   -2.35837458816926    0.66106223873763  
  0.270000   -2.58619070699241   -2.32507893965157    0.68004582708015  
  0.280000   -2.55994653465345   -2.29098378303668    0.69840592466651  
  0.290000   -2.53313373450650   -2.25613332339075    0.71613676235733  
  0.300000   -2.50578729792234   -2.22057227436684    0.73323393686630  
  0.310000   -2.47794243888057   -2.18434576280551    0.74969438171252  
  0.320000   -2.44963451384436   -2.14749923349710    0.76551633339983  
  0.330000   -2.42089894245527   -2.11007835437671    0.78069929312138  
  0.340000   -2.39177112929300   -2.07212892241910    0.79524398430930  
  0.350000   -2.36228638693845   -2.03369677049480    0.80915230636770  
  0.360000   -2.33247986057032   -1.99482767544337    0.82242728494339  
  0.370000   -2.30238645431680   -1.95556726761206    0.83507301910187  
  0.380000   -2.27204075957443   -1.91596094210097    0.84709462578711  
  0.390000   -2.24147698549590   -1.87605377194676    0.85849818195077  
  0.400000   -2.21072889183752   -1.83589042346799    0.86929066474223  
  0.410000   -2.17982972434569   -1.79551507398507    0.87947989015230  
  0.420000   -2.14881215284927   -1.75497133211716    0.88907445050330  
  0.430000   -2.11770821221211   -1.71430216084723    0.89808365117460  
  0.440000   -2.08654924628706   -1.67354980353464    0.90651744694690  
  0.450000   -2.05536585499880   -1.63275571304250    0.91438637833983  
  0.460000   -2.02418784466950   -1.59196048413428    0.92170150830642  
  0.470000   -1.99304418168659   -1.55120378928109    0.92847435963466  
  0.480000   -1.96196294959818   -1.51052431800784    0.93471685339092  
  0.490000   -1.93097130970684   -1.46995971989264    0.94044124872209  
  0.500000   -1.90009546521803   -1.42954655132013    0.94566008431429  
  0.510000   -1.86936062898518   -1.38932022607537    0.95038612178449  
  0.520000   -1.83879099487875   -1.34931496985080    0.95463229125899  
  0.530000   -1.80840971279245   -1.30956377872486    0.95841163936871  
  0.540000   -1.77823886728578   -1.27009838165632    0.96173727986645  
  0.550000   -1.74829945984816   -1.23094920702501    0.96462234704520  
  0.560000   -1.71861139475649   -1.19214535323503    0.96707995211051  
  0.570000   -1.68919346848480   -1.15371456338337    0.96912314263272  
  0.580000   -1.66006336261212   -1.11568320398300    0.97076486517807  
  0.590000   -1.63123764016229   -1.07807624771655    0.97201793119064  
  0.600000   -1.60273174529803   -1.04091726018360    0.97289498617029  
  0.610000   -1.57456000628020   -1.00422839059223    0.97340848216542  
  0.620000   -1.54673564159297   -0.96803036633336    0.97357065357385  
  0.630000   -1.51927076912556   -0.93234249136470    0.97339349622017  
  0.640000   -1.49217641829223   -0.89718264831998    0.97288874965428  
  0.650000   -1.46546254496363   -0.86256730424859    0.97206788259308  
  0.660000   -1.43913804907498   -0.82851151988063    0.97094208140635  
  0.670000   -1.41321079476956   -0.79502896230268    0.96952224152768  
  0.680000   -1.38768763292979   -0.76213192092118    0.96781896165378  
  0.690000   -1.36257442594299   -0.72983132658151    0.96584254057866  
  0.700000   -1.33787607454382   -0.69813677370369    0.96360297649496  
  0.710000   -1.31359654657221   -0.66705654528849    0.96110996858191  
  0.720000   -1.28973890748210   -0.63659764064141    0.95837292068891  
  0.730000   -1.26630535243432   -0.60676580565677    0.95540094691508  
  0.740000   -1.24329723980548   -0.57756556549890    0.95220287887824  
  0.750000   -1.22071512594406   -0.54900025951347    0.94878727446276  
  0.760000   -1.19855880100494   -0.52107207819868    0.94516242783274  
  0.770000   -1.17682732569471   -0.49378210206295    0.94133638049649  
  0.780000   -1.15551906876126   -0.46713034219405    0.93731693321006  
  0.790000   -1.13463174506376   -0.44111578236306    0.93311165851033  
  0.800000   -1.11416245406196   -0.41573642248594    0.92872791367372  
  0.810000   -1.09410771856722   -0.39098932326560    0.92417285390306  
  0.820000   -1.07446352360193   -0.36687065183778    0.91945344555386  
  0.830000   -1.05522535521877   -0.34337572824560    0.91457647922086  
  0.840000   -1.03638823913630   -0.32049907256942    0.90954858251721  
  0.850000   -1.01794677905345   -0.29823445254119    0.90437623239092  
  0.860000   -0.99989519451134   -0.27657493147562    0.89906576683691  
  0.870000   -0.98222735817775   -0.25551291635397    0.89362339587729  
  0.880000   -0.96493683243627   -0.23504020590057    0.88805521169792  
  0.890000   -0.94801690516973   -0.21514803849693    0.88236719784479  
  0.900000   -0.93146062463480   -0.19582713978293    0.87656523740027  
  0.910000   -0.91526083333264   -0.17706776980078    0.87065512007549  
  0.920000   -0.89941020078823   -0.15885976954284    0.86464254817199  
  0.930000   -0.88390125515947   -0.14119260677103    0.85853314138184  
  0.940000   -0.86872641360499   -0.12405542098188    0.85233244041215  
  0.950000   -0.85387801134793   -0.10743706739866    0.84604590943536  
  0.960000   -0.83934832938152   -0.09132615987869    0.83967893738240  
  0.970000   -0.82512962077009   -0.07571111263178    0.83323683811005  
  0.980000   -0.81121413550751   -0.06058018065322    0.82672484948827  
  0.990000   -0.79759414390316   -0.04592149878235    0.82014813146563  
  1.000000   -0.78426195847326   -0.03172311930594    0.81351176318322  
  1.010000   -0.77120995432312   -0.01797304803349    0.80682073921827  
  1.020000   -0.75843058801353   -0.00465927877935    0.80007996504799  
  1.030000   -0.74591641491146    0.00823017380496    0.79329425183266  
  1.040000   -0.73366010503237    0.02070724309701    0.78646831062400  
  1.050000   -0.72165445738812    0.03278378110919    0.77960674611020  
  1.060000   -0.70989241286062    0.04447153086662    0.77271405001335  
  1.070000   -0.69836706562733    0.05578210058224    0.76579459425776  
  1.080000   -0.68707167317062    0.06672693964641    0.75885262402880  
  1.090000   -0.67599966490773    0.07731731644072    0.75189225084199  
  1.100000   -0.66514464948327    0.08756429797850    0.74491744574053  
  1.110000   -0.65450042077033    0.09747873136715    0.73793203273664  
  1.120000   -0.64406096263045    0.10707122708082    0.73093968260802  
  1.130000   -0.63382045248607    0.11635214402496    0.72394390715534  
  1.140000   -0.62377326376229    0.12533157636826    0.71694805402036  
  1.150000   -0.61391396725750    0.13401934211106    0.70995530215667  
  1.160000   -0.60423733150448    0.14242497335395    0.70296865803654  
  1.170000   -0.59473832218571    0.15055770822436    0.69599095266817  
  1.180000   -0.58541210066788    0.15842648441439    0.68902483948746  
  1.190000   -0.57625402172145    0.16603993427790    0.68207279317774  
  1.200000   -0.56725963049203    0.17340638143083    0.67513710945991  
  1.210000   -0.55842465879044    0.18053383879468    0.66821990588347  
  1.220000   -0.54974502076785    0.18743000801925    0.66132312363759  
  1.230000   -0.54121680804260    0.19410228021776    0.65444853038913  
  1.240000   -0.53283628434357    0.20055773794452    0.64759772414272  
  1.250000   -0.52459987973457    0.20680315834277    0.64077213810621  
  1.260000   -0.51650418448227    0.21284501738850    0.63397304653331  
  1.270000   -0.50854594262866    0.21868949515402    0.62720157150424  
  1.280000   -0.50072204532686    0.22434248201412    0.62045869059414  
  1.290000   -0.49302952399714    0.22980958571649    0.61374524536965  
  1.300000   -0.48546554335717    0.23509613923757    0.60706195064403  
  1.310000   -0.47802739437816    0.24020720934504    0.60040940441326  
  1.320000   -0.47071248721575    0.24514760578801    0.59378809838750  
  1.330000   -0.46351834416131    0.24992189103666    0.58719842902578  
  1.340000   -0.45644259265654    0.25453439049410    0.58064070897614  
  1.350000   -0.44948295841083    0.25898920310402    0.57411517881871  
  1.360000   -0.44263725865800    0.26329021227963    0.56762201900587  
  1.370000   -0.43590339558517    0.26744109708073    0.56116136189107  
  1.380000   -0.42927934996392    0.27144534356821    0.55473330373696  
  1.390000   -0.42276317500993    0.27530625626739    0.54833791659307  
  1.400000   -0.41635299049453    0.27902696967399    0.54197525993481  
  1.410000   -0.41004697712796    0.28261045973984    0.53564539195736  
  1.420000   -0.40384337123130    0.28605955527781    0.52934838042176  
  1.430000   -0.39774045971044    0.28937694922896    0.52308431295460  
  1.440000   -0.39173657534300    0.29256520973824    0.51685330670829  
  1.450000   -0.38583009238572    0.29562679098838    0.51065551729528  
  1.460000   -0.38001942250716    0.29856404374532    0.50449114691671  
  1.470000   -0.37430301104816    0.30137922557224    0.49836045161412  
  1.480000   -0.36867933360942    0.30407451067296    0.49226374758160  
  1.490000   -0.36314689296372    0.30665199932939    0.48620141648509  
  1.500000   -0.35770421628773    0.30911372690157    0.48017390974552  
  1.510000   -0.35234985270654    0.31146167236268    0.47418175175267  
  1.520000   -0.34708237114181    0.31369776634551    0.46822554198740  
  1.530000   -0.34190035845328    0.31582389868044    0.46230595604069  
  1.540000   -0.33680241786123    0.31784192540914    0.45642374552882  
  1.550000   -0.33178716763663    0.31975367526178    0.45057973691483  
  1.560000   -0.32685324004430    0.32156095558938    0.44477482925748  
  1.570000   -0.32199928052346    0.32326555774646    0.43900999091909  
  1.580000   -0.31722394708925    0.32486926192271    0.43328625527407  
  1.590000   -0.31252590993827    0.32637384142579    0.42760471546962  
  1.600000   -0.30790385124044    0.32778106642062    0.42196651829925  
  1.610000   -0.30335646509951    0.32909270713356    0.41637285725836  
  1.620000   -0.29888245766425    0.33031053653299    0.41082496485904  
  1.630000   -0.29448054737228    0.33143633250021    0.40532410428816  
  1.640000   -0.29014946530878    0.33247187950768    0.39987156049921  
  1.650000   -0.28588795566257    0.33341896982343    0.39446863083338  
  1.660000   -0.28169477626244    0.33427940426306    0.38911661527011  
  1.670000   -0.27756869917708    0.33505499251259    0.38381680641002  
  1.680000   -0.27350851136271    0.33574755304701    0.37857047929613  
  1.690000   -0.26951301534312    0.33635891267128    0.37337888117990  
  1.700000   -0.26558102990766    0.33689090571150    0.36824322133917  
  1.710000   -0.26171139081368    0.33734537288517    0.36316466105392  
  1.720000   -0.25790295148070    0.33772415988050    0.35814430384415  
  1.730000   -0.25415458366482    0.33802911567510    0.35318318607074  
  1.740000   -0.25046517810253    0.33826209062504    0.34828226799674  
  1.750000   -0.24683364511469    0.33842493435545    0.34344242540125  
  1.760000   -0.24325891516195    0.33851949348360    0.33866444183238  
  1.770000   -0.23973993934447    0.33854760920562    0.33394900157922  
  1.780000   -0.23627568983943    0.33851111477733    0.32929668343528  
  1.790000   -0.23286516027149    0.33841183291901    0.32470795531779  
  1.800000   -0.22950736601176    0.33825157317356    0.32018316979863  
  1.810000   -0.22620134440240    0.33803212924611    0.31572256059347  
  1.820000   -0.22294615490479    0.33775527635226    0.31132624004586  
  1.830000   -0.21974087917019    0.33742276860108    0.30699419763346  
  1.840000   -0.21658462103264    0.33703633643714    0.30272629951307  
  1.850000   -0.21347650642499    0.33659768416487    0.29852228911090  
  1.860000   -0.21041568321955    0.33610848757649    0.29438178875441  
  1.870000   -0.20740132099558    0.33557039170337    0.29030430233142  
  1.880000   -0.20443261073682    0.33498500870871    0.28628921895248  
  1.890000   -0.20150876446246    0.33435391593761    0.28233581758239  
  1.900000   -0.19862901479600    0.33367865413869    0.27844327259753  
  1.910000   -0.19579261447648    0.33296072586949    0.27461066021666  
  1.920000   -0.19299883581732    0.33220159409587    0.27083696574431  
  1.930000   -0.19024697011816    0.33140268099362    0.26712109155812  
  1.940000   -0.18753632703543    0.33056536695860    0.26346186576464  
  1.950000   -0.18486623391766    0.32969098982963    0.25985805144136  
  1.960000   -0.18223603511148    0.32878084432646    0.25630835637753  
  1.970000   -0.17964509124456    0.32783618170337    0.25281144322170  
  1.980000   -0.17709277849158    0.32685820961690    0.24936593994003  
  1.990000   -0.17457848782936    0.32584809220459    0.24597045048685  
  2.000000   -0.17210162428704    0.32480695036986    0.24262356558705  
  2.010000   -0.16966160619728    0.32373586226662    0.23932387352928  
  2.020000   -0.16725786445387    0.32263586397552    0.23606997086872  
  2.030000   -0.16488984178127    0.32150795036260    0.23286047293996  
  2.040000   -0.16255699202094    0.32035307610964    0.22969402408218  
  2.050000   -0.16025877943929    0.31917215690432    0.22656930748211  
  2.060000   -0.15799467806137    0.31796607077748    0.22348505454437  
  2.070000   -0.15576417103444    0.31673565957361    0.22044005370337  
  2.080000   -0.15356675002462    0.31548173054006    0.21743315859698  
  2.090000   -0.15140191464995    0.31420505801989    0.21446329552833  
  2.100000   -0.14926917195219    0.31290638523268    0.21152947014937  
  2.110000   -0.14716803590964    0.31158642612719    0.20863077330759  
  2.120000   -0.14509802699262    0.31024586728992    0.20576638600551  
  2.130000   -0.14305867176275    0.30888536989310    0.20293558343130  
  2.140000   -0.14104950251682    0.30750557166591    0.20013773802802  
  2.150000   -0.13907005697555    0.30610708887306    0.19737232157849  
  2.160000   -0.13711987801707    0.30469051828496    0.19463890629189  
  2.170000   -0.13519851345459    0.30325643912420    0.19193716488868  
  2.180000   -0.13330551585736    0.30180541497378    0.18926686968909  
  2.190000   -0.13144044241349    0.30033799563304    0.18662789072085  
  2.200000   -0.12960285483309    0.29885471890806    0.18402019287070  
  2.210000   -0.12779231928971    0.29735611232425    0.18144383211341  
  2.220000   -0.12600840639773    0.29584269474964    0.17889895086088  
  2.230000   -0.12425069122340    0.29431497791859    0.17638577248191  
  2.240000   -0.12251875332651    0.29277346784667    0.17390459505127  
  2.250000   -0.12081217683003    0.29121866612841    0.17145578439354  
  2.260000   -0.11913055051448    0.28965107111132    0.16903976649387  
  2.270000   -0.11747346793387    0.28807117894012    0.16665701935334  
  2.280000   -0.11584052755000    0.28647948446705    0.16430806437168  
  2.290000   -0.11423133288175    0.28487648202485    0.16199345734435  
  2.300000   -0.11264549266594    0.28326266606064    0.15971377916377  
  2.310000   -0.11108262102668    0.28163853162996    0.15746962631751  
  2.320000   -0.10954233764963    0.28000457475162    0.15526160127714  
  2.330000   -0.10802426795831    0.27836129262511    0.15309030287234  
  2.340000   -0.10652804328902    0.27670918371345    0.15095631674428  
  2.350000   -0.10505330106180    0.27504874769578    0.14886020597109  
  2.360000   -0.10359968494434    0.27338048529459    0.14680250195612  
  2.370000   -0.10216684500633    0.27170489798391    0.14478369566640  
  2.380000   -0.10075443786197    0.27002248758545    0.14280422930508  
  2.390000   -0.09936212679815    0.26833375576070    0.14086448849683  
  2.400000   -0.09798958188663    0.26663920340758    0.13896479505966  
  2.410000   -0.09663648007829    0.26493932997112    0.13710540043083  
  2.420000   -0.09530250527810    0.26323463267804    0.13528647980729  
  2.430000   -0.09398734839942    0.26152560570577    0.13350812705435  
  2.440000   -0.09269070739688    0.25981273929664    0.13177035042803  
  2.450000   -0.09141228727698    0.25809651882841    0.13007306914876  
  2.460000   -0.09015180008598    0.25637742385243    0.12841611085527  
  2.470000   -0.08890896487496    0.25465592711079    0.12679920995905  
  2.480000   -0.08768350764207    0.25293249354378    0.12522200691077  
  2.490000   -0.08647516125221    0.25120757929899    0.12368404838106  
  2.500000   -0.08528366533479    0.24948163075291    0.12218478834920  
  2.510000   -0.08410876616020    0.24775508355582    0.12072359008456  
  2.520000   -0.08295021649603    0.24602836171020    0.11929972899671  
  2.530000   -0.08180777544414    0.24430187669251    0.11791239632232  
  2.540000   -0.08068120825982    0.24257602662746    0.11656070360833  
  2.550000   -0.07957028615471    0.24085119552343    0.11524368794406  
  2.560000   -0.07847478608484    0.23912775257691    0.11396031788724  
  2.570000   -0.07739449052567    0.23740605155291    0.11270950002314  
  2.580000   -0.07632918723589    0.23568643024775    0.11149008608946  
  2.590000   -0.07527866901185    0.23396921003964    0.11030088059529  
  2.600000   -0.07424273343462    0.23225469553129    0.10914064885728  
  2.610000   -0.07322118261158    0.23054317428848    0.10800812537325  
  2.620000   -0.07221382291457    0.22883491667680    0.10690202245006  
  2.630000   -0.07122046471666    0.22713017579849    0.10582103900100  
  2.640000   -0.07024092212935    0.22542918752991    0.10476386942659  
  2.650000   -0.06927501274220    0.22373217065931    0.10372921249236  
  2.660000   -0.06832255736684    0.22203932712379    0.10271578011802  
  2.670000   -0.06738337978690    0.22035084234318    0.10172230599328  
  2.680000   -0.06645730651582    0.21866688564782    0.10074755393844  
  2.690000   -0.06554416656394    0.21698761079642    0.09979032593035  
  2.700000   -0.06464379121637    0.21531315657911    0.09884946971822  
  2.710000   -0.06375601382304    0.21364364750044    0.09792388595856  
  2.720000   -0.06288066960203    0.21197919453598    0.09701253480314  
  2.730000   -0.06201759545730    0.21031989595590    0.09611444188007  
  2.740000   -0.06116662981168    0.20866583820801    0.09522870361417  
  2.750000   -0.06032761245583    0.20701709685269    0.09435449183982  
  2.760000   -0.05950038441381    0.20537373754108    0.09349105766639  
  2.770000   -0.05868478782561    0.20373581702838    0.09263773456431  
  2.780000   -0.05788066584687    0.20210338421311    0.09179394064743  
  2.790000   -0.05708786256598    0.20047648119354    0.09095918013552  
  2.800000   -0.05630622293834    0.19885514433208    0.09013304398875  
  2.810000   -0.05553559273768    0.19723940531874    0.08931520971439  
  2.820000   -0.05477581852399    0.19562929222443    0.08850544035401  
  2.830000   -0.05402674762753    0.19402483053560    0.08770358266741  
  2.840000   -0.05328822814835    0.19242604416134    0.08690956453747  
  2.850000   -0.05256010897048    0.19083295640496    0.08612339162753  
  2.860000   -0.05184223978991    0.18924559089202    0.08534514333007  
  2.870000   -0.05113447115539    0.18766397244752    0.08457496805238  
  2.880000   -0.05043665452098    0.18608812791538    0.08381307789084  
  2.890000   -0.04974864230912    0.18451808691392    0.08305974275152  
  2.900000   -0.04907028798316    0.18295388252168    0.08231528397967  
  2.910000   -0.04840144612782    0.18139555188876    0.08158006756513  
  2.920000   -0.04774197253657    0.17984313676922    0.08085449699473  
  2.930000   -0.04709172430432    0.17829668397133    0.08013900582534  
  2.940000   -0.04645055992425    0.17675624572275    0.07943405005401  
  2.950000   -0.04581833938730    0.17522187994888    0.07874010036294  
  2.960000   -0.04519492428314    0.17369365046326    0.07805763431761  
  2.970000   -0.04458017790110    0.17217162706969    0.07738712859679  
  2.980000   -0.04397396532998    0.17065588557673    0.07672905133199  
  2.990000   -0.04337615355540    0.16914650772571    0.07608385463247  
  3.000000   -0.04278661155349    0.16764358103453    0.07545196736961  
  3.010000   -0.04220521038002    0.16614719856006    0.07483378829140  
  3.020000   -0.04163182325365    0.16465745858259    0.07422967953408  
  3.030000   -0.04106632563263    0.16317446421677    0.07363996059362  
  3.040000   -0.04050859528388    0.16169832295376    0.07306490281462  
  3.050000   -0.03995851234398    0.16022914614019    0.07250472444901  
  3.060000   -0.03941595937105    0.15876704839978    0.07195958633050  
  3.070000   -0.03888082138731    0.15731214700427    0.07142958820473  
  3.080000   -0.03835298591175    0.15586456120037    0.07091476574790  
  3.090000   -0.03783234298256    0.15442441150002    0.07041508829989  
  3.100000   -0.03731878516910    0.15299181894144    0.06993045733037  
  3.110000   -0.03681220757349    0.15156690432869    0.06946070564898  
  3.120000   -0.03631250782153    0.15014978745744    0.06900559736330  
  3.130000   -0.03581958604330    0.14874058633496    0.06856482858052  
  3.140000   -0.03533334484353    0.14733941640204    0.06813802884157  
  3.150000   -0.03485368926214    0.14594638976468    0.06772476326905  
  3.160000   -0.03438052672523    0.14456161444319    0.06732453540311  
  3.170000   -0.03391376698714    0.14318519364588    0.06693679069295  
  3.180000   -0.03345332206403    0.14181722507461    0.06656092060491  
  3.190000   -0.03299910615976    0.14045780026876    0.06619626730230  
  3.200000   -0.03255103558458    0.13910700399399    0.06584212884654  
  3.210000   -0.03210902866766    0.13776491368160    0.06549776486410  
  3.220000   -0.03167300566392    0.13643159892363    0.06516240261963  
  3.230000   -0.03124288865644    0.13510712102866    0.06483524343142  
  3.240000   -0.03081860145484    0.13379153264218    0.06451546936260  
  3.250000   -0.03040006949103    0.13248487743517    0.06420225011883  
  3.260000   -0.02998721971277    0.13118718986357    0.06389475008154  
  3.270000   -0.02957998047636    0.12989849500075    0.06359213540467  
  3.280000   -0.02917828143904    0.12861880844446    0.06329358110269  
  3.290000   -0.02878205345226    0.12734813629883    0.06299827805795  
  3.300000   -0.02839122845644    0.12608647523144    0.06270543987668  
  3.310000   -0.02800573937827    0.12483381260476    0.06241430952464  
  3.320000   -0.02762552003124    0.12359012668042    0.06212416567601  
  3.330000   -0.02725050502016    0.12235538689422    0.06183432871245  
  3.340000   -0.02688062965037    0.12112955419922    0.06154416631260  
  3.350000   -0.02651582984236    0.11991258147331    0.06125309857720  
  3.360000   -0.02615604205225    0.11870441398745    0.06096060263945  
  3.370000   -0.02580120319875    0.11750498992999    0.06066621671595  
  3.380000   -0.02545125059701    0.11631424098193    0.06036954355898  
  3.390000   -0.02510612189974    0.11513209293790    0.06007025327760  
  3.400000   -0.02476575504584    0.11395846636663    0.05976808550089  
  3.410000   -0.02443008821685    0.11279327730509    0.05946285086375  
  3.420000   -0.02409905980131    0.11163643797942    0.05915443180264  
  3.430000   -0.02377260836704    0.11048785754626    0.05884278265508  
  3.440000   -0.02345067264144    0.10934744284746    0.05852792906446  
  3.450000   -0.02313319149967    0.10821509917126    0.05820996669802  
  3.460000   -0.02282010396045    0.10709073101297    0.05788905929311  
  3.470000   -0.02251134918946    0.10597424282833    0.05756543605339  
  3.480000   -0.02220686650982    0.10486553977267    0.05723938842303  
  3.490000   -0.02190659541945    0.10376452841916    0.05691126627314  
  3.500000   -0.02161047561480    0.10267111745004    0.05658147354036  
  3.510000   -0.02131844702053    0.10158521831442    0.05625046336294  
  3.520000   -0.02103044982455    0.10050674584711    0.05591873276450  
  3.530000   -0.02074642451804    0.09943561884310    0.05558681693987  
  3.540000   -0.02046631193954    0.09837176058275    0.05525528320133  
  3.550000   -0.02019005332284    0.09731509930335    0.05492472464671  
  3.560000   -0.01991759034774    0.09626556861319    0.05459575361325  
  3.570000   -0.01964886519324    0.09522310784479    0.05426899498324  
  3.580000   -0.01938382059225    0.09418766234468    0.05394507940843  
  3.590000   -0.01912239988738    0.09315918369748    0.05362463652093  
  3.600000   -0.01886454708702    0.09213762988312    0.05330828819819  
  3.610000   -0.01861020692097    0.09112296536598    0.05299664194871  
  3.620000   -0.01835932489523    0.09011516111623    0.05269028448392  
  3.630000   -0.01811184734497    0.08911419456345    0.05238977553921  
  3.640000   -0.01786772148544    0.08812004948394    0.05209564200468  
  3.650000   -0.01762689546002    0.08713271582326    0.05180837242272  
  3.660000   -0.01738931838491    0.08615218945651    0.05152841190552  
  3.670000   -0.01715494039012    0.08517847188911    0.05125615752148  
  3.680000   -0.01692371265619    0.08421156990161    0.05099195419431  
  3.690000   -0.01669558744619    0.08325149514253    0.05073609115349  
  3.700000   -0.01647051813291    0.08229826367366    0.05048879896916  
  3.710000   -0.01624845922069    0.08135189547264    0.05025024719824  
  3.720000   -0.01602936636181    0.08041241389809    0.05002054266270  
  3.730000   -0.01581319636726    0.07947984512292    0.04979972837423  
  3.740000   -0.01559990721169    0.07855421754156    0.04958778311324  
  3.750000   -0.01538945803259    0.07763556115724    0.04938462166326  
  3.760000   -0.01518180912370    0.07672390695551    0.04919009569567  
  3.770000   -0.01497692192260    0.07581928627026    0.04900399529268  
  3.780000   -0.01477475899271    0.07492173014866    0.04882605109047  
  3.790000   -0.01457528399983    0.07403126872129    0.04865593701834  
  3.800000   -0.01437846168341    0.07314793058361    0.04849327360332  
  3.810000   -0.01418425782291    0.07227174219507    0.04833763180483  
  3.820000   -0.01399263919943    0.07140272730145    0.04818853733822  
  3.830000   -0.01380357355305    0.07054090638632    0.04804547544161  
  3.840000   -0.01361702953632    0.06968629615675    0.04790789603600  
  3.850000   -0.01343297666415    0.06883890906831    0.04777521922501  
  3.860000   -0.01325138526075    0.06799875289390    0.04764684107721  
  3.870000   -0.01307222640395    0.06716583034046    0.04752213963160  
  3.880000   -0.01289547186748    0.06634013871730    0.04740048106453  
  3.890000   -0.01272109406168    0.06552166965899    0.04728122595524  
  3.900000   -0.01254906597314    0.06471040890548    0.04716373558615  
  3.910000   -0.01237936110387    0.06390633614145    0.04704737821418  
  3.920000   -0.01221195341040    0.06310942489621    0.04693153524958  
  3.930000   -0.01204681724344    0.06231964250506    0.04681560728040  
  3.940000   -0.01188392728850    0.06153695013227    0.04669901988193  
  3.950000   -0.01172325850807    0.06076130285530    0.04658122915322  
  3.960000   -0.01156478608572    0.05999264980937    0.04646172692566  
  3.970000   -0.01140848537261    0.05923093439062    0.04634004559194  
  3.980000   -0.01125433183688    0.05847609451601    0.04621576250789  
  3.990000   -0.01110230101616    0.05772806293709    0.04608850392415  
  4.000000   -0.01095236847376    0.05698676760452    0.04595794840923  
  4.010000   -0.01080450975862    0.05625213207972    0.04582382973130  
  4.020000   -0.01065870036953    0.05552407598949    0.04568593917102  
  4.030000   -0.01051491572365    0.05480251551915    0.04554412724396  
  4.040000   -0.01037313112962    0.05408736393923    0.04539830481697  
  4.050000   -0.01023332176546    0.05337853216065    0.04524844360923  
  4.060000   -0.01009546266119    0.05267592931287    0.04509457607452  
  4.070000   -0.00995952868647    0.05197946333936    0.04493679466805  
  4.080000   -0.00982549454298    0.05128904160460    0.04477525050695  
  4.090000   -0.00969333476175    0.05060457150672    0.04461015143973  
  4.100000   -0.00956302370528    0.04992596108982    0.04444175954605  
  4.110000   -0.00943453557428    0.04925311965005    0.04427038809367  
  4.120000   -0.00930784441891    0.04858595832957    0.04409639798484  
  4.130000   -0.00918292415435    0.04792439069270    0.04392019372953  
  4.140000   -0.00905974858044    0.04726833327874    0.04374221898752  
  4.150000   -0.00893829140504    0.04661770612610    0.04356295172554  
  4.160000   -0.00881852627100    0.04597243326273    0.04338289903950  
  4.170000   -0.00870042678621    0.04533244315826    0.04320259169490  
  4.180000   -0.00858396655649    0.04469766913339    0.04302257844146  
  4.190000   -0.00846911922094    0.04406804972282    0.04284342015993  
  4.200000   -0.00835585848932    0.04344352898813    0.04266568390047  
  4.210000   -0.00824415818109    0.04282405677779    0.04248993687339  
  4.220000   -0.00813399226569    0.04220958893182    0.04231674045265  
  4.230000   -0.00802533490362    0.04160008742915    0.04214664425298  
  4.240000   -0.00791816048795    0.04099552047652    0.04198018033985  
  4.250000   -0.00781244368581    0.04039586253787    0.04181785763060  
  4.260000   -0.00770815947943    0.03980109430429    0.04166015654276  
  4.270000   -0.00760528320638    0.03921120260473    0.04150752394261  
  4.280000   -0.00750379059858    0.03862618025843    0.04136036844463  
  4.290000   -0.00740365781974    0.03804602587059    0.04121905610797  
  4.300000   -0.00730486150085    0.03747074357330    0.04108390657259  
  4.310000   -0.00720737877343    0.03690034271429    0.04095518967289  
  4.320000   -0.00711118730017    0.03633483749648    0.04083312256169  
  4.330000   -0.00701626530278    0.03577424657195    0.04071786737258  
  4.340000   -0.00692259158675    0.03521859259416    0.04060952944251  
  4.350000   -0.00683014556276    0.03466790173288    0.04050815611157  
  4.360000   -0.00673890726466    0.03412220315636    0.04041373611038  
  4.370000   -0.00664885736383    0.03358152848583    0.04032619954003  
  4.380000   -0.00655997717976    0.03304591122760    0.04024541844322  
  4.390000   -0.00647224868689    0.03251538618811    0.04017120795958  
  4.400000   -0.00638565451755    0.03198998887755    0.04010332805203  
  4.410000   -0.00630017796104    0.03146975490789    0.04004148578554  
  4.420000   -0.00621580295898    0.03095471939084    0.03998533813388  
  4.430000   -0.00613251409679    0.03044491634163    0.03993449528504  
  4.440000   -0.00605029659164    0.02994037809430    0.03988852441071  
  4.450000   -0.00596913627680    0.02944113473391    0.03984695386086  
  4.460000   -0.00588901958266    0.02894721355119    0.03980927774004  
  4.470000   -0.00580993351462    0.02845863852463    0.03977496081868  
  4.480000   -0.00573186562800    0.02797542983516    0.03974344372885  
  4.490000   -0.00565480400024    0.02749760341760    0.03971414839168  
  4.500000   -0.00557873720075    0.02702517055347    0.03968648362121  
  4.510000   -0.00550365425846    0.02655813750871    0.03965985084780  
  4.520000   -0.00542954462764    0.02609650521971    0.03963364990314  
  4.530000   -0.00535639815211    0.02564026903069    0.03960728480858  
  4.540000   -0.00528420502823    0.02518941848465    0.03958016950831  
  4.550000   -0.00521295576700    0.02474393716992    0.03955173348991  
  4.560000   -0.00514264115561    0.02430380262351    0.03952142723580  
  4.570000   -0.00507325221870    0.02386898629226    0.03948872745115  
  4.580000   -0.00500478017976    0.02343945355187    0.03945314201598  
  4.590000   -0.00493721642298    0.02301516378357    0.03941421461235  
  4.600000   -0.00487055245572    0.02259607050761    0.03937152898052  
  4.610000   -0.00480477987216    0.02218212157214    0.03932471276229  
  4.620000   -0.00473989031818    0.02177325939554    0.03927344089344  
  4.630000   -0.00467587545793    0.02136942125982    0.03921743851235  
  4.640000   -0.00461272694217    0.02097053965208    0.03915648335634  
  4.650000   -0.00455043637880    0.02057654265085    0.03909040762286  
  4.660000   -0.00448899530568    0.02018735435326    0.03901909927783  
  4.670000   -0.00442839516594    0.01980289533904    0.03894250279930  
  4.680000   -0.00436862728601    0.01942308316683    0.03886061934995  
  4.690000   -0.00430968285639    0.01904783289782    0.03877350637816  
  4.700000   -0.00425155291544    0.01867705764184    0.03868127665272  
  4.710000   -0.00419422833613    0.01831066912045    0.03858409674230  
  4.720000   -0.00413769981581    0.01794857824165    0.03848218495601  
  4.730000   -0.00408195786919    0.01759069568074    0.03837580876718  
  4.740000   -0.00402699282430    0.01723693246158    0.03826528174731  
  4.750000   -0.00397279482157    0.01688720053282    0.03815096004215  
  4.760000   -0.00391935381588    0.01654141333349    0.03803323842657  
  4.770000   -0.00386665958159    0.01619948634246    0.03791254597876  
  4.780000   -0.00381470172032    0.01586133760673    0.03778934141832  
  4.790000   -0.00376346967144    0.01552688824330    0.03766410815594  
  4.800000   -0.00371295272507    0.01519606290991    0.03753734910533  
  4.810000   -0.00366314003748    0.01486879024018    0.03740958131018  
  4.820000   -0.00361402064860    0.01454500323906    0.03728133044088  
  4.830000   -0.00356558350147    0.01422463963482    0.03715312521691  
  4.840000   -0.00351781746344    0.01390764218418    0.03702549181125  
  4.850000   -0.00347071134889    0.01359395892795    0.03689894829367  
  4.860000   -0.00342425394305    0.01328354339452    0.03677399916877  
  4.870000   -0.00337843402698    0.01297635474961    0.03665113006403  
  4.880000   -0.00333324040314    0.01267235789068    0.03653080262121  
  4.890000   -0.00328866192146    0.01237152348540    0.03641344964251  
  4.900000   -0.00324468750562    0.01207382795379    0.03629947054008  
  4.910000   -0.00320130617922    0.01177925339427    0.03618922713454  
  4.920000   -0.00315850709168    0.01148778745458    0.03608303984437  
  4.930000   -0.00311627954354    0.01119942314881    0.03598118430413  
  4.940000   -0.00307461301092    0.01091415862237    0.03588388844511  
  4.950000   -0.00303349716898    0.01063199686741    0.03579133006728  
  4.960000   -0.00299292191410    0.01035294539144    0.03570363492632  
  4.970000   -0.00295287738460    0.01007701584236    0.03562087535448  
  4.980000   -0.00291335397981    0.00980422359388    0.03554306942841  
  4.990000   -0.00287434237732    0.00953458729516    0.03547018069175  
  5.000000   -0.00283583354829    0.00926812838918    0.03540211843444  
  5.010000   -0.00279781877064    0.00900487060474    0.03533873852543  
  5.020000   -0.00276028964010    0.00874483942687    0.03527984478953  
  5.030000   -0.00272323807887    0.00848806155090    0.03522519091403  
  5.040000   -0.00268665634209    0.00823456432574    0.03517448286498  
  5.050000   -0.00265053702178    0.00798437519148    0.03512738178841  
  5.060000   -0.00261487304849    0.00773752111719    0.03508350736654  
  5.070000   -0.00257965769053    0.00749402804415    0.03504244159456  
  5.080000   -0.00254488455080    0.00725392034011    0.03500373293954  
  5.090000   -0.00251054756137    0.00701722026988    0.03496690083901  
  5.100000   -0.00247664097578    0.00678394748752    0.03493144049352  
  5.110000   -0.00244315935921    0.00655411855493    0.03489682790456  
  5.120000   -0.00241009757661    0.00632774649177    0.03486252510674  
  5.130000   -0.00237745077894    0.00610484036104    0.03482798554133  
  5.140000   -0.00234521438761    0.00588540489437    0.03479265951686  
  5.150000   -0.00231338407736    0.00566944016074    0.03475599970163  
  5.160000   -0.00228195575767    0.00545694128199    0.03471746659275  
  5.170000   -0.00225092555297    0.00524789819779    0.03467653390673  
  5.180000   -0.00222028978176    0.00504229548253    0.03463269383719  
  5.190000   -0.00219004493490    0.00484011221593    0.03458546212713  
  5.200000   -0.00216018765325    0.00464132190873    0.03453438290457  
  5.210000   -0.00213071470488    0.00444589248419    0.03447903323333  
  5.220000   -0.00210162296205    0.00425378631574    0.03441902733325  
  5.230000   -0.00207290937824    0.00406496032038    0.03435402042766  
  5.240000   -0.00204457096526    0.00387936610712    0.03428371217984  
  5.250000   -0.00201660477089    0.00369695017902    0.03420784968413  
  5.260000   -0.00198900785712    0.00351765418694    0.03412622998203  
  5.270000   -0.00196177727906    0.00334141523274    0.03403870207838  
  5.280000   -0.00193491006501    0.00316816621883    0.03394516843784  
  5.290000   -0.00190840319758    0.00299783624100    0.03384558594695  
  5.300000   -0.00188225359612    0.00283035102070    0.03373996633269  
  5.310000   -0.00185645810066    0.00266563337255    0.03362837603372  
  5.320000   -0.00183101345743    0.00250360370278    0.03351093552609  
  5.330000   -0.00180591630603    0.00234418053374    0.03338781811066  
  5.340000   -0.00178116316847    0.00218728104946    0.03325924817490  
  5.350000   -0.00175675044006    0.00203282165698    0.03312549894703  
  5.360000   -0.00173267438219    0.00188071855821    0.03298688976540  
  5.370000   -0.00170893111723    0.00173088832657    0.03284378289110  
  5.380000   -0.00168551662528    0.00158324848315    0.03269657989613  
  5.390000   -0.00166242674302    0.00143771806650    0.03254571766387  
  5.400000   -0.00163965716458    0.00129421819083    0.03239166404230  
  5.410000   -0.00161720344426    0.00115267258704    0.03223491319401  
  5.420000   -0.00159506100134    0.00101300812139    0.03207598068994  
  5.430000   -0.00157322512653    0.00087515528679    0.03191539839641  
  5.440000   -0.00155169099040    0.00073904866183    0.03175370920690  
  5.450000   -0.00153045365330    0.00060462733323    0.03159146167181  
  5.460000   -0.00150950807690    0.00047183527740    0.03142920458005  
  5.470000   -0.00148884913719    0.00034062169745    0.03126748154704  
  5.480000   -0.00146847163870    0.00021094131236    0.03110682566348  
  5.490000   -0.00144837032983    0.00008275459524    0.03094775425860  
  5.500000   -0.00142853991928   -0.00004397204140    0.03079076383028  
  5.510000   -0.00140897509314   -0.00016926611561    0.03063632519303  
  5.520000   -0.00138967053267   -0.00029314900224    0.03048487889214  
  5.530000   -0.00137062093259   -0.00041563591655    0.03033683093004  
  5.540000   -0.00135182101952   -0.00053673595522    0.03019254884731  
  5.550000   -0.00133326557063   -0.00065645219471    0.03005235819758  
  5.560000   -0.00131494943212   -0.00077478184598    0.02991653945117  
  5.570000   -0.00129686753750   -0.00089171646433    0.02978532535836  
  5.580000   -0.00127901492533   -0.00100724221231    0.02965889879817  
  5.590000   -0.00126138675646   -0.00112134017351    0.02953739113391  
  5.600000   -0.00124397833043   -0.00123398671408    0.02942088109147  
  5.610000   -0.00122678510091   -0.00134515388889    0.02930939417107  
  5.620000   -0.00120980269014   -0.00145480988823    0.02920290259793  
  5.630000   -0.00119302690213   -0.00156291952117    0.02910132581167  
  5.640000   -0.00117645373447   -0.00166944473079    0.02900453148907  
  5.650000   -0.00116007938882   -0.00177434513655    0.02891233708919  
  5.660000   -0.00114390027974   -0.00187757859862    0.02882451190490  
  5.670000   -0.00112791304201   -0.00197910179883    0.02874077959939  
  5.680000   -0.00111211453617   -0.00207887083275    0.02866082120179  
  5.690000   -0.00109650185243   -0.00217684180712    0.02858427853102  
  5.700000   -0.00108107231274   -0.00227297143723    0.02851075801303  
  5.710000   -0.00106582347111   -0.00236721763814    0.02843983485229  
  5.720000   -0.00105075311217   -0.00245954010446    0.02837105751523  
  5.730000   -0.00103585924793   -0.00254990087281    0.02830395247984  
  5.740000   -0.00102114011282   -0.00263826486181    0.02823802920323  
  5.750000   -0.00100659415708   -0.00272460038418    0.02817278525667  
  5.760000   -0.00099222003847   -0.00280887962612    0.02810771157597  
  5.770000   -0.00097801661247   -0.00289107908929    0.02804229777389  
  5.780000   -0.00096398292103   -0.00297117999108    0.02797603746074  
  5.790000   -0.00095011817993   -0.00304916861924    0.02790843351927  
  5.800000   -0.00093642176499   -0.00312503663744    0.02783900328018  
  5.810000   -0.00092289319703   -0.00319878133868    0.02776728354610  
  5.820000   -0.00090953212600   -0.00327040584400    0.02769283541288  
  5.830000   -0.00089633831418   -0.00333991924454    0.02761524883946  
  5.840000   -0.00088331161873   -0.00340733668547    0.02753414691997  
  5.850000   -0.00087045197372   -0.00347267939071    0.02744918981492  
  5.860000   -0.00085775937180   -0.00353597462831    0.02736007830135  
  5.870000   -0.00084523384559   -0.00359725561653    0.02726655690633  
  5.880000   -0.00083287544915   -0.00365656137133    0.02716841659171  
  5.890000   -0.00082068423946   -0.00371393649684    0.02706549696311  
  5.900000   -0.00080866025825   -0.00376943092038    0.02695768798063  
  5.910000   -0.00079680351421   -0.00382309957474    0.02684493115394  
  5.920000   -0.00078511396588   -0.00387500203031    0.02672722020942  
  5.930000   -0.00077359150517   -0.00392520208078    0.02660460122280  
  5.940000   -0.00076223594184   -0.00397376728600    0.02647717221555  
  5.950000   -0.00075104698897   -0.00402076847650    0.02634508221915  
  5.960000   -0.00074002424956   -0.00406627922406    0.02620852981665  
  5.970000   -0.00072916720437   -0.00411037528358    0.02606776117599  
  5.980000   -0.00071847520112   -0.00415313401129    0.02592306759508  
  5.990000   -0.00070794744511   -0.00419463376500    0.02577478258318  
  6.000000   -0.00069758299135   -0.00423495329184    0.02562327850814  
  6.010000   -0.00068738073832   -0.00427417110965    0.02546896284331  
  6.020000   -0.00067733942323   -0.00431236488757    0.02531227405196  
  6.030000   -0.00066745761904   -0.00434961083204    0.02515367715086  
  6.040000   -0.00065773373312   -0.00438598308385    0.02499365899785  
  6.050000   -0.00064816600752   -0.00442155313233    0.02483272335103  
  6.060000   -0.00063875252105   -0.00445638925199    0.02467138574970  
  6.070000   -0.00062949119282   -0.00449055596742    0.02451016826867  
  6.080000   -0.00062037978750   -0.00452411355133    0.02434959419938  
  6.090000   -0.00061141592213   -0.00455711756083    0.02419018271156  
  6.100000   -0.00060259707429   -0.00458961841647    0.02403244354975  
  6.110000   -0.00059392059181   -0.00462166102811    0.02387687181841  
  6.120000   -0.00058538370369   -0.00465328447139    0.02372394290888  
  6.130000   -0.00057698353228   -0.00468452171809    0.02357410761961  
  6.140000   -0.00056871710652   -0.00471539942305    0.02342778751956  
  6.150000   -0.00056058137617   -0.00474593776989    0.02328537060203  
  6.160000   -0.00055257322686   -0.00477615037720    0.02314720727343  
  6.170000   -0.00054468949585   -0.00480604426632    0.02301360671813  
  6.180000   -0.00053692698838   -0.00483561989106    0.02288483367661  
  6.190000   -0.00052928249439   -0.00486487122954    0.02276110567043  
  6.200000   -0.00052175280553   -0.00489378593722    0.02264259070250  
  6.210000   -0.00051433473230   -0.00492234555995    0.02252940545683  
  6.220000   -0.00050702512107   -0.00495052580531    0.02242161401677  
  6.230000   -0.00049982087102   -0.00497829686963    0.02231922711536  
  6.240000   -0.00049271895069   -0.00500562381794    0.02222220192646  
  6.250000   -0.00048571641396   -0.00503246701328    0.02213044239938  
  6.260000   -0.00047881041557   -0.00505878259150    0.02204380013479  
  6.270000   -0.00047199822572   -0.00508452297711    0.02196207579376  
  6.280000   -0.00046527724386   -0.00510963743543    0.02188502102658  
  6.290000   -0.00045864501143   -0.00513407265595    0.02181234090291  
  6.300000   -0.00045209922348   -0.00515777336121    0.02174369681936  
  6.310000   -0.00044563773908   -0.00518068293581    0.02167870985603  
  6.320000   -0.00043925859035   -0.00520274406923    0.02161696454886  
  6.330000   -0.00043295999017   -0.00522389940668    0.02155801304044  
  6.340000   -0.00042674033834   -0.00524409220157    0.02150137956791  
  6.350000   -0.00042059822625   -0.00526326696346    0.02144656524323  
  6.360000   -0.00041453244002   -0.00528137009524    0.02139305307814  
  6.370000   -0.00040854196192   -0.00529835051338    0.02134031320329  
  6.380000   -0.00040262597035   -0.00531416024530    0.02128780822932  
  6.390000   -0.00039678383805   -0.00532875499795    0.02123499869577  
  6.400000   -0.00039101512878   -0.00534209469210    0.02118134855305  
  6.410000   -0.00038531959243   -0.00535414395708    0.02112633062196  
  6.420000   -0.00037969715855   -0.00536487258103    0.02106943197558  
  6.430000   -0.00037414792843   -0.00537425591211    0.02101015918883  
  6.440000   -0.00036867216571   -0.00538227520672    0.02094804340224  
  6.450000   -0.00036327028573   -0.00538891792100    0.02088264514846  
  6.460000   -0.00035794284349   -0.00539417794270    0.02081355889187  
  6.470000   -0.00035269052055   -0.00539805576080    0.02074041723475  
  6.480000   -0.00034751411084   -0.00540055857099    0.02066289474665  
  6.490000   -0.00034241450554   -0.00540170031570    0.02058071137714  
  6.500000   -0.00033739267708   -0.00540150165792    0.02049363541639  
  6.510000   -0.00033244966256   -0.00539998988879    0.02040148597230  
  6.520000   -0.00032758654654   -0.00539719876943    0.02030413493785  
  6.530000   -0.00032280444342   -0.00539316830815    0.02020150842726  
  6.540000   -0.00031810447962   -0.00538794447493    0.02009358766484  
  6.550000   -0.00031348777553   -0.00538157885545    0.01998040931596  
  6.560000   -0.00030895542760   -0.00537412824766    0.01986206525498  
  6.570000   -0.00030450849052   -0.00536565420445    0.01973870177081  
  6.580000   -0.00030014795973   -0.00535622252640    0.01961051821608  
  6.590000   -0.00029587475444   -0.00534590270928    0.01947776511205  
  6.600000   -0.00029168970116   -0.00533476735113    0.01934074172620  
  6.610000   -0.00028759351804   -0.00532289152451    0.01919979314532  
  6.620000   -0.00028358680000   -0.00531035211952    0.01905530687186  
  6.630000   -0.00027967000492   -0.00529722716377    0.01890770897603  
  6.640000   -0.00027584344083   -0.00528359512565    0.01875745984087  
  6.650000   -0.00027210725433   -0.00526953420725    0.01860504954170  
  6.660000   -0.00026846142035   -0.00525512163382    0.01845099290498  
  6.670000   -0.00026490573317   -0.00524043294632    0.01829582429521  
  6.680000   -0.00026143979900   -0.00522554130391    0.01814009218118  
  6.690000   -0.00025806302999   -0.00521051680293    0.01798435353537  
  6.700000   -0.00025477463980   -0.00519542581914    0.01782916812217  
  6.710000   -0.00025157364078   -0.00518033037942    0.01767509273183  
  6.720000   -0.00024845884278   -0.00516528756925    0.01752267541777  
  6.730000   -0.00024542885352   -0.00515034898168    0.01737244979530  
  6.740000   -0.00024248208064   -0.00513556021345    0.01722492945899  
  6.750000   -0.00023961673534   -0.00512096041325    0.01708060257543  
  6.760000   -0.00023683083757   -0.00510658188682    0.01693992670618  
  6.770000   -0.00023412222277   -0.00509244976306    0.01680332391390  
  6.780000   -0.00023148855015   -0.00507858172471    0.01667117620197  
  6.790000   -0.00022892731228   -0.00506498780668    0.01654382133475  
  6.800000   -0.00022643584613   -0.00505167026441    0.01642154908197  
  6.810000   -0.00022401134529   -0.00503862351406    0.01630459792700  
  6.820000   -0.00022165087342   -0.00502583414570    0.01619315227394  
  6.830000   -0.00021935137869   -0.00501328100986    0.01608734018386  
  6.840000   -0.00021710970917   -0.00500093537733    0.01598723166546  
  6.850000   -0.00021492262915   -0.00498876117130    0.01589283753974  
  6.860000   -0.00021278683599   -0.00497671527011    0.01580410889315  
  6.870000   -0.00021069897763   -0.00496474787863    0.01572093712736  
  6.880000   -0.00020865567056   -0.00495280296514    0.01564315460843  
  6.890000   -0.00020665351796   -0.00494081876036    0.01557053591179  
  6.900000   -0.00020468912809   -0.00492872831441    0.01550279965402  
  6.910000   -0.00020275913264   -0.00491646010707    0.01543961089609  
  6.920000   -0.00020086020493   -0.00490393870615    0.01538058409736  
  6.930000   -0.00019898907785   -0.00489108546823    0.01532528659398  
  6.940000   -0.00019714256135   -0.00487781927575    0.01527324256993  
  6.950000   -0.00019531755940   -0.00486405730384    0.01522393748425  
  6.960000   -0.00019351108622   -0.00484971581015    0.01517682291293  
  6.970000   -0.00019172028179   -0.00483471094066    0.01513132175993  
  6.980000   -0.00018994242624   -0.00481895954401    0.01508683378796  
  6.990000   -0.00018817495341   -0.00480237998717    0.01504274141596  
  7.000000   -0.00018641546311   -0.00478489296481    0.01499841572779  
  7.010000   -0.00018466173217   -0.00476642229499    0.01495322263386  
  7.020000   -0.00018291172416   -0.00474689569371    0.01490652912587  
  7.030000   -0.00018116359774   -0.00472624552106    0.01485770956363  
  7.040000   -0.00017941571347   -0.00470440949198    0.01480615193205  
  7.050000   -0.00017766663916   -0.00468133134471    0.01475126400675  
  7.060000   -0.00017591515357   -0.00465696146051    0.01469247936690  
  7.070000   -0.00017416024865   -0.00463125742864    0.01462926319528  
  7.080000   -0.00017240113003   -0.00460418455089    0.01456111780741  
  7.090000   -0.00017063721598   -0.00457571628052    0.01448758785359  
  7.100000   -0.00016886813473   -0.00454583459112    0.01440826514084  
  7.110000   -0.00016709372024   -0.00451453027135    0.01432279302512  
  7.120000   -0.00016531400635   -0.00448180314220    0.01423087032792  
  7.130000   -0.00016352921952   -0.00444766219418    0.01413225473582  
  7.140000   -0.00016173977001   -0.00441212564232    0.01402676564644  
  7.150000   -0.00015994624174   -0.00437522089788    0.01391428642921  
  7.160000   -0.00015814938088   -0.00433698445615    0.01379476607487  
  7.170000   -0.00015635008309   -0.00429746170059    0.01366822021364  
  7.180000   -0.00015454937980   -0.00425670662424    0.01353473148750  
  7.190000   -0.00015274842335   -0.00421478147021    0.01339444926865  
  7.200000   -0.00015094847130   -0.00417175629359    0.01324758872217  
  7.210000   -0.00014915086989   -0.00412770844806    0.01309442921716  
  7.220000   -0.00014735703694   -0.00408272200085    0.01293531209720  
  7.230000   -0.00014556844414   -0.00403688708089    0.01277063782695  
  7.240000   -0.00014378659900   -0.00399029916494    0.01260086253771  
  7.250000   -0.00014201302650   -0.00394305830773    0.01242649400097  
  7.260000   -0.00014024925070   -0.00389526832220    0.01224808706431  
  7.270000   -0.00013849677634   -0.00384703591665    0.01206623858940  
  7.280000   -0.00013675707059   -0.00379846979597    0.01188158193700  
  7.290000   -0.00013503154514   -0.00374967973463    0.01169478104818  
  7.300000   -0.00013332153879   -0.00370077562903    0.01150652417536  
  7.310000   -0.00013162830051   -0.00365186653765    0.01131751732017  
  7.320000   -0.00012995297330   -0.00360305971691    0.01112847743838  
  7.330000   -0.00012829657887   -0.00355445966146    0.01094012547476  
  7.340000   -0.00012666000330   -0.00350616715702    0.01075317929248  
  7.350000   -0.00012504398369   -0.00345827835423    0.01056834656329  
  7.360000   -0.00012344909609   -0.00341088387172    0.01038631768516  
  7.370000   -0.00012187574462   -0.00336406793643    0.01020775879454  
  7.380000   -0.00012032415199   -0.00331790756879    0.01003330493938  
  7.390000   -0.00011879435141   -0.00327247182032    0.00986355347831  
  7.400000   -0.00011728618002   -0.00322782107040    0.00969905776907  
  7.410000   -0.00011579927383   -0.00318400638870    0.00954032120704  
  7.420000   -0.00011433306427   -0.00314106896901    0.00938779167133  
  7.430000   -0.00011288677626   -0.00309903963950    0.00924185643177  
  7.440000   -0.00011145942790   -0.00305793845344    0.00910283756551  
  7.450000   -0.00011004983172   -0.00301777436357    0.00897098792623  
  7.460000   -0.00010865659737   -0.00297854498194    0.00884648770208  
  7.470000   -0.00010727813569   -0.00294023642530    0.00872944159085  
  7.480000   -0.00010591266402   -0.00290282324458    0.00861987661137  
  7.490000   -0.00010455821251   -0.00286626843444    0.00851774055902  
  7.500000   -0.00010321263106   -0.00283052351591    0.00842290110011  
  7.510000   -0.00010187359659   -0.00279552868174    0.00833514548391  
  7.520000   -0.00010053862000   -0.00276121298965    0.00825418083200  
  7.530000   -0.00009920505215   -0.00272749458331    0.00817963494209  
  7.540000   -0.00009787008796   -0.00269428091494    0.00811105751679  
  7.550000   -0.00009653076753   -0.00266146893644    0.00804792169711  
  7.560000   -0.00009518397301   -0.00262894521854    0.00798962574679  
  7.570000   -0.00009382641951   -0.00259658594995    0.00793549469701  
  7.580000   -0.00009245463865   -0.00256425676224    0.00788478172619  
  7.590000   -0.00009106495273   -0.00253181232157    0.00783666901851  
  7.600000   -0.00008965343787   -0.00249909562835    0.00779026782634  
  7.610000   -0.00008821587484   -0.00246593697158    0.00774461746216  
  7.620000   -0.00008674768656   -0.00243215250005    0.00769868297852  
  7.630000   -0.00008524386265   -0.00239754239903    0.00765135137106  
  7.640000   -0.00008369887261   -0.00236188870392    0.00760142627583  
  7.650000   -0.00008210657136   -0.00232495284145    0.00754762134025  
  7.660000   -0.00008046010365   -0.00228647306791    0.00748855273910  
  7.670000   -0.00007875181649   -0.00224616207034    0.00742273168542  
  7.680000   -0.00007697319300   -0.00220370510843    0.00734855824538  
  7.690000   -0.00007511482383   -0.00215875919311    0.00726431828351  
  7.700000   -0.00007316643645   -0.00211095391263    0.00716818589915  
  7.710000   -0.00007111700438   -0.00205989461065    0.00705823420357  
  7.720000   -0.00006895495997   -0.00200516867332    0.00693245764552  
  7.730000   -0.00006666853298   -0.00194635567092    0.00678880921766  
  7.740000   -0.00006424623302   -0.00188304199842    0.00662525565548  
  7.750000   -0.00006167748686   -0.00181484044988    0.00643985306414  
  7.760000   -0.00005895342994   -0.00174141482631    0.00623084419199  
  7.770000   -0.00005606783672   -0.00166250921583    0.00599677676840  
  7.780000   -0.00005301815634   -0.00157798101040    0.00573663996432  
  7.790000   -0.00004980659999   -0.00148783606859    0.00545001322637  
  7.800000   -0.00004644120600   -0.00139226375385    0.00513721869115  
  7.810000   -0.00004293679068   -0.00129166894620    0.00479946541444  
  7.820000   -0.00003931567924   -0.00118669763172    0.00443897114297  
  7.830000   -0.00003560810572   -0.00107825241473    0.00405904575543  
  7.840000   -0.00003185217493   -0.00096749436260    0.00366412024135  
  7.850000   -0.00002809329609   -0.00085582805250    0.00325970653944  
  7.860000   -0.00002438302697   -0.00074486758062    0.00285227694808  
  7.870000   -0.00002077730873   -0.00063638260427    0.00244905716825  
  7.880000   -0.00001733412318   -0.00053222514955    0.00205773410856  
  7.890000   -0.00001411066083   -0.00043423980553    0.00168608785850  
  7.900000   -0.00001116014625   -0.00034416186280    0.00134156595415  
  7.910000   -0.00000852851840   -0.00026350972672    0.00103082625943  
  7.920000   -0.00000625120314   -0.00019347931649    0.00075928141845  
  7.930000   -0.00000435023569   -0.00013484894095    0.00053068190021  
  7.940000   -0.00000283198825   -0.00008790315637    0.00034677534830  
  7.950000   -0.00000168573061   -0.00005238327318    0.00020707679139  
  7.960000   -0.00000088319880   -0.00002747049317    0.00010877722642  
  7.970000   -0.00000037927308   -0.00001180523829    0.00004680760594  
  7.980000   -0.00000011377797   -0.00000354328596    0.00001406226402  
  7.990000   -0.00000001432156   -0.00000044614252    0.00000177160597  
  8.000000   -0.00000000000000   -0.00000000000000   -0.00000000000000  
