<Coefficient>
	 9 Total number of radial orbitals.
	Type	L	Zeta-Orbital
	  Co 	0	    1
	   0.16437640791573
	   0.09348746073744
	  -0.08011253648667
	  -0.20738074578058
	  -0.24676913081320
	  -0.25220373709558
	  -0.21507443433146
	  -0.17759102030382
	  -0.12641402524349
	  -0.08668534372903
	  -0.04430934356124
	  -0.01856509215588
	   0.00747253259744
	   0.01758105604497
	   0.02942983551826
	   0.02845748659564
	   0.03165190285038
	   0.02364178461493
	   0.02429313364300
	   0.01403657998931
	   0.01508942864946
	   0.00473311774603
	   0.00833595584183
	  -0.00190249043146
	   0.00656640348904
	Type	L	Zeta-Orbital
	  Co 	0	    2
	   0.15871118210672
	   0.18380351404035
	   0.14468185989104
	   0.12258721484191
	   0.13059802422336
	   0.12457813158969
	   0.12006735591001
	   0.09569918589210
	   0.07476310748794
	   0.04592154716757
	   0.02674107902824
	   0.00505729442818
	  -0.00475322568925
	  -0.01603549657532
	  -0.01653405632166
	  -0.01979850265303
	  -0.01457569713217
	  -0.01509767858370
	  -0.00734804257719
	  -0.00808925175631
	  -0.00070064397022
	  -0.00361298566068
	   0.00305566040474
	  -0.00260325982387
	   0.00536098004208
	Type	L	Zeta-Orbital
	  Co 	0	    3
	   0.58460146210637
	  -0.15986635953550
	  -0.76549602483531
	  -0.36164090841861
	   0.16127344776495
	   0.04893750754885
	   0.29289350550530
	   0.07322031139118
	   0.14417616302957
	  -0.01826350881674
	   0.07376155184589
	  -0.06572106066450
	   0.02707151319506
	  -0.07159551847631
	   0.00199022599221
	  -0.04415465318437
	   0.00466115870884
	  -0.06744950291129
	   0.02502454126055
	  -0.04953168778242
	   0.03323968813499
	  -0.04579651123051
	   0.04562187224828
	  -0.05021766953562
	   0.07699451155704
	Type	L	Zeta-Orbital
	  Co 	0	    4
	  -0.68799910129066
	   0.38368542766086
	  -0.05797983177156
	  -0.23324442292733
	   0.11815797167822
	  -0.21594320797102
	   0.16413865905592
	  -0.10478266331702
	   0.08644889165626
	  -0.11734349647063
	   0.07170132195444
	  -0.09949513867110
	   0.04663308543318
	  -0.07892575789582
	   0.02839116434903
	  -0.02628722603453
	   0.04758967325370
	  -0.02523141188102
	   0.06465381312683
	  -0.00280359375387
	   0.06768769899055
	  -0.00511181053097
	   0.05487183960069
	  -0.01608807141531
	   0.05420944516251
	Type	L	Zeta-Orbital
	  Co 	1	    1
	   0.02312331706417
	   0.09491390396042
	   0.20487556974376
	   0.32254079805380
	   0.42209657179250
	   0.48995170466839
	   0.52285415337978
	   0.52472592539366
	   0.50241532073178
	   0.46241197348200
	   0.41201572029117
	   0.35592427976256
	   0.29929082362967
	   0.24484025009991
	   0.19503459025965
	   0.15068639706444
	   0.11284828305061
	   0.08161972906930
	   0.05659517643536
	   0.03729765939346
	   0.02312786335251
	   0.01308687850167
	   0.00653045568340
	   0.00245199111537
	   0.00049239001864
	Type	L	Zeta-Orbital
	  Co 	1	    2
	  -0.93547989891934
	  -0.93281258698877
	  -0.52499936877307
	  -0.07386783698853
	   0.09743290385131
	   0.27011847352441
	   0.27901585117931
	   0.33685058864120
	   0.28655197466132
	   0.29901772327182
	   0.23140861943303
	   0.22943397167660
	   0.16061672804364
	   0.16353910333907
	   0.09597972454642
	   0.10923900662518
	   0.04994680691207
	   0.07191951830933
	   0.01321756717258
	   0.04865110167964
	  -0.01069714647175
	   0.03942512473633
	  -0.02902562877390
	   0.04569332668227
	  -0.09695365437952
	Type	L	Zeta-Orbital
	  Co 	2	    1
	  -0.07376152750800
	  -0.16423693213343
	  -0.25562152028796
	  -0.32991598178445
	  -0.39790731862213
	  -0.44721292890414
	  -0.48865189653947
	  -0.51106134606652
	  -0.52323648935349
	  -0.51438720344592
	  -0.49434874727920
	  -0.45443865434779
	  -0.40754913177175
	  -0.34685163512649
	  -0.28703379143600
	  -0.22185228735910
	  -0.16686374370851
	  -0.11321405494661
	  -0.07544496553494
	  -0.04132998876283
	  -0.02400839035730
	  -0.00703976755015
	  -0.00479878639909
	   0.00263846071217
	  -0.01408097983623
	Type	L	Zeta-Orbital
	  Co 	2	    2
	  -0.81900178038116
	  -0.78055189860392
	  -0.50343675377657
	  -0.15854147284112
	  -0.02962042306107
	   0.20398682911008
	   0.23909562116859
	   0.36600716261552
	   0.33596731688883
	   0.40263957685422
	   0.33633121415977
	   0.37568540052518
	   0.28527934217646
	   0.30000938263295
	   0.20022698071171
	   0.20916143599075
	   0.09445407152573
	   0.12512415272023
	   0.01585734625289
	   0.06665099498003
	  -0.03847236775061
	   0.04245757453489
	  -0.06482457090242
	   0.04187648238463
	  -0.34349866634242
	Type	L	Zeta-Orbital
	  Co 	3	    1
	  -0.61042567622009
	  -0.95451881607635
	  -0.70857003466582
	  -0.70572475279797
	  -0.56009542317278
	  -0.46806171760844
	  -0.30080008273547
	  -0.20829016231657
	  -0.11566688126458
	  -0.12965746578352
	  -0.09958579779085
	  -0.11033339824985
	  -0.04258838976755
	  -0.03709728276225
	  -0.00988552572649
	  -0.05029984515320
	  -0.01520541639512
	  -0.02463759296540
	   0.01876039494393
	  -0.01878148856328
	   0.01336517896896
	  -0.01979535720147
	   0.01193785905780
	   0.02578724864179
	   0.31252376633560
</Coefficient>
<Mkb>
Left spillage = 5.3947359162e-04
</Mkb>
