<Coefficient>
	 11 Total number of radial orbitals.
	Type	L	Zeta-Orbital
	  Pb 	0	    1
	  -0.23355108573298
	  -0.10067075124981
	  -0.02999879884496
	   0.05425303175042
	   0.05437877554994
	   0.04597188482727
	   0.01365230373693
	   0.00376445028893
	  -0.00970011737484
	  -0.00071744830614
	  -0.00339405412353
	   0.00818104532534
	   0.00041354119367
	   0.00823076435985
	  -0.00400889546560
	   0.00576489511321
	  -0.00702830106368
	   0.00686572955040
	  -0.00801935698366
	   0.00946405027538
	  -0.01115889766415
	   0.01855512431296
	Type	L	Zeta-Orbital
	  Pb 	0	    2
	  -0.21425679745628
	   0.20408104071160
	   0.01828966293083
	  -0.06180005715779
	  -0.13193325683221
	  -0.08162916061524
	  -0.05278687321067
	   0.00309352914995
	   0.00274432812079
	   0.01874839926106
	  -0.00748988171372
	   0.00324212314513
	  -0.01858409157418
	   0.00454413585679
	  -0.01438919112972
	   0.01339735948307
	  -0.01338984607715
	   0.01644142901660
	  -0.01812574428335
	   0.02010378836415
	  -0.02512636161546
	   0.04124342430970
	Type	L	Zeta-Orbital
	  Pb 	0	    3
	  -0.03669404440555
	  -0.96535343137528
	  -0.41938702306672
	  -0.58150589875658
	  -0.99029037743202
	  -0.30293126325506
	  -0.12753327792001
	   0.24718314454154
	   0.14029448377621
	   0.07583243669038
	  -0.18750128346174
	  -0.22397388345220
	  -0.25481424824424
	  -0.10926946431616
	  -0.05813178477697
	   0.03442268901622
	  -0.00312133904322
	   0.01854329603764
	  -0.02155749037625
	   0.01965594391595
	  -0.01459985343494
	   0.02355093712130
	Type	L	Zeta-Orbital
	  Pb 	1	    1
	   0.31966010597457
	   0.23610826569351
	   0.09402489422479
	  -0.01568907546718
	  -0.04586194983409
	  -0.05013062752534
	  -0.02349024276499
	  -0.01386753089429
	   0.00469893854653
	  -0.00108223285905
	   0.00764952010847
	  -0.00432140698459
	   0.00620665557222
	  -0.00660488789869
	   0.00716843539677
	  -0.00780680671524
	   0.00877432815014
	  -0.00975818807219
	   0.01091239120033
	  -0.01283917271078
	   0.01613117580241
	  -0.04734087723366
	Type	L	Zeta-Orbital
	  Pb 	1	    2
	   0.30514092272716
	  -0.14091150736554
	  -0.32640107876100
	   0.15246960218506
	   0.10626644863767
	   0.15685166610908
	   0.03948334597432
	   0.04016066151376
	  -0.01851754443915
	   0.01050204042097
	  -0.01637280512488
	   0.01649889730784
	  -0.01012390541029
	   0.01204831493553
	  -0.01438718750542
	   0.01042365725982
	  -0.01355600659441
	   0.01416069203304
	  -0.01328920909246
	   0.01710755952904
	  -0.02136405716013
	   0.05634708534193
	Type	L	Zeta-Orbital
	  Pb 	1	    3
	   0.10263108638060
	   0.36966819486484
	   0.61695919904698
	   0.62198413449220
	   0.67968600838261
	   0.30126199682303
	   0.09163087346641
	  -0.11628025323864
	  -0.06157141941554
	  -0.04299697506265
	   0.04500109325886
	   0.04587038448369
	   0.02268121288220
	  -0.03529250936907
	  -0.02386507776342
	  -0.03546870065226
	   0.01189767495302
	  -0.00232812473196
	   0.03562185041015
	  -0.00296067003389
	   0.02620499384017
	  -0.10541263022391
	Type	L	Zeta-Orbital
	  Pb 	2	    1
	   0.06412771677569
	   0.24714293840310
	   0.41633145882114
	   0.54982528674114
	   0.59972014787718
	   0.59502382791582
	   0.53250926921163
	   0.44672404247361
	   0.33957928504049
	   0.24232779116701
	   0.15068354703079
	   0.08769186306024
	   0.03813756097191
	   0.01664813621466
	   0.00016818171613
	   0.00183588263912
	  -0.00322539808542
	   0.00337325942135
	  -0.00254140362224
	   0.00374709639121
	  -0.00247585299073
	   0.02933827411582
	Type	L	Zeta-Orbital
	  Pb 	2	    2
	   0.43168162477645
	   0.21273188507478
	   0.14778893515929
	  -0.02872189417969
	  -0.02615269840704
	  -0.07849721071624
	  -0.02970357645739
	  -0.06697845114598
	  -0.02053205591298
	  -0.05310059606389
	  -0.00586647000634
	  -0.04264675257855
	   0.01142063313821
	  -0.03335731296369
	   0.02411273817953
	  -0.03000304172048
	   0.03413807161149
	  -0.03503025372931
	   0.04000707805647
	  -0.04270504873234
	   0.03295748630444
	  -0.35085204712241
	Type	L	Zeta-Orbital
	  Pb 	2	    3
	   0.98264952387018
	  -0.80130632355519
	  -0.23273945451203
	  -0.24768383476794
	   0.02319413412054
	  -0.10616429974447
	   0.09847679199948
	  -0.04170787881162
	   0.13025451200120
	  -0.03728647273255
	   0.13193863430817
	  -0.06372148313222
	   0.13373235063074
	  -0.09466565094108
	   0.13441066500786
	  -0.13258367766596
	   0.14296379490644
	  -0.16333610903005
	   0.17597245304264
	  -0.18477206520936
	   0.12967066020015
	  -1.61408863937743
	Type	L	Zeta-Orbital
	  Pb 	3	    1
	  -0.21513690423111
	  -0.65324869356604
	  -0.36145184274742
	  -0.33653374269566
	  -0.12113997314629
	  -0.13614890787164
	  -0.04547977112753
	  -0.07452680511557
	   0.00934506519347
	  -0.03730951189470
	   0.02385917476540
	  -0.03279460382915
	   0.03486125462749
	  -0.03352316198442
	   0.03795207528019
	  -0.03891918786133
	   0.04158634271425
	  -0.04464914496446
	   0.04222843961729
	  -0.03636123584430
	  -0.11771058202890
	  -0.87747469220389
	Type	L	Zeta-Orbital
	  Pb 	3	    2
	  -0.61642417224861
	  -2.27161518880234
	   1.01035236542765
	   2.17440898941936
	   1.02204306734249
	   0.71962039969736
	   0.38359074454789
	   0.37395063719701
	   0.14931524675133
	   0.15416915039752
	   0.06258451696164
	  -0.00521727649350
	  -0.06286579449962
	   0.00355642222749
	   0.03026986865427
	   0.02694440961266
	   0.00073926227103
	  -0.03833660307562
	   0.01490899663592
	   0.02661324732474
	  -0.14565171855596
	  -0.32926534057971
</Coefficient>
<Mkb>
Left spillage = 4.2776891433e-03
</Mkb>
