0	0.0012155718276642706
1	0.001138086910268341
2	0.0010715367970697866
3	0.001007355060663669
4	0.0009430996355016549
5	0.0008802297255657548
6	0.0008210033655121357
7	0.0007664773936563268
8	0.0007171083964014633
9	0.0006725949182059597
10	0.0006317578424593608
11	0.0005934489146756595
12	0.0005572892177520584
13	0.0005235036100454353
14	0.0004925448721996409
15	0.0004649649716194833
16	0.00044123129499908835
17	0.0004213992186823971
18	0.0004050175707124062
19	0.00039144402439136454
20	0.0003800829114510431
21	0.00037035582019907776
22	0.0003617158928521082
23	0.000353842250562565
24	0.00034660591769043785
25	0.0003398775496634451
26	0.00033352725661183575
27	0.000327509538671908
28	0.0003218722983067262
29	0.0003167184481605592
30	0.0003121650044492072
31	0.00030828883324379795
32	0.0003050930808593777
33	0.0003025253865500721
34	0.00030049817217120173
35	0.0002988942715137928
36	0.00029758580465796955
37	0.0002964591525628706
38	0.000295423206893401
39	0.0002944099787748137
40	0.00029338373518831255
41	0.0002923405930999709
42	0.00029128946515656444
43	0.0002902367852394897
44	0.0002891856177497645
45	0.00028813961488177985
46	0.00028710500596447285
47	0.00028609301678335597
48	0.0002851183740242519
49	0.000284190045515693
50	0.00028330605783228745
51	0.00028245775720954085
52	0.00028163524173052446
53	0.0002808296594224867
54	0.00028003565404733033
55	0.00027925262477751343
56	0.0002784821259611148
57	0.00027772629664827317
58	0.0002769878297957041
59	0.0002762680601824685
60	0.0002755656533916335
61	0.00027487901805675825
62	0.00027420787622124714
63	0.0002735512758432497
64	0.0002729075805295497
65	0.0002722770324626346
66	0.0002716613976892515
67	0.0002710609407152074
68	0.0002704742265241142
69	0.00026990053199170644
70	0.0002693405971218564
71	0.0002687955654697188
72	0.0002682660918441903
73	0.0002677522218806564
74	0.000267253865012161
75	0.00026677144053974635
76	0.0002663055305525609
77	0.0002658558775063732
78	0.00026542123980561596
79	0.0002649999734844837
80	0.00026459041331007723
81	0.0002641911493589672
82	0.00026380136298787406
83	0.00026342075215539455
84	0.0002630492673387728
85	0.0002626869892257781
86	0.00026233402102838885
87	0.00026199045578699135
88	0.00026165656496700073
89	0.000261332814104013
90	0.0002610195846557691
91	0.00026071696462021305
92	0.0002604247126484532
93	0.00026014234469960256
94	0.00025986934774805347
95	0.00025960534276814996
96	0.0002593500973168305
97	0.000259103527021812
98	0.00025886563350859074
99	0.00025863636858301146
100	0.00025841562249727406
101	0.0002582032858711111
102	0.00025799920265121934
103	0.0002578031523018205
104	0.0002576149167484817
105	0.0002574342826161359
106	0.00025726101333633865
107	0.00025709488025388105
108	0.00025693567269624405
109	0.00025678319483645655
110	0.00025663729637478175
111	0.00025649787471953694
112	0.00025636483112483386
113	0.0002562380412161797
114	0.0002561173520167541
115	0.00025600260183084196
116	0.0002558936356125502
117	0.00025579028861997437
118	0.0002556923771109698
119	0.00025559971924384424
120	0.0002555121451018791
121	0.00025542949047015895
122	0.00025535159281164934
123	0.00025527828659722003
124	0.0002552094022376637
125	0.00025514477049586883
126	0.00025508422282918955
127	0.00025502758977691097
128	0.0002549746994526537
129	0.0002549253769751744
130	0.00025487944884441174
131	0.00025483674498171855
132	0.0002547970984784814
133	0.0002547603499630648
134	0.0002547263498762628
135	0.000254694955854
136	0.000254666030572744
137	0.0002546394380832456
138	0.00025461504245907605
139	0.0002545927112016492
140	0.00025457231566046137
141	0.0002545537294867728
142	0.0002545368295226311
143	0.0002545214961715106
144	0.00025450761397632216
145	0.00025449507369151663
146	0.0002544837729741893
147	0.00025447361569695383
148	0.000254464510792949
149	0.0002544563716023283
150	0.00025444911627196603
151	0.00025444266748294404
152	0.0002544369520186767
153	0.00025443190143739674
154	0.0002544274523206716
155	0.00025442354591748254
156	0.00025442012809374584
157	0.00025441714910866465
158	0.00025441456316233974
159	0.0002544123279997274
160	0.0002544104047801041
161	0.00025440875805504904
162	0.00025440735539561393
163	0.00025440616706706704
164	0.0002544051659705056
165	0.0002544043276236095
166	0.0002544036301867388
167	0.00025440305426479426
168	0.000254402582608979
169	0.00025440220000887365
170	0.0002544018930568855
171	0.00025440164988893175
172	0.0002544014601012446
173	0.0002544013146189133
174	0.0002544012055615381
175	0.00025440112610960455
176	0.000254401070358757
177	0.000254401033267031
178	0.0002544010105973194
179	0.0002544009988331844
180	0.000254400995093795
181	0.00025440099702343864
182	0.00025440100272183027
183	0.00025440101066961213
184	0.00025440101965101987
185	0.0002544010287105093
186	0.00025440103710438236
187	0.0002544010442732465
188	0.00025440104984090063
189	0.0002544010535904329
190	0.0002544010554252317
191	0.00025440105534169034
192	0.00025440105341559445
193	0.000254401049775736
194	0.0002544010445784766
195	0.00025440103799565113
196	0.0002544010301994727
197	0.00025440102135771846
198	0.0002544010116396979
199	0.00025440100121704477
200	0.0002544009902622956
201	0.00025440097894451394
202	0.0002544009674220549
203	0.0002544009558387366
204	0.00025440094431836136
205	0.0002544009329665605
206	0.00025440092187462373
207	0.00025440091111891345
208	0.0002544009007616123
209	0.00025440089085077835
210	0.00025440088142475215
211	0.00025440087251427925
212	0.0002544008641417485
213	0.0002544008563195951
214	0.0002544008490496962
215	0.0002544008423259543
216	0.00025440083613659383
217	0.0002544008304643402
218	0.00025440082528837464
219	0.0002544008205852267
220	0.00025440081633061693
221	0.00025440081249826507
222	0.0002544008090620423
223	0.00025440080599580705
224	0.00025440080327303555
225	0.0002544008008673884
226	0.0002544007987525373
227	0.0002544007969028431
228	0.00025440079529337716
229	0.00025440079390037085
230	0.0002544007927006515
231	0.0002544007916735749
232	0.0002544007907993195
233	0.0002544007900604961
234	0.00025440078944014265
235	0.00025440078892348503
236	0.00025440078849646143
237	0.00025440078814681973
238	0.0002544007878630253
239	0.0002544007876348619
240	0.0002544007874533934
241	0.00025440078731068887
242	0.00025440078720000267
243	0.0002544007871154825
244	0.000254400787052293
245	0.00025440078700602085
246	0.0002544007869728821
247	0.0002544007869500296
248	0.0002544007869344225
249	0.0002544007869242163
250	0.0002544007869174239
251	0.00025440078691281844
252	0.00025440078690929825
253	0.0002544007869061509
254	0.0002544007869027207
255	0.0002544007868984004
256	0.0002544007868934766
257	0.00025440078688712653
258	0.00025440078687960087
259	0.0002544007868708303
260	0.00025440078686079256
261	0.0002544007868497363
262	0.00025440078683778335
263	0.00025440078682510936
264	0.0002544007868118302
265	0.00025440078679826863
266	0.0002544007867844843
267	0.0002544007867706938
268	0.00025440078675687563
269	0.00025440078674317696
270	0.00025440078673001333
271	0.00025440078671709273
272	0.00025440078670460495
273	0.00025440078669280395
274	0.00025440078668165103
275	0.00025440078667111546
276	0.00025440078666126597
277	0.0002544007866519054
278	0.00025440078664343074
279	0.00025440078663558784
280	0.0002544007866283016
281	0.00025440078662177033
282	0.0002544007866158914
283	0.0002544007866104385
284	0.0002544007866056172
285	0.0002544007866014365
286	0.0002544007865975073
287	0.00025440078659420275
288	0.0002544007865913404
289	0.00025440078658880034
290	0.0002544007865864484
291	0.0002544007865845289
292	0.0002544007865829815
293	0.0002544007865814965
294	0.000254400786580429
295	0.00025440078657944855
296	0.00025440078657852714
297	0.0002544007865778935
298	0.00025440078657733197
299	0.0002544007865768667
300	0.0002544007865764286
301	0.0002544007865761738
302	0.00025440078657605874
303	0.0002544007865757877
304	0.00025440078657561226
305	0.00025440078657564365
306	0.00025440078657544497
307	0.0002544007865753869
308	0.0002544007865753184
309	0.000254400786575394
310	0.0002544007865752838
311	0.0002544007865752902
312	0.00025440078657518677
313	0.00025440078657522694
314	0.0002544007865753721
315	0.00025440078657523285
316	0.0002544007865751556
317	0.00025440078657517907
318	0.0002544007865751282
319	0.00025440078657513337
320	0.00025440078657505027
321	0.00025440078657511494
322	0.0002544007865749656
323	0.00025440078657508095
324	0.00025440078657496397
325	0.00025440078657500354
326	0.00025440078657497584
327	0.00025440078657485864
328	0.00025440078657487533
329	0.00025440078657493404
330	0.0002544007865749175
331	0.00025440078657479933
332	0.0002544007865747262
333	0.00025440078657475645
334	0.00025440078657470403
335	0.00025440078657469953
336	0.0002544007865746898
337	0.00025440078657467297
338	0.0002544007865746916
339	0.00025440078657468115
340	0.0002544007865747126
341	0.0002544007865746152
342	0.00025440078657464933
343	0.0002544007865745539
344	0.00025440078657463437
345	0.0002544007865745449
346	0.0002544007865745725
347	0.00025440078657455885
348	0.00025440078657455614
349	0.00025440078657454313
350	0.0002544007865745373
351	0.0002544007865745464
352	0.00025440078657450204
353	0.0002544007865745181
354	0.0002544007865745889
355	0.00025440078657460737
356	0.0002544007865745905
357	0.00025440078657461117
358	0.0002544007865745405
359	0.000254400786574528
360	0.00025440078657453305
361	0.0002544007865745151
362	0.00025440078657446756
363	0.0002544007865745867
364	0.00025440078657449505
365	0.000254400786574532
366	0.00025440078657455197
367	0.00025440078657449326
368	0.0002544007865745163
369	0.00025440078657450844
370	0.0002544007865745549
371	0.0002544007865745917
372	0.0002544007865744515
373	0.00025440078657456883
374	0.000254400786574567
375	0.00025440078657459864
376	0.00025440078657456785
377	0.0002544007865744938
378	0.0002544007865744749
379	0.0002544007865745501
380	0.00025440078657449093
381	0.00025440078657446084
382	0.0002544007865745777
383	0.0002544007865745127
384	0.000254400786574559
385	0.0002544007865745098
386	0.0002544007865745614
387	0.00025440078657453007
388	0.0002544007865745226
389	0.00025440078657458547
390	0.00025440078657449575
391	0.0002544007865745355
392	0.00025440078657453674
393	0.00025440078657448914
394	0.0002544007865745103
395	0.00025440078657458666
396	0.0002544007865745113
397	0.0002544007865745022
398	0.00025440078657462407
399	0.0002544007865745285
400	0.00025440078657457067
401	0.00025440078657460314
402	0.00025440078657453034
403	0.0002544007865745101
404	0.0002544007865746129
405	0.00025440078657453186
406	0.00025440078657455414
407	0.00025440078657456997
408	0.00025440078657460716
409	0.00025440078657448144
410	0.00025440078657450784
411	0.0002544007865746941
412	0.00025440078657463393
413	0.0002544007865746059
414	0.00025440078657452085
415	0.0002544007865745472
416	0.0002544007865745527
417	0.00025440078657454004
418	0.00025440078657457837
419	0.0002544007865745411
420	0.0002544007865746186
421	0.0002544007865745843
422	0.0002544007865747741
423	0.00025440078657530777
