<Coefficient>
	 5 Total number of radial orbitals.
	Type	L	Zeta-Orbital
	  S 	0	    1
	   0.15952508831380
	   0.30787783666768
	   0.24276224383542
	   0.08411683246794
	  -0.04856473715094
	  -0.12142129713863
	  -0.14262188932667
	  -0.13242320729132
	  -0.10595467771077
	  -0.07556435129555
	  -0.04726580781653
	  -0.02636944791922
	  -0.01161636361463
	  -0.00388508536062
	   0.00045645531553
	   0.00082601818339
	   0.00118472937086
	  -0.00031532099074
	   0.00001760650152
	  -0.00118141604094
	   0.00014671915286
	  -0.00129323112184
	Type	L	Zeta-Orbital
	  S 	0	    2
	  -0.58592304465022
	  -0.09920263136041
	   0.47747385909569
	   0.34535706688846
	  -0.26810491198111
	  -0.57401888400827
	  -0.62758420891722
	  -0.51755252650872
	  -0.43385426461729
	  -0.30879773269057
	  -0.21158810177092
	  -0.09851241448967
	  -0.05725670606641
	  -0.00696892064196
	  -0.01414153820266
	   0.01513957176287
	  -0.00986020353094
	   0.01687588875111
	  -0.01559215699584
	   0.02028889017543
	  -0.02272947497775
	   0.03814892770536
	Type	L	Zeta-Orbital
	  S 	1	    1
	   0.21034353702278
	   0.36581174289744
	   0.35844154345665
	   0.26449244119258
	   0.16703081130550
	   0.08555339369905
	   0.03465056644969
	   0.00136932826418
	  -0.01184365506610
	  -0.01849554432748
	  -0.01377456340277
	  -0.01220394094430
	  -0.00481704451871
	  -0.00479187510989
	   0.00080674843460
	  -0.00219913683726
	   0.00232341877315
	  -0.00254569187421
	   0.00272018906742
	  -0.00345859726656
	   0.00410118739399
	  -0.01215078766559
	Type	L	Zeta-Orbital
	  S 	1	    2
	  -0.71559359545748
	  -0.08661423170127
	   0.65375475455260
	   0.69193363878115
	   0.43523561636315
	   0.17297325944038
	   0.03413225683765
	  -0.00910527737359
	  -0.04440096626623
	  -0.05157812896979
	  -0.06279364815808
	  -0.03440376867581
	  -0.03908023909582
	  -0.01132185276649
	  -0.02838616645378
	   0.00110742641460
	  -0.02393524631395
	   0.01277447531673
	  -0.01893911168975
	   0.02655973378012
	  -0.02303848210610
	   0.09155875058233
	Type	L	Zeta-Orbital
	  S 	2	    1
	   0.26519841200066
	   0.61580258988979
	   0.85987890597960
	   0.85881093887804
	   0.72621570478845
	   0.54187785141869
	   0.42891775549704
	   0.34481734134459
	   0.28559137420928
	   0.20748964514080
	   0.15015857986746
	   0.08994378533414
	   0.05782708823747
	   0.01866497327210
	   0.00905493514392
	  -0.01072844100560
	  -0.00110872013445
	  -0.00966449684085
	   0.00781925932672
	  -0.00246026983819
	   0.01082909157523
	  -0.06026880029248
</Coefficient>
<Mkb>
Left spillage = 2.2048823940e-03
</Mkb>
