0	6.973603701991699
1	5.427966432164709
2	4.2236716673532975
3	3.2972435891402445
4	2.591037768489867
5	2.0558663620697133
6	1.6506092026514128
7	1.342825395286728
8	1.1078340934310005
9	0.9272052026485079
10	0.7872857628323287
11	0.6779768029848974
12	0.5917880101390072
13	0.5231360436969714
14	0.46783547581313006
15	0.42273261491779307
16	0.3854417761687615
17	0.35415411221053533
18	0.3274976316913165
19	0.30443328472615955
20	0.2841766137184131
21	0.26613783716630673
22	0.24987555416718277
23	0.2350607569135915
24	0.22144878762931336
25	0.2088575073108622
26	0.19715039617398544
27	0.1862236354980284
28	0.17599644482012677
29	0.16640408457560787
30	0.1573930101297651
31	0.14891770837796534
32	0.14093878486812295
33	0.1334219100471566
34	0.12633728299319852
35	0.119659331357287
36	0.11336643635980366
37	0.10744054808717858
38	0.10186663252470751
39	0.09663195925499148
40	0.0917252894738075
41	0.08713605279749266
42	0.08285360737971696
43	0.07886666418996945
44	0.07516292864620855
45	0.07172897804705797
46	0.06855035835443717
47	0.0656118549188777
48	0.06289787316422732
49	0.060392859209567974
50	0.05808169645699023
51	0.055950029538859504
52	0.05398448744257661
53	0.052172798530840135
54	0.050503807702494186
55	0.04896741766798655
56	0.047554481465188564
57	0.04625667260246595
58	0.04506635428590134
59	0.04397646219202678
60	0.042980408161268226
61	0.042072006405497284
62	0.041245419977511286
63	0.040495123288521104
64	0.03981587590562697
65	0.03920270312733153
66	0.038650879464473445
67	0.03815591193005052
68	0.03771352096312771
69	0.03731961797621158
70	0.03697027996851326
71	0.03666172326941008
72	0.036390279950006474
73	0.03615238132546602
74	0.03594455285909374
75	0.03576342347222027
76	0.035605749893565075
77	0.03546845372268802
78	0.03534866604234184
79	0.035243772437741835
80	0.03515145072498962
81	0.03506969475619885
82	0.034996820130777116
83	0.03493145091336974
84	0.034872489757755205
85	0.0348190764095318
86	0.03477054088738568
87	0.03472635755718304
88	0.03468610501590246
89	0.03464943466768969
90	0.03461604868786787
91	0.03458568625800727
92	0.03455811585000855
93	0.034533131026468995
94	0.03451054757381026
95	0.03449020052308745
96	0.0344719404418114
97	0.03445562906233361
98	0.03444113472500878
99	0.03442832824825686
100	0.03441707976233838
101	0.034407256857061336
102	0.03439872417928578
103	0.03439134442183073
104	0.03438498048525033
105	0.03437949846572672
106	0.03437477102607901
107	0.034370680655196724
108	0.03436712233510477
109	0.03436400523083605
110	0.03436125319284266
111	0.03435880408466096
112	0.03435660816810686
113	0.03435462593714283
114	0.034352825847618236
115	0.03435118233211772
116	0.03434967434114976
117	0.034348284464583184
118	0.03434699851923338
119	0.034345805386631706
120	0.034344696869336604
121	0.034343667394597516
122	0.034342713497707546
123	0.034341833122697084
124	0.03434102485085367
125	0.03434028719106578
126	0.03433961804324671
127	0.034339014394667994
128	0.03433847225173238
129	0.03433798676514589
130	0.03433755248371452
131	0.034337163669899196
132	0.034336814621392465
133	0.034336499958348775
134	0.03433621484965367
135	0.034335955162040965
136	0.03433571752466871
137	0.03433549931118067
138	0.034335298551966875
139	0.03433511379953901
140	0.03433494397633361
141	0.03433478823396595
142	0.03433464584540778
143	0.034334516138958084
144	0.03433439846952785
145	0.034334292213230075
146	0.03433419676836019
147	0.034334111549697816
148	0.03433403597115796
149	0.03433396942032748
150	0.03433391123395515
151	0.03433386068422854
152	0.03433381698217166
153	0.03433377929866592
154	0.03433374679816291
155	0.03433371867699014
156	0.034333694197959154
157	0.03433367271528613
158	0.034333653687183364
159	0.034333636676623445
160	0.034333621342801185
161	0.03433360742663346
162	0.034333594733508804
163	0.034333583115965606
164	0.034333572458399034
165	0.03433356266523819
166	0.03433355365338659
167	0.03433354534883618
168	0.034333537686515696
169	0.034333530611710274
170	0.03433352408122781
171	0.03433351806285744
172	0.03433351253258916
173	0.0343335074700879
174	0.034333502853712644
175	0.034333498656599064
176	0.034333494844939645
177	0.03433349137881227
178	0.034333488215073475
179	0.03433348531123742
180	0.03433348262914315
181	0.034333480137519974
182	0.03433347781304998
183	0.03433347564007812
184	0.03433347360941295
185	0.03433347171674077
186	0.034333469961062915
187	0.03433346834333488
188	0.0343334668653527
189	0.03433346552882478
190	0.034333464334585895
191	0.034333463281941284
192	0.03433346236816373
193	0.03433346158818121
194	0.03433346093446597
195	0.03433346039711755
196	0.034333459964138016
197	0.03433345962187997
198	0.03433345935566429
199	0.034333459150529544
200	0.034333458992053936
201	0.03433345886714055
202	0.03433345876465739
203	0.0343334586758169
204	0.03433345859426849
205	0.03433345851589529
206	0.03433345843842249
207	0.03433345836092978
208	0.034333458283380934
209	0.03433345820624434
210	0.03433345813021548
211	0.034333458056046595
212	0.03433345798444186
213	0.03433345791599859
214	0.034333457851167835
215	0.034333457790235694
216	0.03433345773332322
217	0.03433345768040199
218	0.03433345763132683
219	0.03433345758587748
220	0.034333457543795014
221	0.03433345750482094
222	0.03433345746872347
223	0.03433345743532168
224	0.03433345740449154
225	0.034333457376162856
226	0.03433345735030951
227	0.03433345732691702
228	0.03433345730596014
229	0.03433345728737293
230	0.03433345727104
231	0.03433345725679253
232	0.03433345724442649
233	0.03433345723372001
234	0.034333457224456666
235	0.03433345721643793
236	0.034333457209489014
237	0.034333457203458435
238	0.034333457198211674
239	0.034333457193626515
240	0.0343334571895943
241	0.034333457186012425
242	0.03433345718279468
243	0.034333457179870304
244	0.03433345717718441
245	0.034333457174700675
246	0.034333457172401084
247	0.034333457170274535
248	0.034333457168322264
249	0.0343334571665476
250	0.03433345716495224
251	0.03433345716353737
252	0.03433345716229664
253	0.034333457161218696
254	0.03433345716029049
255	0.03433345715949553
256	0.034333457158815854
257	0.0343334571582351
258	0.034333457157735975
259	0.034333457157303016
260	0.03433345715692051
261	0.034333457156576444
262	0.03433345715626018
263	0.034333457155962394
264	0.03433345715568006
265	0.03433345715540928
266	0.034333457155152194
267	0.03433345715490804
268	0.034333457154679316
269	0.03433345715446579
270	0.034333457154268436
271	0.034333457154086526
272	0.03433345715391836
273	0.034333457153763854
274	0.03433345715362096
275	0.03433345715348814
276	0.03433345715336542
277	0.03433345715325184
278	0.03433345715314621
279	0.03433345715304915
280	0.034333457152960684
281	0.03433345715287942
282	0.0343334571528056
283	0.03433345715273861
284	0.03433345715267831
285	0.034333457152623904
286	0.03433345715257612
287	0.03433345715253296
288	0.03433345715249546
289	0.03433345715246292
290	0.03433345715243526
291	0.03433345715241098
292	0.034333457152391014
293	0.03433345715237353
294	0.034333457152359165
295	0.034333457152347376
296	0.034333457152337106
297	0.03433345715232947
298	0.03433345715232265
299	0.03433345715231692
300	0.03433345715231227
301	0.03433345715230797
302	0.034333457152304986
303	0.03433345715230175
304	0.034333457152299254
305	0.03433345715229691
306	0.03433345715229456
307	0.03433345715229262
308	0.03433345715229043
309	0.03433345715228922
310	0.034333457152287285
311	0.03433345715228527
312	0.034333457152283295
313	0.03433345715228167
314	0.03433345715228011
315	0.03433345715227808
316	0.03433345715227639
317	0.034333457152274434
318	0.03433345715227233
319	0.034333457152270444
320	0.034333457152268564
321	0.034333457152267495
322	0.0343334571522655
323	0.03433345715226373
324	0.03433345715226311
325	0.0343334571522614
326	0.03433345715226112
327	0.034333457152260445
328	0.03433345715225956
329	0.034333457152258884
330	0.03433345715225835
331	0.03433345715225858
332	0.034333457152258155
333	0.034333457152257704
334	0.03433345715225766
335	0.03433345715225736
336	0.03433345715225729
337	0.03433345715225709
338	0.03433345715225687
339	0.03433345715225643
340	0.034333457152256816
341	0.034333457152256844
342	0.03433345715225665
343	0.034333457152256754
344	0.034333457152256226
345	0.03433345715225724
346	0.03433345715225642
347	0.034333457152256434
348	0.03433345715225638
349	0.034333457152256504
350	0.03433345715225632
351	0.034333457152256594
352	0.03433345715225643
353	0.03433345715225629
354	0.034333457152256545
355	0.03433345715225591
356	0.034333457152256795
357	0.034333457152256205
358	0.0343334571522563
359	0.034333457152256844
360	0.03433345715225599
361	0.034333457152256296
362	0.03433345715225592
363	0.034333457152256136
364	0.034333457152256525
365	0.03433345715225589
366	0.03433345715225596
367	0.03433345715225617
368	0.03433345715225604
369	0.03433345715225616
370	0.034333457152255664
371	0.034333457152256094
372	0.03433345715225587
373	0.03433345715225619
374	0.034333457152256226
375	0.03433345715225589
376	0.034333457152256004
377	0.034333457152256004
378	0.03433345715225659
379	0.03433345715225627
380	0.03433345715225583
381	0.034333457152256316
382	0.03433345715225626
383	0.034333457152256316
384	0.03433345715225613
385	0.03433345715225612
386	0.03433345715225607
387	0.034333457152256046
388	0.03433345715225606
389	0.034333457152256344
390	0.03433345715225609
391	0.03433345715225604
392	0.03433345715225642
393	0.03433345715225622
394	0.03433345715225651
395	0.0343334571522556
396	0.03433345715225582
397	0.03433345715225593
398	0.03433345715225606
399	0.03433345715225596
400	0.034333457152255706
401	0.034333457152256094
402	0.03433345715225648
403	0.0343334571522561
404	0.03433345715225571
405	0.034333457152256316
406	0.034333457152255754
407	0.03433345715225609
408	0.03433345715225617
409	0.03433345715225594
410	0.034333457152256094
411	0.03433345715225618
412	0.034333457152255886
413	0.034333457152256316
414	0.034333457152256
415	0.034333457152256136
416	0.03433345715225589
417	0.034333457152256136
418	0.0343334571522559
419	0.03433345715225581
420	0.03433345715225595
421	0.03433345715225578
422	0.03433345715225566
423	0.03433345715225627
424	0.03433345715225659
425	0.034333457152255976
426	0.034333457152256455
427	0.034333457152256185
428	0.03433345715225615
429	0.034333457152256115
430	0.0343334571522563
431	0.034333457152256094
432	0.03433345715225637
433	0.03433345715225613
434	0.034333457152255914
435	0.03433345715225597
436	0.03433345715225634
437	0.03433345715225565
438	0.034333457152256
439	0.03433345715225563
440	0.03433345715225606
441	0.034333457152256046
442	0.034333457152256
443	0.034333457152256094
444	0.03433345715225669
445	0.03433345715225629
446	0.03433345715225654
