0	0.006075973977007116
1	0.004055645806344272
2	0.003073293342555829
3	0.002794090213613171
4	0.0026301030703311744
5	0.002485178447550363
6	0.0023607681110048772
7	0.002276264324138229
8	0.0022208982298960148
9	0.0021743121630689627
10	0.002133279631354852
11	0.002104444507646198
12	0.002085560715911614
13	0.002066750486516544
14	0.0020469103662457844
15	0.0020318904640596893
16	0.002021197452818542
17	0.002009294769782333
18	0.0019952269359789993
19	0.0019829194420400305
20	0.0019735810100315002
21	0.0019639585515044454
22	0.0019530399969408998
23	0.0019436849969054178
24	0.0019368285546558733
25	0.0019302290318952283
26	0.0019229202319611016
27	0.001916489650798844
28	0.001911634697486126
29	0.0019068048049769072
30	0.0019012581098515218
31	0.0018962248683732327
32	0.0018922495555151408
33	0.0018883852457423332
34	0.001884299018111611
35	0.0018808624208892398
36	0.0018784178868313627
37	0.001876255064602234
38	0.0018741054124954439
39	0.0018724863625304902
40	0.001871441189729228
41	0.0018703910516752863
42	0.0018691660981556561
43	0.0018680988031593846
44	0.0018672033797948744
45	0.0018661386660486369
46	0.001864897948763621
47	0.0018637743023964023
48	0.0018627860892798732
49	0.001861743167931212
50	0.0018606887163151778
51	0.001859809654290561
52	0.0018590776117021475
53	0.0018583485632784776
54	0.0018576569053751605
55	0.0018571054967521222
56	0.0018566395466740127
57	0.00185616372459664
58	0.0018557158920826182
59	0.0018553562156434444
60	0.0018550358285999299
61	0.0018547039718316031
62	0.0018544029347876633
63	0.0018541641470965443
64	0.0018539438875057191
65	0.001853716811561761
66	0.0018535142128899068
67	0.001853341343180897
68	0.0018531596304061028
69	0.0018529602556813971
70	0.0018527670946114215
71	0.0018525763259072073
72	0.0018523665852905183
73	0.00185214657624619
74	0.0018519363954317156
75	0.0018517309475318926
76	0.0018515221873535998
77	0.0018513231389732548
78	0.0018511426071076377
79	0.001850970960481663
80	0.0018508043744661304
81	0.0018506506039626819
82	0.0018505080254041827
83	0.001850367174425748
84	0.0018502284123750148
85	0.0018500962040393452
86	0.0018499665416403352
87	0.0018498354415589669
88	0.0018497066151027663
89	0.0018495819262420781
90	0.001849457761422118
91	0.0018493338220214556
92	0.0018492131281406512
93	0.0018490947252165467
94	0.001848976123811116
95	0.001848858507621305
96	0.001848743011304151
97	0.0018486277804650232
98	0.0018485121253238763
99	0.001848397515889043
100	0.001848283848998367
101	0.0018481700026981268
102	0.0018480566590850845
103	0.0018479447361076065
104	0.0018478335907284027
105	0.0018477229278881365
106	0.0018476134921682052
107	0.0018475052202391337
108	0.001847397429452187
109	0.0018472902942845708
110	0.0018471841314003
111	0.0018470785100732382
112	0.001846973224550605
113	0.0018468686201224076
114	0.0018467646502657114
115	0.0018466610018996212
116	0.0018465578017356431
117	0.0018464551937125951
118	0.0018463529384620747
119	0.0018462509359830907
120	0.0018461493207697485
121	0.0018460479977340386
122	0.001845946789004237
123	0.0018458457547106425
124	0.0018457449256836195
125	0.0018456441667266872
126	0.001845543457791894
127	0.0018454428644547928
128	0.0018453423167158246
129	0.0018452417391901519
130	0.0018451411658772583
131	0.0018450405747762434
132	0.001844939877231555
133	0.0018448390592389673
134	0.001844738118405639
135	0.0018446369832524102
136	0.001844535609778155
137	0.0018444339980324721
138	0.0018443321044909421
139	0.0018442298748160314
140	0.0018441272958637381
141	0.001844024338081673
142	0.0018439209432889122
143	0.0018438170782392525
144	0.0018437127148444863
145	0.00184360779832202
146	0.0018435022826990728
147	0.0018433961375695206
148	0.001843289316004338
149	0.0018431817683891003
150	0.0018430734607456764
151	0.0018429643523373007
152	0.0018428543936261522
153	0.0018427435452838825
154	0.0018426317678012904
155	0.0018425190119490033
156	0.0018424052329773391
157	0.0018422903894323816
158	0.00184217443205599
159	0.0018420573115416495
160	0.00184193898255575
161	0.0018418193947642258
162	0.0018416984953581732
163	0.001841576234863169
164	0.0018414525613359403
165	0.0018413274193512803
166	0.0018412007552691557
167	0.0018410725144000417
168	0.0018409426384729496
169	0.001840811069600633
170	0.0018406777496332491
171	0.0018405426172933411
172	0.0018404056105420028
173	0.001840266667087409
174	0.001840125721846981
175	0.001839982708051333
176	0.0018398375583215817
177	0.0018396902028076773
178	0.0018395405694497787
179	0.0018393885851401694
180	0.0018392341744936543
181	0.00183907725958456
182	0.0018389177609211046
183	0.0018387555967112235
184	0.001838590682346341
185	0.0018384229311056827
186	0.0018382522537638798
187	0.0018380785580002941
188	0.0018379017488441354
189	0.0018377217284877767
190	0.001837538395722896
191	0.0018373516461701773
192	0.0018371613722085853
193	0.001836967462476412
194	0.001836769801936392
195	0.0018365682718396955
196	0.0018363627492836718
197	0.0018361531071503674
198	0.0018359392140584409
199	0.0018357209339768513
200	0.0018354981260822398
201	0.0018352706446777304
202	0.0018350383388444178
203	0.0018348010522247764
204	0.0018345586228938357
205	0.0018343108830200109
206	0.0018340576586040349
207	0.0018337987692994102
208	0.0018335340280780717
209	0.001833263240926606
210	0.001832986206613082
211	0.0018327027163382184
212	0.0018324125533929457
213	0.0018321154928727327
214	0.0018318113013026497
215	0.0018314997362520505
216	0.0018311805459876843
217	0.0018308534690543864
218	0.0018305182338383959
219	0.0018301745581484185
220	0.001829822148737646
221	0.001829460700793469
222	0.0018290898974328987
223	0.00182870940913957
224	0.0018283188931607556
225	0.0018279179928940978
226	0.0018275063372079558
227	0.0018270835397112826
228	0.0018266491979880646
229	0.0018262028927605901
230	0.0018257441869833156
231	0.0018252726248796157
232	0.0018247877308843548
233	0.001824289008495647
234	0.0018237759390354752
235	0.0018232479802920394
236	0.0018227045650389638
237	0.0018221450994253912
238	0.001821568961207349
239	0.00182097549781217
240	0.0018203640242220372
241	0.0018197338206527337
242	0.001819084130008292
243	0.0018184141550995363
244	0.0018177230555890347
245	0.0018170099446502353
246	0.0018162738853172385
247	0.0018155138864952222
248	0.0018147288986163602
249	0.0018139178089126083
250	0.0018130794362846993
251	0.0018122125257501688
252	0.0018113157424542216
253	0.0018103876652339752
254	0.0018094267797347668
255	0.0018084314710800234
256	0.001807400016110731
257	0.0018063305752255366
258	0.0018052211838680728
259	0.001804069743725879
260	0.0018028740137341303
261	0.0018016316010003803
262	0.0018003399518007287
263	0.0017989963428353896
264	0.0017975978729794207
265	0.0017961414558034
266	0.0017946238131934112
267	0.001793041470457934
268	0.0017913907533549697
269	0.0017896677875509808
270	0.0017878685010617745
271	0.00178598863030615
272	0.0017840237304429776
273	0.0017819691907446618
274	0.0017798202558289016
275	0.0017775720536825138
276	0.0017752196315721583
277	0.0017727580011833535
278	0.0017701821947098144
279	0.0017674873341896843
280	0.0017646687171960019
281	0.0017617219230441651
282	0.0017586429449253454
283	0.001755428354539587
284	0.0017520755064255275
285	0.0017485827883735301
286	0.001744949920856321
287	0.0017411783008687031
288	0.001737271373015377
289	0.001733234993914614
290	0.0017290777397871914
291	0.001724811102642932
292	0.0017204495467362196
293	0.001716010477697651
294	0.0017115143277264724
295	0.00170698516321891
296	0.0017024523875455789
297	0.0016979540595318517
298	0.001693541841448084
299	0.001689286492682688
300	0.0016852813558047661
301	0.0016816402048890598
302	0.0016784862745039353
303	0.0016759320355795603
304	0.0016740537736755381
305	0.0016728690193223224
306	0.001672325568874299
307	0.001672307023199721
308	0.001672653273421463
309	0.0016731889237916828
310	0.0016737510756549678
311	0.0016742101141446922
312	0.0016744808731586154
313	0.0016745246134751122
314	0.0016743438611336943
315	0.001673972653962867
316	0.001673464681245036
317	0.0016728814613008018
318	0.00167228217244529
319	0.0016717161337116134
320	0.001671218361306987
321	0.0016708081663122367
322	0.0016704903704388972
323	0.001670258382396334
324	0.001670098178200005
325	0.0016699922629617777
326	0.0016699229505774153
327	0.0016698746489383952
328	0.0016698351277381516
329	0.0016697959083944423
330	0.0016697519898482252
331	0.0016697011684600998
332	0.0016696432248826099
333	0.0016695791987500544
334	0.0016695108555826047
335	0.0016694403303800052
336	0.0016693698721846162
337	0.001669301625897309
338	0.001669237436177852
339	0.0016691786961051877
340	0.0016691262650826188
341	0.0016690804555959356
342	0.0016690410672835308
343	0.0016690074499737658
344	0.0016689785967941636
345	0.001668953278880055
346	0.0016689302193135598
347	0.0016689082759435653
348	0.001668886586835199
349	0.001668864644867782
350	0.0016688422996265987
351	0.0016688197092334857
352	0.0016687972664828036
353	0.0016687755101309819
354	0.00166875502246332
355	0.00166873631917038
356	0.0016687197511938737
357	0.0016687054453028293
358	0.0016686933004841607
359	0.0016686830353012153
360	0.001668674262339481
361	0.0016686665618297267
362	0.001668659537120557
363	0.001668652849411033
364	0.0016686462376264454
365	0.0016686395288403135
366	0.0016686326401113103
367	0.001668625570368947
368	0.001668618383013638
369	0.0016686111834361803
370	0.0016686040970354075
371	0.0016685972515299793
372	0.001668590764130441
373	0.0016685847320616713
374	0.0016685792250998417
375	0.0016685742802849657
376	0.0016685698999168604
377	0.0016685660535116916
378	0.0016685626832331616
379	0.0016685597115513773
380	0.0016685570499514488
381	0.0016685546079730292
382	0.001668552302067805
383	0.0016685500635049632
384	0.0016685478442333601
385	0.0016685456196372708
386	0.0016685433876813826
387	0.0016685411647144736
388	0.0016685389789737814
389	0.0016685368632678819
390	0.001668534848348132
391	0.0016685329580969318
392	0.0016685312070331571
393	0.0016685295999864808
394	0.0016685281333270025
395	0.0016685267970185528
396	0.00166852557690323
397	0.0016685244568883796
398	0.0016685234208512927
399	0.0016685224541163539
400	0.00166852154435891
401	0.0016685206818869121
402	0.0016685198594296698
403	0.0016685190717079415
404	0.0016685183150612157
405	0.0016685175872484283
406	0.0016685168873625045
407	0.0016685162157019995
408	0.0016685155734970964
409	0.0016685149624829764
410	0.0016685143844173522
411	0.0016685138406392257
412	0.0016685133317295537
413	0.001668512857300637
414	0.001668512415932759
415	0.001668512005277692
416	0.001668511622322062
417	0.0016685112637520858
418	0.0016685109263365663
419	0.0016685106072301839
420	0.0016685103041522932
421	0.0016685100154328854
422	0.0016685097399639047
423	0.001668509477095018
424	0.001668509226500786
425	0.0016685089880391728
426	0.0016685087616188712
427	0.0016685085470902333
428	0.0016685083441831485
429	0.001668508152490239
430	0.0016685079714901787
431	0.0016685078005928698
432	0.0016685076391791736
433	0.0016685074866360906
434	0.0016685073423720093
435	0.0016685072058274294
436	0.0016685070764774323
437	0.0016685069538373047
438	0.0016685068374652583
439	0.0016685067269660379
440	0.001668506621990145
441	0.0016685065222309596
442	0.0016685064274203636
443	0.0016685063373210727
444	0.0016685062517183314
445	0.0016685061704129717
446	0.0016685060932097682
447	0.0016685060199128374
448	0.0016685059503224165
449	0.0016685058842394308
450	0.0016685058214768794
451	0.0016685057618857435
452	0.001668505705411014
453	0.001668505652228952
454	0.0016685056031015633
455	0.001668505560325594
456	0.0016685055303045147
457	0.001668505530553574
458	0.0016685056086985085
459	0.0016685058925919483
460	0.0016685067093041048
461	0.001668508776537228
462	0.0016685129531610885
463	0.001668517490465603
464	0.001668515094415791
465	0.0016685067177440206
466	0.0016685066503222545
467	0.0016685121147829163
468	0.0016685091447239142
469	0.0016685050822072226
470	0.0016685088916289614
471	0.0016685087286531447
472	0.001668505026780043
473	0.0016685074051123973
474	0.0016685077300047217
475	0.0016685049632614143
476	0.0016685067194517815
477	0.0016685068137948416
478	0.0016685048830731674
479	0.0016685063288828606
480	0.0016685060813098381
481	0.0016685048481655709
482	0.0016685060307424148
483	0.001668505533132054
484	0.0016685048593983421
485	0.0016685057561530376
486	0.0016685051517741985
487	0.0016685048884446374
488	0.0016685054952992257
489	0.001668504908832215
490	0.001668504908061205
491	0.001668505259761809
492	0.0016685047685923546
493	0.0016685049047062174
494	0.001668505062164641
495	0.001668504695305917
496	0.0016685048781610872
497	0.0016685049078365086
498	0.0016685046596656313
499	0.0016685048356997927
500	0.0016685047943458201
501	0.0016685046415983707
502	0.0016685047863123509
503	0.0016685047145339083
504	0.0016685046295977358
505	0.0016685047372265143
506	0.0016685046598128254
507	0.0016685046183336025
508	0.0016685046928147213
509	0.00166850462240955
510	0.0016685046061472265
511	0.0016685046549353192
512	0.001668504596319844
513	0.0016685045931214024
514	0.0016685046237564444
515	0.0016685045773710966
516	0.0016685045798954324
517	0.0016685045985466152
518	0.0016685045628766896
519	0.0016685045671006274
520	0.0016685045782550288
521	0.001668504551207949
522	0.0016685045551714458
523	0.0016685045618386463
524	0.001668504541416953
525	0.0016685045443299218
526	0.0016685045484037308
527	0.0016685045329587853
528	0.001668504534637303
529	0.0016685045372442926
530	0.0016685045255146922
531	0.0016685045260549083
532	0.0016685045278271597
533	0.0016685045188882977
534	0.001668504518492355
535	0.0016685045197602792
536	0.0016685045129456828
537	0.0016685045118412704
538	0.0016685045127598948
539	0.0016685045075882552
540	0.0016685045059911905
541	0.0016685045066202892
542	0.0016685045027355512
543	0.001668504500839088
544	0.001668504501193273
545	0.0016685044983208242
546	0.001668504496291349
547	0.0016685044963716806
548	0.0016685044942873445
549	0.001668504492264814
550	0.001668504492075758
551	0.001668504490588159
552	0.0016685044886841634
553	0.0016685044882449786
554	0.0016685044871864896
555	0.0016685044854815507
556	0.001668504484830934
557	0.0016685044840546498
558	0.0016685044825963228
559	0.001668504481791419
560	0.0016685044811741382
561	0.0016685044799767664
562	0.0016685044790856799
563	0.0016685044785334138
564	0.0016685044775796027
565	0.0016685044766737065
566	0.0016685044761249608
567	0.0016685044753727528
568	0.0016685044745143349
569	0.0016685044739413013
570	0.001668504473334899
571	0.0016685044725683682
572	0.0016685044719723608
573	0.0016685044714543418
574	0.0016685044707990726
575	0.0016685044702026064
576	0.0016685044697272167
577	0.0016685044691781322
578	0.0016685044686106103
579	0.0016685044681509118
580	0.0016685044676858715
581	0.001668504467172046
582	0.0016685044667213746
583	0.0016685044663118322
584	0.0016685044658622573
585	0.001668504465430246
586	0.0016685044650516347
587	0.0016685044646625278
588	0.0016685044642624901
589	0.0016685044639028594
590	0.001668504463560081
591	0.0016685044632019548
592	0.0016685044628612438
593	0.0016685044625485705
594	0.0016685044622327884
595	0.001668504461917472
596	0.0016685044616254739
597	0.0016685044613445276
598	0.0016685044610598107
599	0.001668504460786637
600	0.001668504460530718
601	0.0016685044602769783
602	0.001668504460025696
603	0.0016685044597883928
604	0.001668504459560323
605	0.0016685044593333547
606	0.0016685044591135416
607	0.0016685044589049131
608	0.0016685044587013641
609	0.0016685044585006254
610	0.0016685044583081851
611	0.00166850445812352
612	0.001668504457942114
613	0.0016685044577656562
614	0.001668504457596301
615	0.0016685044574327212
616	0.0016685044572722382
617	0.0016685044571168983
618	0.0016685044569677884
619	0.0016685044568226861
620	0.0016685044566809367
621	0.0016685044565442318
622	0.0016685044564126114
623	0.0016685044562843177
624	0.0016685044561594127
625	0.001668504456039224
626	0.0016685044559229488
627	0.0016685044558094977
628	0.0016685044556996047
629	0.0016685044555935196
630	0.0016685044554908101
631	0.0016685044553910755
632	0.0016685044552942816
633	0.0016685044552008296
634	0.0016685044551103226
635	0.0016685044550223782
636	0.0016685044549371237
637	0.0016685044548549795
638	0.0016685044547751363
639	0.0016685044546979008
640	0.00166850445462287
641	0.001668504454550151
642	0.0016685044544801453
643	0.0016685044544119836
644	0.001668504454346183
645	0.0016685044542823486
646	0.0016685044542206393
647	0.0016685044541608158
648	0.0016685044541028952
649	0.0016685044540467899
650	0.0016685044539925889
651	0.0016685044539399094
652	0.0016685044538890467
653	0.001668504453839831
654	0.0016685044537919644
655	0.001668504453746003
656	0.0016685044537012557
657	0.001668504453657957
658	0.0016685044536162155
659	0.0016685044535755748
660	0.0016685044535364234
661	0.0016685044534985535
662	0.001668504453461856
663	0.0016685044534262743
664	0.0016685044533918437
665	0.0016685044533586329
666	0.0016685044533265394
667	0.0016685044532954202
668	0.0016685044532652943
669	0.0016685044532362503
670	0.0016685044532079767
671	0.00166850445318075
672	0.0016685044531542482
673	0.0016685044531288041
674	0.0016685044531042125
675	0.001668504453080457
676	0.0016685044530572186
677	0.0016685044530349716
678	0.0016685044530133004
679	0.0016685044529924306
680	0.0016685044529724893
681	0.0016685044529529697
682	0.0016685044529339344
683	0.0016685044529156897
684	0.0016685044528980915
685	0.0016685044528810117
686	0.0016685044528645938
687	0.0016685044528487209
688	0.0016685044528332261
689	0.00166850445281829
690	0.001668504452803972
691	0.0016685044527901156
692	0.0016685044527766945
693	0.001668504452763627
694	0.0016685044527510796
695	0.0016685044527389972
696	0.0016685044527272256
697	0.0016685044527160612
698	0.0016685044527049789
699	0.0016685044526946562
700	0.001668504452684265
701	0.0016685044526743807
702	0.0016685044526648654
703	0.00166850445265574
704	0.0016685044526467355
705	0.0016685044526383826
706	0.001668504452629796
707	0.0016685044526219182
708	0.0016685044526140898
709	0.001668504452606859
710	0.0016685044525995866
711	0.0016685044525925861
712	0.0016685044525857082
713	0.0016685044525793801
714	0.0016685044525731206
715	0.0016685044525669808
716	0.001668504452561103
717	0.0016685044525557512
718	0.0016685044525500542
719	0.001668504452544803
720	0.0016685044525397966
721	0.0016685044525349257
722	0.0016685044525303022
723	0.001668504452525665
724	0.0016685044525213194
725	0.001668504452517018
726	0.001668504452512974
727	0.0016685044525090265
728	0.001668504452505076
729	0.001668504452501402
730	0.0016685044524978447
731	0.0016685044524944548
732	0.0016685044524911102
733	0.0016685044524879214
734	0.0016685044524849633
735	0.0016685044524820327
736	0.0016685044524791704
737	0.001668504452476234
738	0.0016685044524736682
739	0.0016685044524710445
740	0.0016685044524687598
741	0.0016685044524664832
742	0.0016685044524640913
743	0.0016685044524617468
744	0.001668504452459744
745	0.0016685044524576051
746	0.001668504452455575
747	0.0016685044524537744
748	0.0016685044524518662
749	0.0016685044524498939
750	0.001668504452448413
751	0.0016685044524466584
752	0.0016685044524452543
753	0.0016685044524435786
754	0.0016685044524420484
755	0.0016685044524408464
756	0.0016685044524392637
757	0.001668504452438028
758	0.001668504452436703
759	0.0016685044524353927
760	0.001668504452434208
761	0.0016685044524331195
762	0.001668504452431952
763	0.0016685044524309739
764	0.0016685044524297904
765	0.001668504452428882
766	0.0016685044524278375
767	0.0016685044524271493
768	0.0016685044524262491
769	0.0016685044524252582
770	0.0016685044524245472
771	0.0016685044524237318
772	0.0016685044524231635
773	0.001668504452422346
774	0.001668504452421518
775	0.0016685044524208245
776	0.0016685044524201555
777	0.0016685044524196975
778	0.0016685044524189867
779	0.0016685044524185277
780	0.0016685044524178808
781	0.00166850445241731
782	0.0016685044524168003
783	0.0016685044524162558
784	0.0016685044524158363
785	0.0016685044524152692
786	0.0016685044524148893
787	0.0016685044524145317
788	0.0016685044524141213
789	0.0016685044524136295
790	0.0016685044524133606
791	0.0016685044524129837
792	0.0016685044524126628
793	0.0016685044524121246
794	0.001668504452411924
795	0.0016685044524116191
796	0.0016685044524113795
797	0.0016685044524110014
798	0.0016685044524108808
799	0.001668504452410554
800	0.0016685044524102854
801	0.0016685044524101435
802	0.00166850445240979
803	0.0016685044524096043
804	0.0016685044524093768
805	0.0016685044524091034
806	0.0016685044524089488
807	0.0016685044524087167
808	0.0016685044524085257
809	0.0016685044524082056
810	0.0016685044524082926
811	0.00166850445240805
812	0.001668504452408012
813	0.001668504452407688
814	0.0016685044524075469
815	0.0016685044524073621
816	0.0016685044524072828
817	0.0016685044524072188
818	0.0016685044524071433
819	0.0016685044524069254
820	0.0016685044524067335
821	0.001668504452406721
822	0.0016685044524065262
823	0.001668504452406404
824	0.0016685044524063983
825	0.0016685044524062881
826	0.001668504452406135
827	0.0016685044524060628
828	0.0016685044524060266
829	0.0016685044524059008
830	0.0016685044524059525
831	0.0016685044524057144
832	0.0016685044524056534
833	0.001668504452405853
834	0.0016685044524055257
835	0.0016685044524054394
836	0.001668504452405454
837	0.0016685044524052935
838	0.001668504452405205
839	0.0016685044524052297
840	0.0016685044524053147
841	0.0016685044524051465
842	0.0016685044524051107
843	0.0016685044524049925
844	0.0016685044524049637
845	0.0016685044524050452
846	0.0016685044524050513
847	0.0016685044524049888
848	0.0016685044524048281
849	0.0016685044524050302
850	0.0016685044524050736
851	0.0016685044524048752
852	0.0016685044524048338
853	0.0016685044524050322
854	0.0016685044524051913
855	0.0016685044524057274
856	0.0016685044524066646
857	0.001668504452409355
858	0.001668504452414783
859	0.0016685044524271538
860	0.0016685044524539867
861	0.0016685044525145039
862	0.0016685044526513495
863	0.0016685044529622568
864	0.0016685044536745466
865	0.001668504455319235
866	0.001668504459143333
867	0.0016685044680990644
868	0.0016685044892140771
869	0.0016685045392818658
870	0.0016685046584562803
871	0.0016685049417818078
872	0.0016685056071987353
873	0.0016685071088782815
874	0.0016685101625037678
875	0.0016685149146517166
876	0.0016685182205149623
877	0.0016685140922720661
878	0.0016685059613320017
879	0.0016685056164471377
880	0.0016685111226908403
881	0.0016685104527137252
882	0.001668505061735287
883	0.0016685059990493227
884	0.0016685093504349722
885	0.00166850672782349
886	0.001668504510784316
887	0.0016685071262450481
888	0.0016685071258757812
889	0.0016685045771780952
890	0.0016685056252671404
891	0.0016685067188736478
892	0.0016685048896210551
893	0.0016685048657694539
894	0.00166850610545074
895	0.00166850508318088
896	0.001668504551194724
897	0.0016685055511953752
898	0.0016685051321679613
899	0.0016685044581979812
