0	0.0009460120439819188
1	0.0008892394576401711
2	0.0008631160753818952
3	0.0008128976798734921
4	0.0007506585289751084
5	0.000676804860564629
6	0.000594575510719414
7	0.000512458253784221
8	0.0004360951330560883
9	0.00036770740597601143
10	0.00030878060051376093
11	0.00026041853204283036
12	0.00022250843231588752
13	0.00019366006919265005
14	0.0001718773353240991
15	0.00015519399970225392
16	0.00014200128646644765
17	0.00013113648663666734
18	0.00012183959138968252
19	0.00011365686176065287
20	0.00010634100665231473
21	9.977032399719003e-05
22	9.389163366283828e-05
23	8.86842292603117e-05
24	8.413841948384038e-05
25	8.024181181666727e-05
26	7.696997012409423e-05
27	7.428136133608357e-05
28	7.211686730752349e-05
29	7.040301709556404e-05
30	6.905752842246083e-05
31	6.7995986238582e-05
32	6.713864555831879e-05
33	6.64161866215528e-05
34	6.57733919803374e-05
35	6.517038392745877e-05
36	6.458174729620964e-05
37	6.399418152566152e-05
38	6.340340179152875e-05
39	6.281101730262044e-05
40	6.222200419192564e-05
41	6.164309428573272e-05
42	6.108201307683456e-05
43	6.054719725719652e-05
44	6.0047530587010264e-05
45	5.959177189417672e-05
46	5.9187619444165234e-05
47	5.884061651790496e-05
48	5.8553235645105595e-05
49	5.8324447728461246e-05
50	5.8149924090572734e-05
51	5.802280612291139e-05
52	5.79347936583424e-05
53	5.7877226422847216e-05
54	5.784189276524379e-05
55	5.782145611447087e-05
56	5.780955832997593e-05
57	5.780076510395153e-05
58	5.779052878781344e-05
59	5.777527060457619e-05
60	5.775257187986579e-05
61	5.7721369870986884e-05
62	5.768202240010657e-05
63	5.763614782959276e-05
64	5.7586237476643114e-05
65	5.753513008212451e-05
66	5.7485489613911015e-05
67	5.743941875429151e-05
68	5.739828075608981e-05
69	5.736272338271701e-05
70	5.733283620858638e-05
71	5.730834954300733e-05
72	5.728880101667252e-05
73	5.7273637019970145e-05
74	5.726225642342406e-05
75	5.725402554606938e-05
76	5.724829224775427e-05
77	5.724441195365643e-05
78	5.72417824474916e-05
79	5.72398766181145e-05
80	5.723826429669477e-05
81	5.723662096682319e-05
82	5.723472642726358e-05
83	5.7232457480524556e-05
84	5.722977669159869e-05
85	5.7226717323294755e-05
86	5.7223364799150635e-05
87	5.7219836847514254e-05
88	5.721626561437913e-05
89	5.7212783968849074e-05
90	5.720951554282107e-05
91	5.720656598661145e-05
92	5.720401335084877e-05
93	5.720189827502834e-05
94	5.720021762771167e-05
95	5.7198925860903316e-05
96	5.719794572541901e-05
97	5.719718563049246e-05
98	5.71965576933313e-05
99	5.719599048561773e-05
100	5.719543363150888e-05
101	5.7194855623699606e-05
102	5.719423886401721e-05
103	5.7193575767185346e-05
104	5.719286740154624e-05
105	5.719212358635784e-05
106	5.719136229599099e-05
107	5.719060703552045e-05
108	5.7189882556564896e-05
109	5.718921050233383e-05
110	5.71886065666429e-05
111	5.718807975402107e-05
112	5.718763324575898e-05
113	5.718726587714364e-05
114	5.718697345729396e-05
115	5.718674966064187e-05
116	5.718658656653395e-05
117	5.71864750016732e-05
118	5.718640475424236e-05
119	5.718636477760784e-05
120	5.718634358909965e-05
121	5.7186330080091424e-05
122	5.718631471611629e-05
123	5.718629076936378e-05
124	5.7186255027946045e-05
125	5.7186207611214066e-05
126	5.7186150970685325e-05
127	5.718608858657722e-05
128	5.718602394985669e-05
129	5.7185960128826706e-05
130	5.7185899784432274e-05
131	5.718584524507304e-05
132	5.718579836152055e-05
133	5.718576015781338e-05
134	5.718573054974566e-05
135	5.718570839257165e-05
136	5.718569188899446e-05
137	5.718567914715831e-05
138	5.718566860278817e-05
139	5.718565915767505e-05
140	5.718565009025059e-05
141	5.718564091424928e-05
142	5.718563132383472e-05
143	5.7185621231650956e-05
144	5.7185610816114284e-05
145	5.7185600484648525e-05
146	5.7185590747857454e-05
147	5.718558205969763e-05
148	5.718557470818656e-05
149	5.71855687871616e-05
150	5.718556423201385e-05
151	5.7185560878150214e-05
152	5.718555850760452e-05
153	5.718555688126128e-05
154	5.71855557614246e-05
155	5.7185554926895473e-05
156	5.718555418527973e-05
157	5.7185553376804275e-05
158	5.7185552377824744e-05
159	5.7185551107329614e-05
160	5.7185549533640234e-05
161	5.718554768075036e-05
162	5.7185545618585396e-05
163	5.718554344295332e-05
164	5.7185541251584786e-05
165	5.7185539128158446e-05
166	5.7185537137521374e-05
167	5.71855353303966e-05
168	5.7185533746959474e-05
169	5.7185532416309745e-05
170	5.718553135138743e-05
171	5.7185530547249914e-05
172	5.718552998157329e-05
173	5.7185529620451955e-05
174	5.718552942146859e-05
175	5.718552933826288e-05
176	5.718552932175189e-05
177	5.7185529324021344e-05
178	5.718552930441053e-05
179	5.718552923363223e-05
180	5.718552909925495e-05
181	5.7185528903927994e-05
182	5.718552866468609e-05
183	5.7185528406021306e-05
184	5.7185528154124414e-05
185	5.718552793162439e-05
186	5.7185527752610956e-05
187	5.718552762208311e-05
188	5.718552753718421e-05
189	5.718552748994621e-05
190	5.7185527469194315e-05
191	5.718552746404521e-05
192	5.718552746449602e-05
193	5.7185527462048616e-05
194	5.71855274501365e-05
195	5.718552742552014e-05
196	5.7185527388654926e-05
197	5.7185527342133274e-05
198	5.7185527291011495e-05
199	5.718552723932722e-05
200	5.718552718997618e-05
201	5.71855271446468e-05
202	5.718552710465361e-05
203	5.7185527070639604e-05
204	5.718552704312364e-05
205	5.7185527022886814e-05
206	5.718552700896296e-05
207	5.718552700097343e-05
208	5.718552699701565e-05
209	5.718552699530884e-05
210	5.718552699491584e-05
211	5.718552699435542e-05
212	5.718552699272613e-05
213	5.718552698968044e-05
214	5.718552698492624e-05
215	5.718552697819602e-05
216	5.718552697009358e-05
217	5.7185526961122066e-05
218	5.7185526952069154e-05
219	5.718552694357207e-05
220	5.718552693600679e-05
221	5.718552692966983e-05
222	5.7185526924793595e-05
223	5.7185526921127474e-05
224	5.718552691921598e-05
225	5.718552691796408e-05
226	5.718552691781348e-05
227	5.7185526918128496e-05
228	5.7185526918292746e-05
229	5.718552691834176e-05
230	5.71855269179674e-05
231	5.71855269169118e-05
232	5.718552691575409e-05
233	5.718552691422779e-05
234	5.718552691293676e-05
235	5.718552691148221e-05
236	5.718552691033191e-05
237	5.718552690936615e-05
238	5.7185526908892334e-05
239	5.718552690858244e-05
240	5.718552690862845e-05
241	5.7185526908685034e-05
242	5.718552690879496e-05
243	5.7185526908803795e-05
244	5.718552690905468e-05
245	5.7185526908965395e-05
246	5.718552690883312e-05
247	5.718552690840388e-05
248	5.7185526908172735e-05
249	5.718552690800448e-05
250	5.7185526907438446e-05
251	5.7185526907127896e-05
252	5.718552690677665e-05
253	5.718552690681667e-05
254	5.718552690671733e-05
255	5.718552690649862e-05
256	5.718552690652445e-05
257	5.718552690647275e-05
258	5.718552690642114e-05
259	5.718552690639585e-05
260	5.71855269062362e-05
261	5.71855269062072e-05
262	5.718552690631856e-05
263	5.718552690612222e-05
264	5.7185526906110786e-05
265	5.718552690606902e-05
266	5.718552690614349e-05
267	5.718552690607192e-05
268	5.718552690596347e-05
269	5.718552690588277e-05
270	5.718552690591254e-05
271	5.7185526905836564e-05
272	5.718552690583361e-05
273	5.718552690597716e-05
274	5.718552690595491e-05
275	5.718552690600741e-05
276	5.7185526905887176e-05
277	5.7185526906096556e-05
278	5.7185526906076e-05
279	5.7185526905963876e-05
280	5.7185526905936785e-05
281	5.718552690591514e-05
282	5.718552690580321e-05
283	5.7185526905940254e-05
284	5.718552690596024e-05
285	5.71855269058058e-05
286	5.718552690583136e-05
287	5.7185526905731546e-05
288	5.718552690600134e-05
289	5.71855269057916e-05
290	5.7185526905997155e-05
291	5.7185526905934535e-05
292	5.718552690572274e-05
293	5.7185526905739826e-05
294	5.718552690605725e-05
295	5.718552690572686e-05
296	5.7185526905997216e-05
297	5.718552690585759e-05
298	5.71855269057961e-05
299	5.718552690582348e-05
300	5.718552690592434e-05
301	5.7185526905833874e-05
302	5.718552690577902e-05
303	5.718552690591363e-05
304	5.718552690569887e-05
305	5.7185526905823276e-05
306	5.718552690576368e-05
307	5.718552690595459e-05
308	5.718552690589999e-05
309	5.7185526905881125e-05
310	5.718552690579432e-05
311	5.7185526905836605e-05
312	5.718552690580252e-05
313	5.718552690574318e-05
314	5.718552690573067e-05
315	5.7185526905845665e-05
316	5.718552690599008e-05
317	5.7185526905905e-05
318	5.718552690581681e-05
319	5.718552690576059e-05
320	5.718552690587256e-05
321	5.7185526905834084e-05
322	5.71855269059376e-05
323	5.71855269058871e-05
324	5.7185526905865966e-05
325	5.718552690576249e-05
326	5.718552690578648e-05
327	5.7185526905761185e-05
328	5.7185526905815896e-05
329	5.718552690573483e-05
330	5.7185526905758366e-05
331	5.7185526905694405e-05
332	5.718552690590869e-05
333	5.718552690596997e-05
334	5.7185526905823906e-05
335	5.71855269058065e-05
336	5.71855269058006e-05
337	5.718552690597313e-05
338	5.718552690584822e-05
339	5.718552690582478e-05
340	5.718552690577633e-05
341	5.7185526905848504e-05
342	5.718552690593025e-05
343	5.7185526905835825e-05
344	5.718552690595784e-05
345	5.7185526905777875e-05
346	5.718552690589266e-05
347	5.718552690589031e-05
348	5.718552690589037e-05
349	5.718552690576992e-05
350	5.718552690581779e-05
351	5.7185526905886376e-05
352	5.718552690588302e-05
353	5.7185526905794544e-05
354	5.7185526906049244e-05
355	5.718552690576227e-05
356	5.718552690573069e-05
357	5.7185526905874484e-05
358	5.718552690583618e-05
359	5.7185526905836896e-05
360	5.718552690576744e-05
361	5.7185526905864936e-05
362	5.718552690572662e-05
363	5.7185526905932773e-05
364	5.7185526905892875e-05
365	5.718552690577568e-05
366	5.7185526905765833e-05
367	5.718552690578629e-05
368	5.7185526905821304e-05
369	5.718552690588292e-05
370	5.7185526905998354e-05
371	5.7185526905929575e-05
372	5.718552690585331e-05
373	5.718552690583651e-05
374	5.718552690574506e-05
375	5.718552690572926e-05
376	5.7185526905721855e-05
377	5.7185526905949816e-05
378	5.7185526905957466e-05
379	5.7185526905788236e-05
380	5.718552690594572e-05
381	5.71855269058215e-05
382	5.71855269058256e-05
