0	2.869715832999505
1	2.5013992928664055
2	2.1994283115210687
3	1.9457641483083863
4	1.730270442246238
5	1.5460451030238418
6	1.387626275734303
7	1.2497088419117963
8	1.1285426036623174
9	1.0219116137247126
10	0.9282028414699925
11	0.845926166708282
12	0.7736300891725035
13	0.7099341881612178
14	0.6535602271495404
15	0.6033427230760013
16	0.5582276281691527
17	0.5172713887980042
18	0.4796509587561432
19	0.4446859019413373
20	0.41186124056841134
21	0.38083500033132006
22	0.3514216396926321
23	0.32355466077993017
24	0.29723882739122537
25	0.2725028234096209
26	0.24936114539016485
27	0.2277915229090115
28	0.20773023705407034
29	0.1890826569440287
30	0.1717425252594917
31	0.15561243050795182
32	0.14061912430137355
33	0.126720095600171
34	0.11390089801300692
35	0.10216480390233286
36	0.09151747049752604
37	0.0819505026934633
38	0.07342895962120462
39	0.06588741076855471
40	0.0592361496990254
41	0.0533747399738802
42	0.048206862841884315
43	0.04365055630064969
44	0.039641056050426
45	0.03612725107546726
46	0.033065053545496596
47	0.030411176288274406
48	0.028119674127764817
49	0.026142066340861216
50	0.024430425392910328
51	0.022941783293545365
52	0.021641853547832192
53	0.020506547929871544
54	0.0195208570771129
55	0.01867576624344924
56	0.017964452617600435
57	0.017378958147225655
58	0.01690812834554544
59	0.016537160662455926
60	0.01624870234961938
61	0.01602501546935356
62	0.01585033961791438
63	0.015712478222134695
64	0.015603009900165051
65	0.015516242831491465
66	0.015447640215426366
67	0.01539256353730835
68	0.01534580985477796
69	0.015301903500628024
70	0.015255791304798125
71	0.015203567666353548
72	0.015142974999236189
73	0.015073539135858854
74	0.01499629543175378
75	0.01491319040779762
76	0.014826386334487202
77	0.014737749580697488
78	0.014648699209727101
79	0.014560387570344092
80	0.01447401766789852
81	0.014391068593096606
82	0.014313289354202379
83	0.01424245732526848
84	0.014180011337679191
85	0.014126724283399165
86	0.014082559452587256
87	0.014046764685010895
88	0.014018143281879503
89	0.013995368783941007
90	0.013977221895301727
91	0.01396269852558084
92	0.013951008265529766
93	0.0139415142452782
94	0.013933664183590549
95	0.013926950244199815
96	0.013920917657197737
97	0.013915214071086517
98	0.013909642640917336
99	0.013904175484005396
100	0.013898910073344256
101	0.013893989099750365
102	0.013889523668866605
103	0.013885550201586369
104	0.013882028183350765
105	0.01387886789351444
106	0.013875969949447549
107	0.013873258157783886
108	0.013870692138087507
109	0.01386825720273565
110	0.01386594186107895
111	0.01386371927371229
112	0.013861543822902209
113	0.013859362959886152
114	0.013857136193687869
115	0.013854851101395125
116	0.01385252888442587
117	0.013850217082398617
118	0.013847973291456917
119	0.013845848423774098
120	0.01384387758803456
121	0.013842080847029878
122	0.013840469608425148
123	0.013839052288744566
124	0.013837835579087472
125	0.013836821626217573
126	0.013836003779754944
127	0.013835363930926622
128	0.013834873554113909
129	0.013834498627255823
130	0.013834206320599403
131	0.01383397028176389
132	0.01383377245997619
133	0.01383360167795301
134	0.013833450682587078
135	0.013833313471880108
136	0.013833183976408344
137	0.013833056348108792
138	0.013832926281706417
139	0.013832792179098084
140	0.01383265511859078
141	0.013832517567776904
142	0.013832381740068098
143	0.013832248602132712
144	0.013832117898615662
145	0.013831988900460885
146	0.01383186132285901
147	0.013831735901909585
148	0.013831614325988624
149	0.013831498580282172
150	0.013831390135484765
151	0.013831289493385872
152	0.013831196306751642
153	0.013831109891538646
154	0.01383102975753389
155	0.01383095585640356
156	0.013830888461323965
157	0.013830827822016334
158	0.013830773866630846
159	0.013830726153527026
160	0.01383068405795487
161	0.013830647008324877
162	0.013830614602842399
163	0.013830586570633036
164	0.0138305626409191
165	0.013830542406353003
166	0.013830525258767419
167	0.013830510446511771
168	0.013830497230514412
169	0.013830485041113703
170	0.013830473538624977
171	0.013830462562055898
172	0.013830452028898037
173	0.013830441860055786
174	0.01383043196349368
175	0.013830422265419143
176	0.013830412752745462
177	0.01383040348961733
178	0.013830394593098594
179	0.013830386183986649
180	0.013830378343843198
181	0.01383037110010777
182	0.013830364440861371
183	0.013830358344224811
184	0.013830352800412856
185	0.013830347811110642
186	0.013830343369968258
187	0.01383033944433395
188	0.013830335975091151
189	0.01383033289312605
190	0.013830330138344433
191	0.013830327669981369
192	0.013830325465908976
193	0.013830323514012166
194	0.01383032180090632
195	0.01383032030446206
196	0.013830318994202733
197	0.013830317837634682
198	0.01383031680650055
199	0.013830315878611145
200	0.013830315035542778
201	0.013830314259474551
202	0.013830313532384522
203	0.013830312838519657
204	0.01383031216822534
205	0.01383031151999259
206	0.013830310899143338
207	0.013830310314061683
208	0.013830309772154041
209	0.013830309277354323
210	0.013830308830002223
211	0.013830308428585233
212	0.013830308071622473
213	0.013830307758070558
214	0.01383030748627144
215	0.013830307252872136
216	0.01383030705287048
217	0.013830306880666861
218	0.013830306731278275
219	0.013830306601019467
220	0.013830306487410566
221	0.013830306388557758
222	0.013830306302548431
223	0.013830306227315004
224	0.013830306160935352
225	0.013830306102022835
226	0.013830306049844445
227	0.013830306004074385
228	0.01383030596435663
229	0.013830305929979884
230	0.013830305899890448
231	0.013830305872974515
232	0.0138303058483539
233	0.01383030582550691
234	0.013830305804199519
235	0.013830305784334201
236	0.013830305765825652
237	0.013830305748582567
238	0.013830305732582428
239	0.01383030571793043
240	0.01383030570481689
241	0.013830305693398826
242	0.013830305683702259
243	0.013830305675607866
244	0.013830305668913192
245	0.013830305663418781
246	0.013830305658984233
247	0.01383030565551196
248	0.01383030565290148
249	0.013830305651015375
250	0.013830305649684802
251	0.01383030564874243
252	0.01383030564805035
253	0.013830305647516384
254	0.013830305647080408
255	0.013830305646694782
256	0.013830305646317518
257	0.013830305645914727
258	0.013830305645476632
259	0.013830305645017655
260	0.01383030564456795
261	0.013830305644153338
262	0.013830305643784648
263	0.013830305643455157
264	0.013830305643153447
265	0.013830305642873611
266	0.013830305642615016
267	0.013830305642382575
268	0.01383030564217589
269	0.013830305641991204
270	0.013830305641822117
271	0.013830305641665664
272	0.01383030564152426
273	0.013830305641402588
274	0.013830305641304878
275	0.013830305641229574
276	0.0138303056411731
277	0.013830305641130655
278	0.013830305641099857
279	0.013830305641078214
280	0.01383030564106352
281	0.013830305641051876
282	0.013830305641038057
283	0.013830305641018427
284	0.013830305640990618
285	0.013830305640954213
286	0.01383030564091288
287	0.013830305640868816
288	0.013830305640822538
289	0.013830305640776044
290	0.013830305640731257
291	0.013830305640688455
292	0.013830305640649469
293	0.013830305640614386
294	0.01383030564058323
295	0.013830305640554876
296	0.013830305640528506
297	0.013830305640503094
298	0.013830305640479715
299	0.013830305640458448
300	0.013830305640439246
301	0.013830305640420976
302	0.013830305640405693
303	0.01383030564039162
304	0.013830305640379228
305	0.013830305640367897
306	0.013830305640358007
307	0.013830305640348133
308	0.013830305640339303
309	0.013830305640330807
310	0.01383030564032268
311	0.013830305640314379
312	0.01383030564030723
313	0.013830305640299653
314	0.013830305640293625
315	0.013830305640287456
316	0.013830305640282018
317	0.013830305640276803
318	0.01383030564027293
319	0.013830305640269122
320	0.013830305640266188
321	0.013830305640263212
322	0.013830305640260795
323	0.013830305640258639
324	0.013830305640257185
325	0.013830305640255613
326	0.013830305640254349
327	0.013830305640253325
328	0.013830305640252182
329	0.013830305640251178
330	0.013830305640250385
331	0.013830305640249979
332	0.01383030564024927
333	0.013830305640248779
334	0.013830305640248062
335	0.013830305640247792
336	0.01383030564024751
337	0.013830305640247115
338	0.013830305640246966
339	0.013830305640246144
340	0.013830305640246237
341	0.01383030564024627
342	0.013830305640245998
343	0.013830305640245892
344	0.013830305640245571
345	0.01383030564024538
346	0.013830305640245307
347	0.013830305640245484
348	0.01383030564024511
349	0.013830305640245349
350	0.01383030564024525
351	0.013830305640245273
352	0.013830305640245236
353	0.01383030564024516
354	0.013830305640244886
355	0.013830305640245132
356	0.013830305640245621
357	0.01383030564024536
358	0.013830305640244888
359	0.0138303056402453
360	0.013830305640244943
361	0.013830305640244893
362	0.013830305640245297
363	0.013830305640245068
364	0.013830305640245111
365	0.013830305640245273
366	0.013830305640244995
367	0.0138303056402451
368	0.013830305640245302
369	0.013830305640245356
370	0.013830305640245198
371	0.01383030564024486
372	0.013830305640245013
373	0.013830305640245144
374	0.013830305640244954
375	0.01383030564024491
376	0.013830305640244716
377	0.013830305640244981
378	0.013830305640244945
379	0.013830305640245035
380	0.013830305640244967
381	0.01383030564024517
382	0.01383030564024507
383	0.013830305640245387
384	0.01383030564024514
385	0.013830305640245013
386	0.013830305640244567
387	0.01383030564024511
388	0.013830305640244895
389	0.01383030564024514
390	0.013830305640245195
391	0.013830305640245167
392	0.013830305640244907
393	0.013830305640245342
394	0.013830305640245125
395	0.013830305640245316
396	0.013830305640244784
397	0.013830305640244928
398	0.013830305640245042
399	0.013830305640244997
400	0.013830305640244836
401	0.01383030564024506
402	0.013830305640245026
403	0.013830305640245361
404	0.013830305640245216
405	0.013830305640245103
406	0.013830305640244903
407	0.013830305640244789
408	0.013830305640245288
409	0.0138303056402447
410	0.013830305640244773
411	0.013830305640244902
412	0.013830305640245018
413	0.013830305640245042
414	0.013830305640244683
415	0.01383030564024492
416	0.013830305640245113
417	0.013830305640244931
418	0.013830305640244851
419	0.013830305640244959
420	0.01383030564024496
421	0.013830305640245006
422	0.013830305640245105
423	0.013830305640244813
424	0.013830305640244947
425	0.01383030564024503
426	0.013830305640245082
427	0.013830305640245006
428	0.013830305640245096
429	0.013830305640245113
430	0.013830305640244884
431	0.013830305640245137
432	0.013830305640244936
433	0.01383030564024492
434	0.013830305640244994
435	0.013830305640245026
436	0.013830305640245021
437	0.013830305640244803
