  0.000000    0.37388957269365    0.00000000000000    0.00000000000000  
  0.010000    0.37391398571572   -0.00327784122337    0.00038809600981  
  0.020000    0.37398720818876   -0.00655572121268    0.00155181593585  
  0.030000    0.37410919034313   -0.00983367863349    0.00348945645926  
  0.040000    0.37427984926255   -0.01311175194794    0.00619818201740  
  0.050000    0.37449906893377   -0.01638997930633    0.00967402975020  
  0.060000    0.37476670031616   -0.01966839843081    0.01391191641104  
  0.070000    0.37508256143134   -0.02294704648858    0.01890564722849  
  0.080000    0.37544643747278   -0.02622595995230    0.02464792670093  
  0.090000    0.37585808093558   -0.02950517444527    0.03113037130266  
  0.100000    0.37631721176650   -0.03278472456950    0.03834352407576  
  0.110000    0.37682351753427   -0.03606464371449    0.04627687107864  
  0.120000    0.37737665362036   -0.03934496384522    0.05491885965826  
  0.130000    0.37797624343032   -0.04262571526768    0.06425691850935  
  0.140000    0.37862187862579   -0.04590692637079    0.07427747948046  
  0.150000    0.37931311937729   -0.04918862334367    0.08496600108325  
  0.160000    0.38004949463796   -0.05247082986743    0.09630699365777  
  0.170000    0.38083050243832   -0.05575356678126    0.10828404614354  
  0.180000    0.38165561020219   -0.05903685172237    0.12087985440268  
  0.190000    0.38252425508378   -0.06232069874012    0.13407625103854  
  0.200000    0.38343584432623   -0.06560511788462    0.14785423665023  
  0.210000    0.38438975564146   -0.06889011477071    0.16219401246045  
  0.220000    0.38538533761147   -0.07217569011801    0.17707501425165  
  0.230000    0.38642191011117   -0.07546183926874    0.19247594754262  
  0.240000    0.38749876475266   -0.07874855168458    0.20837482393552  
  0.250000    0.38861516535097   -0.08203581042460    0.22474899856073  
  0.260000    0.38977034841121   -0.08532359160626    0.24157520854525  
  0.270000    0.39096352363708   -0.08861186385199    0.25882961242792  
  0.280000    0.39219387446053   -0.09190058772382    0.27648783044331  
  0.290000    0.39346055859251   -0.09518971514885    0.29452498559437  
  0.300000    0.39476270859453   -0.09847918883865    0.31291574543251  
  0.310000    0.39609943247086   -0.10176894170560    0.33163436446249  
  0.320000    0.39746981428108   -0.10505889627963    0.35065472708841  
  0.330000    0.39887291477255   -0.10834896412850    0.36995039101635  
  0.340000    0.40030777203260   -0.11163904528546    0.38949463102816  
  0.350000    0.40177340215987   -0.11492902768741    0.40926048304077  
  0.360000    0.40326879995446   -0.11821878662760    0.42922078836481  
  0.370000    0.40479293962621   -0.12150818422598    0.44934823807625  
  0.380000    0.40634477552078   -0.12479706892115    0.46961541741476  
  0.390000    0.40792324286270   -0.12808527498713    0.48999485012301  
  0.400000    0.40952725851482   -0.13137262207850    0.51045904264118  
  0.410000    0.41115572175360   -0.13465891480714    0.53098052807184  
  0.420000    0.41280751505919   -0.13794394235373    0.55153190983114  
  0.430000    0.41448150491980   -0.14122747811706    0.57208590490323  
  0.440000    0.41617654264937   -0.14450927940384    0.59261538661604  
  0.450000    0.41789146521775   -0.14778908716169    0.61309342685796  
  0.460000    0.41962509609239   -0.15106662575759    0.63349333765649  
  0.470000    0.42137624609071   -0.15434160280394    0.65378871204167  
  0.480000    0.42314371424209   -0.15761370903398    0.67395346411915  
  0.490000    0.42492628865854   -0.16088261822812    0.69396186827958  
  0.500000    0.42672274741293   -0.16414798719249    0.71378859747354  
  0.510000    0.42853185942385   -0.16740945579047    0.73340876048343  
  0.520000    0.43035238534593   -0.17066664702790    0.75279793812641  
  0.530000    0.43218307846454   -0.17391916719222    0.77193221832506  
  0.540000    0.43402268559387   -0.17716660604543    0.79078822998552  
  0.550000    0.43586994797713   -0.18040853707051    0.80934317562542  
  0.560000    0.43772360218790   -0.18364451777060    0.82757486269747  
  0.570000    0.43958238103135   -0.18687409001977    0.84546173355748  
  0.580000    0.44144501444448   -0.19009678046421    0.86298289402881  
  0.590000    0.44331023039394   -0.19331210097197    0.88011814051911  
  0.600000    0.44517675577065   -0.19651954912942    0.89684798564811  
  0.610000    0.44704331727992   -0.19971860878211    0.91315368234922  
  0.620000    0.44890864232615   -0.20290875061758    0.92901724641110  
  0.630000    0.45077145989098   -0.20608943278734    0.94442147742921  
  0.640000    0.45263050140395   -0.20926010156500    0.95934997814086  
  0.650000    0.45448450160458   -0.21242019203745    0.97378717212141  
  0.660000    0.45633219939508   -0.21556912882576    0.98771831982253  
  0.670000    0.45817233868261   -0.21870632683219    1.00112953293793  
  0.680000    0.46000366921026   -0.22183119200975    1.01400778708506  
  0.690000    0.46182494737601   -0.22494312215060    1.02634093279572  
  0.700000    0.46363493703864   -0.22804150768951    1.03811770481191  
  0.710000    0.46543241031010   -0.23112573251846    1.04932772968714  
  0.720000    0.46721614833342   -0.23419517480865    1.05996153169727  
  0.730000    0.46898494204557   -0.23724920783596    1.07001053706848  
  0.740000    0.47073759292469   -0.24028720080621    1.07946707653358  
  0.750000    0.47247291372105   -0.24330851967643    1.08832438623175  
  0.760000    0.47418972917122   -0.24631252796848    1.09657660696978  
  0.770000    0.47588687669506   -0.24929858757161    1.10421878186684  
  0.780000    0.47756320707501   -0.25226605953063    1.11124685240765  
  0.790000    0.47921758511735   -0.25521430481633    1.11765765293252  
  0.800000    0.48084889029511   -0.25814268507546    1.12344890359558  
  0.810000    0.48245601737231   -0.26105056335722    1.12861920182564  
  0.820000    0.48403787700937   -0.26393730481388    1.13316801232700  
  0.830000    0.48559339634944   -0.26680227737324    1.13709565566019  
  0.840000    0.48712151958551   -0.26964485238080    1.14040329544534  
  0.850000    0.48862120850827   -0.27246440520995    1.14309292423325  
  0.860000    0.49009144303455   -0.27526031583871    1.14516734809167  
  0.870000    0.49153122171642   -0.27803196939173    1.14663016995633  
  0.880000    0.49293956223092   -0.28077875664681    1.14748577179841  
  0.890000    0.49431550185045   -0.28350007450519    1.14773929566205  
  0.900000    0.49565809789390   -0.28619532642527    1.14739662362693  
  0.910000    0.49696642815876   -0.28886392281998    1.14646435675284  
  0.920000    0.49823959133409   -0.29150528141766    1.14494979306440  
  0.930000    0.49947670739473   -0.29411882758742    1.14286090463519  
  0.940000    0.50067691797689   -0.29670399462937    1.14020631383178  
  0.950000    0.50183938673517   -0.29926022403113    1.13699526877908  
  0.960000    0.50296329968146   -0.30178696569164    1.13323761810875  
  0.970000    0.50404786550571   -0.30428367811395    1.12894378505366  
  0.980000    0.50509231587901   -0.30674982856868    1.12412474095104  
  0.990000    0.50609590573905   -0.30918489323003    1.11879197821778  
  1.000000    0.50705791355837   -0.31158835728643    1.11295748286107  
  1.010000    0.50797764159548   -0.31395971502809    1.10663370658771  
  1.020000    0.50885441612930   -0.31629846991378    1.09983353857495  
  1.030000    0.50968758767699   -0.31860413461930    1.09257027696565  
  1.040000    0.51047653119553   -0.32087623107009    1.08485760014976  
  1.050000    0.51122064626728   -0.32311429046068    1.07670953789360  
  1.060000    0.51191935726969   -0.32531785326350    1.06814044237755  
  1.070000    0.51257211352948   -0.32748646922969    1.05916495920199  
  1.080000    0.51317838946148   -0.32961969738442    1.04979799841998  
  1.090000    0.51373768469229   -0.33171710601937    1.04005470565432  
  1.100000    0.51424952416905   -0.33377827268483    1.02995043335517  
  1.110000    0.51471345825338   -0.33580278418363    1.01950071225301  
  1.120000    0.51512906280086   -0.33779023656947    1.00872122306032  
  1.130000    0.51549593922601   -0.33974023515148    0.99762776847371  
  1.140000    0.51581371455302   -0.34165239450726    0.98623624552649  
  1.150000    0.51608204145239   -0.34352633850611    0.97456261834013  
  1.160000    0.51630059826355   -0.34536170034401    0.96262289132087  
  1.170000    0.51646908900362   -0.34715812259210    0.95043308284621  
  1.180000    0.51658724336237   -0.34891525725960    0.93800919948381  
  1.190000    0.51665481668351   -0.35063276587239    0.92536721078322  
  1.200000    0.51667158993238   -0.35231031956808    0.91252302467920  
  1.210000    0.51663736965011   -0.35394759920807    0.89949246354264  
  1.220000    0.51655198789435   -0.35554429550709    0.88629124091363  
  1.230000    0.51641530216662   -0.35710010918028    0.87293493894836  
  1.240000    0.51622719532624   -0.35861475110782    0.85943898660985  
  1.250000    0.51598757549111   -0.36008794251668    0.84581863863003  
  1.260000    0.51569637592521   -0.36151941517911    0.83208895526837  
  1.270000    0.51535355491290   -0.36290891162709    0.81826478289026  
  1.280000    0.51495909562014   -0.36425618538171    0.80436073538578  
  1.290000    0.51451300594269   -0.36556100119655    0.79039117644748  
  1.300000    0.51401531834126   -0.36682313531359    0.77637020272352  
  1.310000    0.51346608966371   -0.36804237573027    0.76231162785999  
  1.320000    0.51286540095450   -0.36921852247607    0.74822896744456  
  1.330000    0.51221335725126   -0.37035138789691    0.73413542486080  
  1.340000    0.51151008736871   -0.37144079694536    0.72004387806088  
  1.350000    0.51075574367007   -0.37248658747495    0.70596686726189  
  1.360000    0.50995050182589   -0.37348861053631    0.69191658356896  
  1.370000    0.50909456056065   -0.37444673067319    0.67790485852655  
  1.380000    0.50818814138707   -0.37536082621621    0.66394315459686  
  1.390000    0.50723148832849   -0.37623078957213    0.65004255656275  
  1.400000    0.50622486762929   -0.37705652750662    0.63621376385028  
  1.410000    0.50516856745366   -0.37783796141827    0.62246708376438  
  1.420000    0.50406289757291   -0.37857502760185    0.60881242562923  
  1.430000    0.50290818904152   -0.37926767749881    0.59525929582311  
  1.440000    0.50170479386211   -0.37991587793296    0.58181679369600  
  1.450000    0.50045308463976   -0.38051961132968    0.56849360835624  
  1.460000    0.49915345422566   -0.38107887591673    0.55529801631141  
  1.470000    0.49780631535074   -0.38159368590511    0.54223787994667  
  1.480000    0.49641210024921   -0.38206407164859    0.52932064682269  
  1.490000    0.49497126027258   -0.38249007978045    0.51655334977378  
  1.500000    0.49348426549443   -0.38287177332636    0.50394260778548  
  1.510000    0.49195160430617   -0.38320923179230    0.49149462762996  
  1.520000    0.49037378300431   -0.38350255122689    0.47921520623585  
  1.530000    0.48875132536944   -0.38375184425728    0.46710973376887  
  1.540000    0.48708477223745   -0.38395724009826    0.45518319739772  
  1.550000    0.48537468106322   -0.38411888453437    0.44344018571956  
  1.560000    0.48362162547736   -0.38423693987484    0.43188489381811  
  1.570000    0.48182619483619   -0.38431158488144    0.42052112892672  
  1.580000    0.47998899376554   -0.38434301466973    0.40935231666816  
  1.590000    0.47811064169869   -0.38433144058390    0.39838150784231  
  1.600000    0.47619177240885   -0.38427709004610    0.38761138573208  
  1.610000    0.47423303353670   -0.38418020638081    0.37704427389797  
  1.620000    0.47223508611323   -0.38404104861541    0.36668214443073  
  1.630000    0.47019860407851   -0.38385989125795    0.35652662663173  
  1.640000    0.46812427379652   -0.38363702405326    0.34657901609013  
  1.650000    0.46601279356676   -0.38337275171895    0.33684028412605  
  1.660000    0.46386487313277   -0.38306739366243    0.32731108756855  
  1.670000    0.46168123318813   -0.38272128368082    0.31799177883758  
  1.680000    0.45946260488020   -0.38233476964502    0.30888241629882  
  1.690000    0.45720972931208   -0.38190821316982    0.29998277486076  
  1.700000    0.45492335704314   -0.38144198927161    0.29129235678328  
  1.710000    0.45260424758831   -0.38093648601540    0.28281040266761  
  1.720000    0.45025316891682   -0.38039210415299    0.27453590259763  
  1.730000    0.44787089695037   -0.37980925675380    0.26646760740300  
  1.740000    0.44545821506127   -0.37918836883015    0.25860404001513  
  1.750000    0.44301591357076   -0.37852987695863    0.25094350688748  
  1.760000    0.44054478924794   -0.37783422889906    0.24348410945224  
  1.770000    0.43804564480938   -0.37710188321265    0.23622375558624  
  1.780000    0.43551928841994   -0.37633330888061    0.22916017105960  
  1.790000    0.43296653319484   -0.37552898492472    0.22229091094121  
  1.800000    0.43038819670341   -0.37468940003093    0.21561337093631  
  1.810000    0.42778510047462   -0.37381505217721    0.20912479863196  
  1.820000    0.42515806950474   -0.37290644826644    0.20282230462732  
  1.830000    0.42250793176728   -0.37196410376539    0.19670287352646  
  1.840000    0.41983551772541   -0.37098854235033    0.19076337477250  
  1.850000    0.41714165984715   -0.36998029555990    0.18500057330292  
  1.860000    0.41442719212340   -0.36893990245562    0.17941114000676  
  1.870000    0.41169294958918   -0.36786790929032    0.17399166196573  
  1.880000    0.40893976784802   -0.36676486918461    0.16873865246223  
  1.890000    0.40616848259992   -0.36563134181140    0.16364856073839  
  1.900000    0.40337992917291   -0.36446789308816    0.15871778149139  
  1.910000    0.40057494205841   -0.36327509487687    0.15394266409160  
  1.920000    0.39775435445064   -0.36205352469104    0.14931952151098  
  1.930000    0.39491899779009   -0.36080376540926    0.14484463895068  
  1.940000    0.39206970131145   -0.35952640499479    0.14051428215761  
  1.950000    0.38920729159592   -0.35822203622023    0.13632470542120  
  1.960000    0.38633259212830   -0.35689125639658    0.13227215924255  
  1.970000    0.38344642285893   -0.35553466710565    0.12835289766954  
  1.980000    0.38054959977064   -0.35415287393491    0.12456318529221  
  1.990000    0.37764293445103   -0.35274648621373    0.12089930389440  
  2.000000    0.37472723367010   -0.35131611674990    0.11735755875837  
  2.010000    0.37180329896365   -0.34986238156536    0.11393428462016  
  2.020000    0.36887192622243   -0.34838589963002    0.11062585127496  
  2.030000    0.36593390528749   -0.34688729259260    0.10742866883224  
  2.040000    0.36299001955173   -0.34536718450737    0.10433919262183  
  2.050000    0.36004104556814   -0.34382620155576    0.10135392775288  
  2.060000    0.35708775266475   -0.34226497176193    0.09846943332860  
  2.070000    0.35413090256667   -0.34068412470122    0.09568232632081  
  2.080000    0.35117124902548   -0.33908429120080    0.09298928510869  
  2.090000    0.34820953745616   -0.33746610303163    0.09038705268753  
  2.100000    0.34524650458201   -0.33583019259114    0.08787243955363  
  2.110000    0.34228287808758   -0.33417719257606    0.08544232627235  
  2.120000    0.33931937628023   -0.33250773564503    0.08309366573715  
  2.130000    0.33635670776035   -0.33082245407056    0.08082348512771  
  2.140000    0.33339557110065   -0.32912197938032    0.07862888757629  
  2.150000    0.33043665453490   -0.32740694198768    0.07650705355161  
  2.160000    0.32748063565629   -0.32567797081156    0.07445524197023  
  2.170000    0.32452818112584   -0.32393569288600    0.07247079104574  
  2.180000    0.32157994639107   -0.32218073295970    0.07055111888654  
  2.190000    0.31863657541544   -0.32041371308627    0.06869372385325  
  2.200000    0.31569870041853   -0.31863525220569    0.06689618468703  
  2.210000    0.31276694162768   -0.31684596571807    0.06515616042043  
  2.220000    0.30984190704104   -0.31504646505052    0.06347139008246  
  2.230000    0.30692419220252   -0.31323735721827    0.06183969220972  
  2.240000    0.30401437998887   -0.31141924438144    0.06025896417563  
  2.250000    0.30111304040920   -0.30959272339860    0.05872718134951  
  2.260000    0.29822073041710   -0.30775838537871    0.05724239609777  
  2.270000    0.29533799373573   -0.30591681523305    0.05580273663878  
  2.280000    0.29246536069610   -0.30406859122861    0.05440640576346  
  2.290000    0.28960334808861   -0.30221428454485    0.05305167943319  
  2.300000    0.28675245902829   -0.30035445883542    0.05173690526648  
  2.310000    0.28391318283372   -0.29848966979675    0.05046050092569  
  2.320000    0.28108599491989   -0.29662046474533    0.04922095241491  
  2.330000    0.27827135670505   -0.29474738220552    0.04801681229972  
  2.340000    0.27546971553179   -0.29287095150965    0.04684669785921  
  2.350000    0.27268150460236   -0.29099169241242    0.04570928918054  
  2.360000    0.26990714292820   -0.28911011472113    0.04460332720573  
  2.370000    0.26714703529395   -0.28722671794370    0.04352761174011  
  2.380000    0.26440157223570   -0.28534199095601    0.04248099943136  
  2.390000    0.26167113003360   -0.28345641169023    0.04146240172801  
  2.400000    0.25895607071876   -0.28157044684554    0.04047078282519  
  2.410000    0.25625674209433   -0.27968455162272    0.03950515760579  
  2.420000    0.25357347777067   -0.27779916948387    0.03856458958403  
  2.430000    0.25090659721447   -0.27591473193828    0.03764818885853  
  2.440000    0.24825640581161   -0.27403165835564    0.03675511008115  
  2.450000    0.24562319494372   -0.27215035580725    0.03588455044765  
  2.460000    0.24300724207796   -0.27027121893607    0.03503574771567  
  2.470000    0.24040881086997   -0.26839462985603    0.03420797825504  
  2.480000    0.23782815127968   -0.26652095808102    0.03340055513515  
  2.490000    0.23526549969952   -0.26465056048372    0.03261282625348  
  2.500000    0.23272107909496   -0.26278378128430    0.03184417250902  
  2.510000    0.23019509915668   -0.26092095206881    0.03109400602401  
  2.520000    0.22768775646439   -0.25906239183691    0.03036176841689  
  2.530000    0.22519923466146   -0.25720840707849    0.02964692912887  
  2.540000    0.22272970464029   -0.25535929187841    0.02894898380647  
  2.550000    0.22027932473777   -0.25351532804861    0.02826745274163  
  2.560000    0.21784824094043   -0.25167678528650    0.02760187937088  
  2.570000    0.21543658709877   -0.24984392135852    0.02695182883466  
  2.580000    0.21304448515028   -0.24801698230768    0.02631688659757  
  2.590000    0.21067204535069   -0.24619620268343    0.02569665712992  
  2.600000    0.20831936651275   -0.24438180579251    0.02509076265091  
  2.610000    0.20598653625230   -0.24257400396911    0.02449884193320  
  2.620000    0.20367363124074   -0.24077299886250    0.02392054916864  
  2.630000    0.20138071746363   -0.23897898174039    0.02335555289457  
  2.640000    0.19910785048472   -0.23719213380610    0.02280353497987  
  2.650000    0.19685507571486   -0.23541262652761    0.02226418966990  
  2.660000    0.19462242868531   -0.23364062197649    0.02173722268904  
  2.670000    0.19240993532481   -0.23187627317470    0.02122235039973  
  2.680000    0.19021761223984   -0.23011972444735    0.02071929901631  
  2.690000    0.18804546699762   -0.22837111177920    0.02022780387243  
  2.700000    0.18589349841122   -0.22663056317324    0.01974760874007  
  2.710000    0.18376169682624   -0.22489819900905    0.01927846519851  
  2.720000    0.18165004440858   -0.22317413239938    0.01882013205158  
  2.730000    0.17955851543275   -0.22145846954296    0.01837237479099  
  2.740000    0.17748707657018   -0.21975131007176    0.01793496510404  
  2.750000    0.17543568717708   -0.21805274739120    0.01750768042365  
  2.760000    0.17340429958140   -0.21636286901169    0.01709030351861  
  2.770000    0.17139285936833   -0.21468175687001    0.01668262212224  
  2.780000    0.16940130566396   -0.21300948763928    0.01628442859715  
  2.790000    0.16742957141661   -0.21134613302640    0.01589551963436  
  2.800000    0.16547758367554   -0.20969176005579    0.01551569598458  
  2.810000    0.16354526386648   -0.20804643133859    0.01514476221970  
  2.820000    0.16163252806369   -0.20641020532659    0.01478252652261  
  2.830000    0.15973928725823   -0.20478313655021    0.01442880050333  
  2.840000    0.15786544762202   -0.20316527584025    0.01408339903958  
  2.850000    0.15601091076740   -0.20155667053281    0.01374614014004  
  2.860000    0.15417557400196   -0.19995736465754    0.01341684482831  
  2.870000    0.15235933057826   -0.19836739910900    0.01309533704609  
  2.880000    0.15056206993825   -0.19678681180142    0.01278144357362  
  2.890000    0.14878367795220   -0.19521563780702    0.01247499396598  
  2.900000    0.14702403715178   -0.19365390947832    0.01217582050355  
  2.910000    0.14528302695728   -0.19210165655513    0.01188375815511  
  2.920000    0.14356052389867   -0.19055890625665    0.01159864455226  
  2.930000    0.14185640183039   -0.18902568335960    0.01132031997361  
  2.940000    0.14017053213978   -0.18750201026322    0.01104862733757  
  2.950000    0.13850278394895   -0.18598790704201    0.01078341220238  
  2.960000    0.13685302431009   -0.18448339148742    0.01052452277222  
  2.970000    0.13522111839406   -0.18298847913935    0.01027180990829  
  2.980000    0.13360692967232   -0.18150318330881    0.01002512714383  
  2.990000    0.13201032009196   -0.18002751509284    0.00978433070191  
  3.000000    0.13043115024404   -0.17856148338285    0.00954927951530  
  3.010000    0.12886927952512   -0.17710509486778    0.00931983524738  
  3.020000    0.12732456629191   -0.17565835403312    0.00909586231320  
  3.030000    0.12579686800920   -0.17422126315715    0.00887722790027  
  3.040000    0.12428604139105   -0.17279382230554    0.00866380198788  
  3.050000    0.12279194253530   -0.17137602932550    0.00845545736488  
  3.060000    0.12131442705136   -0.16996787984055    0.00825206964477  
  3.070000    0.11985335018160   -0.16856936724709    0.00805351727809  
  3.080000    0.11840856691608   -0.16718048271361    0.00785968156129  
  3.090000    0.11697993210110   -0.16580121518365    0.00767044664178  
  3.100000    0.11556730054128   -0.16443155138315    0.00748569951892  
  3.110000    0.11417052709566   -0.16307147583312    0.00730533004039  
  3.120000    0.11278946676765   -0.16172097086820    0.00712923089401  
  3.130000    0.11142397478914   -0.16038001666167    0.00695729759447  
  3.140000    0.11007390669880   -0.15904859125735    0.00678942846511  
  3.150000    0.10873911841480   -0.15772667060883    0.00662552461450  
  3.160000    0.10741946630207   -0.15641422862606    0.00646548990776  
  3.170000    0.10611480723425   -0.15511123722967    0.00630923093266  
  3.180000    0.10482499865046   -0.15381766641282    0.00615665696060  
  3.190000    0.10354989860719   -0.15253348431066    0.00600767990240  
  3.200000    0.10228936582528   -0.15125865727699    0.00586221425912  
  3.210000    0.10104325973242   -0.14999314996809    0.00572017706812  
  3.220000    0.09981144050108   -0.14873692543304    0.00558148784445  
  3.230000    0.09859376908230   -0.14748994521023    0.00544606851790  
  3.240000    0.09739010723534   -0.14625216942943    0.00531384336596  
  3.250000    0.09620031755355   -0.14502355691875    0.00518473894296  
  3.260000    0.09502426348642   -0.14380406531575    0.00505868400583  
  3.270000    0.09386180935833   -0.14259365118200    0.00493560943667  
  3.280000    0.09271282038386   -0.14139227012019    0.00481544816274  
  3.290000    0.09157716268008   -0.14019987689291    0.00469813507406  
  3.300000    0.09045470327596   -0.13901642554225    0.00458360693926  
  3.310000    0.08934531011901   -0.13784186950927    0.00447180231990  
  3.320000    0.08824885207950   -0.13667616175237    0.00436266148392  
  3.330000    0.08716519895231   -0.13551925486368    0.00425612631854  
  3.340000    0.08609422145671   -0.13437110118252    0.00415214024319  
  3.350000    0.08503579123419   -0.13323165290500    0.00405064812280  
  3.360000    0.08398978084455   -0.13210086218899    0.00395159618211  
  3.370000    0.08295606376051   -0.13097868125345    0.00385493192126  
  3.380000    0.08193451436086   -0.12986506247154    0.00376060403325  
  3.390000    0.08092500792252   -0.12875995845662    0.00366856232368  
  3.400000    0.07992742061152   -0.12766332214054    0.00357875763317  
  3.410000    0.07894162947322   -0.12657510684370    0.00349114176288  
  3.420000    0.07796751242181   -0.12549526633627    0.00340566740354  
  3.430000    0.07700494822932   -0.12442375489011    0.00332228806828  
  3.440000    0.07605381651432   -0.12336052732131    0.00324095802966  
  3.450000    0.07511399773037   -0.12230553902269    0.00316163226120  
  3.460000    0.07418537315447   -0.12125874598656    0.00308426638356  
  3.470000    0.07326782487553   -0.12022010481729    0.00300881661575  
  3.480000    0.07236123578312   -0.11918957273408    0.00293523973148  
  3.490000    0.07146548955652   -0.11816710756376    0.00286349302081  
  3.500000    0.07058047065422   -0.11715266772409    0.00279353425716  
  3.510000    0.06970606430401   -0.11614621219778    0.00272532166991  
  3.520000    0.06884215649364   -0.11514770049768    0.00265881392235  
  3.530000    0.06798863396232   -0.11415709262362    0.00259397009527  
  3.540000    0.06714538419296   -0.11317434901151    0.00253074967582  
  3.550000    0.06631229540536   -0.11219943047537    0.00246911255182  
  3.560000    0.06548925655028   -0.11123229814293    0.00240901901113  
  3.570000    0.06467615730455   -0.11027291338577    0.00235042974607  
  3.580000    0.06387288806722   -0.10932123774462    0.00229330586255  
  3.590000    0.06307933995681   -0.10837723285086    0.00223760889367  
  3.600000    0.06229540480951   -0.10744086034510    0.00218330081759  
  3.610000    0.06152097517873   -0.10651208179375    0.00213034407917  
  3.620000    0.06075594433547   -0.10559085860455    0.00207870161507  
  3.630000    0.06000020627006   -0.10467715194214    0.00202833688207  
  3.640000    0.05925365569476   -0.10377092264443    0.00197921388792  
  3.650000    0.05851618804761   -0.10287213114095    0.00193129722452  
  3.660000    0.05778769949714   -0.10198073737389    0.00188455210289  
  3.670000    0.05706808694818   -0.10109670072297    0.00183894438940  
  3.680000    0.05635724804858   -0.10021997993481    0.00179444064288  
  3.690000    0.05565508119679   -0.09935053305766    0.00175100815215  
  3.700000    0.05496148555026   -0.09848831738238    0.00170861497330  
  3.710000    0.05427636103464   -0.09763328939017    0.00166722996653  
  3.720000    0.05359960835361   -0.09678540470779    0.00162682283183  
  3.730000    0.05293112899931   -0.09594461807079    0.00158736414320  
  3.740000    0.05227082526330   -0.09511088329529    0.00154882538085  
  3.750000    0.05161860024794   -0.09428415325850    0.00151117896109  
  3.760000    0.05097435787811   -0.09346437988853    0.00147439826341  
  3.770000    0.05033800291319   -0.09265151416345    0.00143845765442  
  3.780000    0.04970944095913   -0.09184550611985    0.00140333250830  
  3.790000    0.04908857848064   -0.09104630487091    0.00136899922346  
  3.800000    0.04847532281332   -0.09025385863377    0.00133543523518  
  3.810000    0.04786958217561   -0.08946811476621    0.00130261902388  
  3.820000    0.04727126568057   -0.08868901981214    0.00127053011899  
  3.830000    0.04668028334731   -0.08791651955583    0.00123914909818  
  3.840000    0.04609654611199   -0.08715055908411    0.00120845758180  
  3.850000    0.04551996583832   -0.08639108285626    0.00117843822263  
  3.860000    0.04495045532754   -0.08563803478093    0.00114907469073  
  3.870000    0.04438792832765   -0.08489135829933    0.00112035165364  
  3.880000    0.04383229954195   -0.08415099647406    0.00109225475177  
  3.890000    0.04328348463680   -0.08341689208273    0.00106477056931  
  3.900000    0.04274140024844   -0.08268898771560    0.00103788660071  
  3.910000    0.04220596398900   -0.08196722587629    0.00101159121299  
  3.920000    0.04167709445140   -0.08125154908467    0.00098587360405  
  3.930000    0.04115471121340   -0.08054189998107    0.00096072375740  
  3.940000    0.04063873484043   -0.07983822143078    0.00093613239349  
  3.950000    0.04012908688750   -0.07914045662799    0.00091209091805  
  3.960000    0.03962568989990   -0.07844854919810    0.00088859136790  
  3.970000    0.03912846741287   -0.07776244329765    0.00086562635445  
  3.980000    0.03863734395008   -0.07708208371083    0.00084318900548  
  3.990000    0.03815224502110   -0.07640741594180    0.00082127290562  
  4.000000    0.03767309711765   -0.07573838630188    0.00079987203588  
  4.010000    0.03719982770888   -0.07507494199106    0.00077898071281  
  4.020000    0.03673236523550   -0.07441703117280    0.00075859352774  
  4.030000    0.03627063910294   -0.07376460304178    0.00073870528651  
  4.040000    0.03581457967351   -0.07311760788378    0.00071931095021  
  4.050000    0.03536411825758   -0.07247599712729    0.00070040557739  
  4.060000    0.03491918710389   -0.07183972338646    0.00068198426817  
  4.070000    0.03447971938902   -0.07120874049492    0.00066404211064  
  4.080000    0.03404564920607   -0.07058300353034    0.00064657412999  
  4.090000    0.03361691155262   -0.06996246882944    0.00062957524087  
  4.100000    0.03319344231799   -0.06934709399356    0.00061304020302  
  4.110000    0.03277517827002   -0.06873683788450    0.00059696358088  
  4.120000    0.03236205704122   -0.06813166061112    0.00058133970712  
  4.130000    0.03195401711458   -0.06753152350653    0.00056616265063  
  4.140000    0.03155099780892   -0.06693638909641    0.00055142618894  
  4.150000    0.03115293926403   -0.06634622105868    0.00053712378540  
  4.160000    0.03075978242558   -0.06576098417506    0.00052324857117  
  4.170000    0.03037146902982   -0.06518064427493    0.00050979333216  
  4.180000    0.02998794158832   -0.06460516817222    0.00049675050084  
  4.190000    0.02960914337263   -0.06403452359590    0.00048411215307  
  4.200000    0.02923501839905   -0.06346867911473    0.00047187000980  
  4.210000    0.02886551141352   -0.06290760405727    0.00046001544350  
  4.220000    0.02850056787673   -0.06235126842757    0.00044853948937  
  4.230000    0.02814013394943   -0.06179964281784    0.00043743286088  
  4.240000    0.02778415647814   -0.06125269831859    0.00042668596968  
  4.250000    0.02743258298112   -0.06071040642731    0.00041628894938  
  4.260000    0.02708536163477   -0.06017273895659    0.00040623168318  
  4.270000    0.02674244126055   -0.05963966794251    0.00039650383469  
  4.280000    0.02640377131221   -0.05911116555425    0.00038709488194  
  4.290000    0.02606930186365   -0.05858720400574    0.00037799415391  
  4.300000    0.02573898359722   -0.05806775547023    0.00036919086933  
  4.310000    0.02541276779260   -0.05755279199860    0.00036067417729  
  4.320000    0.02509060631616   -0.05704228544214    0.00035243319923  
  4.330000    0.02477245161091   -0.05653620738062    0.00034445707189  
  4.340000    0.02445825668696   -0.05603452905614    0.00033673499069  
  4.350000    0.02414797511251   -0.05553722131359    0.00032925625319  
  4.360000    0.02384156100536   -0.05504425454807    0.00032201030214  
  4.370000    0.02353896902489   -0.05455559865980    0.00031498676769  
  4.380000    0.02324015436458   -0.05407122301702    0.00030817550826  
  4.390000    0.02294507274486   -0.05359109642692    0.00030156664982  
  4.400000    0.02265368040644   -0.05311518711512    0.00029515062305  
  4.410000    0.02236593410406   -0.05264346271369    0.00028891819803  
  4.420000    0.02208179110043   -0.05217589025767    0.00028286051619  
  4.430000    0.02180120916059   -0.05171243619033    0.00027696911916  
  4.440000    0.02152414654648   -0.05125306637673    0.00027123597424  
  4.450000    0.02125056201168   -0.05079774612569    0.00026565349622  
  4.460000    0.02098041479636   -0.05034644021954    0.00026021456550  
  4.470000    0.02071366462230   -0.04989911295168    0.00025491254207  
  4.480000    0.02045027168798   -0.04945572817116    0.00024974127555  
  4.490000    0.02019019666372   -0.04901624933398    0.00024469511090  
  4.500000    0.01993340068675   -0.04858063956046    0.00023976889004  
  4.510000    0.01967984535621   -0.04814886169809    0.00023495794913  
  4.520000    0.01942949272812   -0.04772087838915    0.00023025811177  
  4.530000    0.01918230531007   -0.04729665214232    0.00022566567812  
  4.540000    0.01893824605587   -0.04687614540767    0.00022117740997  
  4.550000    0.01869727835984   -0.04645932065403    0.00021679051213  
  4.560000    0.01845936605099   -0.04604614044809    0.00021250261025  
  4.570000    0.01822447338688   -0.04563656753432    0.00020831172519  
  4.580000    0.01799256504715   -0.04523056491487    0.00020421624448  
  4.590000    0.01776360612685   -0.04482809592864    0.00020021489092  
  4.600000    0.01753756212939   -0.04442912432870    0.00019630668881  
  4.610000    0.01731439895924   -0.04403361435722    0.00019249092810  
  4.620000    0.01709408291424   -0.04364153081720    0.00018876712685  
  4.630000    0.01687658067770   -0.04325283914016    0.00018513499237  
  4.640000    0.01666185931018   -0.04286750544924    0.00018159438152  
  4.650000    0.01644988624095   -0.04248549661686    0.00017814526041  
  4.660000    0.01624062925926   -0.04210678031658    0.00017478766413  
  4.670000    0.01603405650539   -0.04173132506842    0.00017152165678  
  4.680000    0.01583013646146   -0.04135910027732    0.00016834729219  
  4.690000    0.01562883794209   -0.04099007626424    0.00016526457588  
  4.700000    0.01543013008501   -0.04062422428971    0.00016227342845  
  4.710000    0.01523398234150   -0.04026151656943    0.00015937365095  
  4.720000    0.01504036446685   -0.03990192628191    0.00015656489242  
  4.730000    0.01484924651087   -0.03954542756797    0.00015384662007  
  4.740000    0.01466059880838   -0.03919199552215    0.00015121809229  
  4.750000    0.01447439196989   -0.03884160617610    0.00014867833476  
  4.760000    0.01429059687247   -0.03849423647410    0.00014622612006  
  4.770000    0.01410918465076   -0.03814986424106    0.00014385995070  
  4.780000    0.01393012668835   -0.03780846814312    0.00014157804597  
  4.790000    0.01375339460946   -0.03747002764145    0.00013937833261  
  4.800000    0.01357896027099   -0.03713452293961    0.00013725843951  
  4.810000    0.01340679575505   -0.03680193492498    0.00013521569624  
  4.820000    0.01323687336195   -0.03647224510496    0.00013324713575  
  4.830000    0.01306916560371   -0.03614543553841    0.00013134950085  
  4.840000    0.01290364519817   -0.03582148876324    0.00012951925474  
  4.850000    0.01274028506372   -0.03550038772059    0.00012775259516  
  4.860000    0.01257905831463   -0.03518211567669    0.00012604547218  
  4.870000    0.01241993825714   -0.03486665614286    0.00012439360948  
  4.880000    0.01226289838617   -0.03455399279472    0.00012279252866  
  4.890000    0.01210791238281   -0.03424410939125    0.00012123757662  
  4.900000    0.01195495411254   -0.03393698969454    0.00011972395551  
  4.910000    0.01180399762418   -0.03363261739112    0.00011824675497  
  4.920000    0.01165501714964   -0.03333097601551    0.00011680098638  
  4.930000    0.01150798710433   -0.03303204887692    0.00011538161877  
  4.940000    0.01136288208842   -0.03273581898971    0.00011398361586  
  4.950000    0.01121967688877   -0.03244226900827    0.00011260197409  
  4.960000    0.01107834648157   -0.03215138116721    0.00011123176099  
  4.970000    0.01093886603564   -0.03186313722711    0.00010986815364  
  4.980000    0.01080121091643   -0.03157751842668    0.00010850647685  
  4.990000    0.01066535669060   -0.03129450544163    0.00010714224046  
  5.000000    0.01053127913116   -0.03101407835070    0.00010577117563  
  5.010000    0.01039895422312   -0.03073621660924    0.00010438926948  
  5.020000    0.01026835816966   -0.03046089903052    0.00010299279799  
  5.030000    0.01013946739864   -0.03018810377508    0.00010157835651  
  5.040000    0.01001225856950   -0.02991780834803    0.00010014288785  
  5.050000    0.00988670858044   -0.02964998960463    0.00009868370741  
  5.060000    0.00976279457579   -0.02938462376371    0.00009719852525  
  5.070000    0.00964049395357   -0.02912168642923    0.00009568546474  
  5.080000    0.00951978437310   -0.02886115261936    0.00009414307770  
  5.090000    0.00940064376261   -0.02860299680315    0.00009257035574  
  5.100000    0.00928305032685   -0.02834719294410    0.00009096673778  
  5.110000    0.00916698255442   -0.02809371455056    0.00008933211355  
  5.120000    0.00905241922508   -0.02784253473207    0.00008766682312  
  5.130000    0.00893933941661   -0.02759362626148    0.00008597165235  
  5.140000    0.00882772251143   -0.02734696164192    0.00008424782438  
  5.150000    0.00871754820279   -0.02710251317814    0.00008249698713  
  5.160000    0.00860879650041   -0.02686025305148    0.00008072119702  
  5.170000    0.00850144773573   -0.02662015339770    0.00007892289893  
  5.180000    0.00839548256643   -0.02638218638692    0.00007710490269  
  5.190000    0.00829088198038   -0.02614632430495    0.00007527035631  
  5.200000    0.00818762729894   -0.02591253963510    0.00007342271607  
  5.210000    0.00808570017946   -0.02568080513973    0.00007156571391  
  5.220000    0.00798508261705   -0.02545109394074    0.00006970332237  
  5.230000    0.00788575694565   -0.02522337959820    0.00006783971733  
  5.240000    0.00778770583813   -0.02499763618636    0.00006597923900  
  5.250000    0.00769091230574   -0.02477383836624    0.00006412635156  
  5.260000    0.00759535969660   -0.02455196145418    0.00006228560168  
  5.270000    0.00750103169344   -0.02433198148562    0.00006046157646  
  5.280000    0.00740791231049   -0.02411387527344    0.00005865886110  
  5.290000    0.00731598588954   -0.02389762046043    0.00005688199678  
  5.300000    0.00722523709519   -0.02368319556522    0.00005513543910  
  5.310000    0.00713565090938   -0.02347058002131    0.00005342351744  
  5.320000    0.00704721262517   -0.02325975420881    0.00005175039571  
  5.330000    0.00695990783971   -0.02305069947852    0.00005012003481  
  5.340000    0.00687372244671   -0.02284339816825    0.00004853615716  
  5.350000    0.00678864262815   -0.02263783361099    0.00004700221364  
  5.360000    0.00670465484548   -0.02243399013516    0.00004552135323  
  5.370000    0.00662174583035   -0.02223185305660    0.00004409639568  
  5.380000    0.00653990257481   -0.02203140866268    0.00004272980741  
  5.390000    0.00645911232114   -0.02183264418845    0.00004142368093  
  5.400000    0.00637936255141   -0.02163554778524    0.00004017971784  
  5.410000    0.00630064097675   -0.02144010848186    0.00003899921571  
  5.420000    0.00622293552637   -0.02124631613893    0.00003788305889  
  5.430000    0.00614623433660   -0.02105416139662    0.00003683171328  
  5.440000    0.00607052573976   -0.02086363561651    0.00003584522516  
  5.450000    0.00599579825314   -0.02067473081787    0.00003492322404  
  5.460000    0.00592204056799   -0.02048743960926    0.00003406492954  
  5.470000    0.00584924153879   -0.02030175511591    0.00003326916213  
  5.480000    0.00577739017262   -0.02011767090362    0.00003253435764  
  5.490000    0.00570647561891   -0.01993518090006    0.00003185858550  
  5.500000    0.00563648715952   -0.01975427931395    0.00003123957027  
  5.510000    0.00556741419923   -0.01957496055322    0.00003067471648  
  5.520000    0.00549924625665   -0.01939721914268    0.00003016113642  
  5.530000    0.00543197295573   -0.01922104964212    0.00002969568051  
  5.540000    0.00536558401774   -0.01904644656563    0.00002927497014  
  5.550000    0.00530006925387   -0.01887340430278    0.00002889543242  
  5.560000    0.00523541855849   -0.01870191704267    0.00002855333667  
  5.570000    0.00517162190298   -0.01853197870124    0.00002824483220  
  5.580000    0.00510866933033   -0.01836358285285    0.00002796598698  
  5.590000    0.00504655095032   -0.01819672266654    0.00002771282685  
  5.600000    0.00498525693550   -0.01803139084769    0.00002748137489  
  5.610000    0.00492477751779   -0.01786757958560    0.00002726769050  
  5.620000    0.00486510298582   -0.01770528050748    0.00002706790792  
  5.630000    0.00480622368290   -0.01754448463927    0.00002687827357  
  5.640000    0.00474813000573   -0.01738518237359    0.00002669518219  
  5.650000    0.00469081240371   -0.01722736344522    0.00002651521105  
  5.660000    0.00463426137886   -0.01707101691424    0.00002633515221  
  5.670000    0.00457846748637   -0.01691613115697    0.00002615204231  
  5.680000    0.00452342133569   -0.01676269386478    0.00002596318969  
  5.690000    0.00446911359208   -0.01661069205073    0.00002576619853  
  5.700000    0.00441553497872   -0.01646011206403    0.00002555898985  
  5.710000    0.00436267627913   -0.01631093961197    0.00002533981910  
  5.720000    0.00431052834007   -0.01616315978933    0.00002510729017  
  5.730000    0.00425908207467   -0.01601675711460    0.00002486036576  
  5.740000    0.00420832846583   -0.01587171557308    0.00002459837401  
  5.750000    0.00415825856986   -0.01572801866588    0.00002432101116  
  5.760000    0.00410886352024   -0.01558564946484    0.00002402834055  
  5.770000    0.00406013453144   -0.01544459067233    0.00002372078767  
  5.780000    0.00401206290280   -0.01530482468569    0.00002339913148  
  5.790000    0.00396464002240   -0.01516633366541    0.00002306449212  
  5.800000    0.00391785737077   -0.01502909960645    0.00002271831500  
  5.810000    0.00387170652456   -0.01489310441196    0.00002236235161  
  5.820000    0.00382617915993   -0.01475832996870    0.00002199863715  
  5.830000    0.00378126705578   -0.01462475822328    0.00002162946523  
  5.840000    0.00373696209663   -0.01449237125861    0.00002125735992  
  5.850000    0.00369325627524   -0.01436115136962    0.00002088504543  
  5.860000    0.00365014169484   -0.01423108113765    0.00002051541374  
  5.870000    0.00360761057097   -0.01410214350263    0.00002015149049  
  5.880000    0.00356565523291   -0.01397432183245    0.00001979639955  
  5.890000    0.00352426812465   -0.01384759998872    0.00001945332646  
  5.900000    0.00348344180545   -0.01372196238830    0.00001912548137  
  5.910000    0.00344316894989   -0.01359739406003    0.00001881606160  
  5.920000    0.00340344234745   -0.01347388069606    0.00001852821439  
  5.930000    0.00336425490164   -0.01335140869719    0.00001826500009  
  5.940000    0.00332559962862   -0.01322996521197    0.00001802935623  
  5.950000    0.00328746965539   -0.01310953816900    0.00001782406281  
  5.960000    0.00324985821754   -0.01299011630209    0.00001765170918  
  5.970000    0.00321275865652   -0.01287168916824    0.00001751466280  
  5.980000    0.00317616441661   -0.01275424715803    0.00001741504023  
  5.990000    0.00314006904138   -0.01263778149845    0.00001735468059  
  6.000000    0.00310446616993   -0.01252228424816    0.00001733512187  
  6.010000    0.00306934953282   -0.01240774828509    0.00001735758014  
  6.020000    0.00303471294762   -0.01229416728669    0.00001742293208  
  6.030000    0.00300055031441   -0.01218153570292    0.00001753170081  
  6.040000    0.00296685561097   -0.01206984872226    0.00001768404527  
  6.050000    0.00293362288795   -0.01195910223109    0.00001787975322  
  6.060000    0.00290084626391   -0.01184929276691    0.00001811823797  
  6.070000    0.00286851992033   -0.01174041746570    0.00001839853875  
  6.080000    0.00283663809668   -0.01163247400423    0.00001871932486  
  6.090000    0.00280519508558   -0.01152546053752    0.00001907890344  
  6.100000    0.00277418522803   -0.01141937563244    0.00001947523087  
  6.110000    0.00274360290888   -0.01131421819787    0.00001990592759  
  6.120000    0.00271344255250   -0.01120998741220    0.00002036829625  
  6.130000    0.00268369861869   -0.01110668264889    0.00002085934300  
  6.140000    0.00265436559898   -0.01100430340084    0.00002137580167  
  6.150000    0.00262543801322   -0.01090284920427    0.00002191416063  
  6.160000    0.00259691040657   -0.01080231956295    0.00002247069205  
  6.170000    0.00256877734691   -0.01070271387339    0.00002304148325  
  6.180000    0.00254103342272   -0.01060403135195    0.00002362246984  
  6.190000    0.00251367324142   -0.01050627096438    0.00002420947031  
  6.200000    0.00248669142819   -0.01040943135856    0.00002479822178  
  6.210000    0.00246008262529   -0.01031351080119    0.00002538441640  
  6.220000    0.00243384149192   -0.01021850711892    0.00002596373822  
  6.230000    0.00240796270456   -0.01012441764460    0.00002653190010  
  6.240000    0.00238244095786   -0.01003123916913    0.00002708468021  
  6.250000    0.00235727096598   -0.00993896789940    0.00002761795785  
  6.260000    0.00233244746451   -0.00984759942274    0.00002812774829  
  6.270000    0.00230796521273   -0.00975712867822    0.00002861023608  
  6.280000    0.00228381899647   -0.00966754993508    0.00002906180678  
  6.290000    0.00226000363129   -0.00957885677845    0.00002947907658  
  6.300000    0.00223651396607   -0.00949104210268    0.00002985891958  
  6.310000    0.00221334488699   -0.00940409811203    0.00003019849258  
  6.320000    0.00219049132177   -0.00931801632904    0.00003049525699  
  6.330000    0.00216794824420   -0.00923278761023    0.00003074699774  
  6.340000    0.00214571067894   -0.00914840216915    0.00003095183896  
  6.350000    0.00212377370638   -0.00906484960637    0.00003110825639  
  6.360000    0.00210213246772   -0.00898211894634    0.00003121508626  
  6.370000    0.00208078217007   -0.00890019868048    0.00003127153069  
  6.380000    0.00205971809158   -0.00881907681629    0.00003127715956  
  6.390000    0.00203893558646   -0.00873874093183    0.00003123190871  
  6.400000    0.00201843009003   -0.00865917823514    0.00003113607474  
  6.410000    0.00199819712344   -0.00858037562791    0.00003099030625  
  6.420000    0.00197823229836   -0.00850231977279    0.00003079559178  
  6.430000    0.00195853132124   -0.00842499716373    0.00003055324451  
  6.440000    0.00193908999739   -0.00834839419854    0.00003026488395  
  6.450000    0.00191990423462   -0.00827249725297    0.00002993241473  
  6.460000    0.00190097004647   -0.00819729275567    0.00002955800281  
  6.470000    0.00188228355509   -0.00812276726311    0.00002914404934  
  6.480000    0.00186384099347   -0.00804890753382    0.00002869316244  
  6.490000    0.00184563870730   -0.00797570060120    0.00002820812718  
  6.500000    0.00182767315624   -0.00790313384411    0.00002769187407  
  6.510000    0.00180994091454   -0.00783119505460    0.00002714744655  
  6.520000    0.00179243867121   -0.00775987250203    0.00002657796749  
  6.530000    0.00177516322949   -0.00768915499299    0.00002598660544  
  6.540000    0.00175811150573   -0.00761903192639    0.00002537654067  
  6.550000    0.00174128052768   -0.00754949334316    0.00002475093154  
  6.560000    0.00172466743220   -0.00748052997010    0.00002411288142  
  6.570000    0.00170826946227   -0.00741213325731    0.00002346540664  
  6.580000    0.00169208396357   -0.00734429540904    0.00002281140568  
  6.590000    0.00167610838039   -0.00727700940737    0.00002215362998  
  6.600000    0.00166034025106   -0.00721026902872    0.00002149465665  
  6.610000    0.00164477720286   -0.00714406885287    0.00002083686337  
  6.620000    0.00162941694649   -0.00707840426443    0.00002018240571  
  6.630000    0.00161425727008   -0.00701327144670    0.00001953319717  
  6.640000    0.00159929603291   -0.00694866736809    0.00001889089205  
  6.650000    0.00158453115871   -0.00688458976108    0.00001825687141  
  6.660000    0.00156996062872   -0.00682103709396    0.00001763223215  
  6.670000    0.00155558247458   -0.00675800853568    0.00001701777946  
  6.680000    0.00154139477100   -0.00669550391410    0.00001641402266  
  6.690000    0.00152739562836   -0.00663352366803    0.00001582117432  
  6.700000    0.00151358318527   -0.00657206879353    0.00001523915294  
  6.710000    0.00149995560117   -0.00651114078510    0.00001466758894  
  6.720000    0.00148651104899   -0.00645074157212    0.00001410583397  
  6.730000    0.00147324770797   -0.00639087345138    0.00001355297343  
  6.740000    0.00146016375672   -0.00633153901625    0.00001300784206  
  6.750000    0.00144725736647   -0.00627274108317    0.00001246904247  
  6.760000    0.00143452669476   -0.00621448261624    0.00001193496637  
  6.770000    0.00142196987941   -0.00615676665067    0.00001140381823  
  6.780000    0.00140958503294   -0.00609959621574    0.00001087364127  
  6.790000    0.00139737023756   -0.00604297425816    0.00001034234532  
  6.800000    0.00138532354052   -0.00598690356642    0.00000980773640  
  6.810000    0.00137344295020   -0.00593138669715    0.00000926754761  
  6.820000    0.00136172643262   -0.00587642590386    0.00000871947110  
  6.830000    0.00135017190874   -0.00582202306910    0.00000816119063  
  6.840000    0.00133877725224   -0.00576817964051    0.00000759041459  
  6.850000    0.00132754028813   -0.00571489657143    0.00000700490886  
  6.860000    0.00131645879190   -0.00566217426677    0.00000640252947  
  6.870000    0.00130553048940   -0.00561001253449    0.00000578125440  
  6.880000    0.00129475305744   -0.00555841054335    0.00000513921442  
  6.890000    0.00128412412497   -0.00550736678730    0.00000447472256  
  6.900000    0.00127364127503   -0.00545687905675    0.00000378630175  
  6.910000    0.00126330204721   -0.00540694441725    0.00000307271067  
  6.920000    0.00125310394086   -0.00535755919552    0.00000233296710  
  6.930000    0.00124304441876   -0.00530871897326    0.00000156636890  
  6.940000    0.00123312091142   -0.00526041858852    0.00000077251215  
  6.950000    0.00122333082187   -0.00521265214486   -0.00000004869372  
  6.960000    0.00121367153086   -0.00516541302812   -0.00000089701387  
  6.970000    0.00120414040257   -0.00511869393061   -0.00000177187933  
  6.980000    0.00119473479054   -0.00507248688251   -0.00000267238171  
  6.990000    0.00118545204404   -0.00502678329029   -0.00000359727130  
  7.000000    0.00117628951456   -0.00498157398154   -0.00000454495883  
  7.010000    0.00116724456257   -0.00493684925603   -0.00000551352059  
  7.020000    0.00115831456435   -0.00489259894233   -0.00000650070719  
  7.030000    0.00114949691884   -0.00484881245945   -0.00000750395568  
  7.040000    0.00114078905452   -0.00480547888303   -0.00000852040499  
  7.050000    0.00113218843622   -0.00476258701526   -0.00000954691461  
  7.060000    0.00112369257170   -0.00472012545792   -0.00001058008629  
  7.070000    0.00111529901811   -0.00467808268786   -0.00001161628852  
  7.080000    0.00110700538814   -0.00463644713406   -0.00001265168370  
  7.090000    0.00109880935580   -0.00459520725568   -0.00001368225756  
  7.100000    0.00109070866192   -0.00455435162012   -0.00001470385079  
  7.110000    0.00108270111909   -0.00451386898047   -0.00001571219228  
  7.120000    0.00107478461618   -0.00447374835158   -0.00001670293398  
  7.130000    0.00106695712236   -0.00443397908387   -0.00001767168679  
  7.140000    0.00105921669042   -0.00439455093426   -0.00001861405723  
  7.150000    0.00105156145968   -0.00435545413350   -0.00001952568463  
  7.160000    0.00104398965806   -0.00431667944918   -0.00002040227825  
  7.170000    0.00103649960371   -0.00427821824377   -0.00002123965428  
  7.180000    0.00102908970577   -0.00424006252726   -0.00002203377202  
  7.190000    0.00102175846459   -0.00420220500364   -0.00002278076922  
  7.200000    0.00101450447125   -0.00416463911096   -0.00002347699598  
  7.210000    0.00100732640631   -0.00412735905440   -0.00002411904702  
  7.220000    0.00100022303804   -0.00409035983211   -0.00002470379196  
  7.230000    0.00099319321983   -0.00405363725356   -0.00002522840335  
  7.240000    0.00098623588714   -0.00401718795005   -0.00002569038208  
  7.250000    0.00097935005371   -0.00398100937753   -0.00002608758006  
  7.260000    0.00097253480726   -0.00394509981139   -0.00002641821986  
  7.270000    0.00096578930470   -0.00390945833347   -0.00002668091116  
  7.280000    0.00095911276673   -0.00387408481134   -0.00002687466374  
  7.290000    0.00095250447216   -0.00383897986998   -0.00002699889710  
  7.300000    0.00094596375171   -0.00380414485621   -0.00002705344639  
  7.310000    0.00093948998157   -0.00376958179614   -0.00002703856473  
  7.320000    0.00093308257666   -0.00373529334611   -0.00002695492184  
  7.330000    0.00092674098365   -0.00370128273752   -0.00002680359905  
  7.340000    0.00092046467393   -0.00366755371611   -0.00002658608064  
  7.350000    0.00091425313639   -0.00363411047633   -0.00002630424167  
  7.360000    0.00090810587027   -0.00360095759132   -0.00002596033244  
  7.370000    0.00090202237806   -0.00356809993930   -0.00002555695966  
  7.380000    0.00089600215848   -0.00353554262698   -0.00002509706455  
  7.390000    0.00089004469968   -0.00350329091086   -0.00002458389805  
  7.400000    0.00088414947269   -0.00347135011704   -0.00002402099350  
  7.410000    0.00087831592520   -0.00343972556047   -0.00002341213686  
  7.420000    0.00087254347563   -0.00340842246432   -0.00002276133495  
  7.430000    0.00086683150775   -0.00337744588035   -0.00002207278188  
  7.440000    0.00086117936569   -0.00334680061097   -0.00002135082405  
  7.450000    0.00085558634946   -0.00331649113389   -0.00002059992415  
  7.460000    0.00085005171114   -0.00328652152992   -0.00001982462427  
  7.470000    0.00084457465153   -0.00325689541484   -0.00001902950874  
  7.480000    0.00083915431755   -0.00322761587589   -0.00001821916686  
  7.490000    0.00083378980021   -0.00319868541348   -0.00001739815607  
  7.500000    0.00082848013335   -0.00317010588886   -0.00001657096565  
  7.510000    0.00082322429294   -0.00314187847810   -0.00001574198157  
  7.520000    0.00081802119719   -0.00311400363293   -0.00001491545266  
  7.530000    0.00081286970727   -0.00308648104891   -0.00001409545842  
  7.540000    0.00080776862880   -0.00305930964102   -0.00001328587890  
  7.550000    0.00080271671389   -0.00303248752719   -0.00001249036681  
  7.560000    0.00079771266394   -0.00300601201983   -0.00001171232209  
  7.570000    0.00079275513301   -0.00297987962538   -0.00001095486934  
  7.580000    0.00078784273178   -0.00295408605203   -0.00001022083816  
  7.590000    0.00078297403209   -0.00292862622547   -0.00000951274663  
  7.600000    0.00077814757196   -0.00290349431259   -0.00000883278806  
  7.610000    0.00077336186107   -0.00287868375282   -0.00000818282114  
  7.620000    0.00076861538668   -0.00285418729685   -0.00000756436357  
  7.630000    0.00076390661987   -0.00282999705248   -0.00000697858913  
  7.640000    0.00075923402206   -0.00280610453693   -0.00000642632830  
  7.650000    0.00075459605180   -0.00278250073531   -0.00000590807234  
  7.660000    0.00074999117170   -0.00275917616457   -0.00000542398078  
  7.670000    0.00074541785540   -0.00273612094239   -0.00000497389220  
  7.680000    0.00074087459468   -0.00271332486019   -0.00000455733816  
  7.690000    0.00073635990643   -0.00269077745979   -0.00000417356017  
  7.700000    0.00073187233952   -0.00266846811271   -0.00000382152947  
  7.710000    0.00072741048155   -0.00264638610151   -0.00000349996933  
  7.720000    0.00072297296531   -0.00262452070230   -0.00000320737972  
  7.730000    0.00071855847492   -0.00260286126758   -0.00000294206405  
  7.740000    0.00071416575161   -0.00258139730869   -0.00000270215764  
  7.750000    0.00070979359912   -0.00256011857695   -0.00000248565768  
  7.760000    0.00070544088856   -0.00253901514272   -0.00000229045424  
  7.770000    0.00070110656274   -0.00251807747157   -0.00000211436216  
  7.780000    0.00069678963998   -0.00249729649694   -0.00000195515332  
  7.790000    0.00069248921725   -0.00247666368827   -0.00000181058904  
  7.800000    0.00068820447270   -0.00245617111427   -0.00000167845221  
  7.810000    0.00068393466749   -0.00243581150036   -0.00000155657882  
  7.820000    0.00067967914696   -0.00241557827997   -0.00000144288861  
  7.830000    0.00067543734104   -0.00239546563896   -0.00000133541436  
  7.840000    0.00067120876402   -0.00237546855285   -0.00000123232969  
  7.850000    0.00066699301353   -0.00235558281640   -0.00000113197499  
  7.860000    0.00066278976883   -0.00233580506525   -0.00000103288109  
  7.870000    0.00065859878846   -0.00231613278937   -0.00000093379067  
  7.880000    0.00065441990713   -0.00229656433816   -0.00000083367696  
  7.890000    0.00065025303201   -0.00227709891715   -0.00000073175957  
  7.900000    0.00064609813843   -0.00225773657629   -0.00000062751741  
  7.910000    0.00064195526490   -0.00223847818993   -0.00000052069837  
  7.920000    0.00063782450772   -0.00221932542863   -0.00000041132580  
  7.930000    0.00063370601502   -0.00220028072307   -0.00000029970163  
  7.940000    0.00062959998043   -0.00218134722050   -0.00000018640614  
  7.950000    0.00062550663629   -0.00216252873389   -0.00000007229438  
  7.960000    0.00062142624672   -0.00214382968453    0.00000004151082  
  7.970000    0.00061735910025   -0.00212525503843    0.00000015362901  
  7.980000    0.00061330550241   -0.00210681023728    0.00000026243555  
  7.990000    0.00060926576821   -0.00208850112445    0.00000036607796  
  8.000000    0.00060524021453   -0.00207033386697    0.00000046249527  
  8.010000    0.00060122915260   -0.00205231487407    0.00000054943988  
  8.020000    0.00059723288059   -0.00203445071312    0.00000062450203  
  8.030000    0.00059325167640   -0.00201674802386    0.00000068513628  
  8.040000    0.00058928579067   -0.00199921343172    0.00000072869008  
  8.050000    0.00058533544013   -0.00198185346097    0.00000075243380  
  8.060000    0.00058140080139   -0.00196467444882    0.00000075359216  
  8.070000    0.00057748200515   -0.00194768246102    0.00000072937658  
  8.080000    0.00057357913086   -0.00193088321008    0.00000067701818  
  8.090000    0.00056969220209   -0.00191428197671    0.00000059380105  
  8.100000    0.00056582118236   -0.00189788353537    0.00000047709545  
  8.110000    0.00056196597177   -0.00188169208471    0.00000032439061  
  8.120000    0.00055812640419   -0.00186571118354    0.00000013332667  
  8.130000    0.00055430224527   -0.00184994369303   -0.00000009827436  
  8.140000    0.00055049319119   -0.00183439172570   -0.00000037237926  
  8.150000    0.00054669886811   -0.00181905660177   -0.00000069071589  
  8.160000    0.00054291883247   -0.00180393881334   -0.00000105474768  
  8.170000    0.00053915257204   -0.00178903799672   -0.00000146565035  
  8.180000    0.00053539950770   -0.00177435291333   -0.00000192429140  
  8.190000    0.00053165899607   -0.00175988143925   -0.00000243121235  
  8.200000    0.00052793033281   -0.00174562056376   -0.00000298661409  
  8.210000    0.00052421275662   -0.00173156639671   -0.00000359034546  
  8.220000    0.00052050545400   -0.00171771418482   -0.00000424189522  
  8.230000    0.00051680756457   -0.00170405833684   -0.00000494038753  
  8.240000    0.00051311818702   -0.00169059245717   -0.00000568458097  
  8.250000    0.00050943638560   -0.00167730938786   -0.00000647287119  
  8.260000    0.00050576119705   -0.00166420125847   -0.00000730329721  
  8.270000    0.00050209163802   -0.00165125954347   -0.00000817355122  
  8.280000    0.00049842671277   -0.00163847512646   -0.00000908099199  
  8.290000    0.00049476542121   -0.00162583837088   -0.00001002266158  
  8.300000    0.00049110676706   -0.00161333919625   -0.00001099530542  
  8.310000    0.00048744976627   -0.00160096715949   -0.00001199539542  
  8.320000    0.00048379345533   -0.00158871154035   -0.00001301915596  
  8.330000    0.00048013689970   -0.00157656143027   -0.00001406259256  
  8.340000    0.00047647920202   -0.00156450582366   -0.00001512152293  
  8.350000    0.00047281951018   -0.00155253371096   -0.00001619161012  
  8.360000    0.00046915702511   -0.00154063417226   -0.00001726839741  
  8.370000    0.00046549100826   -0.00152879647089   -0.00001834734470  
  8.380000    0.00046182078859   -0.00151701014578   -0.00001942386603  
  8.390000    0.00045814576913   -0.00150526510190   -0.00002049336776  
  8.400000    0.00045446543297   -0.00149355169771   -0.00002155128722  
  8.410000    0.00045077934865   -0.00148186082892   -0.00002259313132  
  8.420000    0.00044708717481   -0.00147018400752   -0.00002361451478  
  8.430000    0.00044338866422   -0.00145851343546   -0.00002461119763  
  8.440000    0.00043968366697   -0.00144684207210   -0.00002557912164  
  8.450000    0.00043597213285   -0.00143516369487   -0.00002651444516  
  8.460000    0.00043225411295   -0.00142347295231   -0.00002741357625  
  8.470000    0.00042852976035   -0.00141176540912   -0.00002827320366  
  8.480000    0.00042479932998   -0.00140003758267   -0.00002909032525  
  8.490000    0.00042106317754   -0.00138828697045   -0.00002986227376  
  8.500000    0.00041732175763   -0.00137651206834   -0.00003058673958  
  8.510000    0.00041357562088   -0.00136471237928   -0.00003126179019  
  8.520000    0.00040982541039   -0.00135288841234   -0.00003188588626  
  8.530000    0.00040607185720   -0.00134104167200   -0.00003245789408  
  8.540000    0.00040231577503   -0.00132917463783   -0.00003297709428  
  8.550000    0.00039855805426   -0.00131729073457   -0.00003344318673  
  8.560000    0.00039479965523   -0.00130539429295   -0.00003385629145  
  8.570000    0.00039104160078   -0.00129349050149   -0.00003421694574  
  8.580000    0.00038728496837   -0.00128158534974   -0.00003452609727  
  8.590000    0.00038353088151   -0.00126968556343   -0.00003478509345  
  8.600000    0.00037978050084   -0.00125779853214   -0.00003499566692  
  8.610000    0.00037603501480   -0.00124593223004   -0.00003515991753  
  8.620000    0.00037229563001   -0.00123409513061   -0.00003528029079  
  8.630000    0.00036856356143   -0.00122229611593   -0.00003535955309  
  8.640000    0.00036484002241   -0.00121054438145   -0.00003540076389  
  8.650000    0.00036112621471   -0.00119884933724   -0.00003540724515  
  8.660000    0.00035742331857   -0.00118722050647   -0.00003538254828  
  8.670000    0.00035373248287   -0.00117566742217   -0.00003533041900  
  8.680000    0.00035005481565   -0.00116419952331   -0.00003525476027  
  8.690000    0.00034639137481   -0.00115282605109   -0.00003515959389  
  8.700000    0.00034274315931   -0.00114155594651   -0.00003504902093  
  8.710000    0.00033911110083   -0.00113039775021   -0.00003492718147  
  8.720000    0.00033549605597   -0.00111935950549   -0.00003479821410  
  8.730000    0.00033189879918   -0.00110844866565   -0.00003466621541  
  8.740000    0.00032832001628   -0.00109767200630   -0.00003453520004  
  8.750000    0.00032476029885   -0.00108703554379   -0.00003440906159  
  8.760000    0.00032122013939   -0.00107654446042   -0.00003429153473  
  8.770000    0.00031769992743   -0.00106620303723   -0.00003418615908  
  8.780000    0.00031419994646   -0.00105601459512   -0.00003409624491  
  8.790000    0.00031072037194   -0.00104598144492   -0.00003402484133  
  8.800000    0.00030726127018   -0.00103610484683   -0.00003397470702  
  8.810000    0.00030382259829   -0.00102638497992   -0.00003394828396  
  8.820000    0.00030040420511   -0.00101682092186   -0.00003394767435  
  8.830000    0.00029700583314   -0.00100741063924   -0.00003397462093  
  8.840000    0.00029362712151   -0.00099815098863   -0.00003403049103  
  8.850000    0.00029026760987   -0.00098903772850   -0.00003411626427  
  8.860000    0.00028692674327   -0.00098006554187   -0.00003423252436  
  8.870000    0.00028360387796   -0.00097122806971   -0.00003437945476  
  8.880000    0.00028029828802   -0.00096251795472   -0.00003455683851  
  8.890000    0.00027700917283   -0.00095392689519   -0.00003476406203  
  8.900000    0.00027373566535   -0.00094544570860   -0.00003500012311  
  8.910000    0.00027047684098   -0.00093706440433   -0.00003526364265  
  8.920000    0.00026723172712   -0.00092877226484   -0.00003555288047  
  8.930000    0.00026399931326   -0.00092055793482   -0.00003586575466  
  8.940000    0.00026077856144   -0.00091240951726   -0.00003619986456  
  8.950000    0.00025756841721   -0.00090431467578   -0.00003655251695  
  8.960000    0.00025436782070   -0.00089626074224   -0.00003692075530  
  8.970000    0.00025117571796   -0.00088823482869   -0.00003730139180  
  8.980000    0.00024799107235   -0.00088022394254   -0.00003769104181  
  8.990000    0.00024481287585   -0.00087221510408   -0.00003808616034  
  9.000000    0.00024164016030   -0.00086419546503   -0.00003848308036  
  9.010000    0.00023847200836   -0.00085615242726   -0.00003887805238  
  9.020000    0.00023530756415   -0.00084807376031   -0.00003926728499  
  9.030000    0.00023214604345   -0.00083994771687   -0.00003964698599  
  9.040000    0.00022898674341   -0.00083176314487   -0.00004001340362  
  9.050000    0.00022582905155   -0.00082350959523   -0.00004036286744  
  9.060000    0.00022267245417   -0.00081517742428   -0.00004069182866  
  9.070000    0.00021951654390   -0.00080675788967   -0.00004099689918  
  9.080000    0.00021636102642   -0.00079824323899   -0.00004127488923  
  9.090000    0.00021320572625   -0.00078962679010   -0.00004152284307  
  9.100000    0.00021005059153   -0.00078090300239   -0.00004173807240  
  9.110000    0.00020689569780   -0.00077206753824   -0.00004191818717  
  9.120000    0.00020374125070   -0.00076311731400   -0.00004206112344  
  9.130000    0.00020058758750   -0.00075405053988   -0.00004216516794  
  9.140000    0.00019743517756   -0.00074486674840   -0.00004222897919  
  9.150000    0.00019428462160   -0.00073556681088   -0.00004225160481  
  9.160000    0.00019113664980   -0.00072615294183   -0.00004223249491  
  9.170000    0.00018799211878   -0.00071662869102   -0.00004217151135  
  9.180000    0.00018485200740   -0.00070699892321   -0.00004206893279  
  9.190000    0.00018171741149   -0.00069726978564   -0.00004192545543  
  9.200000    0.00017858953743   -0.00068744866338   -0.00004174218938  
  9.210000    0.00017546969478   -0.00067754412289   -0.00004152065071  
  9.220000    0.00017235928787   -0.00066756584428   -0.00004126274925  
  9.230000    0.00016925980646   -0.00065752454258   -0.00004097077205  
  9.240000    0.00016617281555   -0.00064743187879   -0.00004064736294  
  9.250000    0.00016309994450   -0.00063730036144   -0.00004029549810  
  9.260000    0.00016004287531   -0.00062714323926   -0.00003991845791  
  9.270000    0.00015700333041   -0.00061697438615   -0.00003951979549  
  9.280000    0.00015398305993   -0.00060680817913   -0.00003910330196  
  9.290000    0.00015098382855   -0.00059665937050   -0.00003867296892  
  9.300000    0.00014800740206   -0.00058654295521   -0.00003823294848  
  9.310000    0.00014505553372   -0.00057647403456   -0.00003778751110  
  9.320000    0.00014212995060   -0.00056646767761   -0.00003734100180  
  9.330000    0.00013923233991   -0.00055653878117   -0.00003689779497  
  9.340000    0.00013636433546   -0.00054670193001   -0.00003646224839  
  9.350000    0.00013352750446   -0.00053697125817   -0.00003603865679  
  9.360000    0.00013072333463   -0.00052736031285   -0.00003563120544  
  9.370000    0.00012795322182   -0.00051788192207   -0.00003524392419  
  9.380000    0.00012521845818   -0.00050854806712   -0.00003488064246  
  9.390000    0.00012252022105   -0.00049936976123   -0.00003454494558  
  9.400000    0.00011985956263   -0.00049035693536   -0.00003424013298  
  9.410000    0.00011723740044   -0.00048151833222   -0.00003396917848  
  9.420000    0.00011465450880   -0.00047286140950   -0.00003373469335  
  9.430000    0.00011211151123   -0.00046439225312   -0.00003353889228  
  9.440000    0.00010960887389   -0.00045611550124   -0.00003338356265  
  9.450000    0.00010714690014   -0.00044803427971   -0.00003327003757  
  9.460000    0.00010472572605   -0.00044015014921   -0.00003319917272  
  9.470000    0.00010234531702   -0.00043246306448   -0.00003317132739  
  9.480000    0.00010000546529   -0.00042497134537   -0.00003318634981  
  9.490000    0.00009770578829   -0.00041767165953   -0.00003324356691  
  9.500000    0.00009544572762   -0.00041055901578   -0.00003334177846  
  9.510000    0.00009322454832   -0.00040362676701   -0.00003347925560  
  9.520000    0.00009104133821   -0.00039686662072   -0.00003365374347  
  9.530000    0.00008889500664   -0.00039026865452   -0.00003386246782  
  9.540000    0.00008678428216   -0.00038382133346   -0.00003410214476  
  9.550000    0.00008470770831   -0.00037751152458   -0.00003436899336  
  9.560000    0.00008266363661   -0.00037132450375   -0.00003465874993  
  9.570000    0.00008065021582   -0.00036524394832   -0.00003496668290  
  9.580000    0.00007866537628   -0.00035925190864   -0.00003528760705  
  9.590000    0.00007670680828   -0.00035332875093   -0.00003561589523  
  9.600000    0.00007477193346   -0.00034745306387   -0.00003594548597  
  9.610000    0.00007285786846   -0.00034160152218   -0.00003626988499  
  9.620000    0.00007096138065   -0.00033574870252   -0.00003658215881  
  9.630000    0.00006907883634   -0.00032986685061   -0.00003687491917  
  9.640000    0.00006720614323   -0.00032392560392   -0.00003714029730  
  9.650000    0.00006533868990   -0.00031789168230   -0.00003736990871  
  9.660000    0.00006347128731   -0.00031172856888   -0.00003755481051  
  9.670000    0.00006159811906   -0.00030539621629   -0.00003768545583  
  9.680000    0.00005971270951   -0.00029885082770   -0.00003775165248  
  9.690000    0.00005780792106   -0.00029204477728   -0.00003774253664  
  9.700000    0.00005587599378   -0.00028492674958   -0.00003764657568  
  9.710000    0.00005390864205   -0.00027744218915   -0.00003745161770  
  9.720000    0.00005189722273   -0.00026953415852   -0.00003714500810  
  9.730000    0.00004983298872   -0.00026114470058   -0.00003671379484  
  9.740000    0.00004770743797   -0.00025221678837   -0.00003614504338  
  9.750000    0.00004551276329   -0.00024269691763   -0.00003542627872  
  9.760000    0.00004324239998   -0.00023253835381   -0.00003454606504  
  9.770000    0.00004089165893   -0.00022170498538   -0.00003349472253  
  9.780000    0.00003845842044   -0.00021017566021   -0.00003226516655  
  9.790000    0.00003594385156   -0.00019794879701   -0.00003085383642  
  9.800000    0.00003335309694   -0.00018504697527   -0.00002926166154  
  9.810000    0.00003069588202   -0.00017152112465   -0.00002749499303  
  9.820000    0.00002798695971   -0.00015745387112   -0.00002556641176  
  9.830000    0.00002524632914   -0.00014296156250   -0.00002349531219  
  9.840000    0.00002249915891   -0.00012819450497   -0.00002130815798  
  9.850000    0.00001977535909   -0.00011333500123   -0.00001903831257  
  9.860000    0.00001710876585   -0.00009859289720   -0.00001672536826  
  9.870000    0.00001453593009   -0.00008419851444   -0.00001441392953  
  9.880000    0.00001209453474   -0.00007039306256   -0.00001215185102  
  9.890000    0.00000982150208   -0.00005741687207   -0.00000998798285  
  9.900000    0.00000775088899   -0.00004549604172   -0.00000796953226  
  9.910000    0.00000591170089   -0.00003482832660   -0.00000613920395  
  9.920000    0.00000432577891   -0.00002556927480   -0.00000453232564  
  9.930000    0.00000300592768   -0.00001781972389   -0.00000317419314  
  9.940000    0.00000195444795   -0.00001161577232   -0.00000207787633  
  9.950000    0.00000116222040   -0.00000692223238   -0.00000124270856  
  9.960000    0.00000060845181   -0.00000363035331   -0.00000065363930  
  9.970000    0.00000026114761   -0.00000156028682   -0.00000028156355  
  9.980000    0.00000007831713   -0.00000046838287   -0.00000008465914  
  9.990000    0.00000000985715   -0.00000005898629   -0.00000001067195  
 10.000000   -0.00000000000000    0.00000000000000   -0.00000000000000  
