<Coefficient>
	 5 Total number of radial orbitals.
	Type	L	Zeta-Orbital
	  O 	0	    1
	  -0.04254645049009
	  -0.13125014996411
	  -0.20912831111972
	  -0.24744705582336
	  -0.24794446271283
	  -0.22085713109373
	  -0.17907032105002
	  -0.13379140479893
	  -0.08985272868917
	  -0.05153124477501
	  -0.01978629501257
	   0.00490449290450
	   0.02338452998570
	   0.03610360189143
	   0.04411029129506
	   0.04810635160916
	   0.04892967610555
	   0.04730303759201
	   0.04389313885537
	   0.03934551502073
	   0.03402091291675
	   0.02856482179045
	   0.02307447291473
	   0.01803958032915
	   0.01335289836881
	   0.00949276696232
	   0.00612123233441
	   0.00366037182788
	   0.00160237318841
	   0.00043521021063
	  -0.00063100493196
	Type	L	Zeta-Orbital
	  O 	0	    2
	  -0.20720409799766
	  -0.33049551822206
	  -0.19093935891272
	   0.05909635472130
	   0.31847973886845
	   0.49513712002469
	   0.53863712029442
	   0.46962714902362
	   0.34055985011407
	   0.19197812839531
	   0.05693392279519
	  -0.05094771736208
	  -0.12359326050117
	  -0.16525937283993
	  -0.18504228426937
	  -0.19070852684738
	  -0.18968844022183
	  -0.18175351677531
	  -0.16892339257715
	  -0.15100151771739
	  -0.13114701848865
	  -0.10932777808828
	  -0.08886841430139
	  -0.06819722286807
	  -0.05108060131773
	  -0.03504593175830
	  -0.02390949005635
	  -0.01382032753205
	  -0.00859602118469
	  -0.00305610876904
	  -0.00223757662121
	Type	L	Zeta-Orbital
	  O 	1	    1
	  -0.03505958395029
	  -0.11182338530748
	  -0.19091359164099
	  -0.24943462322169
	  -0.28590131647716
	  -0.30235687524383
	  -0.30588435477645
	  -0.29961856274033
	  -0.28758929440687
	  -0.27188222355867
	  -0.25435288290149
	  -0.23523859551976
	  -0.21570143906773
	  -0.19594123721671
	  -0.17591528293955
	  -0.15606477397180
	  -0.13662915835867
	  -0.11769390126917
	  -0.09975380483855
	  -0.08269522382829
	  -0.06711949510258
	  -0.05303004099270
	  -0.04070158292865
	  -0.03003557059002
	  -0.02123627024150
	  -0.01409801560694
	  -0.00861938534044
	  -0.00452432348723
	  -0.00176795647150
	   0.00005059460009
	   0.00080745557078
	Type	L	Zeta-Orbital
	  O 	1	    2
	   0.32654082336031
	   0.58896470104589
	   0.48308561121632
	   0.26095105687634
	   0.04019054785401
	  -0.14470871221336
	  -0.27671695967384
	  -0.35761428748669
	  -0.39193129855703
	  -0.39509757579720
	  -0.37125883341077
	  -0.33432700646839
	  -0.29108693710793
	  -0.25337909556640
	  -0.21877189386578
	  -0.19076917328541
	  -0.16220317528333
	  -0.13642137410103
	  -0.10762108341811
	  -0.08278212096885
	  -0.05639229704665
	  -0.03615588834673
	  -0.01555937780660
	  -0.00249440411155
	   0.01107974260932
	   0.01671168855182
	   0.02406111605386
	   0.02360395767339
	   0.02662115256839
	   0.02157080181260
	   0.02199660840241
	Type	L	Zeta-Orbital
	  O 	2	    1
	   0.09430901010364
	  -0.00929203968211
	  -0.26601626371659
	  -0.49015981205983
	  -0.64705865522885
	  -0.74913419649598
	  -0.80559800760409
	  -0.81619130816984
	  -0.78881600343595
	  -0.72862041869187
	  -0.64141531058593
	  -0.53794481638062
	  -0.43129270664556
	  -0.33984669371729
	  -0.26815297602841
	  -0.21971949109180
	  -0.18237132022375
	  -0.15489637736170
	  -0.12920263995568
	  -0.10896724587452
	  -0.08944841227656
	  -0.07476921243663
	  -0.05910059436410
	  -0.04826601359551
	  -0.03561419614637
	  -0.02896544565088
	  -0.01997889335511
	  -0.01718604470269
	  -0.01005119936994
	  -0.01007323106633
	   0.00049455330114
</Coefficient>
<Mkb>
Left spillage = 7.0041238666e-04
</Mkb>
