0	0.0010471266157737272
1	0.0009193113812032506
2	0.0008267824049125627
3	0.0007633880174799415
4	0.0007222041286877245
5	0.0006932336028989722
6	0.0006707326898340609
7	0.0006542373599928716
8	0.0006441303003530451
9	0.0006378351563170392
10	0.0006320232500149947
11	0.0006262428049774366
12	0.0006213554879554821
13	0.0006177085340363297
14	0.0006147914586746405
15	0.0006118541758807442
16	0.0006085304591082262
17	0.0006049191287020334
18	0.0006013353656976168
19	0.0005980483137677309
20	0.0005951434943840531
21	0.0005925418167893357
22	0.0005901208363952311
23	0.0005878274793461232
24	0.0005857062658200632
25	0.0005838482054800975
26	0.0005823124784079262
27	0.0005810779234400743
28	0.0005800546068033297
29	0.00057913832585739
30	0.0005782626472670547
31	0.0005774161890318728
32	0.0005766251297927897
33	0.0005759210272012677
34	0.0005753146310863835
35	0.0005747875613005267
36	0.000574303451123276
37	0.0005738299423782597
38	0.0005733563466392685
39	0.0005728950167173191
40	0.0005724668751044287
41	0.0005720833663493311
42	0.0005717384295468452
43	0.0005714145167150519
44	0.0005710955320333566
45	0.0005707762660248292
46	0.0005704629848704301
47	0.0005701668282907719
48	0.0005698954072219514
49	0.0005696479362338764
50	0.0005694166114903586
51	0.0005691928400512458
52	0.0005689734548159748
53	0.0005687621175152066
54	0.0005685652296075589
55	0.000568386295738021
56	0.0005682234781603922
57	0.000568071659373621
58	0.0005679264798247857
59	0.0005677869662173583
60	0.0005676552645009205
61	0.0005675342481509917
62	0.0005674249300529528
63	0.0005673255423963678
64	0.000567232916649033
65	0.0005671449086139633
66	0.0005670616787068995
67	0.0005669848163712284
68	0.0005669154159422026
69	0.0005668529615160586
70	0.0005667957430479651
71	0.0005667421007983969
72	0.00056669139629397
73	0.0005666440600171792
74	0.0005666007753728755
75	0.0005665615237210878
76	0.0005665253682847097
77	0.0005664911384928827
78	0.0005664582526706275
79	0.0005664268752883831
80	0.0005663974096206128
81	0.0005663699286956877
82	0.0005663440224352899
83	0.0005663190926007722
84	0.0005662947955980146
85	0.0005662712345886983
86	0.0005662487255143922
87	0.0005662273959116209
88	0.000566207043487778
89	0.0005661873537462829
90	0.0005661681860323303
91	0.0005661496424675969
92	0.0005661319109518332
93	0.0005661150639713715
94	0.0005660989931575263
95	0.0005660835267481206
96	0.0005660686003945553
97	0.0005660542961201935
98	0.0005660407209291546
99	0.0005660278793541823
100	0.0005660156736167678
101	0.0005660040017402794
102	0.0005659928362047712
103	0.000565982214743811
104	0.000565972167199705
105	0.0005659626574289647
106	0.0005659535998099706
107	0.0005659449270272345
108	0.0005659366283196526
109	0.0005659287202336369
110	0.0005659211951140903
111	0.0005659140077839044
112	0.0005659071056466544
113	0.0005659004623962494
114	0.000565894081359708
115	0.0005658879694884322
116	0.0005658821128110801
117	0.0005658764805484864
118	0.000565871049992993
119	0.0005658658198979554
120	0.000565860798228267
121	0.0005658559830152292
122	0.0005658513588911358
123	0.0005658469093124652
124	0.0005658426279658547
125	0.0005658385172455076
126	0.0005658345770954837
127	0.0005658307980109596
128	0.0005658271660382247
129	0.0005658236723163005
130	0.0005658203147848417
131	0.0005658170913608197
132	0.0005658139945377616
133	0.0005658110134643657
134	0.000565808139605057
135	0.0005658053688831033
136	0.0005658026985527956
137	0.0005658001232083998
138	0.0005657976348988336
139	0.0005657952268091094
140	0.0005657928953351111
141	0.0005657906381325651
142	0.0005657884513048054
143	0.000565786329462914
144	0.0005657842679039026
145	0.0005657822638670888
146	0.0005657803154655429
147	0.0005657784200188968
148	0.000565776573855109
149	0.0005657747736674884
150	0.0005657730174339206
151	0.0005657713036587392
152	0.0005657696302143957
153	0.0005657679943823214
154	0.0005657663937641635
155	0.0005657648267099946
156	0.0005657632917974963
157	0.0005657617871870124
158	0.0005657603107142356
159	0.0005657588604667529
160	0.0005657574350192219
161	0.0005657560330470147
162	0.0005657546529282006
163	0.0005657532929305587
164	0.0005657519515851848
165	0.0005657506277370128
166	0.0005657493202164281
167	0.0005657480277032226
168	0.0005657467488889248
169	0.0005657454826742722
170	0.0005657442281309474
171	0.000565742984290877
172	0.000565741750104348
173	0.0005657405245813299
174	0.0005657393068935609
175	0.0005657380962740461
176	0.0005657368919143291
177	0.0005657356929718438
178	0.0005657344986970706
179	0.0005657333084213307
180	0.000565732121499957
181	0.0005657309372363572
182	0.0005657297549594116
183	0.0005657285740669692
184	0.0005657273940007806
185	0.0005657262141865827
186	0.0005657250340413221
187	0.0005657238530240876
188	0.0005657226706362624
189	0.0005657214863896323
190	0.0005657202997901849
191	0.0005657191103571574
192	0.0005657179176514935
193	0.0005657167212463632
194	0.0005657155207216137
195	0.0005657143156647553
196	0.000565713105675859
197	0.000565711890387515
198	0.0005657106694328044
199	0.0005657094424538598
200	0.0005657082090969421
201	0.0005657069690338282
202	0.0005657057219449846
203	0.0005657044675139455
204	0.0005657032054283643
205	0.0005657019353920877
206	0.0005657006571194991
207	0.0005656993703329231
208	0.000565698074754925
209	0.0005656967701157539
210	0.0005656954561651755
211	0.0005656941326532094
212	0.0005656927993318237
213	0.0005656914559628778
214	0.0005656901023204478
215	0.0005656887381779319
216	0.000565687363321779
217	0.0005656859775362305
218	0.0005656845806183724
219	0.0005656831723735215
220	0.000565681752606595
221	0.0005656803211285269
222	0.0005656788777613365
223	0.0005656774223298921
224	0.0005656759546616319
225	0.0005656744745946981
226	0.0005656729819700386
227	0.0005656714766288929
228	0.0005656699584272066
229	0.00056566842721996
230	0.0005656668828698946
231	0.0005656653252399741
232	0.0005656637542026605
233	0.0005656621696351362
234	0.0005656605714152021
235	0.0005656589594294593
236	0.0005656573335681072
237	0.0005656556937250676
238	0.0005656540397992102
239	0.000565652371689999
240	0.0005656506893112344
241	0.0005656489925669676
242	0.0005656472813797537
243	0.0005656455556667707
244	0.0005656438153484331
245	0.0005656420603582878
246	0.0005656402906214908
247	0.0005656385060751571
248	0.0005656367066568117
249	0.0005656348923051012
250	0.0005656330629711342
251	0.000565631218596251
252	0.0005656293591359333
253	0.0005656274845398136
254	0.0005656255947696275
255	0.0005656236897776756
256	0.0005656217695315177
257	0.0005656198339891796
258	0.0005656178831197286
259	0.0005656159168895708
260	0.0005656139352680529
261	0.000565611938229707
262	0.0005656099257407224
263	0.0005656078977796421
264	0.0005656058543195312
265	0.0005656037953353928
266	0.0005656017208073569
267	0.000565599630706722
268	0.0005655975250162023
269	0.0005655954037081841
270	0.000565593266761019
271	0.0005655911141554037
272	0.0005655889458625406
273	0.0005655867618617099
274	0.0005655845621272012
275	0.0005655823466320419
276	0.0005655801153480031
277	0.0005655778682465768
278	0.000565575605293384
279	0.0005655733264598268
280	0.0005655710317086778
281	0.0005655687210016414
282	0.0005655663942982306
283	0.0005655640515536753
284	0.000565561692725221
285	0.0005655593177603646
286	0.0005655569266068832
287	0.0005655545192052278
288	0.0005655520954963291
289	0.0005655496554162553
290	0.0005655471988906098
291	0.0005655447258505744
292	0.000565542236214733
293	0.0005655397298945914
294	0.0005655372068108871
295	0.0005655346668611994
296	0.0005655321099464129
297	0.000565529535963778
298	0.0005655269447982939
299	0.000565524336330677
300	0.0005655217104431863
301	0.0005655190669964171
302	0.0005655164058588204
303	0.0005655137268816943
304	0.000565511029916306
305	0.000565508314807137
306	0.0005655055813843079
307	0.0005655028294705448
308	0.0005655000588925111
309	0.0005654972694587617
310	0.0005654944609737535
311	0.0005654916332317318
312	0.0005654887860191559
313	0.0005654859191203962
314	0.0005654830322991615
315	0.0005654801253264348
316	0.0005654771979487706
317	0.0005654742499162811
318	0.0005654712809623703
319	0.0005654682908188672
320	0.0005654652792025851
321	0.0005654622458241746
322	0.0005654591903866404
323	0.0005654561125803622
324	0.0005654530120931908
325	0.0005654498885951364
326	0.0005654467417532888
327	0.0005654435712300665
328	0.000565440376664931
329	0.0005654371577015726
330	0.000565433913973259
331	0.0005654306450924835
332	0.0005654273506795576
333	0.0005654240303354593
334	0.0005654206836576991
335	0.0005654173102303109
336	0.000565413909634033
337	0.0005654104814451873
338	0.0005654070252154196
339	0.000565403540506679
340	0.0005654000268669769
341	0.0005653964838347166
342	0.0005653929109440255
343	0.0005653893077226097
344	0.0005653856736870682
345	0.0005653820083563018
346	0.0005653783112327842
347	0.0005653745818298937
348	0.0005653708196371048
349	0.0005653670241507211
350	0.0005653631948624299
351	0.0005653593312604435
352	0.0005653554328271374
353	0.0005653514990449374
354	0.0005653475293915687
355	0.0005653435233536314
356	0.0005653394804070262
357	0.0005653354000314759
358	0.000565331281709599
359	0.0005653271249291322
360	0.0005653229291764435
361	0.0005653186939452617
362	0.0005653144187320036
363	0.0005653101030391176
364	0.0005653057463846498
365	0.0005653013482855586
366	0.0005652969082767723
367	0.0005652924258982167
368	0.0005652879007046095
369	0.0005652833322687062
370	0.0005652787201751846
371	0.0005652740640249124
372	0.0005652693634424691
373	0.000565264618067479
374	0.0005652598275671513
375	0.0005652549916260617
376	0.0005652501099639864
377	0.0005652451823169317
378	0.0005652402084625697
379	0.0005652351881990683
380	0.0005652301213637834
381	0.0005652250078319051
382	0.0005652198475122202
383	0.0005652146403526244
384	0.000565209386344544
385	0.0005652040855256379
386	0.0005651987379754652
387	0.0005651933438249133
388	0.0005651879032549056
389	0.0005651824164954545
390	0.0005651768838351299
391	0.0005651713056182901
392	0.0005651656822440455
393	0.0005651600141779712
394	0.0005651543019425556
395	0.0005651485461289345
396	0.0005651427473903475
397	0.0005651369064465675
398	0.0005651310240932634
399	0.0005651251011861155
400	0.0005651191386573454
401	0.0005651131375139344
402	0.0005651070988311802
403	0.0005651010237589869
404	0.000565094913521879
405	0.0005650887694189658
406	0.0005650825928218888
407	0.0005650763851815454
408	0.0005650701480112536
409	0.0005650638829092253
410	0.0005650575915414075
411	0.0005650512756376303
412	0.0005650449370040247
413	0.0005650385775140244
414	0.0005650321990980676
415	0.0005650258037576566
416	0.000565019393552049
417	0.0005650129705912106
418	0.0005650065370459765
419	0.0005650000951314123
420	0.000564993647113798
421	0.0005649871953007119
422	0.0005649807420334208
423	0.0005649742896888996
424	0.000564967840676291
425	0.0005649613974254187
426	0.0005649549623801056
427	0.0005649485380065359
428	0.0005649421267772733
429	0.0005649357311605103
430	0.0005649293536313955
431	0.0005649229966510628
432	0.000564916662667868
433	0.0005649103541170042
434	0.000564904073397584
435	0.0005648978228889292
436	0.0005648916049248192
437	0.0005648854218118443
438	0.000564879275797846
439	0.0005648731690869762
440	0.0005648671038243546
441	0.0005648610820987168
442	0.0005648551059309096
443	0.0005648491772754013
444	0.0005648432980112396
445	0.0005648374699441935
446	0.0005648316948015221
447	0.0005648259742273224
448	0.0005648203097832601
449	0.0005648147029408058
450	0.000564809155082352
451	0.0005648036675045243
452	0.0005647982414081717
453	0.0005647928779050502
454	0.0005647875780060049
455	0.0005647823426422267
456	0.0005647771726380804
457	0.0005647720687307933
458	0.0005647670315659506
459	0.0005647620616953764
460	0.000564757159581417
461	0.000564752325596577
462	0.0005647475600293453
463	0.000564742863080091
464	0.0005647382348689183
465	0.0005647336754290245
466	0.000564729184726852
467	0.0005647247626455326
468	0.000564720408993413
469	0.0005647161235139589
470	0.0005647119058871971
471	0.00056470775572153
472	0.0005647036725751169
473	0.0005646996559385224
474	0.0005646957052557603
475	0.0005646918199226906
476	0.0005646879992816924
477	0.0005646842426371353
478	0.0005646805492544852
479	0.0005646769183565648
480	0.0005646733491368773
481	0.0005646698407602617
482	0.0005646663923585709
483	0.0005646630030526079
484	0.0005646596719243375
485	0.0005646563980484563
486	0.000564653180487791
487	0.0005646500182843898
488	0.0005646469104728836
489	0.0005646438560877986
490	0.000564640854144463
491	0.0005646379036678428
492	0.0005646350036790131
493	0.0005646321531958134
494	0.000564629351246695
495	0.0005646265968588342
496	0.0005646238890711219
497	0.0005646212269297031
498	0.0005646186094843241
499	0.0005646160358073441
500	0.0005646135049717605
501	0.0005646110160739397
502	0.0005646085682174027
503	0.0005646061605225325
504	0.0005646037921277809
505	0.0005646014621842714
506	0.0005645991698675928
507	0.000564596914361826
508	0.0005645946948802377
509	0.0005645925106415109
510	0.0005645903608934931
511	0.0005645882449002094
512	0.0005645861619423586
513	0.0005645841113220534
514	0.0005645820923567304
515	0.0005645801043924263
516	0.0005645781467820408
517	0.0005645762189052891
518	0.000564574320156302
519	0.0005645724499513183
520	0.000564570607720387
521	0.0005645687929133195
522	0.0005645670049996862
523	0.0005645652434645851
524	0.0005645635078052187
525	0.0005645617975389823
526	0.0005645601122045501
527	0.0005645584513441423
528	0.0005645568145218995
529	0.0005645552013179593
530	0.0005645536113259175
531	0.0005645520441419402
532	0.0005645504993930077
533	0.0005645489767096314
534	0.0005645474757289949
535	0.000564545996109729
536	0.0005645445375167962
537	0.0005645430996284055
538	0.0005645416821304467
539	0.0005645402847157924
540	0.000564538907093946
541	0.0005645375489763308
542	0.0005645362100902068
543	0.0005645348901647659
544	0.0005645335889416759
545	0.0005645323061616307
546	0.0005645310415843689
547	0.0005645297949679379
548	0.0005645285660750085
549	0.0005645273546816666
550	0.0005645261605648328
551	0.0005645249835051454
552	0.0005645238232964137
553	0.0005645226797246229
554	0.0005645215525911041
555	0.0005645204416956834
556	0.0005645193468443607
557	0.0005645182678460016
558	0.0005645172045137272
559	0.0005645161566622664
560	0.0005645151241104165
561	0.0005645141066787938
562	0.0005645131041953882
563	0.0005645121164845066
564	0.0005645111433772971
565	0.0005645101847045077
566	0.0005645092402995276
567	0.0005645083100033462
568	0.0005645073936446618
569	0.0005645064910749223
570	0.0005645056021258785
571	0.0005645047266448222
572	0.0005645038644711657
573	0.0005645030154601856
574	0.000564502179451905
575	0.0005645013562973997
576	0.0005645005458496297
577	0.0005644997479516158
578	0.0005644989624632926
579	0.000564498189238891
580	0.0005644974281241917
581	0.0005644966789877804
582	0.0005644959416747253
583	0.0005644952160451874
584	0.0005644945019639823
585	0.0005644937992852924
586	0.0005644931078704352
587	0.0005644924275836903
588	0.0005644917582819371
589	0.0005644910998330921
590	0.0005644904520993627
591	0.0005644898149512853
592	0.0005644891882446521
593	0.000564488571854286
594	0.0005644879656448847
595	0.0005644873694849658
596	0.0005644867832496885
597	0.0005644862068035072
598	0.000564485640017248
599	0.0005644850827671676
600	0.0005644845349254664
601	0.0005644839963634887
602	0.0005644834669613612
603	0.0005644829465915103
604	0.0005644824351316044
605	0.0005644819324603152
606	0.0005644814384574435
607	0.0005644809530006678
608	0.0005644804759715889
609	0.000564480007254118
610	0.0005644795467276263
611	0.0005644790942789079
612	0.0005644786497930679
613	0.0005644782131520873
614	0.00056447778424729
615	0.0005644773629658375
616	0.0005644769491964853
617	0.0005644765428256678
618	0.0005644761437458869
619	0.0005644757518541213
620	0.0005644753670401622
621	0.0005644749891940336
622	0.0005644746182192008
623	0.000564474254004925
624	0.0005644738964556046
625	0.0005644735454610689
626	0.0005644732009270377
627	0.0005644728627486411
628	0.0005644725308355821
629	0.0005644722050846945
630	0.0005644718854004165
631	0.0005644715716894477
632	0.0005644712638541779
633	0.0005644709618061373
634	0.0005644706654486746
635	0.0005644703746939849
636	0.0005644700894517278
637	0.0005644698096322839
638	0.0005644695351495511
639	0.0005644692659154667
640	0.000564469001842935
641	0.0005644687428519294
642	0.0005644684888541972
643	0.0005644682397678405
644	0.0005644679955148979
645	0.0005644677560121881
646	0.0005644675211807362
647	0.0005644672909405242
648	0.0005644670652178521
649	0.0005644668439340253
650	0.0005644666270142876
651	0.0005644664143835632
652	0.0005644662059679925
653	0.000564466001695805
654	0.0005644658014971526
655	0.0005644656052983559
656	0.0005644654130323184
657	0.0005644652246309225
658	0.0005644650400243936
659	0.0005644648591456819
660	0.0005644646819316549
661	0.0005644645083181203
662	0.0005644643382366341
663	0.0005644641716291221
664	0.0005644640084310485
665	0.0005644638485819125
666	0.0005644636920191042
667	0.0005644635386870407
668	0.0005644633885259625
669	0.0005644632414758263
670	0.0005644630974843577
671	0.0005644629564900059
672	0.0005644628184430162
673	0.0005644626832844275
674	0.0005644625509654979
675	0.0005644624214283784
676	0.000564462294625949
677	0.000564462170503945
678	0.0005644620490138762
679	0.0005644619301071284
680	0.00056446181373133
681	0.0005644616998417983
682	0.0005644615883907583
683	0.000564461479330291
684	0.0005644613726174493
685	0.0005644612682027549
686	0.0005644611660464875
687	0.0005644610661034837
688	0.0005644609683317613
689	0.0005644608726865811
690	0.00056446077912834
691	0.0005644606876178233
692	0.0005644605981130991
693	0.0005644605105735627
694	0.0005644604249643511
695	0.0005644603412410325
696	0.0005644602593744932
697	0.0005644601793184528
698	0.00056446010104442
699	0.0005644600245165938
700	0.0005644599496933925
701	0.0005644598765446908
702	0.0005644598050380742
703	0.0005644597351382553
704	0.0005644596668132533
705	0.0005644596000312272
706	0.0005644595347577429
707	0.000564459470965259
708	0.0005644594086247495
709	0.00056445934770356
710	0.0005644592881711827
711	0.0005644592300027304
712	0.0005644591731670938
713	0.0005644591176362909
714	0.0005644590633847867
715	0.0005644590103848839
716	0.0005644589586108193
717	0.000564458908034144
718	0.0005644588586344046
719	0.0005644588103822683
720	0.000564458763258566
721	0.0005644587172315762
722	0.0005644586722850183
723	0.0005644586283941075
724	0.0005644585855290223
725	0.0005644585436804754
726	0.0005644585028162242
727	0.0005644584629193967
728	0.000564458423968592
729	0.0005644583859403792
730	0.0005644583488197908
731	0.0005644583125836372
732	0.0005644582772115247
733	0.0005644582426874091
734	0.000564458208993638
735	0.0005644581761071193
736	0.0005644581440137179
737	0.00056445811269364
738	0.0005644580821296246
739	0.0005644580523081078
740	0.0005644580232067228
741	0.0005644579948161424
742	0.0005644579671171943
743	0.0005644579400945034
744	0.00056445791372971
745	0.0005644578880139489
746	0.0005644578629281951
747	0.0005644578384593668
748	0.0005644578145930626
749	0.0005644577913153811
750	0.0005644577686152337
751	0.0005644577464753135
752	0.0005644577248842384
753	0.0005644577038320431
754	0.0005644576833036323
755	0.0005644576632879039
756	0.0005644576437717742
757	0.0005644576247436437
758	0.0005644576061923822
759	0.0005644575881081066
760	0.0005644575704796556
761	0.0005644575532950659
762	0.0005644575365458882
763	0.0005644575202188946
764	0.0005644575043060644
765	0.0005644574887996872
766	0.0005644574736847229
767	0.0005644574589580325
768	0.0005644574446043494
769	0.0005644574306186198
770	0.0005644574169927042
771	0.0005644574037147503
772	0.0005644573907790444
773	0.0005644573781737163
774	0.0005644573658957881
775	0.0005644573539356594
776	0.000564457342283616
777	0.000564457330931918
778	0.0005644573198790198
779	0.0005644573091096454
780	0.0005644572986221551
781	0.0005644572884115881
782	0.0005644572784611501
783	0.0005644572687757941
784	0.0005644572593428465
785	0.0005644572501573387
786	0.0005644572412138449
787	0.0005644572325061905
788	0.0005644572240259804
789	0.0005644572157723846
790	0.0005644572077370347
791	0.0005644571999163608
792	0.0005644571922995951
793	0.0005644571848861062
794	0.0005644571776708383
795	0.0005644571706473111
796	0.0005644571638103767
797	0.0005644571571590853
798	0.0005644571506848796
799	0.0005644571443832178
800	0.0005644571382534877
801	0.0005644571322860169
802	0.0005644571264811664
803	0.0005644571208321658
804	0.0005644571153351652
805	0.0005644571099875475
806	0.0005644571047855851
807	0.0005644570997241458
808	0.0005644570948019035
809	0.0005644570900122093
810	0.000564457085351415
811	0.0005644570808210835
812	0.0005644570764142686
813	0.0005644570721274893
814	0.0005644570679569515
815	0.0005644570639026611
816	0.0005644570599602358
817	0.0005644570561257952
818	0.0005644570523972486
819	0.0005644570487688695
820	0.0005644570452447502
821	0.0005644570418168492
822	0.0005644570384834284
823	0.0005644570352467902
824	0.0005644570320940588
825	0.0005644570290322724
826	0.0005644570260564037
827	0.0005644570231627027
828	0.000564457020350584
829	0.0005644570176139139
830	0.0005644570149586131
831	0.0005644570123757997
832	0.0005644570098660417
833	0.0005644570074272009
834	0.0005644570050551428
835	0.0005644570027547002
836	0.0005644570005145712
837	0.0005644569983393115
838	0.0005644569962259752
839	0.0005644569941755009
840	0.0005644569921786267
841	0.0005644569902411358
842	0.0005644569883579737
843	0.0005644569865282526
844	0.0005644569847527283
845	0.0005644569830267779
846	0.0005644569813502873
847	0.0005644569797221523
848	0.0005644569781390642
849	0.0005644569766037035
850	0.0005644569751130784
851	0.0005644569736636656
852	0.0005644569722570714
853	0.0005644569708925644
854	0.0005644569695644571
855	0.0005644569682767637
856	0.0005644569670255185
857	0.0005644569658121686
858	0.0005644569646327631
859	0.000564456963486481
860	0.0005644569623745516
861	0.0005644569612965347
862	0.000564456960250274
863	0.0005644569592326853
864	0.0005644569582472192
865	0.0005644569572859246
866	0.0005644569563583186
867	0.0005644569554567703
868	0.0005644569545805471
869	0.0005644569537314942
870	0.0005644569529072928
871	0.0005644569521046486
872	0.000564456951328459
873	0.0005644569505762841
874	0.0005644569498445274
875	0.0005644569491351345
876	0.0005644569484466566
877	0.0005644569477792193
878	0.000564456947130742
879	0.0005644569465036635
880	0.0005644569458915946
881	0.0005644569453004589
882	0.000564456944727473
883	0.000564456944169438
884	0.0005644569436314914
885	0.0005644569431070369
886	0.0005644569425999209
887	0.0005644569421037852
888	0.000564456941628143
889	0.000564456941168254
890	0.0005644569407168628
891	0.0005644569402807029
892	0.0005644569398585673
893	0.0005644569394514116
894	0.0005644569390529375
895	0.0005644569386678154
896	0.0005644569382932056
897	0.0005644569379346865
898	0.0005644569375825476
899	0.0005644569372422541
900	0.0005644569369113018
901	0.0005644569365921312
902	0.0005644569362821911
903	0.0005644569359817325
904	0.0005644569356931363
905	0.0005644569354090837
906	0.0005644569351363079
907	0.0005644569348709837
908	0.0005644569346150936
909	0.0005644569343668804
910	0.0005644569341241676
911	0.0005644569338901569
912	0.0005644569336642103
913	0.0005644569334435601
914	0.00056445693323114
915	0.0005644569330254947
916	0.0005644569328287887
917	0.0005644569326354361
918	0.0005644569324465122
919	0.0005644569322666151
920	0.0005644569320895775
921	0.0005644569319211408
922	0.0005644569317558272
923	0.0005644569315961011
924	0.0005644569314406383
925	0.0005644569312931885
926	0.0005644569311470252
927	0.0005644569310065072
928	0.00056445693086924
929	0.0005644569307382528
930	0.0005644569306105451
931	0.0005644569304866562
932	0.0005644569303675662
933	0.0005644569302509333
934	0.0005644569301397403
935	0.0005644569300326379
936	0.0005644569299258778
937	0.0005644569298247277
938	0.000564456929725396
939	0.0005644569296304505
940	0.0005644569295382238
941	0.000564456929450136
942	0.0005644569293629064
943	0.000564456929279129
944	0.0005644569291987079
945	0.0005644569291226332
946	0.0005644569290455563
947	0.0005644569289688314
948	0.0005644569289002079
949	0.0005644569288312556
950	0.0005644569287660114
951	0.0005644569287012671
952	0.0005644569286377542
953	0.0005644569285794814
954	0.0005644569285197317
955	0.0005644569284653817
956	0.0005644569284099734
957	0.0005644569283563799
958	0.0005644569283045422
959	0.0005644569282571666
960	0.0005644569282086184
961	0.0005644569281625359
962	0.0005644569281183908
963	0.0005644569280756981
964	0.0005644569280359021
965	0.0005644569279923009
966	0.0005644569279535538
967	0.0005644569279145441
968	0.0005644569278793743
969	0.0005644569278423755
970	0.0005644569278111765
971	0.0005644569277757455
972	0.0005644569277442493
973	0.0005644569277154202
974	0.0005644569276834257
975	0.0005644569276548981
976	0.0005644569276273578
977	0.0005644569276007153
978	0.0005644569275746164
979	0.0005644569275490991
980	0.0005644569275256682
981	0.0005644569275019496
982	0.0005644569274778299
983	0.0005644569274560455
984	0.00056445692743555
985	0.0005644569274146631
986	0.0005644569273957714
987	0.0005644569273758551
988	0.0005644569273586756
989	0.0005644569273393355
990	0.0005644569273230992
991	0.0005644569273051269
992	0.0005644569272913663
993	0.0005644569272723495
994	0.0005644569272570772
995	0.0005644569272428149
996	0.0005644569272292981
997	0.0005644569272158016
998	0.0005644569272036114
999	0.000564456927190394
1000	0.000564456927177526
1001	0.0005644569271664506
1002	0.0005644569271573125
1003	0.0005644569271422459
1004	0.0005644569271330853
1005	0.0005644569271209304
1006	0.0005644569271120886
1007	0.0005644569271054584
1008	0.0005644569270945383
1009	0.0005644569270858693
1010	0.0005644569270763008
1011	0.0005644569270679825
1012	0.0005644569270595487
1013	0.0005644569270511962
1014	0.0005644569270462314
1015	0.0005644569270371633
1016	0.0005644569270291724
1017	0.0005644569270235327
1018	0.0005644569270182331
1019	0.0005644569270110055
1020	0.0005644569270045198
1021	0.0005644569269994822
1022	0.0005644569269938026
1023	0.0005644569269882819
1024	0.0005644569269846978
1025	0.0005644569269790033
1026	0.0005644569269743357
1027	0.0005644569269678071
1028	0.000564456926964718
1029	0.0005644569269595036
1030	0.000564456926955337
1031	0.0005644569269505073
1032	0.0005644569269469797
1033	0.000564456926940578
1034	0.0005644569269391025
1035	0.0005644569269355451
1036	0.0005644569269331788
1037	0.0005644569269281925
1038	0.0005644569269249756
1039	0.0005644569269237884
1040	0.0005644569269208095
1041	0.0005644569269175827
1042	0.0005644569269147296
1043	0.0005644569269114495
1044	0.0005644569269099016
1045	0.0005644569269057004
1046	0.000564456926904878
1047	0.0005644569269010477
1048	0.0005644569269009823
1049	0.000564456926898907
1050	0.0005644569268958696
1051	0.0005644569268928488
1052	0.0005644569268909345
1053	0.0005644569268892742
1054	0.0005644569268897913
1055	0.0005644569268863066
1056	0.0005644569268834186
1057	0.0005644569268831376
1058	0.0005644569268808501
1059	0.0005644569268804227
1060	0.0005644569268807695
1061	0.0005644569268777376
1062	0.0005644569268749574
1063	0.0005644569268764799
1064	0.0005644569268733501
1065	0.0005644569268724397
1066	0.0005644569268713023
1067	0.0005644569268692519
1068	0.0005644569268690489
1069	0.0005644569268669966
1070	0.0005644569268654585
1071	0.0005644569268652608
1072	0.0005644569268656748
1073	0.000564456926864115
1074	0.0005644569268632586
1075	0.0005644569268625733
1076	0.0005644569268622115
1077	0.0005644569268628989
1078	0.0005644569268591607
1079	0.0005644569268587359
1080	0.00056445692685905
1081	0.0005644569268573244
1082	0.00056445692685738
1083	0.0005644569268572033
1084	0.0005644569268561031
1085	0.0005644569268562962
1086	0.000564456926855236
1087	0.0005644569268543662
1088	0.0005644569268543454
1089	0.0005644569268543152
1090	0.0005644569268536531
1091	0.0005644569268529172
1092	0.0005644569268532781
1093	0.0005644569268525635
1094	0.0005644569268510595
1095	0.0005644569268517672
1096	0.0005644569268509251
1097	0.0005644569268498044
1098	0.0005644569268502224
1099	0.0005644569268499369
1100	0.000564456926849539
1101	0.0005644569268480782
1102	0.0005644569268497537
1103	0.0005644569268495204
1104	0.0005644569268480382
1105	0.0005644569268510331
1106	0.0005644569268483219
1107	0.000564456926847931
1108	0.0005644569268487843
1109	0.0005644569268485475
1110	0.0005644569268473348
1111	0.0005644569268480188
1112	0.0005644569268463889
1113	0.0005644569268486074
1114	0.0005644569268463922
1115	0.0005644569268459806
1116	0.0005644569268469794
1117	0.0005644569268452092
1118	0.0005644569268464727
1119	0.000564456926844817
1120	0.0005644569268454354
1121	0.0005644569268447298
1122	0.000564456926846478
1123	0.0005644569268467796
1124	0.000564456926845014
1125	0.0005644569268443646
1126	0.0005644569268455261
1127	0.0005644569268452829
1128	0.0005644569268454019
1129	0.0005644569268442447
1130	0.0005644569268440273
1131	0.0005644569268457535
1132	0.0005644569268442856
1133	0.000564456926843304
1134	0.0005644569268451966
1135	0.0005644569268432641
1136	0.0005644569268439404
1137	0.0005644569268432363
1138	0.0005644569268432238
1139	0.0005644569268441805
1140	0.0005644569268431889
1141	0.0005644569268421193
1142	0.0005644569268431521
1143	0.0005644569268433138
1144	0.0005644569268423997
1145	0.000564456926842204
1146	0.0005644569268421951
1147	0.0005644569268426108
1148	0.000564456926841545
1149	0.0005644569268404703
1150	0.0005644569268430783
1151	0.0005644569268439277
1152	0.0005644569268438243
1153	0.000564456926842011
1154	0.0005644569268430502
1155	0.0005644569268434486
1156	0.0005644569268426384
1157	0.0005644569268426513
1158	0.0005644569268423166
1159	0.0005644569268447015
1160	0.0005644569268432882
1161	0.0005644569268404727
1162	0.0005644569268432598
1163	0.0005644569268418632
1164	0.0005644569268440572
1165	0.0005644569268436516
1166	0.0005644569268428221
1167	0.0005644569268426637
1168	0.0005644569268410205
1169	0.0005644569268411501
1170	0.0005644569268424338
1171	0.0005644569268415389
1172	0.0005644569268440169
1173	0.0005644569268419713
1174	0.0005644569268414799
1175	0.0005644569268411417
1176	0.0005644569268425695
1177	0.0005644569268410535
1178	0.0005644569268419633
1179	0.0005644569268420094
1180	0.0005644569268422726
1181	0.0005644569268428861
1182	0.0005644569268417088
1183	0.0005644569268429243
1184	0.0005644569268421577
1185	0.0005644569268407765
1186	0.0005644569268431687
1187	0.0005644569268417289
1188	0.0005644569268416597
1189	0.0005644569268406108
1190	0.0005644569268419293
1191	0.0005644569268430442
1192	0.0005644569268420195
1193	0.0005644569268420677
1194	0.0005644569268419045
1195	0.0005644569268425544
1196	0.0005644569268416129
1197	0.0005644569268413768
1198	0.0005644569268404278
1199	0.0005644569268412782
1200	0.0005644569268411101
1201	0.000564456926841851
1202	0.0005644569268424415
1203	0.0005644569268397628
1204	0.000564456926842358
1205	0.0005644569268407356
1206	0.0005644569268420842
1207	0.0005644569268419556
1208	0.0005644569268412115
1209	0.0005644569268432639
1210	0.000564456926842725
1211	0.0005644569268424153
1212	0.0005644569268423112
1213	0.0005644569268425375
1214	0.0005644569268421011
1215	0.0005644569268420927
1216	0.0005644569268422549
1217	0.0005644569268417059
1218	0.0005644569268441382
1219	0.0005644569268399596
1220	0.0005644569268423577
1221	0.0005644569268428304
1222	0.0005644569268425355
1223	0.0005644569268416819
1224	0.0005644569268407592
1225	0.0005644569268413383
1226	0.0005644569268413781
1227	0.0005644569268420071
1228	0.000564456926843193
1229	0.0005644569268415034
1230	0.0005644569268421202
1231	0.0005644569268409305
1232	0.0005644569268405051
1233	0.0005644569268419031
1234	0.0005644569268425478
1235	0.0005644569268423137
1236	0.0005644569268433498
1237	0.0005644569268422756
1238	0.0005644569268429974
1239	0.0005644569268427502
1240	0.0005644569268418982
1241	0.0005644569268430653
1242	0.000564456926841836
1243	0.0005644569268425047
1244	0.0005644569268434072
1245	0.0005644569268424959
1246	0.000564456926841393
1247	0.0005644569268408128
1248	0.0005644569268411236
1249	0.0005644569268408871
1250	0.0005644569268409051
1251	0.0005644569268407223
1252	0.0005644569268414137
1253	0.0005644569268410048
1254	0.0005644569268423242
