<Coefficient>
	 7 Total number of radial orbitals.
	Type	L	Zeta-Orbital
	  Sr 	0	    1
	   0.05179217694072
	   0.11306177023252
	   0.17365606695322
	   0.20730905767877
	   0.21155329844022
	   0.14263823269175
	   0.08274635581492
	   0.03042738135563
	  -0.02115072508236
	  -0.06646651170511
	  -0.08968805052046
	  -0.10641862443598
	  -0.11029787882663
	  -0.10249773003477
	  -0.09135787006447
	  -0.08104983959090
	  -0.05779954474364
	  -0.04549298807833
	  -0.03052086568043
	  -0.02339926104300
	  -0.01450457518260
	  -0.00631238261856
	  -0.00314978343786
	   0.00119919967072
	   0.00054334459365
	   0.00142488419114
	  -0.00127774747387
	  -0.00157804024221
	  -0.00076602360649
	  -0.00156827781716
	   0.00417954411068
	  -0.00402904100108
	   0.00840484976252
	  -0.00679434918072
	   0.00891426847066
	Type	L	Zeta-Orbital
	  Sr 	0	    2
	   0.11075720637694
	   0.06799889940331
	  -0.04782165392700
	  -0.09731481528493
	  -0.08198309947240
	  -0.08395380203477
	  -0.05137787008651
	  -0.02916889983463
	  -0.00841741261658
	   0.00502866649629
	   0.01861183721067
	   0.03319861599132
	   0.03378835411628
	   0.03210874498833
	   0.02306685060359
	   0.01842381159305
	   0.01805353295065
	   0.01167289826661
	   0.01102871825562
	   0.00456881594556
	   0.00580987865296
	   0.00044721487550
	   0.00229688112572
	  -0.00122130731538
	  -0.00018546745460
	  -0.00141715961935
	  -0.00033810869005
	  -0.00110289510396
	  -0.00052800460966
	  -0.00207882389637
	   0.00345586043414
	  -0.00194539431624
	   0.00197843758978
	  -0.00100954382838
	   0.00740154749516
	Type	L	Zeta-Orbital
	  Sr 	0	    3
	  -0.32004662845658
	   0.39463409851422
	   0.27948368153490
	  -0.40684082316689
	  -1.03517898906112
	   0.40110545681245
	   0.44511153732824
	  -0.24035593401200
	  -0.32650410169638
	  -0.21323759362715
	  -0.34066469410670
	  -0.26159438409155
	  -0.07741262092582
	  -0.19456716588824
	  -0.04991914770596
	   0.13692104723900
	  -0.19107373828072
	  -0.07817057314107
	  -0.11916062073197
	   0.05732005972264
	   0.06849265563397
	  -0.05543860374386
	   0.02302396268002
	  -0.11103446393107
	   0.02584457969829
	  -0.05677745683475
	   0.12511800330727
	   0.05828612095185
	   0.06623937954548
	   0.02877005726436
	  -0.21927318169609
	   0.14270259122918
	  -0.39346935252224
	   0.27486194586867
	  -0.34200452069432
	Type	L	Zeta-Orbital
	  Sr 	0	    4
	  -0.27519402289149
	   0.51657682105603
	  -0.14687607893995
	  -0.17591759875122
	   0.45203337394992
	  -0.39450347523635
	   0.16163135765597
	  -0.05897785820412
	  -0.14453367455037
	  -0.20844118634450
	  -0.10025273165347
	   0.73732413092651
	   0.58749607799199
	   0.54027514056214
	  -0.10182402169498
	  -0.02028795750633
	  -0.01418240537825
	  -0.07531498797410
	  -0.00772864338068
	  -0.09778751564003
	   0.06236656393879
	  -0.12641744485706
	   0.00110560494474
	  -0.09117162418088
	  -0.11147250640140
	  -0.01096795996959
	  -0.07715921174165
	   0.07852743469127
	  -0.14234981787602
	  -0.01372282844569
	   0.04678024627008
	   0.05930976679474
	  -0.19863526927553
	   0.26477914143731
	  -0.08520727152566
	Type	L	Zeta-Orbital
	  Sr 	1	    1
	   0.03073590357724
	   0.10169773240793
	   0.19214225053174
	   0.25744237880843
	   0.27550914393779
	   0.27710619921013
	   0.24555062838553
	   0.20648333062490
	   0.14400073920165
	   0.10068446851283
	   0.05061007218135
	   0.01931254063176
	  -0.00418630780202
	  -0.01984225381070
	  -0.03489539833680
	  -0.03586855120396
	  -0.04633046323529
	  -0.03134749931496
	  -0.03643195948935
	  -0.02551299703529
	  -0.03148265129793
	  -0.01386522696625
	  -0.01918540987774
	  -0.00149274557311
	  -0.00709118542157
	   0.00025689777433
	  -0.00463251454135
	   0.00311191261795
	  -0.00015923560565
	   0.00289947107320
	  -0.00474977671483
	   0.01011025511640
	  -0.00489891638152
	   0.00512023235189
	  -0.04268889325911
	Type	L	Zeta-Orbital
	  Sr 	1	    2
	  -0.46673771794660
	  -0.31762595620951
	  -0.07769462627324
	   0.23603875655716
	   0.39417066257133
	   0.35653929881934
	   0.30177603470968
	   0.24118736624152
	   0.22746718763928
	   0.15720923229884
	   0.12114884529276
	   0.07484620717913
	   0.00857148688406
	  -0.01825747186671
	  -0.03129643309449
	  -0.05045918228808
	  -0.02518328674311
	  -0.06952179647479
	  -0.04010363198562
	  -0.04545728572759
	  -0.00381640431401
	  -0.03499905208814
	   0.00044075625891
	  -0.03616450825399
	  -0.01053149412502
	  -0.00791225774828
	   0.00291173848903
	  -0.00151891271812
	  -0.00857091210947
	   0.00596548818728
	   0.01014344402057
	  -0.02582579291882
	   0.00412585232607
	  -0.00356714158851
	   0.07961437849247
	Type	L	Zeta-Orbital
	  Sr 	2	    1
	   0.33705568927247
	   0.59602761553582
	   0.70268332863459
	   0.66209252513125
	   0.61801521376607
	   0.56012806794449
	   0.50185193468060
	   0.42422719099172
	   0.35338863438073
	   0.28067651722954
	   0.22455180739891
	   0.17030409862183
	   0.13496965492747
	   0.09802232418574
	   0.08015177282383
	   0.05669508499969
	   0.05032998647184
	   0.03389535051046
	   0.03343868314818
	   0.02108669416400
	   0.02337583201147
	   0.01170037442485
	   0.01632210968239
	   0.00476269171973
	   0.01071934229588
	  -0.00140942268892
	   0.00641046399700
	  -0.00549102774935
	   0.00442397100992
	  -0.00761374796994
	   0.00442083293704
	  -0.00781667516713
	   0.00510039931040
	   0.00750355361002
	   0.10652325958535
</Coefficient>
<Mkb>
Left spillage = 2.5609850593e-03
</Mkb>
