<Coefficient>
	 14 Total number of radial orbitals.
	Type	L	Zeta-Orbital
	  Ag 	0	    1
	  -0.14309199286323
	  -0.09748000463727
	  -0.11095018770834
	  -0.12734127506597
	  -0.14860736963921
	  -0.13092343226312
	  -0.11547134147354
	  -0.08064291401268
	  -0.05165080687122
	  -0.01316581691573
	   0.01104320649031
	   0.03505456998768
	   0.04473771775289
	   0.05559693083029
	   0.05319698656042
	   0.05354647459592
	   0.04366900178077
	   0.04000344991000
	   0.02772526179608
	   0.02458794471605
	   0.01333435122429
	   0.01297257837201
	   0.00328871828859
	   0.00632848167102
	  -0.00175275545568
	   0.00404175953012
	  -0.00417560706010
	   0.00506262192395
	Type	L	Zeta-Orbital
	  Ag 	0	    2
	   0.13056584549929
	   0.03634244373351
	  -0.10563882218534
	  -0.20276007889870
	  -0.24819693915557
	  -0.25009134195054
	  -0.21565497173521
	  -0.16352400149213
	  -0.10312096814634
	  -0.04714739070084
	   0.00247801121148
	   0.03913315716365
	   0.06532556881825
	   0.07813514608277
	   0.08402400893091
	   0.07996899337195
	   0.07386583751648
	   0.06152674236278
	   0.05164071042023
	   0.03785169032824
	   0.02965000272042
	   0.01812019521188
	   0.01396181492549
	   0.00565701062934
	   0.00551352016505
	  -0.00050646394714
	   0.00261362172323
	  -0.00315011976699
	Type	L	Zeta-Orbital
	  Ag 	0	    3
	  -0.12588246684206
	   0.10506925804961
	  -0.27227151678233
	  -0.00638600071824
	  -0.04996855973153
	   0.05585249622427
	   0.01347258886189
	   0.02558198115086
	  -0.03126319838848
	   0.01767576618783
	  -0.00726346670990
	   0.01032309744268
	  -0.02566001730798
	   0.00333180137280
	  -0.02099556370865
	   0.00395886538399
	  -0.02169979303308
	   0.00673830680414
	  -0.01868914212795
	   0.01009104433099
	  -0.01740817628744
	   0.01508521330770
	  -0.01844478316492
	   0.01820997051619
	  -0.01906274397187
	   0.02102752193970
	  -0.02427807730451
	   0.03066416096916
	Type	L	Zeta-Orbital
	  Ag 	0	    4
	  -0.13922633811164
	   0.15433897462377
	   0.10627791143903
	   0.00139636598357
	  -0.07649775784372
	  -0.05663146227989
	  -0.06316579416027
	  -0.04272325353833
	  -0.04673978044049
	  -0.02495571983933
	  -0.02899684210960
	  -0.01846986820002
	  -0.02511389152186
	  -0.01201746358380
	  -0.01693153140910
	  -0.00518357906359
	  -0.01075254946181
	   0.00114487263315
	  -0.00618833464425
	   0.00590933684291
	  -0.00333595537342
	   0.00866571639502
	  -0.00413611577386
	   0.00894747538576
	  -0.00558523749621
	   0.00903726778553
	  -0.00898457773454
	   0.01171586875654
	Type	L	Zeta-Orbital
	  Ag 	0	    5
	   0.58355570393837
	  -0.68762670450568
	   0.09079737152842
	   0.84492015267257
	  -0.55601818199620
	   0.09011653358722
	   0.42604560838356
	   0.01489805820628
	  -0.13264519237984
	   0.04299374617180
	   0.10951541634933
	   0.02550738238748
	  -0.02833593611818
	  -0.00032635311416
	  -0.00746798056654
	  -0.00423461385152
	  -0.01467843796582
	  -0.00750271776997
	  -0.00763393494137
	  -0.00032344797871
	   0.00679978188397
	   0.00116462829641
	  -0.00691339406061
	   0.00242285421308
	   0.00835898845470
	  -0.00476022811282
	   0.00382950593847
	  -0.00175847551810
	Type	L	Zeta-Orbital
	  Ag 	0	    6
	   0.40062895778530
	  -0.23421115064267
	  -0.66445091385423
	   0.39131182432030
	   0.15976399587892
	  -0.02244461891236
	  -0.46748569649924
	  -0.35720802060208
	  -0.62326156772156
	  -0.55859159037818
	  -0.69832939162782
	  -0.61630342543011
	  -0.72527771492970
	  -0.59220880797417
	  -0.57975368310410
	  -0.41172140967675
	  -0.37598149957983
	  -0.19941006172757
	  -0.16592784047060
	  -0.04218446293763
	  -0.05210277577769
	   0.05071200263640
	   0.00596791963290
	   0.07274841336686
	  -0.00276319981343
	   0.05599693662243
	  -0.02779310888629
	   0.04855387941100
	Type	L	Zeta-Orbital
	  Ag 	1	    1
	   0.21320961744849
	   0.01056595433440
	  -0.06927854000349
	  -0.15940552290356
	  -0.18897609634841
	  -0.21688162420304
	  -0.20178123544927
	  -0.19635104914908
	  -0.16576930166760
	  -0.14569901415400
	  -0.10806519340277
	  -0.08900289666886
	  -0.05794823769373
	  -0.04616027088328
	  -0.02178222628325
	  -0.01864804449623
	  -0.00114916064582
	  -0.00576724330249
	   0.00779008247789
	  -0.00204921572476
	   0.01004668878275
	  -0.00350659142568
	   0.00987020789708
	  -0.00626720909823
	   0.00978492846623
	  -0.00977680758668
	   0.01267898310429
	  -0.02377709104353
	Type	L	Zeta-Orbital
	  Ag 	1	    2
	   0.22737083255371
	   0.07362224180376
	   0.06827222764529
	   0.05881258036158
	   0.09538030470761
	   0.10820867064603
	   0.13585324856325
	   0.12898890379369
	   0.12886989538260
	   0.10724387933979
	   0.09787538564693
	   0.07044566654387
	   0.05867824645046
	   0.03374025400093
	   0.02858307758941
	   0.00936661693021
	   0.01113536289346
	  -0.00356478253423
	   0.00429073634243
	  -0.00790380183194
	   0.00384034906110
	  -0.00871874553221
	   0.00599673480896
	  -0.00861392510369
	   0.00852378203071
	  -0.01011634388670
	   0.01265632042165
	  -0.02346091977322
	Type	L	Zeta-Orbital
	  Ag 	1	    3
	   0.50086265003475
	  -1.59969877942712
	   0.35451003208803
	   0.00845829622947
	  -0.02418204656350
	  -0.20221500336336
	   0.07804207498116
	   0.00158836630850
	   0.16140650463334
	   0.07872669825468
	   0.20505179358562
	   0.07629743982316
	   0.15537692112983
	   0.01936052969192
	   0.10839422636724
	  -0.02803918741282
	   0.08385265714008
	  -0.05413570428376
	   0.07844948690688
	  -0.06801671047353
	   0.08777175354262
	  -0.08078209747187
	   0.10167066142659
	  -0.09569071788196
	   0.11912906213766
	  -0.12674966963349
	   0.16265006572234
	  -0.30308314137352
	Type	L	Zeta-Orbital
	  Ag 	2	    1
	   0.04268381367112
	   0.13807466384710
	   0.23588751147640
	   0.31829734991811
	   0.37319527634263
	   0.40498330313485
	   0.41638682402199
	   0.41207888683045
	   0.39310579770575
	   0.36436538282297
	   0.32821469007822
	   0.28953798977570
	   0.24834742174293
	   0.20874357615783
	   0.17052551270977
	   0.13623043163823
	   0.10510474262487
	   0.07890263764797
	   0.05660561151996
	   0.03932570332695
	   0.02530623206347
	   0.01569676608802
	   0.00830126200195
	   0.00429110320693
	   0.00118504548667
	   0.00045320452404
	  -0.00067803851417
	   0.00120137890783
	Type	L	Zeta-Orbital
	  Ag 	2	    2
	   0.28846985246501
	   0.15485889349115
	  -0.03740101948435
	  -0.14048289300343
	  -0.11939579421001
	  -0.09568964371026
	  -0.07808423510215
	  -0.08461748327866
	  -0.06812459431886
	  -0.07194901697945
	  -0.05424948403015
	  -0.05323242195042
	  -0.03451464527800
	  -0.03878192039824
	  -0.02327428095997
	  -0.02826786105199
	  -0.00896746769042
	  -0.01682899261902
	  -0.00239901554269
	  -0.01376640354985
	   0.00360752702306
	  -0.01055248878314
	   0.00746712047177
	  -0.01055863086673
	   0.01024521773571
	  -0.01189128975405
	   0.01509362699991
	  -0.05697187521178
	Type	L	Zeta-Orbital
	  Ag 	2	    3
	  -0.79342848971845
	   0.91285282462319
	   0.05781986162154
	   0.60285962032051
	   0.14091070294661
	  -0.19678748693123
	  -0.48674323855263
	  -0.36435914787308
	  -0.52581692384786
	  -0.35163289512178
	  -0.46485050209628
	  -0.32790017083394
	  -0.43173285110032
	  -0.22684373469148
	  -0.30172618734293
	  -0.10656925737030
	  -0.25669136402601
	  -0.05302726273643
	  -0.16820196041839
	   0.04680548591306
	  -0.13838609793149
	   0.08658029417155
	  -0.12940494747602
	   0.12690872370244
	  -0.14129401273845
	   0.15922143244684
	  -0.20078080307279
	   0.75908410472441
	Type	L	Zeta-Orbital
	  Ag 	3	    1
	   0.28525571472487
	   0.36180621204757
	   0.10233090052190
	   0.12732966171981
	   0.08817396339406
	   0.07862595869770
	   0.02155633074624
	   0.05029309804993
	   0.02706542396489
	   0.02683975047120
	   0.00414412711606
	   0.02550163487015
	   0.00668659239999
	   0.01316665044307
	  -0.00285883724800
	   0.01466118627151
	  -0.00245615055142
	   0.00858120967226
	  -0.01020824808760
	   0.01028802508538
	  -0.00739901134489
	   0.01009623851200
	  -0.01141399851144
	   0.01097357746964
	  -0.01113665660996
	   0.01143125822398
	   0.00067352658246
	   0.14946769862881
	Type	L	Zeta-Orbital
	  Ag 	3	    2
	   0.51821929151529
	  -0.05444082014564
	  -0.60639850321113
	  -0.89640336636391
	  -0.71540875744372
	  -0.57830229706872
	  -0.28414797309319
	  -0.35796650524737
	  -0.23885635076298
	  -0.21461820547072
	  -0.09215477548384
	  -0.16795267827420
	  -0.07080191304260
	  -0.10070093605510
	  -0.01772878957888
	  -0.08358639545425
	   0.00292535222321
	  -0.05254391857874
	   0.04124936539422
	  -0.05406996312234
	   0.03333816883423
	  -0.05184841994512
	   0.05399655998846
	  -0.05373495606078
	   0.05553974295757
	  -0.05810732711554
	  -0.00051812968555
	  -0.72489750794381
</Coefficient>
<Mkb>
Left spillage = 2.8509052429e-04
</Mkb>
