0	0.14330525460153523
1	0.1383600537044328
2	0.13433859267827133
3	0.1305553874661901
4	0.1269503475737267
5	0.12333927953362572
6	0.11958530006832835
7	0.1155772612259485
8	0.11119476564530056
9	0.10638617558997542
10	0.10115292975580165
11	0.09552667755067942
12	0.08956028768584719
13	0.08329269590302121
14	0.07673306039167242
15	0.07000953731883132
16	0.06336142333536138
17	0.057032837109458764
18	0.051165215357658986
19	0.04584656181597092
20	0.04117565924803554
21	0.03720403882105851
22	0.03390595614210169
23	0.03119882043751353
24	0.02898098366312693
25	0.027152558449482733
26	0.025615839261525237
27	0.02427724105442592
28	0.023055325476405313
29	0.0218882183809623
30	0.02074087607482783
31	0.019606670304743355
32	0.018497182149861874
33	0.017427944105115268
34	0.016412892352310252
35	0.015467525377123611
36	0.014609372299347593
37	0.01385182451972011
38	0.013198519620695029
39	0.012642962483923692
40	0.012171677446649112
41	0.011768352869142344
42	0.011417041848935152
43	0.011103034416224795
44	0.010812636416834005
45	0.010534198938260287
46	0.010259866916977028
47	0.009986078523216872
48	0.009712933833500512
49	0.009443418105027692
50	0.009182330308831933
51	0.008934953255580105
52	0.00870613436161795
53	0.008499663797423354
54	0.008317611567075497
55	0.008160149833079467
56	0.008026028683045038
57	0.007913001167263218
58	0.007818047086249646
59	0.007737746034189073
60	0.007668629748911596
61	0.007607401687318152
62	0.007551301927914434
63	0.007498456237406724
64	0.007447880292928932
65	0.007399319953840109
66	0.007353063187676213
67	0.007309633861186991
68	0.007269559833070822
69	0.007233339613739186
70	0.007201389576074636
71	0.007173941587687568
72	0.007151001194579748
73	0.007132300719706471
74	0.007117294322052955
75	0.007105297077607648
76	0.0070956273713035
77	0.00708766289886196
78	0.00708087439529983
79	0.00707481744158105
80	0.007069109631883827
81	0.007063472650710831
82	0.0070577672497881905
83	0.007051967241541025
84	0.007046119922425839
85	0.0070402901422628415
86	0.0070345128220394085
87	0.007028803611003796
88	0.007023181073415056
89	0.007017670203594392
90	0.007012305007978001
91	0.00700711446373161
92	0.007002108052792054
93	0.006997286323223222
94	0.006992650175051074
95	0.006988204463398065
96	0.0069839620095733385
97	0.006979934217228474
98	0.00697612334114507
99	0.006972525688414378
100	0.006969132603583345
101	0.006965934080939745
102	0.0069629220859215805
103	0.0069600870680048225
104	0.006957419092420641
105	0.006954911462557532
106	0.006952561437938362
107	0.006950371694918305
108	0.00694834722907771
109	0.006946489745434401
110	0.006944796035306381
111	0.006943257082055436
112	0.006941859402575615
113	0.006940588222266193
114	0.006939428093244666
115	0.006938363707500192
116	0.006937380907511889
117	0.00693646731696178
118	0.006935614632294219
119	0.006934819529468233
120	0.00693408240059139
121	0.006933405371611442
122	0.006932789492823767
123	0.00693223354166121
124	0.006931734359698915
125	0.0069312870065289965
126	0.006930885243226127
127	0.006930521830603585
128	0.006930189214509745
129	0.006929880974361976
130	0.006929592534766218
131	0.006929321207889996
132	0.006929065695718043
133	0.006928825396437409
134	0.0069286003250871465
135	0.0069283909794159975
136	0.006928197975827793
137	0.006928021600818058
138	0.0069278613279304575
139	0.00692771590263638
140	0.006927583717428817
141	0.006927463143313785
142	0.006927352754248595
143	0.006927251274834119
144	0.0069271575996326445
145	0.006927070879166951
146	0.0069269905439468095
147	0.006926916307329345
148	0.006926848030614254
149	0.0069267856265880015
150	0.006926729016487631
151	0.006926678073895937
152	0.006926632608472293
153	0.006926592312709534
154	0.006926556756955525
155	0.0069265254336821425
156	0.006926497807806348
157	0.0069264733897955325
158	0.006926451751846916
159	0.006926432522506022
160	0.006926415373511527
161	0.006926400013877438
162	0.006926386217124942
163	0.006926373821133093
164	0.0069263627089387715
165	0.006926352775121656
166	0.006926343906977197
167	0.00692633599882494
168	0.006926328958735587
169	0.006926322707905766
170	0.00692631716806555
171	0.006926312258097424
172	0.006926307903665013
173	0.00692630403864636
174	0.006926300602870907
175	0.006926297534942734
176	0.006926294776266688
177	0.006926292280971874
178	0.006926290019537757
179	0.006926287975932836
180	0.0069262861385045605
181	0.006926284497542914
182	0.00692628304548333
183	0.0069262817765675605
184	0.006926280683658726
185	0.006926279753642022
186	0.0069262789678850925
187	0.006926278304453317
188	0.006926277741779183
189	0.006926277260319066
190	0.0069262768435304255
191	0.006926276479118984
192	0.006926276159250553
193	0.006926275880414728
194	0.00692627564145969
195	0.0069262754419047255
196	0.006926275280414887
197	0.006926275154320719
198	0.006926275059865792
199	0.006926274992298453
200	0.0069262749462147555
201	0.0069262749158169835
202	0.006926274895951212
203	0.006926274882794221
204	0.006926274873946823
205	0.006926274867864166
206	0.0069262748633815265
207	0.006926274859782049
208	0.006926274856765794
209	0.006926274854282908
210	0.006926274852152793
211	0.006926274850108254
212	0.006926274847976122
213	0.00692627484578279
214	0.006926274843614809
215	0.006926274841442595
216	0.006926274839150331
217	0.006926274836590344
218	0.0069262748336390454
219	0.006926274830143044
220	0.006926274825985515
221	0.006926274821168341
222	0.006926274815868028
223	0.006926274810357955
224	0.00692627480489504
225	0.0069262747996634375
226	0.006926274794771415
227	0.006926274790273042
228	0.006926274786158445
229	0.006926274782366302
230	0.0069262747788001846
231	0.006926274775372101
232	0.006926274772022264
233	0.006926274768728659
234	0.006926274765488793
235	0.006926274762306251
236	0.00692627475918482
237	0.006926274756130449
238	0.006926274753152095
239	0.006926274750255982
240	0.006926274747456909
241	0.006926274744778338
242	0.006926274742248667
243	0.006926274739880934
244	0.006926274737671147
245	0.006926274735604549
246	0.006926274733667713
247	0.006926274731848565
248	0.0069262747301354465
249	0.006926274728520325
250	0.006926274727002251
251	0.006926274725587689
252	0.006926274724284884
253	0.006926274723099785
254	0.006926274722035088
255	0.006926274721089598
256	0.006926274720257548
257	0.006926274719528704
258	0.006926274718892291
259	0.006926274718338977
260	0.006926274717859646
261	0.006926274717446495
262	0.006926274717090723
263	0.006926274716784623
264	0.006926274716522086
265	0.006926274716297962
266	0.006926274716108233
267	0.006926274715948944
268	0.0069262747158169305
269	0.006926274715709096
270	0.006926274715622144
271	0.0069262747155534946
272	0.006926274715499572
273	0.006926274715457092
274	0.006926274715424083
275	0.006926274715397145
276	0.006926274715375013
277	0.006926274715356503
278	0.006926274715340802
279	0.006926274715327768
280	0.006926274715316935
281	0.006926274715308051
282	0.006926274715300895
283	0.006926274715295414
284	0.006926274715291154
285	0.006926274715288041
286	0.006926274715285766
287	0.006926274715284149
288	0.006926274715282791
289	0.006926274715281859
290	0.006926274715280985
291	0.006926274715279783
292	0.006926274715278586
293	0.006926274715277049
294	0.006926274715275514
295	0.006926274715274225
296	0.006926274715272874
297	0.00692627471527197
298	0.006926274715271136
299	0.00692627471527055
300	0.006926274715269793
301	0.006926274715269006
302	0.00692627471526798
303	0.006926274715266947
304	0.006926274715265506
305	0.006926274715264025
306	0.006926274715262129
307	0.00692627471526043
308	0.006926274715258854
309	0.006926274715257193
310	0.006926274715255614
311	0.006926274715254046
312	0.006926274715252482
313	0.006926274715251073
314	0.006926274715249631
315	0.006926274715248106
316	0.006926274715247168
317	0.006926274715245758
318	0.0069262747152448925
319	0.006926274715243861
320	0.00692627471524289
321	0.0069262747152422435
322	0.006926274715241373
323	0.006926274715240875
324	0.0069262747152403865
325	0.006926274715239871
326	0.006926274715239425
327	0.006926274715238921
328	0.0069262747152389285
329	0.006926274715238384
330	0.006926274715238319
331	0.00692627471523818
332	0.006926274715237594
333	0.006926274715237672
334	0.006926274715237423
335	0.006926274715237354
336	0.006926274715237284
337	0.006926274715237202
338	0.006926274715237082
339	0.006926274715237188
340	0.00692627471523693
341	0.006926274715236893
342	0.006926274715236821
343	0.0069262747152367835
344	0.006926274715236842
345	0.006926274715236981
346	0.0069262747152369466
347	0.006926274715236646
348	0.0069262747152366326
349	0.006926274715236646
350	0.006926274715236817
351	0.006926274715236739
352	0.006926274715236772
353	0.006926274715236641
354	0.0069262747152366
355	0.006926274715236739
356	0.006926274715236708
357	0.006926274715236684
358	0.006926274715236576
359	0.006926274715236646
360	0.006926274715236728
361	0.00692627471523662
362	0.00692627471523688
363	0.006926274715236705
364	0.006926274715236818
365	0.006926274715236564
366	0.006926274715236826
367	0.006926274715236735
368	0.006926274715236609
369	0.006926274715236543
370	0.006926274715236672
371	0.006926274715236663
372	0.006926274715236813
373	0.006926274715236677
374	0.0069262747152365935
375	0.006926274715236726
376	0.00692627471523646
377	0.006926274715236679
378	0.006926274715236693
379	0.006926274715236627
380	0.0069262747152367184
381	0.006926274715236653
382	0.006926274715236766
383	0.006926274715236661
384	0.006926274715236638
385	0.006926274715236622
386	0.006926274715236664
387	0.006926274715236518
388	0.0069262747152366464
389	0.0069262747152365935
390	0.006926274715236697
391	0.00692627471523665
392	0.006926274715236644
393	0.006926274715236724
394	0.0069262747152366785
395	0.006926274715236586
396	0.006926274715236673
397	0.006926274715236749
398	0.006926274715236699
399	0.006926274715236517
400	0.00692627471523673
401	0.006926274715236754
402	0.006926274715236577
403	0.006926274715236624
404	0.006926274715236709
405	0.0069262747152366595
406	0.006926274715236703
407	0.006926274715236635
408	0.006926274715236622
409	0.006926274715236792
410	0.006926274715236661
411	0.006926274715236654
412	0.006926274715236625
413	0.006926274715236575
414	0.006926274715236581
415	0.006926274715236758
416	0.0069262747152366525
417	0.006926274715236726
418	0.00692627471523666
419	0.006926274715236738
420	0.006926274715236758
421	0.006926274715236731
422	0.006926274715236568
423	0.006926274715236474
424	0.0069262747152364895
425	0.006926274715236693
426	0.006926274715236729
427	0.0069262747152364955
