<Coefficient>
	 5 Total number of radial orbitals.
	Type	L	Zeta-Orbital
	  Ar 	0	    1
	  -0.29755414856986
	   0.10031357005869
	   0.04529985014814
	   0.03129624380265
	  -0.00332203920402
	  -0.00547258976932
	  -0.02297841391961
	  -0.00949577906507
	  -0.02225542159628
	  -0.00116899120469
	  -0.01749625241760
	   0.00784540513690
	  -0.01554647574749
	   0.01443106733971
	  -0.01765711777482
	   0.01982046923115
	  -0.02334749522625
	   0.02944383588384
	  -0.05796864036622
	Type	L	Zeta-Orbital
	  Ar 	0	    2
	   0.62641759751906
	   0.77576792008588
	   0.67197395744378
	   0.27056232186912
	  -0.08080080550426
	  -0.30611688970754
	  -0.37606496549686
	  -0.36808528153969
	  -0.28918067225465
	  -0.21877500456158
	  -0.12815652571791
	  -0.08584892875478
	  -0.02762832536478
	  -0.02619192699365
	   0.00890615103769
	  -0.01489674598270
	   0.01772891509485
	  -0.02186566420115
	   0.04283236120811
	Type	L	Zeta-Orbital
	  Ar 	1	    1
	   0.40337306788189
	   0.25581792457473
	   0.21567299197359
	   0.12112416002672
	   0.09286056343039
	   0.03161131891699
	   0.03045816295866
	  -0.00611985532941
	   0.01044494955531
	  -0.01803499240034
	   0.01052806664406
	  -0.01982451899034
	   0.01638665446214
	  -0.02083575965825
	   0.02251189462726
	  -0.02542627386173
	   0.02950780864457
	  -0.03545208526394
	   0.14157155230440
	Type	L	Zeta-Orbital
	  Ar 	1	    2
	  -1.05544586298253
	   0.34125242112417
	   0.59804068542326
	   0.71668488216754
	   0.44870360583362
	   0.35472734855039
	   0.10047529517313
	   0.08778816949471
	  -0.06673405848507
	   0.01923357642897
	  -0.09890927855520
	   0.04126459589301
	  -0.09214787371165
	   0.07552778687456
	  -0.09644174308155
	   0.10588799200195
	  -0.12167489071545
	   0.14752482710117
	  -0.58831880328139
	Type	L	Zeta-Orbital
	  Ar 	2	    1
	  -0.46000154231284
	  -0.76358796582609
	  -0.84390833781579
	  -0.66678954706944
	  -0.57124773133254
	  -0.43357256768653
	  -0.38053076084053
	  -0.28361006826926
	  -0.25034941314859
	  -0.15376601806224
	  -0.12975353392567
	  -0.04834169433971
	  -0.05329532799467
	   0.00904389811647
	  -0.02568009829601
	   0.02528779761303
	  -0.02339455975730
	   0.00321874608495
	  -0.30146132541215
</Coefficient>
<Mkb>
Left spillage = 7.3140637538e-04
</Mkb>
