<Coefficient>
	 4 Total number of radial orbitals.
	Type	L	Zeta-Orbital
	  Au 	0	    1
	   0.44564550934242
	   0.37121498253458
	  -0.00088330401345
	  -0.19623713848445
	  -0.32193053961791
	  -0.38216678454794
	  -0.37768111412492
	  -0.31637831827255
	  -0.23357045952285
	  -0.15345079228462
	  -0.07760377332200
	  -0.00944998744502
	   0.04980614936589
	   0.08991558712148
	   0.11524628559337
	   0.12317446820070
	   0.12510498529166
	   0.11534640353630
	   0.10427916886684
	   0.08527025618735
	   0.07106852898574
	   0.05194725559855
	   0.04067926062927
	   0.02462083838262
	   0.01881043492869
	   0.00722008172654
	   0.00689547949707
	  -0.00113085678218
	   0.00256391214266
	  -0.00436338459156
	   0.00290994380518
	Type	L	Zeta-Orbital
	  Au 	0	    2
	   0.40245033833841
	   0.39442532016249
	   0.35057837857639
	   0.44533673611859
	   0.54655594185370
	   0.55463935272357
	   0.52084612516280
	   0.42829927691688
	   0.31888950505011
	   0.17771724481356
	   0.05513875202773
	  -0.05773750959944
	  -0.13301567664973
	  -0.19226339665102
	  -0.21813928997121
	  -0.23284879200740
	  -0.21879665855952
	  -0.20231972534702
	  -0.16853470911269
	  -0.14273170029036
	  -0.10487375277276
	  -0.08217660039389
	  -0.05110419702419
	  -0.03844788400060
	  -0.01627134823505
	  -0.01425346716863
	   0.00049276480667
	  -0.00498127696794
	   0.00599958536727
	  -0.00483040629041
	   0.00736202288146
	Type	L	Zeta-Orbital
	  Au 	1	    1
	  -0.52200400061928
	  -0.42444901468505
	  -0.38661397713790
	  -0.32819728952759
	  -0.32913280554854
	  -0.25379658541516
	  -0.21119345520871
	  -0.15878248543869
	  -0.14060457592095
	  -0.09946736404477
	  -0.07939711371817
	  -0.04104417431141
	  -0.03585537338032
	  -0.01407028091476
	  -0.01676911822785
	  -0.00012047881323
	  -0.00758989611541
	   0.00518607491081
	  -0.00692211916013
	   0.00554655933674
	  -0.00764360468731
	   0.00584966013673
	  -0.00998750331574
	   0.00649205466938
	  -0.01048457399831
	   0.00854079518866
	  -0.01123196288080
	   0.01127989319028
	  -0.01277157772922
	   0.01594730227593
	  -0.02386862680355
	Type	L	Zeta-Orbital
	  Au 	2	    1
	  -0.09172416021945
	  -0.27825257632614
	  -0.46687363815525
	  -0.62752699607384
	  -0.73958537120898
	  -0.79657707373323
	  -0.80439885615195
	  -0.77605816721337
	  -0.72303673106191
	  -0.65200711885010
	  -0.56882490561276
	  -0.48041746501758
	  -0.39482772281175
	  -0.31539833821438
	  -0.24451161735257
	  -0.18364516468106
	  -0.13281116285205
	  -0.09256803572922
	  -0.06164317229699
	  -0.03880807199349
	  -0.02285480606479
	  -0.01229108981215
	  -0.00587644151149
	  -0.00226306934919
	  -0.00056981484439
	   0.00006461749416
	   0.00014196346778
	  -0.00002898440945
	  -0.00020618217076
	  -0.00017297325238
	  -0.00013590289638
</Coefficient>
<Mkb>
Left spillage = 6.8315994121e-01
</Mkb>
