<Coefficient>
	 3 Total number of radial orbitals.
	Type	L	Zeta-Orbital
	  Tl 	0	    1
	  -0.63735727954163
	  -0.62758664217977
	  -0.02196780642758
	   0.36677407085160
	   0.42123789344552
	   0.29345155266399
	   0.11920717400421
	  -0.00460436634092
	  -0.06494493124475
	  -0.05977860435385
	  -0.03207340899572
	   0.01005490922988
	   0.02890308109947
	   0.04333503768820
	   0.02964893013556
	   0.02591373823807
	   0.00408986992940
	   0.00695440459881
	  -0.00843726843953
	   0.00551228979007
	  -0.00986010235761
	   0.01539392443388
	Type	L	Zeta-Orbital
	  Tl 	1	    1
	  -0.92888174893342
	  -0.52752723921265
	  -0.18213899678907
	   0.06830488316489
	   0.08165359525978
	   0.06934207755671
	  -0.01431517100397
	  -0.01545118840809
	  -0.04334829185497
	   0.00817403279676
	  -0.00532458014684
	   0.04131248667791
	  -0.00173343100179
	   0.03397910733117
	  -0.02278104461506
	   0.02654519318108
	  -0.03255151779815
	   0.03414037811361
	  -0.03833097795726
	   0.04585074033228
	  -0.05692276905876
	   0.16783764805278
	Type	L	Zeta-Orbital
	  Tl 	2	    1
	   0.17555396983317
	   0.50127172186304
	   0.80301317005578
	   0.99463826582651
	   1.05857195857089
	   1.01752028026394
	   0.90253617123820
	   0.74481958246102
	   0.57287180881315
	   0.40804766730124
	   0.26690220572274
	   0.15671223911928
	   0.08048625209282
	   0.03299751180162
	   0.00959825363522
	  -0.00017623940111
	  -0.00085860472124
	  -0.00050816795468
	   0.00129882960634
	   0.00021535497419
	   0.00043265974794
	  -0.00447105400859
</Coefficient>
<Mkb>
Left spillage = 4.0990237644e-02
</Mkb>
