0	0.00091223908758921
1	0.0008752570682916875
2	0.0008509546144054793
3	0.0008274743398888265
4	0.0008058868669729884
5	0.0007879044945572421
6	0.0007737446230871943
7	0.0007616129593949532
8	0.0007495388312282194
9	0.0007371978328569936
10	0.0007251402518688371
11	0.0007137895651439952
12	0.0007030863325099018
13	0.0006926006054539115
14	0.0006819242755338298
15	0.0006709737734334072
16	0.0006599831072103863
17	0.0006493275465563311
18	0.0006393599792553229
19	0.0006303145648560702
20	0.0006222495548883645
21	0.0006150752526151871
22	0.0006087051107352055
23	0.0006031540047221391
24	0.0005984846053873051
25	0.0005947057968919532
26	0.0005917136105850755
27	0.0005893038177220513
28	0.0005872342611221605
29	0.0005852933137710341
30	0.0005833428568161894
31	0.000581327565571271
32	0.0005792576541803768
33	0.0005771782863269469
34	0.0005751401592447522
35	0.0005731810794381997
36	0.0005713195838797539
37	0.0005695561010820138
38	0.000567877811142132
39	0.0005662656145212662
40	0.0005647019463236716
41	0.0005631770918072952
42	0.000561691751785028
43	0.0005602553887427226
44	0.0005588816871930227
45	0.0005575831867100696
46	0.0005563668281633463
47	0.0005552314160332755
48	0.0005541672808327494
49	0.0005531578358924784
50	0.0005521822966601669
51	0.0005512186495791485
52	0.0005502460870767131
53	0.0005492464692648447
54	0.0005482047079928205
55	0.0005471081634919126
56	0.000545945236076827
57	0.0005447034433352482
58	0.0005433674407786972
59	0.0005419176008727369
60	0.0005403298584625208
61	0.0005385775612434787
62	0.0005366360540536854
63	0.0005344905870405418
64	0.0005321475937370671
65	0.0005296479481562245
66	0.0005270778835119581
67	0.0005245689534543436
68	0.0005222756959742983
69	0.0005203263421340135
70	0.0005187652102754865
71	0.0005175315563036825
72	0.0005165053438402253
73	0.0005155855667304726
74	0.0005147306156449743
75	0.0005139360689913468
76	0.0005131889359335012
77	0.0005124494258602077
78	0.0005116735037411671
79	0.0005108474465913618
80	0.0005100011143500794
81	0.0005091926649857236
82	0.0005084795437060772
83	0.0005078945181696028
84	0.0005074376772133044
85	0.0005070844579037046
86	0.0005068017893362692
87	0.000506562563990782
88	0.0005063523769528227
89	0.0005061681352489771
90	0.000506012075175231
91	0.0005058856284368308
92	0.0005057861444859243
93	0.0005057070952441474
94	0.0005056404222391722
95	0.0005055790464035069
96	0.0005055182606775478
97	0.0005054558849123729
98	0.0005053917344802824
99	0.0005053269105137378
100	0.0005052631062819163
101	0.00050520198550836
102	0.0005051447500522771
103	0.0005050920398933023
104	0.0005050441604289249
105	0.0005050014105820729
106	0.0005049641971911733
107	0.000504932776422372
108	0.0005049067671417744
109	0.0005048848140552342
110	0.0005048647555074755
111	0.0005048443458397542
112	0.0005048221710984816
113	0.0005047981835811966
114	0.0005047734813585437
115	0.0005047494756871119
116	0.0005047270260696002
117	0.0005047061215792589
118	0.0005046862511404888
119	0.0005046670918902683
120	0.0005046489500565734
121	0.0005046326324839506
122	0.0005046188868041377
123	0.0005046078640713713
124	0.0005045990065973995
125	0.0005045914106995493
126	0.0005045843551228618
127	0.0005045776025618514
128	0.0005045713116186
129	0.000504565714883508
130	0.0005045608601618809
131	0.0005045565920529302
132	0.000504552718836435
133	0.0005045491723271208
134	0.0005045460184112206
135	0.0005045433337957724
136	0.0005045410788688629
137	0.0005045390789150988
138	0.000504537115984019
139	0.0005045350425977524
140	0.0005045328300861721
141	0.0005045305374901102
142	0.0005045282497874691
143	0.0005045260376391763
144	0.0005045239486618752
145	0.0005045220096809953
146	0.0005045202229749317
147	0.0005045185636568377
148	0.0005045169918814064
149	0.0005045154780755039
150	0.0005045140209481759
151	0.0005045126416596548
152	0.0005045113600033672
153	0.000504510175934477
154	0.0005045090731697783
155	0.0005045080381968947
156	0.0005045070726988168
157	0.0005045061862220179
158	0.0005045053775925532
159	0.0005045046256091562
160	0.0005045038996350215
161	0.0005045031804190546
162	0.0005045024715173012
163	0.0005045017920221246
164	0.0005045011586467809
165	0.0005045005738512533
166	0.0005045000282963077
167	0.0005044995119407379
168	0.0005044990217084144
169	0.0005044985601105774
170	0.0005044981288573036
171	0.0005044977249636888
172	0.0005044973426348186
173	0.0005044969776236398
174	0.0005044966293243744
175	0.000504496299213823
176	0.0005044959881062859
177	0.0005044956950607154
178	0.0005044954181839119
179	0.0005044951556772503
180	0.0005044949061676483
181	0.0005044946684845727
182	0.0005044944416919843
183	0.0005044942254012209
184	0.0005044940198816971
185	0.0005044938252145986
186	0.000504493640855661
187	0.000504493465673648
188	0.0005044932988497629
189	0.0005044931404747476
190	0.0005044929911444365
191	0.0005044928510968484
192	0.0005044927196122322
193	0.0005044925954319913
194	0.000504492477543635
195	0.0005044923656317699
196	0.0005044922596970972
197	0.0005044921596107006
198	0.0005044920648348809
199	0.0005044919747967723
200	0.0005044918892712902
201	0.0005044918083400603
202	0.0005044917320783626
203	0.0005044916603267618
204	0.0005044915926159866
205	0.0005044915285231176
206	0.0005044914677103417
207	0.0005044914101285929
208	0.0005044913556851988
209	0.0005044913043131045
210	0.0005044912558423189
211	0.0005044912101817152
212	0.0005044911671984957
213	0.0005044911267194095
214	0.000504491088592119
215	0.000504491052638133
216	0.0005044910187466154
217	0.0005044909867629617
218	0.0005044909565885201
219	0.0005044909281538542
220	0.0005044909013500231
221	0.0005044908761621008
222	0.0005044908525065164
223	0.0005044908302916411
224	0.0005044908093975053
225	0.0005044907897043645
226	0.0005044907711531666
227	0.0005044907536903092
228	0.0005044907372818372
229	0.0005044907218757129
230	0.0005044907074049234
231	0.0005044906937993359
232	0.0005044906810299263
233	0.000504490669072204
234	0.000504490657845589
235	0.0005044906473198602
236	0.000504490637430744
237	0.0005044906281485076
238	0.0005044906194452618
239	0.0005044906112829982
240	0.0005044906036355644
241	0.0005044905964587963
242	0.0005044905897346032
243	0.0005044905834324354
244	0.0005044905775254218
245	0.0005044905719872372
246	0.0005044905668118251
247	0.0005044905619427166
248	0.0005044905573892283
249	0.000504490553130793
250	0.000504490549145055
251	0.0005044905453952716
252	0.0005044905418984257
253	0.0005044905386208138
254	0.0005044905355483093
255	0.0005044905326817431
256	0.000504490529986012
257	0.000504490527468944
258	0.0005044905251244226
259	0.0005044905229079177
260	0.0005044905208472389
261	0.0005044905189061123
262	0.000504490517105044
263	0.0005044905154123375
264	0.0005044905138276655
265	0.0005044905123398075
266	0.0005044905109489245
267	0.0005044905096560027
268	0.0005044905084417707
269	0.0005044905072957036
270	0.0005044905062324872
271	0.0005044905052364423
272	0.0005044905042987257
273	0.0005044905034341213
274	0.0005044905025975681
275	0.0005044905018363656
276	0.0005044905011095381
277	0.0005044905004504135
278	0.0005044904998183859
279	0.000504490499215638
280	0.000504490498671638
281	0.0005044904981419468
282	0.0005044904976576123
283	0.0005044904971887549
284	0.0005044904967654182
285	0.0005044904963590754
286	0.0005044904959760702
287	0.0005044904956199206
288	0.0005044904952837537
289	0.0005044904949751566
290	0.0005044904946802511
291	0.000504490494400024
292	0.0005044904941484797
293	0.0005044904938979674
294	0.0005044904936649156
295	0.0005044904934557497
296	0.0005044904932379407
297	0.0005044904930551491
298	0.0005044904928661534
299	0.0005044904927057177
300	0.0005044904925486663
301	0.0005044904923851371
302	0.0005044904922569699
303	0.0005044904921210545
304	0.0005044904919932746
305	0.0005044904918603674
306	0.0005044904917601926
307	0.0005044904916552211
308	0.0005044904915624331
309	0.0005044904914684938
310	0.0005044904913702272
311	0.0005044904912926977
312	0.0005044904912153487
313	0.0005044904911344713
314	0.0005044904910665084
315	0.0005044904909966437
316	0.0005044904909403492
317	0.0005044904908774457
318	0.0005044904908220001
319	0.0005044904907701539
320	0.0005044904907095906
321	0.0005044904906586572
322	0.0005044904906241618
323	0.0005044904905852942
324	0.000504490490540195
325	0.0005044904905061324
326	0.0005044904904679196
327	0.0005044904904387599
328	0.0005044904903965309
329	0.0005044904903731272
330	0.0005044904903393256
331	0.0005044904903206793
332	0.0005044904902933242
333	0.0005044904902700026
334	0.0005044904902402779
335	0.0005044904902283978
336	0.0005044904902111734
337	0.0005044904901856422
338	0.0005044904901602483
339	0.0005044904901469107
340	0.0005044904901343528
341	0.0005044904901194693
342	0.0005044904900907847
343	0.0005044904900892755
344	0.0005044904900787831
345	0.0005044904900599883
346	0.0005044904900466787
347	0.000504490490041948
348	0.0005044904900266011
349	0.0005044904900183856
350	0.0005044904900095136
351	0.0005044904899961663
352	0.0005044904899961639
353	0.0005044904899881277
354	0.0005044904899790791
355	0.0005044904899697138
356	0.0005044904899647756
357	0.0005044904899560259
358	0.0005044904899491138
359	0.0005044904899436426
360	0.0005044904899394045
361	0.0005044904899375106
362	0.0005044904899384938
363	0.0005044904899267269
364	0.0005044904899253114
365	0.0005044904899215802
366	0.0005044904899170094
367	0.0005044904899153754
368	0.0005044904899121104
369	0.0005044904899041557
370	0.0005044904899033601
371	0.0005044904899000487
372	0.0005044904898979046
373	0.0005044904898971066
374	0.0005044904898879241
375	0.0005044904898888146
376	0.0005044904898937163
377	0.0005044904898845616
378	0.0005044904898933143
379	0.0005044904898806356
380	0.0005044904898856751
381	0.0005044904898852601
382	0.0005044904898786156
383	0.0005044904898845949
384	0.0005044904898797945
385	0.0005044904898639555
386	0.0005044904898714929
387	0.0005044904898729015
388	0.0005044904898780416
389	0.0005044904898705878
390	0.0005044904898690022
391	0.0005044904898678584
392	0.000504490489873063
393	0.0005044904898711747
394	0.0005044904898688031
395	0.0005044904898731345
396	0.0005044904898633489
397	0.0005044904898722717
398	0.0005044904898691699
399	0.0005044904898640604
400	0.0005044904898701969
401	0.0005044904898673292
402	0.0005044904898587706
403	0.000504490489866253
404	0.000504490489856586
405	0.0005044904898674528
406	0.000504490489858378
407	0.0005044904898611923
408	0.000504490489857161
409	0.0005044904898606392
410	0.0005044904898622789
411	0.0005044904898602559
412	0.0005044904898627225
413	0.0005044904898584058
414	0.0005044904898587046
415	0.0005044904898547416
416	0.000504490489859996
417	0.000504490489865379
418	0.0005044904898625464
419	0.000504490489855746
420	0.0005044904898611864
421	0.0005044904898594942
422	0.0005044904898541415
423	0.0005044904898597459
424	0.0005044904898529587
425	0.0005044904898551535
426	0.0005044904898587706
427	0.0005044904898633305
428	0.0005044904898668131
429	0.0005044904898668464
430	0.0005044904898702649
431	0.0005044904898609118
432	0.0005044904898621513
433	0.0005044904898627227
434	0.0005044904898603907
435	0.0005044904898635524
436	0.0005044904898538939
437	0.0005044904898639864
438	0.0005044904898666645
439	0.0005044904898625734
440	0.0005044904898683856
441	0.0005044904898591455
442	0.0005044904898555083
443	0.0005044904898600644
444	0.0005044904898602145
445	0.0005044904898629033
446	0.0005044904898546944
447	0.000504490489859777
448	0.0005044904898654318
449	0.0005044904898594296
450	0.0005044904898649413
451	0.0005044904898570117
452	0.0005044904898651628
453	0.0005044904898561791
454	0.0005044904898618151
455	0.0005044904898467794
456	0.000504490489860438
457	0.000504490489858843
458	0.000504490489861197
459	0.0005044904898606487
460	0.0005044904898602331
461	0.0005044904898594014
462	0.0005044904898566047
463	0.0005044904898557247
464	0.0005044904898547425
465	0.0005044904898529556
466	0.0005044904898628637
467	0.00050449048985898
468	0.0005044904898622412
469	0.0005044904898576835
470	0.0005044904898579103
471	0.0005044904898594565
472	0.0005044904898564089
473	0.0005044904898602056
474	0.0005044904898658622
475	0.000504490489859238
476	0.0005044904898605021
477	0.0005044904898632796
478	0.0005044904898622504
479	0.0005044904898544116
480	0.000504490489866466
481	0.0005044904898521641
482	0.0005044904898538711
483	0.0005044904898581709
484	0.0005044904898658416
485	0.0005044904898633502
486	0.0005044904898640452
487	0.0005044904898588211
488	0.0005044904898578175
489	0.0005044904898583906
490	0.0005044904898600941
491	0.0005044904898588785
492	0.0005044904898566486
493	0.0005044904898645784
494	0.0005044904898590458
495	0.000504490489854582
496	0.0005044904898652571
497	0.0005044904898660008
498	0.0005044904898559245
499	0.0005044904898610268
500	0.0005044904898542993
501	0.0005044904898602112
502	0.0005044904898617685
503	0.0005044904898569241
504	0.0005044904898615265
505	0.0005044904898602723
506	0.0005044904898591711
