<Coefficient>
	 5 Total number of radial orbitals.
	Type	L	Zeta-Orbital
	  H 	0	    1
	  -0.21289515517665
	  -0.33797840785963
	  -0.31960204603006
	  -0.24549784573652
	  -0.18602843044401
	  -0.13871896804181
	  -0.11022637743206
	  -0.08430081582511
	  -0.06855872234926
	  -0.05101152256976
	  -0.04218084956692
	  -0.02838668540698
	  -0.02373410938371
	  -0.01227081191074
	  -0.01177951766730
	  -0.00178069716802
	  -0.00535993862080
	   0.00457623801380
	  -0.00795283543201
	Type	L	Zeta-Orbital
	  H 	0	    2
	   0.27518805712437
	   0.07663827663458
	  -0.18646158635797
	  -0.26888057443689
	  -0.28936876189242
	  -0.21325995086148
	  -0.18276273381085
	  -0.12804651087662
	  -0.10363670096386
	  -0.07895810748846
	  -0.06417586947278
	  -0.04761044364066
	  -0.03460659863033
	  -0.02431976358454
	  -0.01362754208004
	  -0.00917113379446
	  -0.00106741726133
	  -0.00281268126793
	   0.00807619206626
	Type	L	Zeta-Orbital
	  H 	0	    3
	  -0.62169335842337
	   0.40857529721450
	   0.59995147630097
	   0.12883016757595
	  -1.42861279994389
	  -0.53766061214306
	  -0.53645145110156
	  -0.16512389395743
	  -0.16757686351104
	  -0.02341515447510
	  -0.14448241786293
	   0.03076029570290
	  -0.15292721544667
	   0.07190343729449
	  -0.14470497807157
	   0.11286602400174
	  -0.15601230628993
	   0.17063972105843
	  -0.33552457369990
	Type	L	Zeta-Orbital
	  H 	1	    1
	   0.17532662290169
	   0.45101815235963
	   0.49679223362474
	   0.53763755383031
	   0.41245230968767
	   0.31928338537955
	   0.20768949285236
	   0.14524038615856
	   0.09437089993782
	   0.07484908836593
	   0.04653689749861
	   0.04476362732919
	   0.02505739882490
	   0.03420576548757
	   0.01111080292092
	   0.02509536421815
	   0.00220721260110
	   0.02257555902533
	  -0.04890843263525
	Type	L	Zeta-Orbital
	  H 	1	    2
	  -2.47418834791606
	   0.37593731569973
	  -0.72930778445814
	   0.87808431601136
	   0.45200576268378
	   0.49142252860382
	   0.12880859342308
	   0.26449414008701
	  -0.06540211243652
	   0.22390059051296
	  -0.17588364031555
	   0.24981558121500
	  -0.23419106994838
	   0.29358265199328
	  -0.29439176020584
	   0.36030390439483
	  -0.40060677174711
	   0.49123220038599
	  -1.96499204674777
</Coefficient>
<Mkb>
Left spillage = 3.0093743419e-02
</Mkb>
