<Coefficient>
	 3 Total number of radial orbitals.
	Type	L	Zeta-Orbital
	  Sr 	0	    1
	   0.38110956132738
	   0.12128231657386
	  -0.27720245120267
	  -0.36370434656481
	  -0.31335974695150
	  -0.22383350549268
	  -0.13951496018459
	  -0.06350855768494
	  -0.01088672738138
	   0.01994216076347
	   0.03181439530120
	   0.03139827274302
	   0.02423942936469
	   0.01454544444130
	   0.00831893343686
	   0.00185420505517
	   0.00109781641205
	  -0.00181912569905
	   0.00085137818425
	  -0.00146069976458
	   0.00128838920598
	  -0.00163389370131
	   0.00186212012996
	  -0.00220090790203
	   0.00227157911156
	  -0.00273262138650
	   0.00258858928985
	  -0.00309557627978
	   0.00364289325468
	  -0.00423971724903
	   0.00464996506072
	Type	L	Zeta-Orbital
	  Sr 	0	    2
	  -0.24632228005633
	  -0.34029943749898
	  -0.35500603710593
	  -0.37940597318666
	  -0.34834201491798
	  -0.26415389439821
	  -0.16177004416267
	  -0.07766830161478
	  -0.01754811803852
	   0.01311689413060
	   0.02386964594030
	   0.02213901272849
	   0.01555078413285
	   0.00902263031124
	   0.00273633292607
	   0.00110773379898
	  -0.00047883680059
	   0.00022259265688
	  -0.00031892477681
	   0.00038550552688
	  -0.00031057511801
	   0.00030821275636
	  -0.00069467569597
	   0.00085280844890
	  -0.00093469373334
	   0.00092247019018
	  -0.00101067717093
	   0.00119961372008
	  -0.00196302198149
	   0.00259082431548
	  -0.00250504768544
	Type	L	Zeta-Orbital
	  Sr 	1	    1
	   0.06627616520560
	   0.22614970666076
	   0.39487191423379
	   0.49463602640614
	   0.50761345081001
	   0.46190937043686
	   0.38309166289355
	   0.29795923375436
	   0.20915509984831
	   0.13633448918980
	   0.08112760665706
	   0.04279796723609
	   0.01995262903007
	   0.00614554542847
	   0.00058030419116
	  -0.00131705165049
	  -0.00200199936616
	  -0.00116666604069
	  -0.00025578290994
	   0.00002087278938
	  -0.00026478862798
	   0.00024808180328
	   0.00003248306217
	   0.00001400005991
	  -0.00042146360615
	  -0.00002983855367
	   0.00013325251533
	   0.00025609535607
	  -0.00006968713419
	   0.00067514381201
	  -0.00014326205010
</Coefficient>
<Mkb>
Left spillage = 1.3624462823e-01
</Mkb>
