0	0.003717374302581777
1	0.003010496048789544
2	0.0025290752448717964
3	0.0021688198349074286
4	0.0018718734530004796
5	0.0016194366477859355
6	0.001401994806950131
7	0.001214240665431305
8	0.0010540081974529018
9	0.0009202791034988033
10	0.0008111798542494393
11	0.0007232414942056861
12	0.0006528508249116649
13	0.0005968454840712273
14	0.0005520053350009754
15	0.000515126539709448
16	0.00048372066255097446
17	0.000456347071839447
18	0.000432313413004153
19	0.0004112555346994903
20	0.0003928319179915765
21	0.00037655490591874727
22	0.00036187426959961546
23	0.0003483601142337597
24	0.00033574527629046634
25	0.00032387857960891186
26	0.0003127309748328644
27	0.00030239498594138284
28	0.00029299438082490073
29	0.0002846091410457664
30	0.00027728729211154554
31	0.00027106274218633217
32	0.00026593585591138416
33	0.0002618658154532059
34	0.00025877200889684533
35	0.00025651320405519797
36	0.00025489159839392
37	0.0002537013183034085
38	0.00025275317193740657
39	0.00025186695743981835
40	0.0002508916903568418
41	0.0002497432258504808
42	0.0002484113292079596
43	0.00024694542872686053
44	0.0002454332175142712
45	0.0002439628713213559
46	0.00024259159610590727
47	0.00024134149497296076
48	0.000240200165743356
49	0.0002391270688905247
50	0.00023808359712942654
51	0.0002370524202958928
52	0.00023602897972607015
53	0.00023501578568322932
54	0.00023401756781914318
55	0.00023303415759145496
56	0.0002320653867477153
57	0.00023111310699818388
58	0.00023018150003867188
59	0.0002292850783889348
60	0.0002284442505590652
61	0.00022767303419061563
62	0.00022697463004778845
63	0.00022633788852718394
64	0.00022573928571341828
65	0.00022515403272161245
66	0.00022456549526400597
67	0.00022397128937336078
68	0.00022338073914957132
69	0.0002228041261302846
70	0.00022224923901026085
71	0.00022172029116901388
72	0.0002212158062486116
73	0.0002207307438149207
74	0.00022025838510653404
75	0.0002197938735896462
76	0.00021933472247290915
77	0.00021887861405605588
78	0.00021842407436691887
79	0.00021797059096572127
80	0.00021752008944079526
81	0.0002170768544761484
82	0.00021664388288131868
83	0.00021622050960122132
84	0.0002158021905848485
85	0.0002153830878804944
86	0.0002149572996228942
87	0.00021452032982418096
88	0.0002140711273690124
89	0.00021361148132672454
90	0.00021314388019364483
91	0.00021266916908222787
92	0.00021218626971509938
93	0.00021169230651339022
94	0.0002111834349122244
95	0.00021065559713320394
96	0.0002101055893339869
97	0.00020953206456066363
98	0.000208935217777531
99	0.00020831574955590212
100	0.0002076742763125745
101	0.00020701126530407076
102	0.0002063266417416029
103	0.000205620104177513
104	0.00020489169932000283
105	0.0002041421922831065
106	0.00020337309531850447
107	0.0002025868189612085
108	0.0002017865397863212
109	0.00020097588020564485
110	0.0002001581648141933
111	0.00019933607210615193
112	0.00019851190442596282
113	0.00019768802190750888
114	0.00019686704454774615
115	0.00019605172978040628
116	0.00019524456668858426
117	0.00019444754199416655
118	0.00019366220983253927
119	0.00019288973538930562
120	0.0001921309660175568
121	0.0001913864304525245
122	0.00019065649675362788
123	0.00018994159399018096
124	0.00018924231184923562
125	0.00018855934330883086
126	0.0001878933032436701
127	0.00018724446362572612
128	0.00018661249983847373
129	0.00018599632807284896
130	0.00018539401838815295
131	0.00018480270655897224
132	0.00018421844083069605
133	0.00018363606061945695
134	0.00018304903873952647
135	0.000182449219205884
136	0.00018182651349943707
137	0.0001811685524671677
138	0.00018046029454873527
139	0.00017968357313543232
140	0.00017881660682004963
141	0.0001778335129313822
142	0.00017670390540433162
143	0.000175392755854155
144	0.00017386069692883416
145	0.00017206498718059358
146	0.00016996139475625757
147	0.0001675071959030456
148	0.0001646653446186336
149	0.0001614096781530826
150	0.00015773073284781463
151	0.000153641408282159
152	0.00014918142816560388
153	0.00014441944936752658
154	0.00013945192558757188
155	0.00013439836589466283
156	0.00012939323943198943
157	0.00012457519710313105
158	0.00012007458796752737
159	0.00011600068334950315
160	0.00011243038521985556
161	0.00010939989756801621
162	0.00010690002472520278
163	0.00010487561621790895
164	0.00010323064981083315
165	0.00010184085408379127
166	0.00010057371510732722
167	9.931180444415903e-05
168	9.797258516209664e-05
169	9.65186367042066e-05
170	9.495614874030812e-05
171	9.33239123044829e-05
172	9.167756918915276e-05
173	9.00740490395729e-05
174	8.855972357611746e-05
175	8.71638953539414e-05
176	8.589754798232076e-05
177	8.475615405410461e-05
178	8.37248211716265e-05
179	8.278405680937918e-05
180	8.191478897502399e-05
181	8.110181645860249e-05
182	8.033541901993622e-05
183	7.961131033264132e-05
184	7.892939989860539e-05
185	7.829193990013781e-05
186	7.770160460316515e-05
187	7.715993235508662e-05
188	7.666639392326536e-05
189	7.621816774500358e-05
190	7.581053346849898e-05
191	7.543767246543302e-05
192	7.509361132565505e-05
193	7.477306440805517e-05
194	7.447200576745155e-05
195	7.418789793647095e-05
196	7.391959523499772e-05
197	7.366700310648994e-05
198	7.343060603282064e-05
199	7.321097851491149e-05
200	7.300837499706605e-05
201	7.282246435384378e-05
202	7.265223860794643e-05
203	7.249608836582154e-05
204	7.235200458406937e-05
205	7.221784485511888e-05
206	7.209159782339429e-05
207	7.197159154953183e-05
208	7.185661443079357e-05
209	7.174594177244993e-05
210	7.163928077690898e-05
211	7.15366590093059e-05
212	7.14382865372438e-05
213	7.134442083815142e-05
214	7.125525745009948e-05
215	7.11708598771194e-05
216	7.109113191751287e-05
217	7.101582686875424e-05
218	7.094458265753727e-05
219	7.08769702538214e-05
220	7.081254402393045e-05
221	7.075088560623452e-05
222	7.069163613432857e-05
223	7.063451446453564e-05
224	7.057932143754314e-05
225	7.052593224556058e-05
226	7.04742805865188e-05
227	7.042433903913947e-05
228	7.037609970363783e-05
229	7.032955789703308e-05
230	7.028470025804992e-05
231	7.024149759997424e-05
232	7.019990228958513e-05
233	7.015984957402832e-05
234	7.012126189491225e-05
235	7.008405486349338e-05
236	7.004814343147133e-05
237	7.001344701106377e-05
238	6.9979892775857e-05
239	6.994741697002729e-05
240	6.99159645256235e-05
241	6.988548754423998e-05
242	6.985594325460551e-05
243	6.982729201124352e-05
244	6.979949577679203e-05
245	6.97725173679869e-05
246	6.974632049736131e-05
247	6.9720870403093e-05
248	6.969613469058307e-05
249	6.967208402418917e-05
250	6.964869243262745e-05
251	6.962593715933959e-05
252	6.960379811033e-05
253	6.958225702275354e-05
254	6.956129653989632e-05
255	6.954089939591347e-05
256	6.952104790694377e-05
257	6.950172387532495e-05
258	6.94829088959695e-05
259	6.94645849349047e-05
260	6.944673499463956e-05
261	6.9429343686242e-05
262	6.941239758160856e-05
263	6.939588530186771e-05
264	6.937979735884734e-05
265	6.93641258080439e-05
266	6.93488637958884e-05
267	6.933400508507907e-05
268	6.931954363741424e-05
269	6.930547330555385e-05
270	6.929178764789034e-05
271	6.927847986171721e-05
272	6.92655428030084e-05
273	6.925296907376768e-05
274	6.924075115110707e-05
275	6.92288815357463e-05
276	6.921735288848137e-05
277	6.920615813257869e-05
278	6.919529050319697e-05
279	6.918474354397547e-05
280	6.917451105973225e-05
281	6.916458704361033e-05
282	6.915496559615594e-05
283	6.914564085751657e-05
284	6.913660695806193e-05
285	6.912785799478217e-05
286	6.911938803208623e-05
287	6.911119111400138e-05
288	6.910326128305324e-05
289	6.90955925942233e-05
290	6.908817912198637e-05
291	6.908101496093406e-05
292	6.907409422402936e-05
293	6.906741103686924e-05
294	6.906095953860944e-05
295	6.905473388226412e-05
296	6.904872824434187e-05
297	6.904293683894703e-05
298	6.903735393441892e-05
299	6.903197387186227e-05
300	6.902679107588843e-05
301	6.902180006499291e-05
302	6.901699544959089e-05
303	6.901237192811641e-05
304	6.900792428052954e-05
305	6.900364735607896e-05
306	6.899953606817945e-05
307	6.899558538899909e-05
308	6.899179034961254e-05
309	6.898814604592291e-05
310	6.89846476449843e-05
311	6.898129039529786e-05
312	6.897806963410481e-05
313	6.89749807952983e-05
314	6.897201941399121e-05
315	6.896918113001333e-05
316	6.896646168691747e-05
317	6.896385693158496e-05
318	6.896136281172132e-05
319	6.895897537288112e-05
320	6.895669075542708e-05
321	6.895450519315148e-05
322	6.89524150109639e-05
323	6.89504166258073e-05
324	6.894850654526513e-05
325	6.894668137050547e-05
326	6.89449377970081e-05
327	6.894327261484467e-05
328	6.894168270921849e-05
329	6.894016506024996e-05
330	6.893871674105595e-05
331	6.893733491678972e-05
332	6.893601684166202e-05
333	6.893475985796259e-05
334	6.893356139348438e-05
335	6.893241896120672e-05
336	6.893133015731161e-05
337	6.893029266054222e-05
338	6.892930423021908e-05
339	6.892836270692806e-05
340	6.892746600853649e-05
341	6.892661212979452e-05
342	6.892579914050863e-05
343	6.892502518283567e-05
344	6.892428846979863e-05
345	6.892358728323905e-05
346	6.89229199717351e-05
347	6.89222849495668e-05
348	6.892168069497441e-05
349	6.892110574818773e-05
350	6.892055870876917e-05
351	6.892003823676958e-05
352	6.891954304760457e-05
353	6.891907191232518e-05
354	6.891862365489486e-05
355	6.891819715026036e-05
356	6.891779132335529e-05
357	6.891740514631395e-05
358	6.891703763701185e-05
359	6.891668785792603e-05
360	6.891635491457364e-05
361	6.891603795338845e-05
362	6.891573616065304e-05
363	6.891544876084143e-05
364	6.891517501564407e-05
365	6.89149142213049e-05
366	6.891466570899449e-05
367	6.891442884134256e-05
368	6.891420301270681e-05
369	6.891398764769965e-05
370	6.891378219865662e-05
371	6.891358614556883e-05
372	6.891339899479461e-05
373	6.89132202778874e-05
374	6.891304954973413e-05
375	6.891288638859029e-05
376	6.891273039466248e-05
377	6.891258118833386e-05
378	6.891243841070038e-05
379	6.891230172156893e-05
380	6.891217079853811e-05
381	6.891204533624037e-05
382	6.89119250466675e-05
383	6.891180965624823e-05
384	6.891169890654127e-05
385	6.891159255338745e-05
386	6.891149036590179e-05
387	6.891139212598746e-05
388	6.891129762739409e-05
389	6.891120667516231e-05
390	6.891111908565925e-05
391	6.891103468527714e-05
392	6.891095331003976e-05
393	6.891087480523307e-05
394	6.891079902465725e-05
395	6.891072583144814e-05
396	6.891065509514098e-05
397	6.891058669328745e-05
398	6.891052051043018e-05
399	6.891045643786641e-05
400	6.891039437292614e-05
401	6.891033421863485e-05
402	6.891027588412197e-05
403	6.891021928315252e-05
404	6.891016433458167e-05
405	6.891011096247661e-05
406	6.891005909486945e-05
407	6.891000866348101e-05
408	6.890995960465428e-05
409	6.890991185820913e-05
410	6.890986536731035e-05
411	6.89098200785152e-05
412	6.890977594101362e-05
413	6.890973290781961e-05
414	6.890969093363934e-05
415	6.890964997596954e-05
416	6.890960999525465e-05
417	6.890957095387004e-05
418	6.890953281564237e-05
419	6.890949554781687e-05
420	6.890945911767098e-05
421	6.890942349618147e-05
422	6.890938865434102e-05
423	6.890935456579491e-05
424	6.890932120453027e-05
425	6.890928854733609e-05
426	6.89092565708869e-05
427	6.890922525370943e-05
428	6.890919457566225e-05
429	6.890916451732237e-05
430	6.890913505988858e-05
431	6.89091061863188e-05
432	6.890907787999301e-05
433	6.890905012478843e-05
434	6.890902290594316e-05
435	6.890899620882322e-05
436	6.89089700202003e-05
437	6.890894432683649e-05
438	6.890891911600741e-05
439	6.890889437619662e-05
440	6.890887009596168e-05
441	6.890884626425316e-05
442	6.890882287068766e-05
443	6.890879990521185e-05
444	6.890877735842692e-05
445	6.890875522091102e-05
446	6.890873348379194e-05
447	6.890871213837854e-05
448	6.890869117660296e-05
449	6.890867059069152e-05
450	6.890865037250207e-05
451	6.890863051523292e-05
452	6.890861101108337e-05
453	6.890859185354634e-05
454	6.890857303590326e-05
455	6.890855455140303e-05
456	6.890853639388779e-05
457	6.890851855709573e-05
458	6.890850103528716e-05
459	6.890848382244937e-05
460	6.890846691324594e-05
461	6.890845030193052e-05
462	6.890843398336507e-05
463	6.890841795218215e-05
464	6.890840220319956e-05
465	6.890838673164839e-05
466	6.890837153271763e-05
467	6.890835660156445e-05
468	6.890834193335903e-05
469	6.890832752413326e-05
470	6.890831336907369e-05
471	6.890829946374076e-05
472	6.89082858040786e-05
473	6.890827238596379e-05
474	6.890825920532476e-05
475	6.890824625783179e-05
476	6.890823354011472e-05
477	6.890822104786172e-05
478	6.8908208777471e-05
479	6.890819672519486e-05
480	6.890818488759366e-05
481	6.890817326060183e-05
482	6.890816184128819e-05
483	6.890815062565584e-05
484	6.890813961083006e-05
485	6.890812879314834e-05
486	6.890811816930241e-05
487	6.890810773635255e-05
488	6.890809749068826e-05
489	6.89080874296713e-05
490	6.890807754981818e-05
491	6.890806784830414e-05
492	6.890805832235485e-05
493	6.890804896859724e-05
494	6.890803978466165e-05
495	6.890803076726933e-05
496	6.890802191378138e-05
497	6.890801322143676e-05
498	6.890800468790013e-05
499	6.890799630985737e-05
500	6.890798808504472e-05
501	6.890798001107996e-05
502	6.890797208499735e-05
503	6.890796430483921e-05
504	6.89079566674573e-05
505	6.8907949171151e-05
506	6.890794181306266e-05
507	6.890793459088162e-05
508	6.89079275025062e-05
509	6.890792054546754e-05
510	6.890791371770706e-05
511	6.890790701686714e-05
512	6.890790044064626e-05
513	6.890789398762047e-05
514	6.890788765459944e-05
515	6.890788144055817e-05
516	6.890787534272667e-05
517	6.890786935939903e-05
518	6.890786348859582e-05
519	6.890785772829622e-05
520	6.890785207656124e-05
521	6.890784653174689e-05
522	6.890784109151169e-05
523	6.890783575456521e-05
524	6.89078305187652e-05
525	6.890782538268349e-05
526	6.890782034401912e-05
527	6.890781540183798e-05
528	6.89078105536457e-05
529	6.890780579831697e-05
530	6.890780113388491e-05
531	6.890779655900621e-05
532	6.890779207205674e-05
533	6.890778767132778e-05
534	6.890778335532579e-05
535	6.890777912272987e-05
536	6.890777497221078e-05
537	6.890777090156132e-05
538	6.890776690974369e-05
539	6.890776299581533e-05
540	6.890775915794076e-05
541	6.890775539453717e-05
542	6.890775170469179e-05
543	6.890774808684472e-05
544	6.890774453974417e-05
545	6.890774106209142e-05
546	6.890773765273305e-05
547	6.890773431025894e-05
548	6.890773103379252e-05
549	6.890772782176539e-05
550	6.890772467313629e-05
551	6.890772158667837e-05
552	6.890771856129695e-05
553	6.890771559591832e-05
554	6.890771268931579e-05
555	6.890770984067135e-05
556	6.890770704845457e-05
557	6.890770431214202e-05
558	6.890770163062209e-05
559	6.890769900253006e-05
560	6.890769642703255e-05
561	6.890769390334811e-05
562	6.890769143035031e-05
563	6.890768900677418e-05
564	6.89076866324415e-05
565	6.8907684305751e-05
566	6.8907682026079e-05
567	6.89076797925459e-05
568	6.890767760439497e-05
569	6.890767546053867e-05
570	6.890767336034033e-05
571	6.890767130281559e-05
572	6.89076692871739e-05
573	6.890766731276208e-05
574	6.890766537848068e-05
575	6.890766348406109e-05
576	6.890766162841985e-05
577	6.890765981075418e-05
578	6.890765803046354e-05
579	6.89076562868217e-05
580	6.89076545791965e-05
581	6.890765290694384e-05
582	6.890765126884999e-05
583	6.89076496650158e-05
584	6.890764809443037e-05
585	6.89076465561844e-05
586	6.890764505026868e-05
587	6.89076435754611e-05
588	6.890764213233729e-05
589	6.89076407197421e-05
590	6.890763933904883e-05
591	6.89076379932495e-05
592	6.890763669144337e-05
593	6.890763545767758e-05
594	6.890763435895105e-05
595	6.890763357719675e-05
596	6.890763360668655e-05
597	6.890763580700037e-05
598	6.890764393800257e-05
599	6.890766847667295e-05
600	6.890773884093834e-05
601	6.890793785819732e-05
602	6.89084993402099e-05
603	6.891006876462036e-05
604	6.891433703695836e-05
605	6.892482668048931e-05
606	6.894442467162643e-05
607	6.895841073632464e-05
608	6.893727327473348e-05
609	6.890906160797109e-05
610	6.892220903393747e-05
611	6.893535031401813e-05
612	6.891649725309774e-05
613	6.891273998061618e-05
614	6.892417609397425e-05
615	6.891719588444606e-05
616	6.89123098045311e-05
617	6.891674803500475e-05
618	6.891506607616551e-05
619	6.891294967659574e-05
620	6.891234551334808e-05
621	6.891292792579055e-05
622	6.891304508007621e-05
623	6.890981579122578e-05
624	6.89114247077269e-05
625	6.891242156496185e-05
626	6.890850038848767e-05
627	6.891054034789437e-05
628	6.891135896753207e-05
629	6.890788273663391e-05
630	6.891002748891952e-05
631	6.891027249090103e-05
632	6.890764593972559e-05
633	6.890960083144516e-05
634	6.890939569686392e-05
635	6.890765577157823e-05
636	6.890914752971284e-05
637	6.89087414683857e-05
638	6.890779238023946e-05
639	6.890872261995816e-05
640	6.89082766849275e-05
641	6.890791593813068e-05
642	6.890837659836675e-05
643	6.890799280824979e-05
644	6.890796867032024e-05
645	6.890809888453005e-05
646	6.890784338845282e-05
