<Coefficient>
	 7 Total number of radial orbitals.
	Type	L	Zeta-Orbital
	  Ga 	0	    1
	  -0.08867739967661
	  -0.18210760073205
	  -0.15780839646695
	  -0.06743678301897
	   0.01353338263289
	   0.06414334564726
	   0.08612683703953
	   0.08810317110681
	   0.07797768401774
	   0.06235590282236
	   0.04532492585306
	   0.02979152080473
	   0.01691210830418
	   0.00776472508032
	   0.00178396434158
	  -0.00124333810628
	  -0.00255537989124
	  -0.00217415875545
	  -0.00125367868119
	   0.00005809287969
	   0.00057979793712
	   0.00114389295965
	   0.00105585176961
	   0.00108393568552
	   0.00039720094026
	   0.00019978788979
	  -0.00046894343757
	  -0.00038574119700
	  -0.00080904198491
	  -0.00034998410499
	  -0.00064145816630
	Type	L	Zeta-Orbital
	  Ga 	0	    2
	  -0.67599734825610
	  -0.06890330587691
	   0.58823960517480
	   0.22163931362264
	  -0.14529045101540
	  -0.35234872799307
	  -0.40512876491325
	  -0.39588976423737
	  -0.33503393758429
	  -0.26775683619904
	  -0.19444924967415
	  -0.12783306847180
	  -0.06954887429302
	  -0.03066570002908
	  -0.00895663907226
	   0.00470393577176
	   0.01113949366068
	   0.01345202182854
	   0.00184757286725
	  -0.00214862943558
	  -0.00363396299956
	   0.00352807571394
	  -0.00311099414675
	   0.00229096743243
	  -0.00149809511979
	   0.00701139835412
	  -0.00033225627485
	   0.00688236472612
	  -0.00396991195444
	   0.00470858016641
	  -0.00946493871948
	Type	L	Zeta-Orbital
	  Ga 	1	    1
	  -0.13270042916458
	  -0.21164562775243
	  -0.19663200579210
	  -0.13050340255874
	  -0.07584465908080
	  -0.03235269881167
	  -0.00641395016159
	   0.01053448356158
	   0.01488956891495
	   0.01501781976462
	   0.01085118889543
	   0.00657350888978
	   0.00122158496818
	  -0.00151185411513
	  -0.00455373130877
	  -0.00437028214877
	  -0.00477606858039
	  -0.00264518052395
	  -0.00246221066079
	   0.00014142509950
	  -0.00024224487815
	   0.00142475142682
	   0.00003019869443
	   0.00131381199927
	  -0.00088252266034
	   0.00050535111361
	  -0.00178635984264
	   0.00031710005933
	  -0.00198835370759
	   0.00116696251608
	  -0.00242883646215
	Type	L	Zeta-Orbital
	  Ga 	1	    2
	  -0.56374916839706
	  -0.09679727341677
	   0.34380889137597
	   0.33181917167637
	   0.21284032394130
	   0.08790183604203
	  -0.00652664718913
	  -0.04280401273608
	  -0.05017895086071
	  -0.03431873038050
	  -0.02719728240437
	  -0.00839602228365
	  -0.00027216879932
	   0.01522868174111
	   0.01091752379136
	   0.01531338947166
	   0.00443294845372
	   0.00650179018870
	  -0.00708694623345
	  -0.00228369231061
	  -0.01209713684218
	   0.00137351843018
	  -0.00776080070449
	   0.00817402311161
	  -0.00209033199660
	   0.01460046156714
	  -0.00108413695263
	   0.01518306789186
	  -0.00690411997715
	   0.01270100487915
	  -0.02245119022944
	Type	L	Zeta-Orbital
	  Ga 	2	    1
	   0.00914994010802
	   0.03778418486502
	   0.08582842196000
	   0.14596403771840
	   0.21144201340784
	   0.27748365556525
	   0.34068040293791
	   0.39783500384482
	   0.44601133527563
	   0.48258086936734
	   0.50519141471278
	   0.51177987245982
	   0.50235516770262
	   0.47708277474479
	   0.43805728526640
	   0.38885515444052
	   0.33255461182183
	   0.27388584787419
	   0.21628509284407
	   0.16294928272840
	   0.11684706227166
	   0.07896228568505
	   0.04980572694521
	   0.02869083062606
	   0.01482621067768
	   0.00640542135249
	   0.00205558272289
	   0.00016507877218
	  -0.00024631567746
	  -0.00017179657697
	   0.00011668438071
	Type	L	Zeta-Orbital
	  Ga 	2	    2
	  -0.04531015958430
	   0.45324394090300
	   0.69199546351002
	   0.60383135874281
	   0.43089610575841
	   0.26149190746140
	   0.09625518264968
	  -0.01545536936156
	  -0.09704831336827
	  -0.14152197314401
	  -0.19832415575791
	  -0.24348451806235
	  -0.28840178444315
	  -0.31042473240100
	  -0.33509017312202
	  -0.33578518127472
	  -0.33464460762592
	  -0.30588234240706
	  -0.28156928205384
	  -0.23486471916921
	  -0.20043442104256
	  -0.14582642885397
	  -0.11152150209225
	  -0.06308953333655
	  -0.04468863955986
	  -0.01082895478297
	  -0.00987721009932
	   0.01212800684533
	  -0.00278160719121
	   0.01576498445461
	  -0.02997831645168
	Type	L	Zeta-Orbital
	  Ga 	3	    1
	  -0.31401895979753
	  -0.04869625473292
	   0.73386870018379
	   0.80748815291370
	   0.75433364876099
	   0.65062725139878
	   0.45804658193821
	   0.21700863241635
	   0.12494324260723
	   0.10389636327253
	   0.10105857033824
	   0.06754291777903
	   0.05837245000491
	   0.04430158201718
	   0.04513162616722
	   0.01979075335585
	   0.01501236850912
	   0.00784466334916
	   0.01942707368148
	   0.00315345647349
	   0.00251770473894
	  -0.01019880070073
	   0.00129951376140
	  -0.00836380937251
	   0.00355328713059
	  -0.00730931791051
	   0.00639999578368
	  -0.00682909794507
	   0.00990649813663
	  -0.00621907219935
	   0.05900321868197
</Coefficient>
<Mkb>
Left spillage = 4.9289667453e-04
</Mkb>
