<Coefficient>
	 14 Total number of radial orbitals.
	Type	L	Zeta-Orbital
	  Ir 	0	    1
	   0.18290560672598
	   0.23330966264144
	   0.22554015827865
	   0.20637981816054
	   0.18764992894670
	   0.13895487629076
	   0.09367677482786
	   0.04921371064947
	   0.02627073292758
	   0.00845751148685
	   0.00630893029007
	   0.00102466723006
	   0.00440645098612
	  -0.00031107025756
	   0.00329290860832
	  -0.00225898104571
	   0.00258436613859
	  -0.00324160691724
	   0.00321192278838
	  -0.00385631918611
	   0.00467512914197
	  -0.00759274402708
	Type	L	Zeta-Orbital
	  Ir 	0	    2
	   0.20526230623597
	   0.04271072106756
	  -0.19475008676427
	  -0.31228932690420
	  -0.27909425809598
	  -0.20879121143392
	  -0.11476848142010
	  -0.05079576466672
	   0.00143094082097
	   0.01707402200758
	   0.02837767242149
	   0.01793108043880
	   0.01725908102788
	   0.00345062016231
	   0.00658581729196
	  -0.00399421801188
	   0.00437383154019
	  -0.00551412177901
	   0.00568640181585
	  -0.00660353639486
	   0.00807220031258
	  -0.01315967946018
	Type	L	Zeta-Orbital
	  Ir 	0	    3
	   0.21470166942379
	  -0.13959161108675
	   0.02986178192022
	   0.25262363764623
	  -0.10593230132787
	  -0.24916980880482
	  -0.12188491260036
	  -0.00181100188308
	  -0.03351932990131
	  -0.00360741235406
	   0.00733204670327
	   0.01377657653912
	  -0.00202923653310
	   0.00406407139015
	   0.00062312928529
	  -0.00020751570400
	  -0.00137073762404
	  -0.00144602150595
	   0.00002772804337
	  -0.00287444472621
	   0.00305398663033
	  -0.00601331704537
	Type	L	Zeta-Orbital
	  Ir 	0	    4
	   0.19464621756107
	  -0.22711715809388
	  -0.18394974288683
	   0.04921134643471
	   0.18903343037156
	   0.20926573191418
	   0.07718655646775
	   0.00908543500550
	  -0.02937386657958
	  -0.04594733097303
	  -0.05588072913138
	  -0.05200066361564
	  -0.03333881044183
	  -0.01965619408866
	  -0.00459363151262
	  -0.00585610223977
	   0.00503334111755
	  -0.00417346314534
	   0.00721905092980
	  -0.00715190648423
	   0.00932402971037
	  -0.01591740588586
	Type	L	Zeta-Orbital
	  Ir 	0	    5
	   0.23384464143254
	   0.04047563035981
	  -0.06140261024083
	  -0.10346591238546
	  -0.19067383265255
	  -0.02411660772242
	   0.24793331488322
	  -0.09545551491709
	  -0.49885319207801
	  -0.52003150527865
	  -0.51705750423300
	  -0.40080461416141
	  -0.29982375648773
	  -0.15981046320526
	  -0.07973354916972
	  -0.01225450451609
	  -0.01175553448209
	   0.01566725471105
	   0.01246802640285
	   0.01251571212092
	  -0.02785493359614
	   0.01437933751371
	Type	L	Zeta-Orbital
	  Ir 	0	    6
	  -0.25342211151261
	  -0.05876086240045
	  -0.07319556276763
	   0.04730069728297
	   0.47434493870231
	   0.00415180484403
	  -0.36390556496509
	  -0.18513913204999
	  -0.23834063232497
	  -0.26515936094459
	  -0.23631908910402
	  -0.12464901446152
	  -0.14176535351861
	  -0.06245243559231
	  -0.04342607046446
	   0.00213741496278
	  -0.01804884522161
	   0.02185312684264
	  -0.00685338901805
	   0.01325785596217
	  -0.02482139970510
	   0.02622989172419
	Type	L	Zeta-Orbital
	  Ir 	1	    1
	   0.06520893064146
	   0.23045632743697
	   0.41298143439697
	   0.52643983853342
	   0.54240983816439
	   0.48037487791438
	   0.37683976210160
	   0.26508614660963
	   0.16633604624631
	   0.09198793878434
	   0.04279546842857
	   0.01532793002598
	   0.00251064122253
	  -0.00144192925049
	  -0.00169250273857
	  -0.00065248682476
	  -0.00008005883053
	   0.00021777433402
	  -0.00002265486707
	  -0.00003488477089
	  -0.00024687964067
	   0.00016576190529
	Type	L	Zeta-Orbital
	  Ir 	1	    2
	  -0.29700357022179
	  -0.16539473919461
	   0.01007737313225
	   0.29142634515538
	   0.33956463490527
	   0.32883213487219
	   0.21703399510351
	   0.17322001808496
	   0.08795094879561
	   0.06075249734341
	   0.00586387579841
	   0.01458973994440
	  -0.01785037640755
	   0.00781171923393
	  -0.01854345809169
	   0.01388752592895
	  -0.01649304625302
	   0.01983131447127
	  -0.01984545929047
	   0.02433375643862
	  -0.02893452014257
	   0.08762890544260
	Type	L	Zeta-Orbital
	  Ir 	1	    3
	   0.72979953849508
	  -0.06066614297743
	  -0.52338962394332
	  -0.30476379618387
	   0.35026272661666
	   0.57987602028853
	   0.32815253718634
	   0.07426578203350
	   0.12976352767415
	   0.02541919455276
	   0.02615840979791
	  -0.05654652856964
	  -0.00261559847914
	  -0.06027751698428
	   0.01481492823285
	  -0.04453469254083
	   0.04177959971827
	  -0.03860739734268
	   0.05179875884402
	  -0.04984540456217
	   0.07588483079192
	  -0.21128822300997
	Type	L	Zeta-Orbital
	  Ir 	2	    1
	  -0.17582837435040
	  -0.34402942491479
	  -0.46244893509046
	  -0.48762833664229
	  -0.46862733793716
	  -0.40195287479505
	  -0.32994394529252
	  -0.24180068228737
	  -0.17167751048224
	  -0.10275929327858
	  -0.06183689005936
	  -0.02439708516090
	  -0.01318928209899
	   0.00233995751421
	  -0.00281099102250
	   0.00520839809113
	  -0.00449509586238
	   0.00452866006503
	  -0.00598205371597
	   0.00550296655916
	  -0.00424528325107
	   0.04975178252548
	Type	L	Zeta-Orbital
	  Ir 	2	    2
	   0.42667056850865
	   0.17849561312554
	  -0.03161407842997
	  -0.25399959226890
	  -0.21194510624352
	  -0.12259026020112
	  -0.06284846931772
	  -0.09576915855061
	  -0.03313739631231
	  -0.03869224062197
	   0.01461646284002
	  -0.01586964059324
	   0.02957551050049
	  -0.01225314432788
	   0.03262550782481
	  -0.02034235995532
	   0.03165511728371
	  -0.02863412795301
	   0.03343676991761
	  -0.03543697259301
	   0.02552732575883
	  -0.30444269240288
	Type	L	Zeta-Orbital
	  Ir 	2	    3
	   0.77930854526135
	  -0.70804516458277
	  -0.24466395445439
	  -0.07273467643489
	   0.31012819294436
	   0.11971025336336
	   0.13454886287947
	  -0.00397850607184
	   0.13205599774288
	  -0.04036983013535
	   0.09576376346646
	  -0.06216377961762
	   0.09330578451361
	  -0.09244210392459
	   0.10195913555914
	  -0.10602808893429
	   0.11954102559082
	  -0.12780164907129
	   0.13953423143990
	  -0.14926358746659
	   0.10950209983963
	  -1.30305095280315
	Type	L	Zeta-Orbital
	  Ir 	3	    1
	   0.15415999247530
	   0.42775517115548
	   0.55113409091282
	   0.62870800045699
	   0.52932604042726
	   0.28315867729071
	   0.17367669911189
	   0.12622427670625
	   0.08320156687519
	   0.03468018255353
	   0.01217728798857
	   0.00634983167179
	   0.00796575021748
	   0.00371842781036
	   0.00313679936195
	   0.00063238280919
	   0.00202304907449
	   0.00079334932603
	   0.00093375087266
	  -0.00167568236707
	   0.00435254110784
	  -0.00324053641842
	Type	L	Zeta-Orbital
	  Ir 	3	    2
	   1.45811833157971
	   0.19878041920436
	   0.26559443893416
	  -0.18571963014463
	   0.29209433840349
	   0.22626819228316
	   0.28590248149300
	  -0.07126955194961
	   0.14020730687566
	  -0.13252910719984
	   0.12403589151257
	  -0.16085472749553
	   0.14159537998097
	  -0.17181579346546
	   0.17421300711521
	  -0.18429886506172
	   0.19601905495646
	  -0.20144901728308
	   0.19703533533232
	  -0.13726054909727
	  -0.81774302165086
	  -4.81263206973487
</Coefficient>
<Mkb>
Left spillage = 9.7546270207e-04
</Mkb>
