<Coefficient>
	 14 Total number of radial orbitals.
	Type	L	Zeta-Orbital
	  Ag 	0	    1
	   0.16465648406854
	   0.19114901525201
	   0.28855440197364
	   0.31711185756785
	   0.30137644086999
	   0.21672486564775
	   0.12619874043527
	   0.01894580312393
	  -0.04919697683769
	  -0.10263364482129
	  -0.11780265422267
	  -0.12597395189689
	  -0.10548705669907
	  -0.09168152426080
	  -0.06066999322751
	  -0.04766008566522
	  -0.02181752212411
	  -0.01936578290701
	  -0.00063313022672
	  -0.00817492888584
	   0.00772838569435
	  -0.01249408133451
	Type	L	Zeta-Orbital
	  Ag 	0	    2
	   0.21843127652215
	   0.00365098049424
	  -0.16278157304235
	  -0.24185628224462
	  -0.22651037505472
	  -0.17153412045173
	  -0.09416449690062
	  -0.03844617684464
	   0.01897716670805
	   0.04834006167568
	   0.07144512902121
	   0.06775207341953
	   0.06971632727896
	   0.05073809436721
	   0.04677904812048
	   0.02459522368553
	   0.02470263534550
	   0.00442424278354
	   0.01251565496298
	  -0.00608038688439
	   0.01041083240525
	  -0.01680803308383
	Type	L	Zeta-Orbital
	  Ag 	0	    3
	  -0.22870639904011
	   0.12135004683774
	   0.02661458195703
	  -0.05325844891361
	  -0.10225939533054
	  -0.13310474504908
	  -0.12739509975697
	  -0.04093549891451
	  -0.03882456907689
	  -0.02247174277595
	  -0.02058192834242
	   0.00875460297355
	  -0.00159421242240
	   0.01912371265988
	   0.00203119487917
	   0.02040119427130
	  -0.00134797611420
	   0.02193173338583
	  -0.00894883842658
	   0.01823340171766
	  -0.01928868490195
	   0.03291405340550
	Type	L	Zeta-Orbital
	  Ag 	0	    4
	  -0.21036385474753
	   0.20843471485993
	  -0.01075472732780
	  -0.12382465410234
	   0.06370131926794
	   0.16889395237691
	   0.12001260620389
	  -0.03212792446720
	  -0.03593640839195
	  -0.05413956992934
	  -0.07903723414857
	  -0.08079445157626
	  -0.06915857911970
	  -0.05113081770041
	  -0.04617115222021
	  -0.02159560007759
	  -0.02128786767738
	  -0.00078523525542
	  -0.00946074665432
	   0.00811972620877
	  -0.01347738187149
	   0.02283816653127
	Type	L	Zeta-Orbital
	  Ag 	0	    5
	   0.50546285809164
	  -0.28683961465146
	  -0.07777677441960
	   0.15860001309090
	   0.15129772443377
	  -0.55593201096829
	  -0.76107992473963
	  -0.00960758803270
	  -0.21364172203785
	  -0.43360768998119
	  -0.38725635124686
	  -0.22757540958156
	  -0.21553803915108
	  -0.15516395009051
	  -0.10637972840498
	  -0.08050584429617
	  -0.01434200266361
	   0.02444132414213
	   0.01839650539680
	  -0.00946829553497
	   0.00533953902649
	   0.00518955510910
	Type	L	Zeta-Orbital
	  Ag 	0	    6
	  -0.52469794864756
	   0.33733751388925
	  -0.20962775693637
	  -0.30041617389837
	   0.45051432167795
	   0.01855627560267
	  -0.12827033037981
	   0.34919962099791
	   0.23810019202619
	   0.33982123737631
	   0.30753047623820
	   0.34809859465636
	   0.19250503566141
	   0.20363353396043
	   0.07864809440252
	   0.10040731335268
	  -0.01726535678114
	   0.02805595867475
	  -0.06644319151038
	   0.03851579661743
	  -0.05470169769446
	   0.08280653091148
	Type	L	Zeta-Orbital
	  Ag 	1	    1
	  -0.32954761001985
	  -0.15565577310594
	  -0.16556382392888
	  -0.09499865778938
	  -0.08134329689077
	  -0.03992875204792
	  -0.04352911553851
	  -0.00969766470877
	  -0.01863560258444
	   0.00363468735593
	  -0.01255509437972
	   0.00973045155767
	  -0.01213525827023
	   0.01173870984768
	  -0.01421787353129
	   0.01372445740844
	  -0.01716049763309
	   0.01726123542417
	  -0.02080319552394
	   0.02326729419345
	  -0.02960859667257
	   0.08711749902180
	Type	L	Zeta-Orbital
	  Ag 	1	    2
	  -0.14485848414088
	   0.11236873428330
	   0.29534216288533
	   0.48607006217064
	   0.56207338503394
	   0.57441360049668
	   0.50107883199539
	   0.41934657245577
	   0.30334664793568
	   0.21513938121810
	   0.12142770809012
	   0.07306335712425
	   0.01845649693174
	   0.00928097501557
	  -0.01747217726476
	  -0.00295496536688
	  -0.02004719846899
	   0.00431904545073
	  -0.01576256796347
	   0.01329069087999
	  -0.01780575114559
	   0.05342235310009
	Type	L	Zeta-Orbital
	  Ag 	1	    3
	   1.97744914504634
	  -1.33376232365630
	  -0.11387841932664
	   0.49821452805511
	   0.03857849513167
	   0.08616049296378
	  -0.03921042926927
	  -0.08864171269396
	  -0.10499995737116
	  -0.09889236048080
	  -0.03823334378435
	  -0.07902345501111
	   0.00838229541003
	  -0.09065050228055
	   0.04484880201094
	  -0.09193553211174
	   0.07740061983602
	  -0.12053637885096
	   0.10441601574130
	  -0.15553680946961
	   0.17919556847288
	  -0.53456176068463
	Type	L	Zeta-Orbital
	  Ag 	2	    1
	   0.12043343219847
	   0.28531251602402
	   0.41780795310328
	   0.50133631541370
	   0.53324046234367
	   0.52759023533732
	   0.49542614728544
	   0.44161849112644
	   0.37835504222093
	   0.31061608273593
	   0.24654561297659
	   0.18599800555809
	   0.13546475481674
	   0.09157452487373
	   0.05979663943402
	   0.03407564498959
	   0.01926129248237
	   0.00722260582566
	   0.00362579064392
	  -0.00097637318342
	   0.00046040089226
	  -0.00967291960383
	Type	L	Zeta-Orbital
	  Ag 	2	    2
	   0.39646206116011
	  -0.28727118898404
	   0.12384924301537
	  -0.05892877630736
	   0.21809725973208
	   0.10922519892008
	   0.18172434640917
	   0.08869564703950
	   0.19449356602768
	   0.06256190768921
	   0.14470963125545
	   0.01647061454906
	   0.11531984473317
	  -0.02962318192651
	   0.09576570325288
	  -0.06372064170056
	   0.08852858653027
	  -0.08521746492350
	   0.10094684238913
	  -0.10741109891678
	   0.07887291114768
	  -0.87320109174487
	Type	L	Zeta-Orbital
	  Ag 	2	    3
	  -1.06721038529777
	  -0.45535300340499
	  -1.33156949653393
	  -1.08962163053620
	   0.24097737628148
	   0.57979956361465
	   0.55390033109547
	   0.58085529314938
	   0.68506664541428
	   0.56401690152317
	   0.49011723479372
	   0.37879757705644
	   0.29864433811647
	   0.22127285654497
	   0.14106846525461
	   0.09244858126131
	   0.02298826395557
	   0.05208245700513
	  -0.00397358530045
	   0.02596922501131
	  -0.03226328831299
	   0.31746280199509
	Type	L	Zeta-Orbital
	  Ag 	3	    1
	  -0.28881243516247
	  -0.50408798987625
	  -0.43168322964251
	  -0.47669390727638
	  -0.30439412597722
	  -0.21392160250210
	  -0.13933397093348
	  -0.13091671550101
	  -0.07201809606800
	  -0.07098192744794
	  -0.03440217668475
	  -0.04224467769386
	  -0.00733067959401
	  -0.02588292358032
	   0.01149806716640
	  -0.01429321020098
	   0.01656046960779
	  -0.01327563529027
	   0.01507731032669
	  -0.00791823422317
	  -0.05459042492693
	  -0.34328501477196
	Type	L	Zeta-Orbital
	  Ag 	3	    2
	   0.41866344066849
	   0.77306962744379
	  -0.93971758891331
	  -0.36873789390791
	  -0.30374088962800
	   0.00299512690862
	  -0.21404375085987
	   0.03035249527922
	  -0.19227294063110
	   0.06944351233886
	  -0.13936193878775
	   0.10312623611750
	  -0.15274217031140
	   0.11876814604988
	  -0.15520282793215
	   0.15685992117602
	  -0.15420524555669
	   0.15978962275949
	  -0.17171445237897
	   0.09380019813242
	   0.85650267216313
	   4.32622916978552
</Coefficient>
<Mkb>
Left spillage = 1.0686213801e-03
</Mkb>
