0	4.495742175658103
1	3.2571136339054565
2	2.3814935885958772
3	1.777179729835106
4	1.3602708476530436
5	1.069496923556173
6	0.8632013170907331
7	0.7136311830363586
8	0.6024404854795261
9	0.5175362769433965
10	0.4509316932075322
11	0.3973218364979338
12	0.3531591917891239
13	0.3160598211446624
14	0.28441356206832297
15	0.25711629619435805
16	0.23338334834607383
17	0.21262462204817364
18	0.19436822715680144
19	0.17822050844013196
20	0.16385010140624556
21	0.15098340570559615
22	0.13940134517845246
23	0.12893258893655116
24	0.11944333883162302
25	0.11082615019974923
26	0.10299037557726656
27	0.09585569474948617
28	0.08934862707018316
29	0.08340085038227756
30	0.07794823976335728
31	0.07293043892472735
32	0.06829148770484507
33	0.06398193201719822
34	0.05996205078216375
35	0.056204912340733784
36	0.05269761322976943
37	0.04943965836303037
38	0.046438729702217706
39	0.043705254351054754
40	0.04124754107033837
41	0.03906869350169543
42	0.03716546834402227
43	0.035528412857728564
44	0.034142459801035696
45	0.032987596496919215
46	0.032039749957934745
47	0.03127218349453392
48	0.030657414043462113
49	0.030169233691934288
50	0.029784242596145448
51	0.029482530281702227
52	0.029247586896645993
53	0.029065839741510807
54	0.028926195632360395
55	0.028819710767202255
56	0.02873926595554863
57	0.028679099852261056
58	0.028634229826615308
59	0.028599971923133793
60	0.028571775196549788
61	0.028545403381072424
62	0.02851728466249907
63	0.02848478011188107
64	0.02844623299804202
65	0.028400841944579317
66	0.02834849830018338
67	0.028289683454204014
68	0.028225405731508908
69	0.028157089040618713
70	0.028086364176740236
71	0.02801481089577813
72	0.027943758283806235
73	0.02787422033432807
74	0.027806955792290287
75	0.02774257407468249
76	0.02768161098600192
77	0.027624550683433047
78	0.02757181707538322
79	0.02752376175461753
80	0.027480649452664613
81	0.0274426256797396
82	0.027409666352230796
83	0.027381538563296424
84	0.027357810510208205
85	0.027337922581604657
86	0.02732129136077
87	0.027307398293829565
88	0.027295830061044725
89	0.02728627181611987
90	0.027278477968227726
91	0.02727224359820144
92	0.02726738318277142
93	0.027263712179295397
94	0.02726102998605407
95	0.027259111373243317
96	0.027257714505225697
97	0.027256604408273273
98	0.02725558056937424
99	0.02725449628114893
100	0.02725326526287259
101	0.027251859114523446
102	0.027250300121406692
103	0.02724864957988138
104	0.027246989512219526
105	0.027245399287144253
106	0.027243934474134812
107	0.027242616453391665
108	0.027241435780878762
109	0.027240364734188605
110	0.027239371093569557
111	0.027238427686020795
112	0.02723751686712661
113	0.02723663158901002
114	0.02723577425404011
115	0.02723495359918285
116	0.027234180317691575
117	0.02723346325119546
118	0.027232807841103587
119	0.02723221676792735
120	0.0272316910833851
121	0.0272312303397553
122	0.027230831859790687
123	0.027230490452648092
124	0.027230199377465195
125	0.027229951953936835
126	0.027229742558498013
127	0.02722956643328472
128	0.027229418857093998
129	0.027229294594775563
130	0.027229188008092042
131	0.02722909358009132
132	0.027229006511080005
133	0.0272289232983697
134	0.027228842273914845
135	0.02722876384972494
136	0.02722869012934149
137	0.0272286238738413
138	0.0272285672911062
139	0.027228521242810586
140	0.02722848511514853
141	0.027228457158124317
142	0.027228434968051437
143	0.027228415958488704
144	0.02722839782240406
145	0.027228378949022095
146	0.02722835865283124
147	0.02722833710626776
148	0.02722831503666629
149	0.02722829336644517
150	0.02722827293365288
151	0.02722825431646615
152	0.027228237740589804
153	0.02722822308202463
154	0.027228209987295176
155	0.027228198069735327
156	0.027228187075982707
157	0.027228176939063316
158	0.02722816772550373
159	0.0272281595474886
160	0.027228152495632537
161	0.027228146598018
162	0.02722814179350229
163	0.027228137925827862
164	0.027228134773569355
165	0.027228132107711366
166	0.027228129743768387
167	0.0272281275623496
168	0.027228125501246703
169	0.027228123538341822
170	0.02722812167578714
171	0.02722811992336272
172	0.027228118281559223
173	0.027228116734161603
174	0.027228115257057973
175	0.027228113835461757
176	0.027228112474125044
177	0.027228111193823422
178	0.027228110020675086
179	0.027228108977527143
180	0.027228108079424187
181	0.027228107330282247
182	0.027228106720504054
183	0.027228106228613096
184	0.02722810582772412
185	0.02722810549295317
186	0.02722810520549697
187	0.027228104953090318
188	0.027228104729119514
189	0.02722810453128978
190	0.02722810435899412
191	0.027228104209736325
192	0.027228104077111005
193	0.027228103952215053
194	0.02722810382721877
195	0.027228103698078942
196	0.02722810356483901
197	0.02722810343029351
198	0.027228103298426606
199	0.02722810317307542
200	0.027228103056799523
201	0.027228102950319855
202	0.027228102852886304
203	0.027228102763226056
204	0.027228102680216956
205	0.02722810260299344
206	0.027228102530944282
207	0.027228102463987876
208	0.02722810240283038
209	0.02722810234872823
210	0.02722810230281201
211	0.027228102265497302
212	0.027228102236352515
213	0.02722810221431141
214	0.02722810219798987
215	0.02722810218599756
216	0.027228102177192924
217	0.027228102170780356
218	0.027228102166163927
219	0.027228102162727755
220	0.02722810215977291
221	0.027228102156664605
222	0.02722810215300277
223	0.027228102148664425
224	0.027228102143737592
225	0.027228102138426958
226	0.0272281021329822
227	0.027228102127607276
228	0.02722810212239185
229	0.027228102117304046
230	0.02722810211225666
231	0.027228102107176664
232	0.0272281021020541
233	0.027228102096952592
234	0.027228102092016135
235	0.02722810208744037
236	0.027228102083406956
237	0.027228102080018347
238	0.027228102077275957
239	0.027228102075107515
240	0.027228102073414192
241	0.027228102072097707
242	0.027228102071081433
243	0.027228102070317423
244	0.027228102069773007
245	0.027228102069418912
246	0.02722810206921517
247	0.027228102069109455
248	0.027228102069053003
249	0.027228102069002634
250	0.02722810206892833
251	0.027228102068810926
252	0.027228102068647314
253	0.02722810206844142
254	0.027228102068202233
255	0.027228102067933645
256	0.027228102067636772
257	0.02722810206731336
258	0.027228102066967238
259	0.027228102066606044
260	0.027228102066243747
261	0.027228102065896098
262	0.027228102065582495
263	0.027228102065315965
264	0.027228102065104492
265	0.027228102064947923
266	0.0272281020648395
267	0.02722810206476905
268	0.027228102064723553
269	0.02722810206469282
270	0.0272281020646703
271	0.027228102064654758
272	0.02722810206464264
273	0.02722810206463415
274	0.027228102064624764
275	0.027228102064613083
276	0.02722810206459631
277	0.02722810206457402
278	0.02722810206454681
279	0.027228102064517173
280	0.027228102064487877
281	0.027228102064459504
282	0.027228102064435312
283	0.02722810206441465
284	0.027228102064397693
285	0.027228102064383163
286	0.02722810206436902
287	0.027228102064356587
288	0.027228102064345616
289	0.02722810206433507
290	0.027228102064326253
291	0.027228102064319085
292	0.027228102064313316
293	0.027228102064309027
294	0.027228102064306096
295	0.027228102064302442
296	0.02722810206429923
297	0.02722810206429713
298	0.027228102064294518
299	0.027228102064292152
300	0.027228102064289016
301	0.027228102064286757
302	0.02722810206428364
303	0.027228102064280814
304	0.027228102064278607
305	0.02722810206427493
306	0.027228102064273705
307	0.027228102064270968
308	0.027228102064269784
309	0.027228102064269347
310	0.027228102064268532
311	0.02722810206426834
312	0.027228102064267616
313	0.027228102064267144
314	0.027228102064266884
315	0.027228102064266367
316	0.02722810206426617
317	0.027228102064265524
318	0.027228102064265573
319	0.027228102064265628
320	0.027228102064265496
321	0.027228102064265083
322	0.02722810206426466
323	0.02722810206426421
324	0.027228102064264258
325	0.027228102064264088
326	0.027228102064263744
327	0.02722810206426288
328	0.027228102064262686
329	0.027228102064263005
330	0.027228102064262273
331	0.027228102064262905
332	0.02722810206426224
333	0.02722810206426186
334	0.027228102064262103
335	0.02722810206426196
336	0.027228102064262454
337	0.027228102064261926
338	0.027228102064262058
339	0.027228102064262162
340	0.027228102064261787
341	0.027228102064261836
342	0.027228102064261763
343	0.027228102064262075
344	0.027228102064261846
345	0.027228102064262093
346	0.027228102064261545
347	0.027228102064261576
348	0.02722810206426199
349	0.027228102064261902
350	0.02722810206426181
351	0.02722810206426138
352	0.027228102064261794
353	0.02722810206426161
354	0.0272281020642617
355	0.02722810206426185
356	0.0272281020642617
357	0.027228102064261846
358	0.02722810206426164
359	0.027228102064261697
360	0.027228102064261805
361	0.027228102064261548
362	0.027228102064261163
363	0.027228102064261437
364	0.027228102064261694
365	0.02722810206426151
366	0.02722810206426151
367	0.027228102064262082
368	0.027228102064261413
369	0.02722810206426178
370	0.027228102064262013
371	0.027228102064261853
372	0.02722810206426131
373	0.02722810206426147
374	0.02722810206426152
375	0.027228102064261323
376	0.027228102064261957
377	0.02722810206426165
378	0.02722810206426145
379	0.02722810206426172
380	0.027228102064261833
381	0.027228102064261205
382	0.027228102064261128
383	0.02722810206426171
384	0.027228102064261354
385	0.0272281020642612
386	0.027228102064261853
387	0.027228102064261715
388	0.027228102064261683
389	0.027228102064261992
390	0.027228102064261107
391	0.027228102064261718
392	0.02722810206426207
393	0.02722810206426181
394	0.02722810206426147
395	0.027228102064261638
396	0.027228102064261822
397	0.02722810206426167
398	0.027228102064261545
399	0.02722810206426174
400	0.02722810206426152
401	0.027228102064261222
402	0.027228102064261597
403	0.02722810206426134
404	0.027228102064261458
405	0.027228102064261014
406	0.02722810206426142
407	0.02722810206426205
408	0.027228102064261378
409	0.027228102064261482
410	0.027228102064261354
411	0.027228102064261527
412	0.027228102064261656
413	0.02722810206426172
414	0.027228102064261513
415	0.027228102064261697
416	0.02722810206426179
417	0.027228102064261666
418	0.027228102064261413
419	0.02722810206426146
420	0.02722810206426199
421	0.027228102064261947
422	0.027228102064261364
423	0.027228102064261486
424	0.027228102064261468
425	0.027228102064261756
426	0.02722810206426186
427	0.02722810206426165
428	0.027228102064261767
429	0.02722810206426185
430	0.02722810206426181
431	0.02722810206426186
432	0.027228102064261652
433	0.027228102064261392
434	0.027228102064261808
435	0.027228102064261513
436	0.02722810206426153
437	0.02722810206426154
438	0.027228102064261194
439	0.027228102064261267
440	0.027228102064261156
441	0.027228102064262103
442	0.027228102064261978
443	0.02722810206426157
444	0.027228102064261347
445	0.027228102064261073
446	0.027228102064261413
447	0.02722810206426191
448	0.02722810206426143
449	0.027228102064261784
450	0.027228102064261454
451	0.027228102064261656
452	0.027228102064261454
453	0.027228102064261576
454	0.02722810206426146
455	0.027228102064261482
456	0.027228102064261694
