  0.000000    0.13137841079098   -0.11148463291692    0.00000000000000    0.00000000000000  
  0.010000    0.13172292948524   -0.11172500089149   -0.00996824941826   -0.00018488357784  
  0.020000    0.13275587878722   -0.11244562849101   -0.01994945167505   -0.00073921082177  
  0.030000    0.13447543969866   -0.11364508786339   -0.02995649898707   -0.00166201224462  
  0.040000    0.13687858503293   -0.11532100298694   -0.04000216257015   -0.00295167530135  
  0.050000    0.13996108611794   -0.11747005525695   -0.05009903274441   -0.00460594927338  
  0.060000    0.14371752215496   -0.12008799128444   -0.06025945976353   -0.00662195207396  
  0.070000    0.14814129220805   -0.12316963288498   -0.07049549560430   -0.00899617894268  
  0.080000    0.15322462979175   -0.12670888922901   -0.08081883694906   -0.01172451298799  
  0.090000    0.15895862001787   -0.13069877111906   -0.09124076958813   -0.01480223752797  
  0.100000    0.16533321925509   -0.13513140735319   -0.10177211446355   -0.01822405017165  
  0.110000    0.17233727724864   -0.13999806312829   -0.11242317556819   -0.02198407857492  
  0.120000    0.17995856164071   -0.14528916043082   -0.12320368990658   -0.02607589779770  
  0.130000    0.18818378482577   -0.15099430035727   -0.13412277971489   -0.03049254918217  
  0.140000    0.19699863306896   -0.15710228730132   -0.14518890712781   -0.03522656066502  
  0.150000    0.20638779780987   -0.16360115493934   -0.15640983146995   -0.04026996843092  
  0.160000    0.21633500906808   -0.17047819394105   -0.16779256933780   -0.04561433980893  
  0.170000    0.22682307086165   -0.17771998132757   -0.17934335762680   -0.05125079730871  
  0.180000    0.23783389854457   -0.18531241139457   -0.19106761964545   -0.05717004368929  
  0.190000    0.24934855796421   -0.19324072811427   -0.20296993444533   -0.06336238794958  
  0.200000    0.26134730633539   -0.20148955892585   -0.21505400948235   -0.06981777212685  
  0.210000    0.27380963472346   -0.21004294982080   -0.22732265671054   -0.07652579878754  
  0.220000    0.28671431202472   -0.21888440162596   -0.23977777219519   -0.08347575909283  
  0.230000    0.30003943032921   -0.22799690738453   -0.25242031931755   -0.09065666132095  
  0.240000    0.31376245154755   -0.23736299073233   -0.26525031562816   -0.09805725972792  
  0.250000    0.32786025518061   -0.24696474516475   -0.27826682339067   -0.10566608362902  
  0.260000    0.34230918710843   -0.25678387408751   -0.29146794384284   -0.11347146658445  
  0.270000    0.35708510927280   -0.26680173154292   -0.30485081518588   -0.12146157557460  
  0.280000    0.37216345012581   -0.27699936350228   -0.31841161429794   -0.12962444005281  
  0.290000    0.38751925571585   -0.28735754961370   -0.33214556215245   -0.13794798076651  
  0.300000    0.40312724128112   -0.29785684529458   -0.34604693290659   -0.14642003824140  
  0.310000    0.41896184322047   -0.30847762405737   -0.36010906661048   -0.15502840082749  
  0.320000    0.43499727131098   -0.31920011995768   -0.37432438547309   -0.16376083221047  
  0.330000    0.45120756104206   -0.33000447005396   -0.38868441360627   -0.17260509829712  
  0.340000    0.46756662593618   -0.34087075676916   -0.40317980015488   -0.18154899338892  
  0.350000    0.48404830972760   -0.35177905004557   -0.41780034570719   -0.19058036556404  
  0.360000    0.50062643827149   -0.36270944918571   -0.43253503186711   -0.19968714119414  
  0.370000    0.51727487105771   -0.37364212427379   -0.44737205385740   -0.20885734852891  
  0.380000    0.53396755220542   -0.38455735707455   -0.46229885601144   -0.21807914028799  
  0.390000    0.55067856081711   -0.39543558130835   -0.47730217000008   -0.22734081520697  
  0.400000    0.56738216057349   -0.40625742220430   -0.49236805562981   -0.23663083849108  
  0.410000    0.58405284845333   -0.41700373523609   -0.50748194403932   -0.24593786113728  
  0.420000    0.60066540246625   -0.42765564394835   -0.52262868311237   -0.25525073809281  
  0.430000    0.61719492828955   -0.43819457678472   -0.53779258491756   -0.26455854522501  
  0.440000    0.63361690470449   -0.44860230283276   -0.55295747497824   -0.27385059508450  
  0.450000    0.64990722773152   -0.45886096640447   -0.56810674317005   -0.28311645145070  
  0.460000    0.66604225336825   -0.46895312037536   -0.58322339603834   -0.29234594265511  
  0.470000    0.68199883883903   -0.47886175820935   -0.59829011032338   -0.30152917368466  
  0.480000    0.69775438226948   -0.48857034460129   -0.61328928747833   -0.31065653707333  
  0.490000    0.71328686070485   -0.49806284467331   -0.62820310896238   -0.31971872259650  
  0.500000    0.72857486639605   -0.50732375166624   -0.64301359209024   -0.32870672578769  
  0.510000    0.74359764128303   -0.51633811307187   -0.65770264621883   -0.33761185530319  
  0.520000    0.75833510961048   -0.52509155515737   -0.67225212905255   -0.34642573916429  
  0.530000    0.77276790861677   -0.53357030583749   -0.68664390284995   -0.35514032991192  
  0.540000    0.78687741724305   -0.54176121585612   -0.70085989031727   -0.36374790871195  
  0.550000    0.80064578281506   -0.54965177824337   -0.71488212997742   -0.37224108845350  
  0.560000    0.81405594565655   -0.55723014601987   -0.72869283080740   -0.38061281588530  
  0.570000    0.82709166159921   -0.56448514812524   -0.74227442594221   -0.38885637283812  
  0.580000    0.83973752236011   -0.57140630355281   -0.75560962524904   -0.39696537658329  
  0.590000    0.85197897376377   -0.57798383367811   -0.76868146658264   -0.40493377937910  
  0.600000    0.86380233179237   -0.58420867277360   -0.78147336553969   -0.41275586725812  
  0.610000    0.87519479645328   -0.59007247670762   -0.79396916353868   -0.42042625810929  
  0.620000    0.88614446345967   -0.59556762983033   -0.80615317406032   -0.42793989910893  
  0.630000    0.89664033372559   -0.60068725005472   -0.81801022689307   -0.43529206355477  
  0.640000    0.90667232068314   -0.60542519214551   -0.82952571023840   -0.44247834715655  
  0.650000    0.91623125543494   -0.60977604923372   -0.84068561054096   -0.44949466383596  
  0.660000    0.92530888976105   -0.61373515257945   -0.85147654991982   -0.45633724108725  
  0.670000    0.93389789700502   -0.61729856960974   -0.86188582108834   -0.46300261494846  
  0.680000    0.94199187086920   -0.62046310026333   -0.87190141966206   -0.46948762463103  
  0.690000    0.94958532215470   -0.62322627167790   -0.88151207376601   -0.47578940685370  
  0.700000    0.95667367348670   -0.62558633125977   -0.89070727086512   -0.48190538992373  
  0.710000    0.96325325207044   -0.62754223818015   -0.89947728175405   -0.48783328760638  
  0.720000    0.96932128052836   -0.62909365334538   -0.90781318165495   -0.49357109282007  
  0.730000    0.97487586587296   -0.63024092789251   -0.91570686838478   -0.49911707119230  
  0.740000    0.97991598667462   -0.63098509026496   -0.92315107756614   -0.50446975450784  
  0.750000    0.98444147848739   -0.63132783192579   -0.93013939486811   -0.50962793407785  
  0.760000    0.98845301759991   -0.63127149176954   -0.93666626527634   -0.51459065405511  
  0.770000    0.99195210318174   -0.63081903929601   -0.94272699940349   -0.51935720471764  
  0.780000    0.99494103789925   -0.62997405661189   -0.94831777686343   -0.52392711573950  
  0.790000    0.99742290707774   -0.62874071932846   -0.95343564674443   -0.52830014946462  
  0.800000    0.99940155648950   -0.62712377642571   -0.95807852522756   -0.53247629419652  
  0.810000    1.00088156885014   -0.62512852915469   -0.96224519040805   -0.53645575751366  
  0.820000    1.00186823910730   -0.62276080905185   -0.96593527438764   -0.54023895961768  
  0.830000    1.00236754860820   -0.62002695514013   -0.96914925271613   -0.54382652671895  
  0.840000    1.00238613823393   -0.61693379039276   -0.97188843126997   -0.54721928446166  
  0.850000    1.00193128058975   -0.61348859753648   -0.97415493066480   -0.55041825138835  
  0.860000    1.00101085134177   -0.60969909427152   -0.97595166830722   -0.55342463244191  
  0.870000    0.99963329979099   -0.60557340798605   -0.97728233819899   -0.55623981250142  
  0.880000    0.99780761877660   -0.60112005004266   -0.97815138861402   -0.55886534994654  
  0.890000    0.99554331399998   -0.59634788971461   -0.97856399777504   -0.56130297024432  
  0.900000    0.99285037286149   -0.59126612784908   -0.97852604766261   -0.56355455955094  
  0.910000    0.98973923290112   -0.58588427033391   -0.97804409609443   -0.56562215832070  
  0.920000    0.98622074993402   -0.58021210144366   -0.97712534721706   -0.56750795491381  
  0.930000    0.98230616597064   -0.57425965713981   -0.97577762055608   -0.56921427919453  
  0.940000    0.97800707701028   -0.56803719839845   -0.97400931877353   -0.57074359611147  
  0.950000    0.97333540079538   -0.56155518463754   -0.97182939428364   -0.57209849925208  
  0.960000    0.96830334461225   -0.55482424731401   -0.96924731487954   -0.57328170436391  
  0.970000    0.96292337322211   -0.54785516375932   -0.96627302852418   -0.57429604283627  
  0.980000    0.95720817700420   -0.54065883131978   -0.96291692745882   -0.57514445513673  
  0.990000    0.95117064039042   -0.53324624186594   -0.95918981178180   -0.57582998419820  
  1.000000    0.94482381066835   -0.52562845673294   -0.95510285264887   -0.57635576875370  
  1.010000    0.93818086722705   -0.51781658215100   -0.95066755524457   -0.57672503661744  
  1.020000    0.93125509131694   -0.50982174522294   -0.94589572167107   -0.57694109791234  
  1.030000    0.92405983639205   -0.50165507050230   -0.94079941389806   -0.57700733824607  
  1.040000    0.91660849909977   -0.49332765722308   -0.93539091691319   -0.57692721183919  
  1.050000    0.90891449098006   -0.48485055722902   -0.92968270220800   -0.57670423461107  
  1.060000    0.90099121093210   -0.47623475364692   -0.92368739172971   -0.57634197723083  
  1.070000    0.89285201850345   -0.46749114034558   -0.91741772242349   -0.57584405814263  
  1.080000    0.88451020805254   -0.45863050221845   -0.91088651148398   -0.57521413657625  
  1.090000    0.87597898383182   -0.44966349632462   -0.90410662242872   -0.57445590555570  
  1.100000    0.86727143603496   -0.44060063391967   -0.89709093209926   -0.57357308492022  
  1.110000    0.85840051784769   -0.43145226340383   -0.88985229868885   -0.57256941437368  
  1.120000    0.84937902353762   -0.42222855421205   -0.88240353088827   -0.57144864657963  
  1.130000    0.84021956761480   -0.41293948166651   -0.87475735823386   -0.57021454032064  
  1.140000    0.83093456509045   -0.40359481280886   -0.86692640273403   -0.56887085374167  
  1.150000    0.82153621285736   -0.39420409322574   -0.85892315184262   -0.56742133769805  
  1.160000    0.81203647221158   -0.38477663487794   -0.85075993283968   -0.56586972922953  
  1.170000    0.80244705253080   -0.37532150493953   -0.84244888867175   -0.56421974518217  
  1.180000    0.79277939612116   -0.36584751565051   -0.83400195529608   -0.56247507600037  
  1.190000    0.78304466424003   -0.35636321518251   -0.82543084056491   -0.56063937971128  
  1.200000    0.77325372429871   -0.34687687951418   -0.81674700467771   -0.55871627612368  
  1.210000    0.76341713824507   -0.33739650530954   -0.80796164222186   -0.55670934126323  
  1.220000    0.75354515212254   -0.32792980378922   -0.79908566581392   -0.55462210206517  
  1.230000    0.74364768679829   -0.31848419558173   -0.79012969134632   -0.55245803134479  
  1.240000    0.73373432984989   -0.30906680653881   -0.78110402483679   -0.55022054306514  
  1.250000    0.72381432859634   -0.29968446449604   -0.77201865087060   -0.54791298791984  
  1.260000    0.71389658425640   -0.29034369695718   -0.76288322261899   -0.54553864924781  
  1.270000    0.70398964721358   -0.28105072967824   -0.75370705341020   -0.54310073929466  
  1.280000    0.69410171336460   -0.27181148612479   -0.74449910982365   -0.54060239583419  
  1.290000    0.68424062152513   -0.26263158777357   -0.73526800627137   -0.53804667916079  
  1.300000    0.67441385186395   -0.25351635522761   -0.72602200102591   -0.53543656946227  
  1.310000    0.66462852533435   -0.24447081011190   -0.71676899364799   -0.53277496457952  
  1.320000    0.65489140406892   -0.23549967771494   -0.70751652376305   -0.53006467815785  
  1.330000    0.64520889270228   -0.22660739033980   -0.69827177113119   -0.52730843819189  
  1.340000    0.63558704058373   -0.21779809132689   -0.68904155695105   -0.52450888596374  
  1.350000    0.62603154484052   -0.20907563970951   -0.67983234633496   -0.52166857537162  
  1.360000    0.61654775425055   -0.20044361546189   -0.67065025188943   -0.51878997264342  
  1.370000    0.60714067388198   -0.19190532529866   -0.66150103833253   -0.51587545642754  
  1.380000    0.59781497045608   -0.18346380898414   -0.65239012807773   -0.51292731825054  
  1.390000    0.58857497838858   -0.17512184610889   -0.64332260771187   -0.50994776332902  
  1.400000    0.57942470646380   -0.16688196329103   -0.63430323529386   -0.50693891172066  
  1.410000    0.57036784509553   -0.15874644175930   -0.62533644839981   -0.50390279979733  
  1.420000    0.56140777412780   -0.15071732527514   -0.61642637284008   -0.50084138202100  
  1.430000    0.55254757112856   -0.14279642835103   -0.60757683197347   -0.49775653300123  
  1.440000    0.54379002012937   -0.13498534472279   -0.59879135654458   -0.49465004981155  
  1.450000    0.53513762076390   -0.12728545603395   -0.59007319497084   -0.49152365454006  
  1.460000    0.52659259775860   -0.11969794069118   -0.58142532400725   -0.48837899704855  
  1.470000    0.51815691072928   -0.11222378285032   -0.57285045971805   -0.48521765791324  
  1.480000    0.50983226423780   -0.10486378149382   -0.56435106868662   -0.48204115151917  
  1.490000    0.50162011806389   -0.09761855956133   -0.55592937939714   -0.47885092927973  
  1.500000    0.49352169764812   -0.09048857309654   -0.54758739372366   -0.47564838295227  
  1.510000    0.48553800466284   -0.08347412037463   -0.53932689846531   -0.47243484802067  
  1.520000    0.47766982766933   -0.07657535097645   -0.53114947686907   -0.46921160711549  
  1.530000    0.46991775282058   -0.06979227477682   -0.52305652008480   -0.46597989344308  
  1.540000    0.46228217457044   -0.06312477081635   -0.51504923850030   -0.46274089419495  
  1.550000    0.45476330635174   -0.05657259602775   -0.50712867290810   -0.45949575391009  
  1.560000    0.44736119118718   -0.05013539378961   -0.49929570545872   -0.45624557776336  
  1.570000    0.44007571219885   -0.04381270228260   -0.49155107035931   -0.45299143475475  
  1.580000    0.43290660298395   -0.03760396262475   -0.48389536428008   -0.44973436077538  
  1.590000    0.42585345782602   -0.03150852676495   -0.47632905643480   -0.44647536152797  
  1.600000    0.41891574171318   -0.02552566511548   -0.46885249830559   -0.44321541528110  
  1.610000    0.41209280013666   -0.01965457390669   -0.46146593298594   -0.43995547543882  
  1.620000    0.40538386864502   -0.01389438224906   -0.45416950411973   -0.43669647290891  
  1.630000    0.39878808213163   -0.00824415888975   -0.44696326441793   -0.43343931825571  
  1.640000    0.39230448383474   -0.00270291865317   -0.43984718373807   -0.43018490362544  
  1.650000    0.38593203403215    0.00273037144308   -0.43282115671554   -0.42693410443452  
  1.660000    0.37966961841385    0.00805678640338   -0.42588500993889   -0.42368778081399  
  1.670000    0.37351605611893    0.01327743780502   -0.41903850866500   -0.42044677880520  
  1.680000    0.36747010742428    0.01839346868726   -0.41228136307293   -0.41721193130509  
  1.690000    0.36153048107555    0.02340604877945   -0.40561323405855   -0.41398405876129  
  1.700000    0.35569584125199    0.02831637006689   -0.39903373857484   -0.41076396962021  
  1.710000    0.34996481415959    0.03312564269173   -0.39254245452531   -0.40755246053338  
  1.720000    0.34433599424823    0.03783509118422   -0.38613892522081   -0.40435031632987  
  1.730000    0.33880795005083    0.04244595101844   -0.37982266341208   -0.40115830976473  
  1.740000    0.33337922964413    0.04695946548470   -0.37359315491238   -0.39797720105554  
  1.750000    0.32804836573248    0.05137688286996   -0.36744986182685   -0.39480773722113  
  1.760000    0.32281388035789    0.05569945393587   -0.36139222540639   -0.39165065123845  
  1.770000    0.31767428924078    0.05992842968326   -0.35541966854563   -0.38850666103502  
  1.780000    0.31262810575777    0.06406505939060   -0.34953159794572   -0.38537646833600  
  1.790000    0.30767384456409    0.06811058891333   -0.34372740596358   -0.38226075738616  
  1.800000    0.30281002486931    0.07206625922982   -0.33800647217001   -0.37916019356801  
  1.810000    0.29803517337681    0.07593330521937   -0.33236816463995   -0.37607542193821  
  1.820000    0.29334782689790    0.07971295465691   -0.32681184099801   -0.37300706570499  
  1.830000    0.28874653465290    0.08340642740869   -0.32133684924310   -0.36995572466965  
  1.840000    0.28422986027245    0.08701493481293   -0.31594252837552   -0.36692197365544  
  1.850000    0.27979638351263    0.09053967922926   -0.31062820885003   -0.36390636094674  
  1.860000    0.27544470169881    0.09398185374064   -0.30539321287777   -0.36090940676160  
  1.870000    0.27117343091313    0.09734264199143   -0.30023685459946   -0.35793160177965  
  1.880000    0.26698120694137    0.10062321814559   -0.29515844015169   -0.35497340574702  
  1.890000    0.26286668599519    0.10382474694911   -0.29015726764713   -0.35203524617863  
  1.900000    0.25882854522594    0.10694838388109   -0.28523262708866   -0.34911751717733  
  1.910000    0.25486548304648    0.10999527537846   -0.28038380023636   -0.34622057838762  
  1.920000    0.25097621927750    0.11296655911968   -0.27561006044500   -0.34334475410065  
  1.930000    0.24715949513464    0.11586336435350   -0.27091067248859   -0.34049033252499  
  1.940000    0.24341407307295    0.11868681225952   -0.26628489238719   -0.33765756523626  
  1.950000    0.23973873650453    0.12143801632794   -0.26173196724969   -0.33484666681649  
  1.960000    0.23613228940527    0.12411808274676   -0.25725113514509   -0.33205781469222  
  1.970000    0.23259355582604    0.12672811078557   -0.25284162501314   -0.32929114917807  
  1.980000    0.22912137932333    0.12926919316591   -0.24850265662389   -0.32654677373051  
  1.990000    0.22571462232373    0.13174241640911   -0.24423344059417   -0.32382475541423  
  2.000000    0.22237216543615    0.13414886115350   -0.24003317846769   -0.32112512558124  
  2.010000    0.21909290672489    0.13648960243389   -0.23590106286376   -0.31844788076084  
  2.020000    0.21587576095627    0.13876570991708   -0.23183627769869   -0.31579298375613  
  2.030000    0.21271965883034    0.14097824808835   -0.22783799848197   -0.31316036494087  
  2.040000    0.20962354620903    0.14312827638468   -0.22390539268875   -0.31054992374810  
  2.050000    0.20658638335059    0.14521684927142   -0.22003762020820   -0.30796153034048  
  2.060000    0.20360714415997    0.14724501626038   -0.21623383386672   -0.30539502744980  
  2.070000    0.20068481546354    0.14921382186780   -0.21249318002364   -0.30285023237202  
  2.080000    0.19781839631589    0.15112430551187   -0.20881479923598   -0.30032693910212  
  2.090000    0.19500689734544    0.15297750135021   -0.20519782698811   -0.29782492059194  
  2.100000    0.19224934014478    0.15477443805861   -0.20164139448128   -0.29534393111278  
  2.110000    0.18954475671093    0.15651613855296   -0.19814462947714   -0.29288370870346  
  2.120000    0.18689218893950    0.15820361965709   -0.19470665718893   -0.29044397768392  
  2.130000    0.18429068817629    0.15983789172006   -0.19132660121337   -0.28802445121324  
  2.140000    0.18173931482878    0.16141995818658   -0.18800358449587   -0.28562483387118  
  2.150000    0.17923713803920    0.16295081512529   -0.18473673032147   -0.28324482424151  
  2.160000    0.17678323542021    0.16443145071983   -0.18152516332353   -0.28088411747566  
  2.170000    0.17437669285341    0.16586284472788   -0.17836801050215   -0.27854240781547  
  2.180000    0.17201660435016    0.16724596791404   -0.17526440224433   -0.27621939105375  
  2.190000    0.16970207197355    0.16858178146233   -0.17221347333777   -0.27391476691268  
  2.200000    0.16743220581989    0.16987123637451   -0.16921436397054   -0.27162824132007  
  2.210000    0.16520612405728    0.17111527286042   -0.16626622070892   -0.26935952856516  
  2.220000    0.16302295301847    0.17231481972647   -0.16336819744615   -0.26710835331629  
  2.230000    0.16088182734468    0.17347079376873   -0.16051945631507   -0.26487445248447  
  2.240000    0.15878189017670    0.17458409917665   -0.15771916855816   -0.26265757691802  
  2.250000    0.15672229338909    0.17565562695337   -0.15496651534893   -0.26045749291537  
  2.260000    0.15470219786319    0.17668625435850   -0.15226068855923   -0.25827398354469  
  2.270000    0.15272077379415    0.17767684437888   -0.14960089146756   -0.25610684976076  
  2.280000    0.15077720102720    0.17862824523249   -0.14698633940399   -0.25395591131168  
  2.290000    0.14887066941813    0.17954128991035   -0.14441626032830   -0.25182100742979  
  2.300000    0.14700037921279    0.18041679576095   -0.14188989533815   -0.24970199730331  
  2.310000    0.14516554144055    0.18125556412105   -0.13940649910522   -0.24759876032722  
  2.320000    0.14336537831649    0.18205837999659   -0.13696534023752   -0.24551119613402  
  2.330000    0.14159912364715    0.18282601179646   -0.13456570156720   -0.24343922440710  
  2.340000    0.13986602323500    0.18355921112182   -0.13220688036359   -0.24138278448132  
  2.350000    0.13816533527650    0.18425871261296   -0.12988818847178   -0.23934183473753  
  2.360000    0.13649633074924    0.18492523385481   -0.12760895237818   -0.23731635179972  
  2.370000    0.13485829378357    0.18555947534231   -0.12536851320443   -0.23530632954489  
  2.380000    0.13325052201453    0.18616212050567   -0.12316622663234   -0.23331177793802  
  2.390000    0.13167232691002    0.18673383579529   -0.12100146276249   -0.23133272170567  
  2.400000    0.13012303407171    0.18727527082559   -0.11887360590998   -0.22936919886322  
  2.410000    0.12860198350523    0.18778705857638   -0.11678205434126   -0.22742125911229  
  2.420000    0.12710852985675    0.18826981564983   -0.11472621995626   -0.22548896212569  
  2.430000    0.12564204261331    0.18872414258086   -0.11270552792045   -0.22357237573849  
  2.440000    0.12420190626475    0.18915062419796   -0.11071941625195   -0.22167157406417  
  2.450000    0.12278752042532    0.18954983003142   -0.10876733536875   -0.21978663555598  
  2.460000    0.12139829991369    0.18992231476515   -0.10684874760165   -0.21791764103327  
  2.470000    0.12003367479016    0.19026861872841   -0.10496312667841   -0.21606467169349  
  2.480000    0.11869309035067    0.19058926842282   -0.10310995718483   -0.21422780712990  
  2.490000    0.11737600707719    0.19088477708053   -0.10128873400848   -0.21240712337525  
  2.500000    0.11608190054478    0.19115564524845   -0.09949896177089   -0.21060269099115  
  2.510000    0.11481026128585    0.19140236139385   -0.09774015425362   -0.20881457322213  
  2.520000    0.11356059461252    0.19162540252622   -0.09601183382393   -0.20704282423281  
  2.530000    0.11233242039833    0.19182523483023   -0.09431353086530   -0.20528748744555  
  2.540000    0.11112527282089    0.19200231430475   -0.09264478321793   -0.20354859399482  
  2.550000    0.10993870006745    0.19215708740275   -0.09100513563407   -0.20182616131335  
  2.560000    0.10877226400543    0.19228999166696   -0.08939413925282   -0.20012019186357  
  2.570000    0.10762553982050    0.19240145635660   -0.08781135109848   -0.19843067202653  
  2.580000    0.10649811562477    0.19249190306007   -0.08625633360650   -0.19675757115862  
  2.590000    0.10538959203806    0.19256174628932   -0.08472865418030   -0.19510084082487  
  2.600000    0.10429958174528    0.19261139405143   -0.08322788478215   -0.19346041421572  
  2.610000    0.10322770903304    0.19264124839329   -0.08175360156068   -0.19183620575219  
  2.620000    0.10217360930893    0.19265170591584   -0.08030538451713   -0.19022811088283  
  2.630000    0.10113692860686    0.19264315825421   -0.07888281721215   -0.18863600607335  
  2.640000    0.10011732308176    0.19261599252096   -0.07748548651428   -0.18705974898848  
  2.650000    0.09911445849728    0.19257059170964   -0.07611298239103   -0.18549917886336  
  2.660000    0.09812800970995    0.19250733505648   -0.07476489774270   -0.18395411705993  
  2.670000    0.09715766015307    0.19242659835841   -0.07344082827900   -0.18242436780214  
  2.680000    0.09620310132390    0.19232875424608   -0.07214037243787   -0.18090971908183  
  2.690000    0.09526403227724    0.19221417241090   -0.07086313134534   -0.17940994372580  
  2.700000    0.09434015912871    0.19208321978565   -0.06960870881541   -0.17792480061255  
  2.710000    0.09343119457058    0.19193626067869   -0.06837671138782   -0.17645403602634  
  2.720000    0.09253685740313    0.19177365686208   -0.06716674840193   -0.17499738513442  
  2.730000    0.09165687208411    0.19159576761454   -0.06597843210408   -0.17355457357242  
  2.740000    0.09079096829877    0.19140294972050   -0.06481137778587   -0.17212531912179  
  2.750000    0.08993888055270    0.19119555742682   -0.06366520395033   -0.17070933346232  
  2.760000    0.08910034778946    0.19097394235933   -0.06253953250290   -0.16930632398224  
  2.770000    0.08827511303471    0.19073845340155   -0.06143398896376   -0.16791599562779  
  2.780000    0.08746292306844    0.19048943653820   -0.06034820269814   -0.16653805277381  
  2.790000    0.08666352812631    0.19022723466672   -0.05928180716100   -0.16517220109699  
  2.800000    0.08587668163132    0.18995218737990   -0.05823444015236   -0.16381814943330  
  2.810000    0.08510213995623    0.18966463072322   -0.05720574407969   -0.16247561160140  
  2.820000    0.08433966221727    0.18936489693058   -0.05619536622368   -0.16114430817420  
  2.830000    0.08358901009928    0.18905331414234   -0.05520295900372   -0.15982396818163  
  2.840000    0.08284994771212    0.18873020610952   -0.05422818023966   -0.15851433072798  
  2.850000    0.08212224147788    0.18839589188841   -0.05327069340629   -0.15721514650845  
  2.860000    0.08140566004839    0.18805068552946   -0.05233016787749   -0.15592617921048  
  2.870000    0.08069997425207    0.18769489576481   -0.05140627915668   -0.15464720678667  
  2.880000    0.08000495706900    0.18732882569824   -0.05049870909102   -0.15337802258738  
  2.890000    0.07932038363290    0.18695277250180   -0.04960714606639   -0.15211843634262  
  2.900000    0.07864603125852    0.18656702712270   -0.04873128518102   -0.15086827498434  
  2.910000    0.07798167949274    0.18617187400447   -0.04787082839547   -0.14962738330173  
  2.920000    0.07732711018748    0.18576759082566   -0.04702548465721   -0.14839562442416  
  2.930000    0.07668210759244    0.18535444825955   -0.04619496999826   -0.14717288012762  
  2.940000    0.07604645846560    0.18493270975786   -0.04537900760461   -0.14595905096284  
  2.950000    0.07541995219911    0.18450263136134   -0.04457732785659   -0.14475405620442  
  2.960000    0.07480238095845    0.18406446153959   -0.04378966833954   -0.14355783362275  
  2.970000    0.07419353983236    0.18361844106246   -0.04301577382452   -0.14237033908160  
  2.980000    0.07359322699117    0.18316480290467   -0.04225539621913   -0.14119154596643  
  2.990000    0.07300124385120    0.18270377218541   -0.04150829448877   -0.14002144444984  
  3.000000    0.07241739524265    0.18223556614373   -0.04077423454902   -0.13886004060227  
  3.010000    0.07184148957883    0.18176039415072   -0.04005298912997   -0.13770735535763  
  3.020000    0.07127333902421    0.18127845775880   -0.03934433761394   -0.13656342334460  
  3.030000    0.07071275965912    0.18078995078803   -0.03864806584784   -0.13542829159611  
  3.040000    0.07015957163891    0.18029505944929   -0.03796396593191   -0.13430201815012  
  3.050000    0.06961359934549    0.17979396250337   -0.03729183598693   -0.13318467055620  
  3.060000    0.06907467152935    0.17928683145505   -0.03663147990181   -0.13207632430325  
  3.070000    0.06854262144012    0.17877383078075   -0.03598270706389   -0.13097706118400  
  3.080000    0.06801728694423    0.17825511818793   -0.03534533207449   -0.12988696761311  
  3.090000    0.06749851062784    0.17773084490423   -0.03471917445208   -0.12880613291547  
  3.100000    0.06698613988410    0.17720115599407   -0.03410405832584   -0.12773464760196  
  3.110000    0.06648002698318    0.17666619070002   -0.03349981212211   -0.12667260164959  
  3.120000    0.06598002912447    0.17612608280628   -0.03290626824671   -0.12562008280311  
  3.130000    0.06548600846992    0.17558096102109   -0.03232326276558   -0.12457717491481  
  3.140000    0.06499783215802    0.17503094937492   -0.03175063508662   -0.12354395633854  
  3.150000    0.06451537229808    0.17447616763122   -0.03118822764532   -0.12252049839371  
  3.160000    0.06403850594462    0.17391673170615   -0.03063588559670   -0.12150686391407  
  3.170000    0.06356711505174    0.17335275409383   -0.03009345651616   -0.12050310589503  
  3.180000    0.06310108640789    0.17278434429357   -0.02956079011146   -0.11950926625263  
  3.190000    0.06264031155121    0.17221160923550   -0.02903773794814   -0.11852537470556  
  3.200000    0.06218468666624    0.17163465370114   -0.02852415319040   -0.11755144779093  
  3.210000    0.06173411246244    0.17105358073528   -0.02801989035921   -0.11658748802258  
  3.220000    0.06128849403569    0.17046849204600   -0.02752480510953   -0.11563348319961  
  3.230000    0.06084774071371    0.16987948838944   -0.02703875402785   -0.11468940587127  
  3.240000    0.06041176588651    0.16928666993632   -0.02656159445150   -0.11375521296240  
  3.250000    0.05998048682332    0.16869013661718   -0.02609318431062   -0.11283084556262  
  3.260000    0.05955382447736    0.16808998844385   -0.02563338199356   -0.11191622888017  
  3.270000    0.05913170327994    0.16748632580449   -0.02518204623638   -0.11101127236017  
  3.280000    0.05871405092556    0.16687924973017   -0.02473903603649   -0.11011586996514  
  3.290000    0.05830079814964    0.16626886213086   -0.02430421059082   -0.10922990061418  
  3.300000    0.05789187850057    0.16565526599948   -0.02387742925793   -0.10835322877549  
  3.310000    0.05748722810795    0.16503856558243   -0.02345855154407   -0.10748570520572  
  3.320000    0.05708678544861    0.16441886651577   -0.02304743711220   -0.10662716782770  
  3.330000    0.05669049111235    0.16379627592625   -0.02264394581331   -0.10577744273737  
  3.340000    0.05629828756906    0.16317090249698   -0.02224793773889   -0.10493634532907  
  3.350000    0.05591011893893    0.16254285649753   -0.02185927329342   -0.10410368152725  
  3.360000    0.05552593076755    0.16191224977899   -0.02147781328527   -0.10327924911198  
  3.370000    0.05514566980734    0.16127919573450   -0.02110341903462   -0.10246283912439  
  3.380000    0.05476928380700    0.16064380922614   -0.02073595249659   -0.10165423733763  
  3.390000    0.05439672131037    0.16000620647966   -0.02037527639780   -0.10085322577839  
  3.400000    0.05402793146603    0.15936650494836   -0.02002125438426   -0.10005958428348  
  3.410000    0.05366286384901    0.15872482314808   -0.01967375117891   -0.09927309207575  
  3.420000    0.05330146829553    0.15808128046538   -0.01933263274635   -0.09849352934354  
  3.430000    0.05294369475199    0.15743599694114   -0.01899776646293   -0.09772067880782  
  3.440000    0.05258949313891    0.15678909303224   -0.01866902128996   -0.09695432726147  
  3.450000    0.05223881323061    0.15614068935389   -0.01834626794798   -0.09619426706542  
  3.460000    0.05189160455122    0.15549090640561   -0.01802937908990   -0.09544029758686  
  3.470000    0.05154781628737    0.15483986428379   -0.01771822947107   -0.09469222656556  
  3.480000    0.05120739721797    0.15418768238398   -0.01741269611427   -0.09394987139484  
  3.490000    0.05087029566097    0.15353447909605   -0.01711265846774   -0.09321306030481  
  3.500000    0.05053645943740    0.15288037149549   -0.01681799855438   -0.09248163343664  
  3.510000    0.05020583585215    0.15222547503408   -0.01652860111062   -0.09175544379743  
  3.520000    0.04987837169151    0.15156990323305   -0.01624435371318   -0.09103435808688  
  3.530000    0.04955401323671    0.15091376738212   -0.01596514689265   -0.09031825738794  
  3.540000    0.04923270629307    0.15025717624720   -0.01569087423231   -0.08960703771522  
  3.550000    0.04891439623398    0.14960023578998   -0.01542143245141   -0.08890061041639  
  3.560000    0.04859902805878    0.14894304890217   -0.01515672147187   -0.08819890242307  
  3.570000    0.04828654646371    0.14828571515700   -0.01489664446775   -0.08750185634957  
  3.580000    0.04797689592483    0.14762833058060   -0.01464110789698   -0.08680943043902  
  3.590000    0.04767002079171    0.14697098744539   -0.01439002151496   -0.08612159835817  
  3.600000    0.04736586539080    0.14631377408777   -0.01414329837000   -0.08543834884370  
  3.610000    0.04706437413701    0.14565677475163   -0.01390085478056   -0.08475968520398  
  3.620000    0.04676549165236    0.14500006945942   -0.01366261029455   -0.08408562468214  
  3.630000    0.04646916289017    0.14434373391208   -0.01342848763117   -0.08341619768738  
  3.640000    0.04617533326347    0.14368783941859   -0.01319841260574   -0.08275144690262  
  3.650000    0.04588394877608    0.14303245285610   -0.01297231403846   -0.08209142627817  
  3.660000    0.04559495615516    0.14237763666085   -0.01275012364783   -0.08143619992186  
  3.670000    0.04530830298353    0.14172344884999   -0.01253177592994   -0.08078584089711  
  3.680000    0.04502393783064    0.14106994307420   -0.01231720802470   -0.08014042994155  
  3.690000    0.04474181038059    0.14041716870049   -0.01210635957036   -0.07950005411908  
  3.700000    0.04446187155609    0.13976517092439   -0.01189917254778   -0.07886480541933  
  3.710000    0.04418407363696    0.13911399091052   -0.01169559111582   -0.07823477931865  
  3.720000    0.04390837037211    0.13846366596016   -0.01149556143957   -0.07761007331708  
  3.730000    0.04363471708375    0.13781422970420   -0.01129903151288   -0.07699078546626  
  3.740000    0.04336307076296    0.13716571231967   -0.01110595097703   -0.07637701290268  
  3.750000    0.04309339015563    0.13651814076773   -0.01091627093704   -0.07576885040123  
  3.760000    0.04282563583786    0.13587153905099   -0.01072994377747   -0.07516638896309  
  3.770000    0.04255977028034    0.13522592848757   -0.01054692297920   -0.07456971445213  
  3.780000    0.04229575790087    0.13458132799948   -0.01036716293907   -0.07397890629312  
  3.790000    0.04203356510464    0.13393775441247   -0.01019061879375   -0.07339403624449  
  3.800000    0.04177316031198    0.13329522276463   -0.01001724624947   -0.07281516725752  
  3.810000    0.04151451397318    0.13265374662092   -0.00984700141915   -0.07224235243297  
  3.820000    0.04125759857044    0.13201333839048   -0.00967984066815   -0.07167563408528  
  3.830000    0.04100238860682    0.13137400964412   -0.00951572047003   -0.07111504292289  
  3.840000    0.04074886058236    0.13073577142873   -0.00935459727338   -0.07056059735264  
  3.850000    0.04049699295764    0.13009863457601   -0.00919642738090   -0.07001230291449  
  3.860000    0.04024676610514    0.12946261000243   -0.00904116684143   -0.06947015185157  
  3.870000    0.03999816224883    0.12882770899803   -0.00888877135589   -0.06893412281938  
  3.880000    0.03975116539254    0.12819394350111   -0.00873919619760   -0.06840418073630  
  3.890000    0.03950576123788    0.12756132635656   -0.00859239614758   -0.06788027677619  
  3.900000    0.03926193709239    0.12692987155560   -0.00844832544496   -0.06736234850272  
  3.910000    0.03901968176872    0.12629959445455   -0.00830693775291   -0.06685032014316  
  3.920000    0.03877898547594    0.12567051197104   -0.00816818613986   -0.06634410299846  
  3.930000    0.03853983970370    0.12504264275583   -0.00803202307599   -0.06584359598473  
  3.940000    0.03830223710045    0.12441600733878   -0.00789840044476   -0.06534868630014  
  3.950000    0.03806617134683    0.12379062824797   -0.00776726956881   -0.06485925021001  
  3.960000    0.03783163702511    0.12316653010080   -0.00763858124995   -0.06437515394154  
  3.970000    0.03759862948611    0.12254373966671   -0.00751228582230   -0.06389625467893  
  3.980000    0.03736714471455    0.12192228590082   -0.00738833321791   -0.06342240164809  
  3.990000    0.03713717919401    0.12130219994879   -0.00726667304379   -0.06295343728001  
  4.000000    0.03690872977274    0.12068351512271   -0.00714725466940   -0.06248919844043  
  4.010000    0.03668179353133    0.12006626684869   -0.00703002732350   -0.06202951771339  
  4.020000    0.03645636765334    0.11945049258689   -0.00691494019902   -0.06157422472526  
  4.030000    0.03623244930009    0.11883623172483   -0.00680194256476   -0.06112314749603  
  4.040000    0.03601003549043    0.11822352544538   -0.00669098388265   -0.06067611380387  
  4.050000    0.03578912298657    0.11761241657078   -0.00658201392906   -0.06023295254937  
  4.060000    0.03556970818676    0.11700294938446   -0.00647498291890   -0.05979349510557  
  4.070000    0.03535178702581    0.11639516943259   -0.00636984163109   -0.05935757664034  
  4.080000    0.03513535488393    0.11578912330730   -0.00626654153394   -0.05892503739789  
  4.090000    0.03492040650482    0.11518485841403   -0.00616503490912   -0.05849572392655  
  4.100000    0.03470693592334    0.11458242272528   -0.00606527497289   -0.05806949024091  
  4.110000    0.03449493640339    0.11398186452324   -0.00596721599327   -0.05764619890657  
  4.120000    0.03428440038634    0.11338323213406   -0.00587081340188   -0.05722572203715  
  4.130000    0.03407531945021    0.11278657365631   -0.00577602389934   -0.05680794219370  
  4.140000    0.03386768427985    0.11219193668645   -0.00568280555304   -0.05639275317786  
  4.150000    0.03366148464821    0.11159936804394   -0.00559111788642   -0.05598006071123  
  4.160000    0.03345670940864    0.11100891349884   -0.00550092195868   -0.05556978299456  
  4.170000    0.03325334649799    0.11042061750458   -0.00541218043429   -0.05516185114145  
  4.180000    0.03305138295057    0.10983452293850   -0.00532485764145   -0.05475620948287  
  4.190000    0.03285080492231    0.10925067085266   -0.00523891961907   -0.05435281573980  
  4.200000    0.03265159772497    0.10866910023758   -0.00515433415173   -0.05395164106267  
  4.210000    0.03245374586977    0.10808984780097   -0.00507107079236   -0.05355266993796  
  4.220000    0.03225723311994    0.10751294776377   -0.00498910087241   -0.05315589996312  
  4.230000    0.03206204255151    0.10693843167543   -0.00490839749943   -0.05276134149268  
  4.240000    0.03186815662156    0.10636632825026   -0.00482893554220   -0.05236901715968  
  4.250000    0.03167555724336    0.10579666322637   -0.00475069160352   -0.05197896127748  
  4.260000    0.03148422586728    0.10522945924858   -0.00467364398096   -0.05159121912862  
  4.270000    0.03129414356687    0.10466473577654   -0.00459777261615   -0.05120584614818  
  4.280000    0.03110529112902    0.10410250901875   -0.00452305903287   -0.05082290701031  
  4.290000    0.03091764914739    0.10354279189322   -0.00444948626492   -0.05044247462737  
  4.300000    0.03073119811799    0.10298559401518   -0.00437703877420   -0.05006462907220  
  4.310000    0.03054591853621    0.10243092171182   -0.00430570236009   -0.04968945643462  
  4.320000    0.03036179099404    0.10187877806402   -0.00423546406085   -0.04931704762374  
  4.330000    0.03017879627674    0.10132916297460   -0.00416631204814   -0.04894749712862  
  4.340000    0.02999691545794    0.10078207326247   -0.00409823551567   -0.04858090174960  
  4.350000    0.02981612999227    0.10023750278169   -0.00403122456303   -0.04821735931339  
  4.360000    0.02963642180460    0.09969544256443   -0.00396527007591   -0.04785696738476  
  4.370000    0.02945777337515    0.09915588098629   -0.00390036360382   -0.04749982198797  
  4.380000    0.02928016781955    0.09861880395257   -0.00383649723639   -0.04714601635054  
  4.390000    0.02910358896327    0.09808419510348   -0.00377366347968   -0.04679563968213  
  4.400000    0.02892802140961    0.09755203603667   -0.00371185513328   -0.04644877600060  
  4.410000    0.02875345060070    0.09702230654460   -0.00365106516975   -0.04610550301690  
  4.420000    0.02857986287101    0.09649498486475   -0.00359128661716   -0.04576589108977  
  4.430000    0.02840724549284    0.09597004794021   -0.00353251244599   -0.04543000226064  
  4.440000    0.02823558671351    0.09544747168819   -0.00347473546141   -0.04509788937793  
  4.450000    0.02806487578383    0.09492723127393   -0.00341794820173   -0.04476959531957  
  4.460000    0.02789510297779    0.09440930138743   -0.00336214284409   -0.04444515232089  
  4.470000    0.02772625960316    0.09389365652040   -0.00330731111803   -0.04412458141445  
  4.480000    0.02755833800319    0.09338027124092   -0.00325344422777   -0.04380789198710  
  4.490000    0.02739133154925    0.09286912046305   -0.00320053278376   -0.04349508145810  
  4.500000    0.02722523462460    0.09236017970919   -0.00314856674400   -0.04318613508133  
  4.510000    0.02706004259963    0.09185342536243   -0.00309753536563   -0.04288102587311  
  4.520000    0.02689575179866    0.09134883490685   -0.00304742716699   -0.04257971466571  
  4.530000    0.02673235945881    0.09084638715340   -0.00299822990053   -0.04228215028590  
  4.540000    0.02656986368130    0.09034606244934   -0.00294993053642   -0.04198826985603  
  4.550000    0.02640826337581    0.08984784286938   -0.00290251525710   -0.04169799921434  
  4.560000    0.02624755819826    0.08935171238681   -0.00285596946251   -0.04141125344971  
  4.570000    0.02608774848285    0.08885765702297   -0.00281027778579   -0.04112793754530  
  4.580000    0.02592883516889    0.08836566497404   -0.00276542411920   -0.04084794712393  
  4.590000    0.02577081972321    0.08787572671369   -0.00272139164971   -0.04057116928755  
  4.600000    0.02561370405890    0.08738783507110   -0.00267816290395   -0.04029748354196  
  4.610000    0.02545749045108    0.08690198528345   -0.00263571980168   -0.04002676279711  
  4.620000    0.02530218145067    0.08641817502273   -0.00259404371728   -0.03975887443277  
  4.630000    0.02514777979676    0.08593640439663   -0.00255311554848   -0.03949368141843  
  4.640000    0.02499428832860    0.08545667592361   -0.00251291579143   -0.03923104347619  
  4.650000    0.02484170989793    0.08497899448268   -0.00247342462137   -0.03897081827447  
  4.660000    0.02469004728247    0.08450336723834   -0.00243462197785   -0.03871286264079  
  4.670000    0.02453930310137    0.08402980354164   -0.00239648765370   -0.03845703378091  
  4.680000    0.02438947973343    0.08355831480836   -0.00235900138668   -0.03820319049235  
  4.690000    0.02424057923877    0.08308891437570   -0.00232214295278   -0.03795119435996  
  4.700000    0.02409260328466    0.08262161733888   -0.00228589226030   -0.03770091092144  
  4.710000    0.02394555307625    0.08215644036942   -0.00225022944364   -0.03745221079132  
  4.720000    0.02379942929264    0.08169340151685   -0.00221513495578   -0.03720497073216  
  4.730000    0.02365423202911    0.08123251999599   -0.00218058965861   -0.03695907466224  
  4.740000    0.02350996074563    0.08077381596184   -0.00214657491006   -0.03671441458994  
  4.750000    0.02336661422248    0.08031731027438   -0.00211307264723   -0.03647089146548  
  4.760000    0.02322419052307    0.07986302425562   -0.00208006546466   -0.03622841594186  
  4.770000    0.02308268696429    0.07941097944128   -0.00204753668699   -0.03598690903738  
  4.780000    0.02294210009476    0.07896119732959   -0.00201547043523   -0.03574630269372  
  4.790000    0.02280242568096    0.07851369912971   -0.00198385168610   -0.03550654022386  
  4.800000    0.02266365870135    0.07806850551219   -0.00195266632379   -0.03526757664612  
  4.810000    0.02252579334853    0.07762563636391   -0.00192190118373   -0.03502937890091  
  4.820000    0.02238882303937    0.07718511054999   -0.00189154408795   -0.03479192594868  
  4.830000    0.02225274043281    0.07674694568486   -0.00186158387165   -0.03455520874826  
  4.840000    0.02211753745531    0.07631115791485   -0.00183201040095   -0.03431923011632  
  4.850000    0.02198320533356    0.07587776171430   -0.00180281458150   -0.03408400446963  
  4.860000    0.02184973463400    0.07544676969722   -0.00177398835804   -0.03384955745311  
  4.870000    0.02171711530896    0.07501819244637   -0.00174552470493   -0.03361592545790  
  4.880000    0.02158533674871    0.07459203836124   -0.00171741760787   -0.03338315503445  
  4.890000    0.02145438783905    0.07416831352663   -0.00168966203690   -0.03315130220701  
  4.900000    0.02132425702379    0.07374702160284   -0.00166225391118   -0.03292043169671  
  4.910000    0.02119493237153    0.07332816373869   -0.00163519005589   -0.03269061606131  
  4.920000    0.02106640164603    0.07291173850816   -0.00160846815170   -0.03246193476061  
  4.930000    0.02093865237961    0.07249774187116   -0.00158208667737   -0.03223447315711  
  4.940000    0.02081167194872    0.07208616715891   -0.00155604484620   -0.03200832146223  
  4.950000    0.02068544765107    0.07167700508389   -0.00153034253685   -0.03178357363886  
  4.960000    0.02055996678356    0.07127024377446   -0.00150498021940   -0.03156032627151  
  4.970000    0.02043521672022    0.07086586883357   -0.00147995887730   -0.03133867741541  
  4.980000    0.02031118498951    0.07046386342114   -0.00145527992609   -0.03111872543636  
  4.990000    0.02018785935020    0.07006420835916   -0.00143094512973   -0.03090056785300  
  5.000000    0.02006522786518    0.06966688225859   -0.00140695651529   -0.03068430019315  
  5.010000    0.01994327897242    0.06927186166674   -0.00138331628692   -0.03047001487574  
  5.020000    0.01982200155256    0.06887912123371   -0.00136002674003   -0.03025780012949  
  5.030000    0.01970138499241    0.06848863389632   -0.00133709017634   -0.03004773895920  
  5.040000    0.01958141924386    0.06810037107759   -0.00131450882079   -0.02983990816974  
  5.050000    0.01946209487763    0.06771430290008   -0.00129228474105   -0.02963437745775  
  5.060000    0.01934340313134    0.06733039841075   -0.00127041977042   -0.02943120857953  
  5.070000    0.01922533595161    0.06694862581536   -0.00124891543475   -0.02923045460375  
  5.080000    0.01910788602969    0.06656895272009   -0.00122777288429   -0.02903215925587  
  5.090000    0.01899104683038    0.06619134637806   -0.00120699283083   -0.02883635636088  
  5.100000    0.01887481261402    0.06581577393823   -0.00118657549087   -0.02864306938946  
  5.110000    0.01875917845128    0.06544220269463   -0.00116652053530   -0.02845231111194  
  5.120000    0.01864414023079    0.06507060033310   -0.00114682704593   -0.02826408336321  
  5.130000    0.01852969465943    0.06470093517352   -0.00112749347938   -0.02807837692056  
  5.140000    0.01841583925540    0.06433317640501   -0.00110851763846   -0.02789517149530  
  5.150000    0.01830257233410    0.06396729431191   -0.00108989665137   -0.02771443583801  
  5.160000    0.01818989298703    0.06360326048845   -0.00107162695874   -0.02753612795588  
  5.170000    0.01807780105393    0.06324104803990   -0.00105370430866   -0.02736019543965  
  5.180000    0.01796629708836    0.06288063176844   -0.00103612375958   -0.02718657589644  
  5.190000    0.01785538231722    0.06252198834193   -0.00101887969100   -0.02701519748394  
  5.200000    0.01774505859443    0.06216509644396   -0.00100196582174   -0.02684597953995  
  5.210000    0.01763532834934    0.06180993690376   -0.00098537523558   -0.02667883330092  
  5.220000    0.01752619453035    0.06145649280485   -0.00096910041385   -0.02651366270171  
  5.230000    0.01741766054420    0.06110474957126   -0.00095313327460   -0.02635036524837  
  5.240000    0.01730973019159    0.06075469503061   -0.00093746521790   -0.02618883295479  
  5.250000    0.01720240759969    0.06040631945352   -0.00092208717676   -0.02602895333359  
  5.260000    0.01709569715218    0.06005961556889   -0.00090698967294   -0.02587061043111  
  5.270000    0.01698960341744    0.05971457855501   -0.00089216287733   -0.02571368589574  
  5.280000    0.01688413107561    0.05937120600664   -0.00087759667384   -0.02555806006877  
  5.290000    0.01677928484514    0.05902949787833   -0.00086328072650   -0.02540361308668  
  5.300000    0.01667506940949    0.05868945640463   -0.00084920454875   -0.02525022598350  
  5.310000    0.01657148934471    0.05835108599796   -0.00083535757435   -0.02509778178225  
  5.320000    0.01646854904851    0.05801439312515   -0.00082172922911   -0.02494616656434  
  5.330000    0.01636625267139    0.05767938616388   -0.00080830900264   -0.02479527050611  
  5.340000    0.01626460405063    0.05734607524047   -0.00079508651954   -0.02464498887219  
  5.350000    0.01616360664751    0.05701447205045   -0.00078205160908   -0.02449522295562  
  5.360000    0.01606326348846    0.05668458966394   -0.00076919437284   -0.02434588095542  
  5.370000    0.01596357711059    0.05635644231743   -0.00075650524952   -0.02419687878289  
  5.380000    0.01586454951212    0.05603004519422   -0.00074397507633   -0.02404814078851  
  5.390000    0.01576618210805    0.05570541419556   -0.00073159514632   -0.02389960040246  
  5.400000    0.01566847569154    0.05538256570462   -0.00071935726110   -0.02375120068241  
  5.410000    0.01557143040127    0.05506151634583   -0.00070725377844   -0.02360289476321  
  5.420000    0.01547504569505    0.05474228274164   -0.00069527765428   -0.02345464620424  
  5.430000    0.01537932032986    0.05442488126921   -0.00068342247878   -0.02330642923117  
  5.440000    0.01528425234859    0.05410932781940   -0.00067168250601   -0.02315822886988  
  5.450000    0.01518983907333    0.05379563756025   -0.00066005267717   -0.02301004097147  
  5.460000    0.01509607710548    0.05348382470741   -0.00064852863694   -0.02286187212840  
  5.470000    0.01500296233254    0.05317390230356   -0.00063710674299   -0.02271373948288  
  5.480000    0.01491048994141    0.05286588200913   -0.00062578406853   -0.02256567042963  
  5.490000    0.01481865443814    0.05255977390613   -0.00061455839794   -0.02241770221644  
  5.500000    0.01472744967394    0.05225558631718   -0.00060342821551   -0.02226988144660  
  5.510000    0.01463686887707    0.05195332564135   -0.00059239268756   -0.02212226348873  
  5.520000    0.01454690469033    0.05165299620843   -0.00058145163803   -0.02197491179994  
  5.530000    0.01445754921385    0.05135460015301   -0.00057060551793   -0.02182789716965  
  5.540000    0.01436879405269    0.05105813730964   -0.00055985536895   -0.02168129689170  
  5.550000    0.01428063036874    0.05076360513003   -0.00054920278162   -0.02153519387342  
  5.560000    0.01419304893657    0.05047099862305   -0.00053864984852   -0.02138967569078  
  5.570000    0.01410604020256    0.05018031031817   -0.00052819911304   -0.02124483359938  
  5.580000    0.01401959434687    0.04989153025268   -0.00051785351419   -0.02110076151129  
  5.590000    0.01393370134750    0.04960464598275   -0.00050761632806   -0.02095755494830  
  5.600000    0.01384835104608    0.04931964261830   -0.00049749110663   -0.02081530998214  
  5.610000    0.01376353321457    0.04903650288129   -0.00048748161442   -0.02067412217249  
  5.620000    0.01367923762238    0.04875520718690   -0.00047759176371   -0.02053408551347  
  5.630000    0.01359545410321    0.04847573374674   -0.00046782554904   -0.02039529139939  
  5.640000    0.01351217262114    0.04819805869326   -0.00045818698158   -0.02025782762000  
  5.650000    0.01342938333515    0.04792215622398   -0.00044868002404   -0.02012177739547  
  5.660000    0.01334707666172    0.04764799876427   -0.00043930852683   -0.01998721846080  
  5.670000    0.01326524333483    0.04737555714707   -0.00043007616608   -0.01985422220872  
  5.680000    0.01318387446278    0.04710480080784   -0.00042098638409   -0.01972285289965  
  5.690000    0.01310296158149    0.04683569799289   -0.00041204233288   -0.01959316694660  
  5.700000    0.01302249670363    0.04656821597902   -0.00040324682132   -0.01946521228212  
  5.710000    0.01294247236327    0.04630232130247   -0.00039460226644   -0.01933902781335  
  5.720000    0.01286288165564    0.04603797999484   -0.00038611064923   -0.01921464297069  
  5.730000    0.01278371827166    0.04577515782392   -0.00037777347557   -0.01909207735428  
  5.740000    0.01270497652690    0.04551382053691   -0.00036959174243   -0.01897134048179  
  5.750000    0.01262665138487    0.04525393410385   -0.00036156590982   -0.01885243163972  
  5.760000    0.01254873847426    0.04499546495884   -0.00035369587870   -0.01873533983954  
  5.770000    0.01247123410022    0.04473838023685   -0.00034598097489   -0.01862004387885  
  5.780000    0.01239413524942    0.04448264800370   -0.00033841993939   -0.01850651250678  
  5.790000    0.01231743958902    0.04422823747716   -0.00033101092490   -0.01839470469156  
  5.800000    0.01224114545947    0.04397511923695   -0.00032375149871   -0.01828456998748  
  5.810000    0.01216525186134    0.04372326542171   -0.00031663865180   -0.01817604899723  
  5.820000    0.01208975843627    0.04347264991105   -0.00030966881408   -0.01806907392463  
  5.830000    0.01201466544225    0.04322324849083   -0.00030283787558   -0.01796356921220  
  5.840000    0.01193997372355    0.04297503900031   -0.00029614121328   -0.01785945225656  
  5.850000    0.01186568467545    0.04272800145957   -0.00028957372334   -0.01775663419457  
  5.860000    0.01179180020431    0.04248211817609   -0.00028312985840   -0.01765502075191  
  5.870000    0.01171832268323    0.04223737382950   -0.00027680366941   -0.01755451314534  
  5.880000    0.01164525490378    0.04199375553359   -0.00027058885174   -0.01745500902948  
  5.890000    0.01157260002428    0.04175125287515   -0.00026447879491   -0.01735640347834  
  5.900000    0.01150036151502    0.04150985792917   -0.00025846663550   -0.01725858999160  
  5.910000    0.01142854310111    0.04126956525032   -0.00025254531273   -0.01716146151533  
  5.920000    0.01135714870333    0.04103037184076   -0.00024670762600   -0.01706491146688  
  5.930000    0.01128618237760    0.04079227709472   -0.00024094629393   -0.01696883475338  
  5.940000    0.01121564825366    0.04055528272024   -0.00023525401432   -0.01687312877365  
  5.950000    0.01114555047343    0.04031939263899   -0.00022962352421   -0.01677769439341  
  5.960000    0.01107589312975    0.04008461286499   -0.00022404765971   -0.01668243688378  
  5.970000    0.01100668020595    0.03985095136365   -0.00021851941483   -0.01658726681382  
  5.980000    0.01093791551679    0.03961841789219   -0.00021303199878   -0.01649210088809  
  5.990000    0.01086960265142    0.03938702382327   -0.00020757889112   -0.01639686272073  
  6.000000    0.01080174491875    0.03915678195341   -0.00020215389431   -0.01630148353853  
  6.010000    0.01073434529579    0.03892770629804   -0.00019675118310   -0.01620590280582  
  6.020000    0.01066740637938    0.03869981187525   -0.00019136535022   -0.01611006876515  
  6.030000    0.01060093034173    0.03847311448028   -0.00018599144807   -0.01601393888825  
  6.040000    0.01053491889022    0.03824763045293   -0.00018062502588   -0.01591748023313  
  6.050000    0.01046937323177    0.03802337644020   -0.00017526216206   -0.01582066970360  
  6.060000    0.01040429404201    0.03780036915644   -0.00016989949145   -0.01572349420897  
  6.070000    0.01033968143961    0.03757862514324   -0.00016453422718   -0.01562595072248  
  6.080000    0.01027553496604    0.03735816053155   -0.00015916417697   -0.01552804623789  
  6.090000    0.01021185357064    0.03713899080825   -0.00015378775377   -0.01542979762513  
  6.100000    0.01014863560150    0.03692113058942   -0.00014840398062   -0.01533123138644  
  6.110000    0.01008587880183    0.03670459340252   -0.00014301248967   -0.01523238331582  
  6.120000    0.01002358031214    0.03648939147964   -0.00013761351558   -0.01513329806529  
  6.130000    0.00996173667795    0.03627553556382   -0.00013220788316   -0.01503402862272  
  6.140000    0.00990034386307    0.03606303473025   -0.00012679698953   -0.01493463570648  
  6.150000    0.00983939726827    0.03585189622421   -0.00012138278108   -0.01483518708339  
  6.160000    0.00977889175509    0.03564212531719   -0.00011596772527   -0.01473575681694  
  6.170000    0.00971882167462    0.03543372518278   -0.00011055477784   -0.01463642445357  
  6.180000    0.00965918090093    0.03522669679340   -0.00010514734550   -0.01453727415536  
  6.190000    0.00959996286886    0.03502103883886   -0.00009974924482   -0.01443839378809  
  6.200000    0.00954116061566    0.03481674766780   -0.00009436465738   -0.01433987397390  
  6.210000    0.00948276682635    0.03461381725224   -0.00008899808203   -0.01424180711838  
  6.220000    0.00942477388205    0.03441223917597   -0.00008365428437   -0.01414428642188  
  6.230000    0.00936717391109    0.03421200264658   -0.00007833824430   -0.01404740488521  
  6.240000    0.00930995884223    0.03401309453135   -0.00007305510198   -0.01395125431971  
  6.250000    0.00925312045965    0.03381549941639   -0.00006781010270   -0.01385592437187  
  6.260000    0.00919665045904    0.03361919968873   -0.00006260854146   -0.01376150157233  
  6.270000    0.00914054050440    0.03342417564042   -0.00005745570750   -0.01366806841885  
  6.280000    0.00908478228490    0.03323040559372   -0.00005235682956   -0.01357570250244  
  6.290000    0.00902936757149    0.03303786604625   -0.00004731702229   -0.01348447568570  
  6.300000    0.00897428827240    0.03284653183460   -0.00004234123438   -0.01339445334129  
  6.310000    0.00891953648740    0.03265637631496   -0.00003743419889   -0.01330569365839  
  6.320000    0.00886510456007    0.03246737155895   -0.00003260038626   -0.01321824702405  
  6.330000    0.00881098512768    0.03227948856288   -0.00002784396043   -0.01313215548553  
  6.340000    0.00875717116829    0.03209269746832   -0.00002316873853   -0.01304745229892  
  6.350000    0.00870365604452    0.03190696779196   -0.00001857815448   -0.01296416156863  
  6.360000    0.00865043354378    0.03172226866250   -0.00001407522678   -0.01288229798113  
  6.370000    0.00859749791439    0.03153856906232   -0.00000966253093   -0.01280186663550  
  6.380000    0.00854484389752    0.03135583807159   -0.00000534217652   -0.01272286297249  
  6.390000    0.00849246675438    0.03117404511243   -0.00000111578937   -0.01264527280241  
  6.400000    0.00844036228874    0.03099316019090    0.00000301550131   -0.01256907243162  
  6.410000    0.00838852686435    0.03081315413422    0.00000705107049   -0.01249422888611  
  6.420000    0.00833695741724    0.03063399882126    0.00001099079974   -0.01242070022966  
  6.430000    0.00828565146276    0.03045566740376    0.00001483507438   -0.01234843597333  
  6.440000    0.00823460709736    0.03027813451628    0.00001858477552   -0.01227737757187  
  6.450000    0.00818382299504    0.03010137647284    0.00002224126710   -0.01220745900188  
  6.460000    0.00813329839863    0.02992537144830    0.00002580637808   -0.01213860741584  
  6.470000    0.00808303310588    0.02975009964264    0.00002928237994   -0.01207074386500  
  6.480000    0.00803302745059    0.02957554342664    0.00003267195994   -0.01200378408388  
  6.490000    0.00798328227892    0.02940168746745    0.00003597819019   -0.01193763932829  
  6.500000    0.00793379892120    0.02922851883277    0.00003920449313   -0.01187221725809  
  6.510000    0.00788457915942    0.02905602707271    0.00004235460357   -0.01180742285590  
  6.520000    0.00783562519073    0.02888420427831    0.00004543252786   -0.01174315937211  
  6.530000    0.00778693958733    0.02871304511632    0.00004844250061   -0.01167932928675  
  6.540000    0.00773852525321    0.02854254683968    0.00005138893931   -0.01161583527824  
  6.550000    0.00769038537791    0.02837270927364    0.00005427639744   -0.01155258118924  
  6.560000    0.00764252338804    0.02820353477752    0.00005710951655   -0.01148947297981  
  6.570000    0.00759494289675    0.02803502818255    0.00005989297772   -0.01142641965804  
  6.580000    0.00754764765184    0.02786719670616    0.00006263145302   -0.01136333417888  
  6.590000    0.00750064148275    0.02770004984368    0.00006532955736   -0.01130013430197  
  6.600000    0.00745392824725    0.02753359923820    0.00006799180131   -0.01123674339980  
  6.610000    0.00740751177794    0.02736785853003    0.00007062254526   -0.01117309120802  
  6.620000    0.00736139582939    0.02720284318701    0.00007322595556   -0.01110911451044  
  6.630000    0.00731558402617    0.02703857031718    0.00007580596282   -0.01104475775161  
  6.640000    0.00727007981245    0.02687505846583    0.00007836622302   -0.01097997357108  
  6.650000    0.00722488640335    0.02671232739847    0.00008091008171   -0.01091472325380  
  6.660000    0.00718000673885    0.02655039787207    0.00008344054163   -0.01084897709226  
  6.670000    0.00713544344032    0.02638929139654    0.00008596023409   -0.01078271465678  
  6.680000    0.00709119877032    0.02622902998880    0.00008847139441   -0.01071592497129  
  6.690000    0.00704727459586    0.02606963592166    0.00009097584157   -0.01064860659287  
  6.700000    0.00700367235565    0.02591113147004    0.00009347496236   -0.01058076759440  
  6.710000    0.00696039303133    0.02575353865679    0.00009596970005   -0.01051242545064  
  6.720000    0.00691743712326    0.02559687900066    0.00009846054779   -0.01044360682880  
  6.730000    0.00687480463087    0.02544117326869    0.00010094754669   -0.01037434728614  
  6.740000    0.00683249503780    0.02528644123552    0.00010343028862   -0.01030469087743  
  6.750000    0.00679050730195    0.02513270145183    0.00010590792366   -0.01023468967664  
  6.760000    0.00674883985057    0.02497997102416    0.00010837917212   -0.01016440321764  
  6.770000    0.00670749058032    0.02482826540822    0.00011084234098   -0.01009389785968  
  6.780000    0.00666645686238    0.02467759821772    0.00011329534450   -0.01002324608435  
  6.790000    0.00662573555251    0.02452798105050    0.00011573572890   -0.00995252573095  
  6.800000    0.00658532300598    0.02437942333373    0.00011816070069   -0.00988181917835  
  6.810000    0.00654521509716    0.02423193218958    0.00012056715843   -0.00981121248166  
  6.820000    0.00650540724366    0.02408551232277    0.00012295172760   -0.00974079447234  
  6.830000    0.00646589443473    0.02394016593111    0.00012531079811   -0.00967065583125  
  6.840000    0.00642667126370    0.02379589263984    0.00012764056419   -0.00960088814382  
  6.850000    0.00638773196408    0.02365268946050    0.00012993706605   -0.00953158294712  
  6.860000    0.00634907044901    0.02351055077477    0.00013219623317   -0.00946283077842  
  6.870000    0.00631068035381    0.02336946834346    0.00013441392841   -0.00939472023504  
  6.880000    0.00627255508096    0.02322943134057    0.00013658599285   -0.00932733705487  
  6.890000    0.00623468784734    0.02309042641227    0.00013870829059   -0.00926076322709  
  6.900000    0.00619707173324    0.02295243776011    0.00014077675324   -0.00919507614193  
  6.910000    0.00615969973255    0.02281544724784    0.00014278742367   -0.00913034778817  
  6.920000    0.00612256480383    0.02267943453079    0.00014473649837   -0.00906664400647  
  6.930000    0.00608565992168    0.02254437720672    0.00014662036827   -0.00900402380613  
  6.940000    0.00604897812799    0.02241025098657    0.00014843565738   -0.00894253875208  
  6.950000    0.00601251258257    0.02227702988369    0.00015017925903   -0.00888223242831  
  6.960000    0.00597625661272    0.02214468641973    0.00015184836925   -0.00882313998326  
  6.970000    0.00594020376123    0.02201319184514    0.00015344051704   -0.00876528776143  
  6.980000    0.00590434783244    0.02188251637239    0.00015495359114   -0.00870869302525  
  6.990000    0.00586868293588    0.02175262941963    0.00015638586317   -0.00865336376965  
  7.000000    0.00583320352713    0.02162349986240    0.00015773600681   -0.00859929863136  
  7.010000    0.00579790444544    0.02149509629119    0.00015900311291   -0.00854648689365  
  7.020000    0.00576278094796    0.02136738727217    0.00016018670039   -0.00849490858647  
  7.030000    0.00572782873998    0.02124034160891    0.00016128672277   -0.00844453468085  
  7.040000    0.00569304400120    0.02111392860224    0.00016230357036   -0.00839532737554  
  7.050000    0.00565842340753    0.02098811830610    0.00016323806813   -0.00834724047288  
  7.060000    0.00562396414846    0.02086288177672    0.00016409146918   -0.00830021984003  
  7.070000    0.00558966393961    0.02073819131278    0.00016486544400   -0.00825420395078  
  7.080000    0.00555552103054    0.02061402068433    0.00016556206562   -0.00820912450237  
  7.090000    0.00552153420762    0.02049034534815    0.00016618379083   -0.00816490710104  
  7.100000    0.00548770279201    0.02036714264750    0.00016673343759   -0.00812147200921  
  7.110000    0.00545402663270    0.02024439199439    0.00016721415906   -0.00807873494666  
  7.120000    0.00542050609478    0.02012207503252    0.00016762941427   -0.00803660793753  
  7.130000    0.00538714204291    0.02000017577927    0.00016798293607   -0.00799500019456  
  7.140000    0.00535393582022    0.01987868074544    0.00016827869629   -0.00795381903133  
  7.150000    0.00532088922289    0.01975757903149    0.00016852086890   -0.00791297079344  
  7.160000    0.00528800447046    0.01963686239929    0.00016871379122   -0.00787236179897  
  7.170000    0.00525528417237    0.01951652531866    0.00016886192372   -0.00783189927867  
  7.180000    0.00522273129082    0.01939656498828    0.00016896980887   -0.00779149230638  
  7.190000    0.00519034910043    0.01927698133053    0.00016904202934   -0.00775105271002  
  7.200000    0.00515814114504    0.01915777696048    0.00016908316603   -0.00771049595415  
  7.210000    0.00512611119195    0.01903895712910    0.00016909775639   -0.00766974198484  
  7.220000    0.00509426318417    0.01892052964119    0.00016909025341   -0.00762871602843  
  7.230000    0.00506260119095    0.01880250474886    0.00016906498564   -0.00758734933603  
  7.240000    0.00503112935722    0.01868489502143    0.00016902611877   -0.00754557986614  
  7.250000    0.00499985185216    0.01856771519297    0.00016897761904   -0.00750335289855  
  7.260000    0.00496877281764    0.01845098198886    0.00016892321882   -0.00746062157317  
  7.270000    0.00493789631673    0.01833471393299    0.00016886638485   -0.00741734734841  
  7.280000    0.00490722628303    0.01821893113749    0.00016881028926   -0.00737350037449  
  7.290000    0.00487676647096    0.01810365507671    0.00016875778378   -0.00732905977774  
  7.300000    0.00484652040776    0.01798890834792    0.00016871137730   -0.00728401385327  
  7.310000    0.00481649134741    0.01787471442062    0.00016867321709   -0.00723836016380  
  7.320000    0.00478668222704    0.01776109737714    0.00016864507369   -0.00719210554388  
  7.330000    0.00475709562613    0.01764808164680    0.00016862832983   -0.00714526600935  
  7.340000    0.00472773372890    0.01753569173619    0.00016862397320   -0.00709786657305  
  7.350000    0.00469859829030    0.01742395195820    0.00016863259337   -0.00704994096862  
  7.360000    0.00466969060575    0.01731288616234    0.00016865438272   -0.00700153128527  
  7.370000    0.00464101148507    0.01720251746891    0.00016868914141   -0.00695268751723  
  7.380000    0.00461256123074    0.01709286800965    0.00016873628627   -0.00690346703251  
  7.390000    0.00458433962073    0.01698395867727    0.00016879486356   -0.00685393396632  
  7.400000    0.00455634589604    0.01687580888641    0.00016886356542   -0.00680415854546  
  7.410000    0.00452857875309    0.01676843634819    0.00016894074978   -0.00675421635045  
  7.420000    0.00450103634096    0.01666185686066    0.00016902446360   -0.00670418752301  
  7.430000    0.00447371626364    0.01655608411723    0.00016911246911   -0.00665415592695  
  7.440000    0.00444661558713    0.01645112953478    0.00016920227280   -0.00660420827097  
  7.450000    0.00441973085142    0.01634700210339    0.00016929115682   -0.00655443320240  
  7.460000    0.00439305808723    0.01624370825901    0.00016937621250   -0.00650492038108  
  7.470000    0.00436659283737    0.01614125178048    0.00016945437564   -0.00645575954278  
  7.480000    0.00434033018245    0.01603963371184    0.00016952246310   -0.00640703956180  
  7.490000    0.00431426477087    0.01593885231091    0.00016957721046   -0.00635884752222  
  7.500000    0.00428839085267    0.01583890302450    0.00016961531021   -0.00631126780730  
  7.510000    0.00426270231707    0.01573977849084    0.00016963345025   -0.00626438121639  
  7.520000    0.00423719273321    0.01564146856898    0.00016962835207   -0.00621826411818  
  7.530000    0.00421185539391    0.01554396039531    0.00016959680846   -0.00617298764916  
  7.540000    0.00418668336195    0.01544723846641    0.00016953572022   -0.00612861696533  
  7.550000    0.00416166951845    0.01535128474781    0.00016944213148   -0.00608521055475  
  7.560000    0.00413680661297    0.01525607880750    0.00016931326345   -0.00604281961817  
  7.570000    0.00411208731491    0.01516159797314    0.00016914654601   -0.00600148752388  
  7.580000    0.00408750426563    0.01506781751139    0.00016893964701   -0.00596124934240  
  7.590000    0.00406305013095    0.01497471082797    0.00016869049895   -0.00592213146588  
  7.600000    0.00403871765353    0.01488224968627    0.00016839732273   -0.00588415131598  
  7.610000    0.00401449970460    0.01479040444283    0.00016805864827   -0.00584731714344  
  7.620000    0.00399038933470    0.01469914429725    0.00016767333176   -0.00581162792111  
  7.630000    0.00396637982281    0.01460843755427    0.00016724056952   -0.00577707333196  
  7.640000    0.00394246472364    0.01451825189563    0.00016675990810   -0.00574363385193  
  7.650000    0.00391863791244    0.01442855465901    0.00016623125077   -0.00571128092693  
  7.660000    0.00389489362716    0.01433931312154    0.00016565486016   -0.00567997724228  
  7.670000    0.00387122650728    0.01425049478506    0.00016503135719   -0.00564967708186  
  7.680000    0.00384763162935    0.01416206766054    0.00016436171620   -0.00562032677327  
  7.690000    0.00382410453856    0.01407400054883    0.00016364725640   -0.00559186521469  
  7.700000    0.00380064127630    0.01398626331507    0.00016288962972   -0.00556422447796  
  7.710000    0.00377723840331    0.01389882715415    0.00016209080522   -0.00553733048188  
  7.720000    0.00375389301834    0.01381166484461    0.00016125305022   -0.00551110372886  
  7.730000    0.00373060277206    0.01372475098846    0.00016037890834   -0.00548546009749  
  7.740000    0.00370736587613    0.01363806223472    0.00015947117471   -0.00546031168295  
  7.750000    0.00368418110733    0.01355157748426    0.00015853286860   -0.00543556767681  
  7.760000    0.00366104780677    0.01346527807412    0.00015756720379   -0.00541113527719  
  7.770000    0.00363796587407    0.01337914793927    0.00015657755693   -0.00538692062007  
  7.780000    0.00361493575671    0.01329317375030    0.00015556743425   -0.00536282972233  
  7.790000    0.00359195843451    0.01320734502559    0.00015454043709   -0.00533876942684  
  7.800000    0.00356903539945    0.01312165421671    0.00015350022630   -0.00531464833996  
  7.810000    0.00354616863097    0.01303609676619    0.00015245048627   -0.00529037775207  
  7.820000    0.00352336056707    0.01295067113696    0.00015139488862   -0.00526587253143  
  7.830000    0.00350061407125    0.01286537881304    0.00015033705616   -0.00524105198259  
  7.840000    0.00347793239589    0.01278022427133    0.00014928052737   -0.00521584066028  
  7.850000    0.00345531914205    0.01269521492467    0.00014822872176   -0.00519016913062  
  7.860000    0.00343277821637    0.01261036103652    0.00014718490654   -0.00516397467176  
  7.870000    0.00341031378524    0.01252567560807    0.00014615216492   -0.00513720190686  
  7.880000    0.00338793022674    0.01244117423846    0.00014513336623   -0.00510980336275  
  7.890000    0.00336563208075    0.01235687495966    0.00014413113840   -0.00508173994857  
  7.900000    0.00334342399769    0.01227279804715    0.00014314784283   -0.00505298134952  
  7.910000    0.00332131068636    0.01218896580827    0.00014218555212   -0.00502350633144  
  7.920000    0.00329929686133    0.01210540235006    0.00014124603070   -0.00499330295316  
  7.930000    0.00327738719030    0.01202213332876    0.00014033071864   -0.00496236868433  
  7.940000    0.00325558624208    0.01193918568314    0.00013944071888   -0.00493071042735  
  7.950000    0.00323389843538    0.01185658735432    0.00013857678775   -0.00489834444311  
  7.960000    0.00321232798921    0.01177436699442    0.00013773932921   -0.00486529618125  
  7.970000    0.00319087887495    0.01169255366700    0.00013692839251   -0.00483160001641  
  7.980000    0.00316955477093    0.01161117654191    0.00013614367362   -0.00479729889312  
  7.990000    0.00314835901959    0.01153026458747    0.00013538452012   -0.00476244388287  
  8.000000    0.00312729458784    0.01144984626301    0.00013464993970   -0.00472709365763  
  8.010000    0.00310636403081    0.01136994921450    0.00013393861203   -0.00469131388522  
  8.020000    0.00308556945950    0.01129059997627    0.00013324890401   -0.00465517655239  
  8.030000    0.00306491251244    0.01121182368174    0.00013257888807   -0.00461875922264  
  8.040000    0.00304439433181    0.01113364378587    0.00013192636351   -0.00458214423600  
  8.050000    0.00302401554405    0.01105608180201    0.00013128888051   -0.00454541785899  
  8.060000    0.00300377624533    0.01097915705586    0.00013066376661   -0.00450866939333  
  8.070000    0.00298367599189    0.01090288645877    0.00013004815544   -0.00447199025225  
  8.080000    0.00296371379537    0.01082728430284    0.00012943901730   -0.00443547301401  
  8.090000    0.00294388812326    0.01075236207974    0.00012883319134   -0.00439921046201  
  8.100000    0.00292419690440    0.01067812832514    0.00012822741901   -0.00436329462127  
  8.110000    0.00290463753946    0.01060458849043    0.00012761837842   -0.00432781580125  
  8.120000    0.00288520691647    0.01053174484303    0.00012700271921   -0.00429286165448  
  8.130000    0.00286590143112    0.01045959639637    0.00012637709769   -0.00425851626087  
  8.140000    0.00284671701169    0.01038813887055    0.00012573821181   -0.00422485924685  
  8.150000    0.00282764914850    0.01031736468398    0.00012508283558   -0.00419196494851  
  8.160000    0.00280869292749    0.01024726297650    0.00012440785265   -0.00415990162724  
  8.170000    0.00278984306772    0.01017781966377    0.00012371028873   -0.00412873074593  
  8.180000    0.00277109396246    0.01010901752274    0.00012298734241   -0.00409850631333  
  8.190000    0.00275243972348    0.01004083630750    0.00012223641420   -0.00406927430320  
  8.200000    0.00273387422820    0.00997325289458    0.00012145513341   -0.00404107215432  
  8.210000    0.00271539116922    0.00990624145662    0.00012064138267   -0.00401392835675  
  8.220000    0.00269698410586    0.00983977366284    0.00011979331972   -0.00398786212853  
  8.230000    0.00267864651720    0.00977381890465    0.00011890939649   -0.00396288318630  
  8.240000    0.00266037185617    0.00970834454432    0.00011798837497   -0.00393899161252  
  8.250000    0.00264215360424    0.00964331618473    0.00011702933999   -0.00391617782062  
  8.260000    0.00262398532616    0.00957869795757    0.00011603170867   -0.00389442261875  
  8.270000    0.00260586072430    0.00951445282744    0.00011499523638   -0.00387369737171  
  8.280000    0.00258777369208    0.00945054290924    0.00011392001936   -0.00385396425946  
  8.290000    0.00256971836601    0.00938692979576    0.00011280649371   -0.00383517662996  
  8.300000    0.00255168917588    0.00932357489249    0.00011165543108   -0.00381727944293  
  8.310000    0.00253368089266    0.00926043975671    0.00011046793080   -0.00380020980002  
  8.320000    0.00251568867356    0.00919748643743    0.00010924540879   -0.00378389755649  
  8.330000    0.00249770810399    0.00913467781323    0.00010798958322   -0.00376826600813  
  8.340000    0.00247973523591    0.00907197792465    0.00010670245712   -0.00375323264667  
  8.350000    0.00246176662228    0.00900935229811    0.00010538629819   -0.00373870997629  
  8.360000    0.00244379934721    0.00894676825805    0.00010404361584   -0.00372460638281  
  8.370000    0.00242583105158    0.00888419522458    0.00010267713597   -0.00371082704710  
  8.380000    0.00240785995387    0.00882160499340    0.00010128977345   -0.00369727489342  
  8.390000    0.00238988486592    0.00875897199555    0.00009988460291   -0.00368385156309  
  8.400000    0.00237190520354    0.00869627353420    0.00009846482781   -0.00367045840379  
  8.410000    0.00235392099181    0.00863348999622    0.00009703374841   -0.00365699746434  
  8.420000    0.00233593286493    0.00857060503629    0.00009559472872   -0.00364337248494  
  8.430000    0.00231794206071    0.00850760573170    0.00009415116303   -0.00362948987278  
  8.440000    0.00229995040960    0.00844448270606    0.00009270644208   -0.00361525965305  
  8.450000    0.00228196031839    0.00838123022077    0.00009126391943   -0.00360059638560  
  8.460000    0.00226397474868    0.00831784623282    0.00008982687833   -0.00358542003792  
  8.470000    0.00224599719021    0.00825433241845    0.00008839849937   -0.00356965680534  
  8.480000    0.00222803162939    0.00819069416204    0.00008698182926   -0.00355323987006  
  8.490000    0.00221008251310    0.00812694051003    0.00008557975114   -0.00353611009102  
  8.500000    0.00219215470822    0.00806308409018    0.00008419495659   -0.00351821661749  
  8.510000    0.00217425345708    0.00799914099655    0.00008282991976   -0.00349951741986  
  8.520000    0.00215638432927    0.00793513064105    0.00008148687379   -0.00347997973202  
  8.530000    0.00213855317016    0.00787107557264    0.00008016778975   -0.00345958040050  
  8.540000    0.00212076604659    0.00780700126576    0.00007887435846   -0.00343830613659  
  8.550000    0.00210302919021    0.00774293587947    0.00007760797513   -0.00341615366857  
  8.560000    0.00208534893886    0.00767890998959    0.00007636972726   -0.00339312979207  
  8.570000    0.00206773167655    0.00761495629591    0.00007516038564   -0.00336925131787  
  8.580000    0.00205018377260    0.00755110930705    0.00007398039877   -0.00334454491718  
  8.590000    0.00203271152030    0.00748740500582    0.00007282989060   -0.00331904686571  
  8.600000    0.00201532107584    0.00742388049785    0.00007170866173   -0.00329280268864  
  8.610000    0.00199801839781    0.00736057364676    0.00007061619390   -0.00326586670994  
  8.620000    0.00198080918807    0.00729752269909    0.00006955165795   -0.00323830151008  
  8.630000    0.00196369883419    0.00723476590237    0.00006851392490   -0.00321017729733  
  8.640000    0.00194669235424    0.00717234111982    0.00006750158027   -0.00318157119876  
  8.650000    0.00192979434433    0.00711028544523    0.00006651294131   -0.00315256647777  
  8.660000    0.00191300892931    0.00704863482157    0.00006554607714   -0.00312325168580  
  8.670000    0.00189633971717    0.00698742366690    0.00006459883136   -0.00309371975648  
  8.680000    0.00187978975755    0.00692668451104    0.00006366884717   -0.00306406705134  
  8.690000    0.00186336150471    0.00686644764654    0.00006275359450   -0.00303439236634  
  8.700000    0.00184705678530    0.00680674079724    0.00006185039903   -0.00300479590922  
  8.710000    0.00183087677134    0.00674758880762    0.00006095647271   -0.00297537825786  
  8.720000    0.00181482195859    0.00668901335591    0.00006006894554   -0.00294623931015  
  8.730000    0.00179889215058    0.00663103269407    0.00005918489820   -0.00291747723583  
  8.740000    0.00178308644844    0.00657366141688    0.00005830139527   -0.00288918744105  
  8.750000    0.00176740324677    0.00651691026288    0.00005741551867   -0.00286146155597  
  8.760000    0.00175184023552    0.00646078594901    0.00005652440095   -0.00283438645598  
  8.770000    0.00173639440794    0.00640529104095    0.00005562525814   -0.00280804332632  
  8.780000    0.00172106207466    0.00635042386054    0.00005471542179   -0.00278250677983  
  8.790000    0.00170583888374    0.00629617843157    0.00005379236984   -0.00275784403705  
  8.800000    0.00169071984661    0.00624254446464    0.00005285375610   -0.00273411417713  
  8.810000    0.00167569936975    0.00618950738183    0.00005189743791   -0.00271136746738  
  8.820000    0.00166077129184    0.00613704838104    0.00005092150184   -0.00268964477879  
  8.830000    0.00164592892621    0.00608514453997    0.00004992428696   -0.00266897709362  
  8.840000    0.00163116510812    0.00603376895913    0.00004890440570   -0.00264938511054  
  8.850000    0.00161647224668    0.00598289094289    0.00004786076183   -0.00263087895185  
  8.860000    0.00160184238095    0.00593247621731    0.00004679256555   -0.00261345797611  
  8.870000    0.00158726723975    0.00588248718316    0.00004569934545   -0.00259711069870  
  8.880000    0.00157273830473    0.00583288320214    0.00004458095724   -0.00258181482164  
  8.890000    0.00155824687630    0.00578362091394    0.00004343758910   -0.00256753737287  
  8.900000    0.00154378414172    0.00573465458173    0.00004226976371   -0.00255423495437  
  8.910000    0.00152934124492    0.00568593646312    0.00004107833677   -0.00254185409695  
  8.920000    0.00151490935755    0.00563741720349    0.00003986449221   -0.00253033171895  
  8.930000    0.00150047975043    0.00558904624837    0.00003862973391   -0.00251959568477  
  8.940000    0.00148604386515    0.00554077227137    0.00003737587422   -0.00250956545809  
  8.950000    0.00147159338491    0.00549254361394    0.00003610501921   -0.00250015284398  
  8.960000    0.00145712030424    0.00544430873305    0.00003481955099   -0.00249126281275  
  8.970000    0.00144261699693    0.00539601665302    0.00003352210703   -0.00248279439807  
  8.980000    0.00142807628152    0.00534761741724    0.00003221555687   -0.00247464166048  
  8.990000    0.00141349148393    0.00529906253599    0.00003090297642   -0.00246669470741  
  9.000000    0.00139885649661    0.00525030542615    0.00002958762001   -0.00245884075963  
  9.010000    0.00138416583372    0.00520130183876    0.00002827289057   -0.00245096525393  
  9.020000    0.00136941468178    0.00515201027064    0.00002696230816   -0.00244295297115  
  9.030000    0.00135459894551    0.00510239235614    0.00002565947723   -0.00243468917868  
  9.040000    0.00133971528820    0.00505241323530    0.00002436805288   -0.00242606077599  
  9.050000    0.00132476116645    0.00500204189495    0.00002309170646   -0.00241695743190  
  9.060000    0.00130973485888    0.00495125147950    0.00002183409093   -0.00240727270231  
  9.070000    0.00129463548840    0.00490001956820    0.00002059880618   -0.00239690511711  
  9.080000    0.00127946303800    0.00484832841623    0.00001938936482   -0.00238575922537  
  9.090000    0.00126421835974    0.00479616515701    0.00001820915862   -0.00237374658812  
  9.100000    0.00124890317687    0.00474352196357    0.00001706142611   -0.00236078670865  
  9.110000    0.00123352007893    0.00469039616711    0.00001594922149   -0.00234680789070  
  9.120000    0.00121807250989    0.00463679033136    0.00001487538531   -0.00233174801557  
  9.130000    0.00120256474934    0.00458271228145    0.00001384251708   -0.00231555522992  
  9.140000    0.00118700188676    0.00452817508672    0.00001285295025   -0.00229818853701  
  9.150000    0.00117138978910    0.00447319699704    0.00001190872960   -0.00227961828476  
  9.160000    0.00115573506179    0.00441780133276    0.00001101159152   -0.00225982654516  
  9.170000    0.00114004500349    0.00436201632872    0.00001016294713   -0.00223880738065  
  9.180000    0.00112432755490    0.00430587493323    0.00000936386858   -0.00221656699386  
  9.190000    0.00110859124187    0.00424941456330    0.00000861507865   -0.00219312375868  
  9.200000    0.00109284511331    0.00419267681771    0.00000791694369   -0.00216850813129  
  9.210000    0.00107709867442    0.00413570715011    0.00000726947000   -0.00214276244128  
  9.220000    0.00106136181548    0.00407855450433    0.00000667230376   -0.00211594056394  
  9.230000    0.00104564473697    0.00402127091495    0.00000612473443   -0.00208810747622  
  9.240000    0.00102995787144    0.00396391107589    0.00000562570163   -0.00205933869956  
  9.250000    0.00101431180278    0.00390653188066    0.00000517380544   -0.00202971963448  
  9.260000    0.00099871718344    0.00384919193773    0.00000476731999   -0.00199934479231  
  9.270000    0.00098318465030    0.00379195106509    0.00000440421030   -0.00196831693092  
  9.280000    0.00096772473974    0.00373486976789    0.00000408215205   -0.00193674610202  
  9.290000    0.00095234780271    0.00367800870368    0.00000379855428   -0.00190474861855  
  9.300000    0.00093706392028    0.00362142813950    0.00000355058467   -0.00187244595164  
  9.310000    0.00092188282048    0.00356518740540    0.00000333519715   -0.00183996356698  
  9.320000    0.00090681379702    0.00350934434907    0.00000314916169   -0.00180742971167  
  9.330000    0.00089186563047    0.00345395479611    0.00000298909585   -0.00177497416246  
  9.340000    0.00087704651273    0.00339907202060    0.00000285149784   -0.00174272694737  
  9.350000    0.00086236397511    0.00334474623053    0.00000273278077   -0.00171081705256  
  9.360000    0.00084782482083    0.00329102407255    0.00000262930774   -0.00167937112667  
  9.370000    0.00083343506244    0.00323794816044    0.00000253742748   -0.00164851219506  
  9.380000    0.00081919986449    0.00318555663133    0.00000245351002   -0.00161835839614  
  9.390000    0.00080512349220    0.00313388273371    0.00000237398232   -0.00158902175199  
  9.400000    0.00079120926633    0.00308295445083    0.00000229536324   -0.00156060698510  
  9.410000    0.00077745952462    0.00303279416281    0.00000221429763   -0.00153321039269  
  9.420000    0.00076387559015    0.00298341835035    0.00000212758929   -0.00150691878964  
  9.430000    0.00075045774676    0.00293483734252    0.00000203223222   -0.00148180853011  
  9.440000    0.00073720522156    0.00288705511043    0.00000192544015   -0.00145794461745  
  9.450000    0.00072411617451    0.00284006910792    0.00000180467387   -0.00143537991083  
  9.460000    0.00071118769484    0.00279387015948    0.00000166766608   -0.00141415443592  
  9.470000    0.00069841580369    0.00274844239465    0.00000151244367   -0.00139429480558  
  9.480000    0.00068579546240    0.00270376322639    0.00000133734709   -0.00137581375500  
  9.490000    0.00067332058520    0.00265980336969    0.00000114104658   -0.00135870979361  
  9.500000    0.00066098405457    0.00261652689394    0.00000092255530   -0.00134296697421  
  9.510000    0.00064877773725    0.00257389130020    0.00000068123902   -0.00132855477658  
  9.520000    0.00063669249783    0.00253184761104    0.00000041682250   -0.00131542809997  
  9.530000    0.00062471820599    0.00249034045660    0.00000012939245   -0.00130352735484  
  9.540000    0.00061284373276    0.00244930813589   -0.00000018060289   -0.00129277863975  
  9.550000    0.00060105692972    0.00240868262722   -0.00000051235728   -0.00128309398408  
  9.560000    0.00058934458407    0.00236838951623   -0.00000086471311   -0.00127437163139  
  9.570000    0.00057769234157    0.00232834780479   -0.00000123617059   -0.00126649633217  
  9.580000    0.00056608458848    0.00228846955996   -0.00000162489912   -0.00125933960810  
  9.590000    0.00055450428344    0.00224865935995   -0.00000202875033   -0.00125275994509  
  9.600000    0.00054293273094    0.00220881349562   -0.00000244527193   -0.00124660286781  
  9.610000    0.00053134928996    0.00216881889243   -0.00000287172161   -0.00124070084860  
  9.620000    0.00051973101484    0.00212855173230   -0.00000330508000   -0.00123487300763  
  9.630000    0.00050805223150    0.00208787577790   -0.00000374206169   -0.00122892457322  
  9.640000    0.00049628406033    0.00204664043781   -0.00000417912351   -0.00122264609292  
  9.650000    0.00048439390830    0.00200467865888   -0.00000461246922   -0.00121581241943  
  9.660000    0.00047234496705    0.00196180479491   -0.00000503805055   -0.00120818154360  
  9.670000    0.00046009577034    0.00191781267515   -0.00000545156483   -0.00119949340965  
  9.680000    0.00044759988207    0.00187247418066   -0.00000584845065   -0.00118946892446  
  9.690000    0.00043480580504    0.00182553872350   -0.00000622388420   -0.00117780946097  
  9.700000    0.00042165721622    0.00177673410478   -0.00000657278005   -0.00116419724700  
  9.710000    0.00040809364626    0.00172576928963   -0.00000688980226   -0.00114829711643  
  9.720000    0.00039405172386    0.00167233966439   -0.00000716939256   -0.00112976016462  
  9.730000    0.00037946709727    0.00161613531750   -0.00000740582413   -0.00110822987632  
  9.740000    0.00036427712109    0.00155685279256   -0.00000759328959   -0.00108335126440  
  9.750000    0.00034842435505    0.00149421058652   -0.00000772603192   -0.00105478345036  
  9.760000    0.00033186086005    0.00142796839827   -0.00000779852498   -0.00102221591921  
  9.770000    0.00031455319732    0.00135794977489   -0.00000780570755   -0.00098538838237  
  9.780000    0.00029648794110    0.00128406736546   -0.00000774326960   -0.00094411378654  
  9.790000    0.00027767741143    0.00120634950483   -0.00000760798346   -0.00089830353126  
  9.800000    0.00025816523004    0.00112496635176   -0.00000739806476   -0.00084799343769  
  9.810000    0.00023803121077    0.00104025335618   -0.00000711354004   -0.00079336849884  
  9.820000    0.00021739503188    0.00095272949237   -0.00000675658989   -0.00073478400258  
  9.830000    0.00019641811274    0.00086310753930   -0.00000633183057   -0.00067278032938  
  9.840000    0.00017530314700    0.00077229377910   -0.00000584649346   -0.00060808866310  
  9.850000    0.00015429083556    0.00068137486792   -0.00000531046214   -0.00054162507892  
  9.860000    0.00013365351982    0.00059159033137   -0.00000473613250   -0.00047447102987  
  9.870000    0.00011368563431    0.00050429013637   -0.00000413807186   -0.00040783914776  
  9.880000    0.00009469116547    0.00042087803833   -0.00000353246887   -0.00034302446856  
  9.890000    0.00007696859953    0.00034274280148   -0.00000293638572   -0.00028134260041  
  9.900000    0.00006079413825    0.00027118080917   -0.00000236684628   -0.00022405784529  
  9.910000    0.00004640422532    0.00020731486501   -0.00000183981565   -0.00017230569922  
  9.920000    0.00003397862395    0.00015201496923   -0.00000136914550   -0.00012701530955  
  9.930000    0.00002362538755    0.00010582739024   -0.00000096557292   -0.00008883819017  
  9.940000    0.00001536904800    0.00006891832141   -0.00000063586543   -0.00005808964270  
  9.950000    0.00000914319801    0.00004103775977   -0.00000038219999   -0.00003470882154  
  9.960000    0.00000478836933    0.00002150797451   -0.00000020184920   -0.00001824220108  
  9.970000    0.00000205572475    0.00000923913288   -0.00000008722323   -0.00000785342949  
  9.980000    0.00000061662233    0.00000277247403   -0.00000002628462   -0.00000236034054  
  9.990000    0.00000007761822    0.00000034907698   -0.00000000331782   -0.00000029746501  
 10.000000   -0.00000000000000    0.00000000000000   -0.00000000000000    0.00000000000000  
