<Coefficient>
	 3 Total number of radial orbitals.
	Type	L	Zeta-Orbital
	  Ba 	0	    1
	  -0.21552742600024
	  -0.53316270911934
	  -0.77701567425496
	  -0.55436506803308
	  -0.24033123354604
	   0.09833595998296
	   0.30522815197705
	   0.41620607707543
	   0.40047799841344
	   0.34180093599503
	   0.24207253088411
	   0.15880007963836
	   0.08111522636095
	   0.03881121127935
	   0.00610234833067
	   0.00084540425338
	  -0.00640952338748
	   0.00180183394968
	  -0.00169877848568
	   0.00592532285413
	  -0.00099429694542
	   0.00485177229674
	  -0.00390264717524
	   0.00325512325743
	  -0.00550412603777
	   0.00427660973649
	  -0.00549563434944
	   0.00730613799872
	Type	L	Zeta-Orbital
	  Ba 	0	    2
	  -0.49923892031664
	  -0.15671861472244
	  -0.24239365994160
	  -0.16444143766682
	  -0.06771880153298
	   0.07311317740710
	   0.15255286235985
	   0.20069022674656
	   0.18569283066649
	   0.15991407875121
	   0.10811250670345
	   0.07426420916187
	   0.03194703934057
	   0.01986092075334
	  -0.00219458623820
	   0.00460262468005
	  -0.00748815643540
	   0.00699026233979
	  -0.00613146633063
	   0.01015670754538
	  -0.00725518288947
	   0.01058254763715
	  -0.01054525543763
	   0.01107763836894
	  -0.01337129676117
	   0.01374581515361
	  -0.01608465562146
	   0.02056801843083
	Type	L	Zeta-Orbital
	  Ba 	1	    1
	  -0.37511970697050
	  -0.57167676046020
	  -0.63432600174685
	  -0.55478056613854
	  -0.38984807479677
	  -0.20436028775345
	  -0.06908623532563
	   0.03440190655649
	   0.08523704652282
	   0.11009849120407
	   0.10306333142741
	   0.09057019922913
	   0.06522761158466
	   0.04842213012879
	   0.02618850645509
	   0.01808973198538
	   0.00444150446215
	   0.00523147720224
	  -0.00285524919742
	   0.00296540703901
	  -0.00382034322229
	   0.00391535979115
	  -0.00399150852331
	   0.00483070233877
	  -0.00498998698521
	   0.00591964549926
	  -0.00744872709595
	   0.01349325972417
</Coefficient>
<Mkb>
Left spillage = 1.2881721747e+00
</Mkb>
