0	0.0031597266202535116
1	0.0028067139284237417
2	0.0025616299437818853
3	0.002364571149269889
4	0.0021960805355003827
5	0.002047367048677222
6	0.0019136036135778153
7	0.0017914080519953169
8	0.0016784552953380432
9	0.0015731894638264655
10	0.0014747283718814488
11	0.001382728283423201
12	0.0012971083463299525
13	0.0012178259584756422
14	0.0011448391536414567
15	0.0010781259251411335
16	0.0010176540823974617
17	0.00096332590820998
18	0.0009149471832553301
19	0.0008722327866390571
20	0.0008348213922455663
21	0.0008022817289300273
22	0.0007741165013724617
23	0.0007497790685450179
24	0.0007287193905680142
25	0.0007104519152998261
26	0.0006946059177835666
27	0.0006809393777008393
28	0.0006693061180089967
29	0.0006595919294461884
30	0.0006516513739066704
31	0.0006452619955799162
32	0.0006401159460776018
33	0.0006358590287286739
34	0.0006321523379022931
35	0.0006287198156308027
36	0.000625366492634103
37	0.0006219759892950156
38	0.0006185003200785968
39	0.0006149464529344385
40	0.000611358899250518
41	0.0006078005727272063
42	0.0006043373193416478
43	0.0006010287979416086
44	0.0005979236150060524
45	0.0005950561757815499
46	0.0005924456454155998
47	0.0005900979851677837
48	0.0005880094357392924
49	0.0005861688049829031
50	0.0005845583806785814
51	0.0005831554360499529
52	0.0005819351037594072
53	0.0005808731229987211
54	0.0005799470526562571
55	0.0005791363684957686
56	0.0005784225167437197
57	0.0005777890541356444
58	0.0005772214481244778
59	0.0005767066995109484
60	0.0005762333900835078
61	0.0005757921968821182
62	0.0005753761995099239
63	0.0005749804888262795
64	0.0005746013777037772
65	0.0005742358535818975
66	0.0005738814850070637
67	0.0005735364808307244
68	0.0005731995909021183
69	0.0005728698578513211
70	0.0005725464070709366
71	0.000572228368924019
72	0.0005719148811042366
73	0.0005716050937922666
74	0.0005712981567989171
75	0.0005709932020493645
76	0.0005706893306222397
77	0.0005703856196751118
78	0.0005700811842533145
79	0.0005697753031433431
80	0.0005694675428261786
81	0.0005691577913021757
82	0.0005688461984479626
83	0.000568533107814918
84	0.0005682190449638093
85	0.0005679047410068709
86	0.0005675911302931663
87	0.0005672792950515045
88	0.0005669703721443133
89	0.0005666654457544739
90	0.00056636545024201
91	0.0005660711141907453
92	0.0005657829604517423
93	0.0005655013391816809
94	0.0005652264586707056
95	0.0005649584042936428
96	0.0005646971585256433
97	0.000564442628685783
98	0.0005641946738256628
99	0.0005639531229741339
100	0.0005637177867359362
101	0.0005634884645888639
102	0.0005632649464223812
103	0.0005630470110260083
104	0.0005628344279631324
105	0.0005626269631394779
106	0.0005624243828526394
107	0.0005622264555343951
108	0.0005620329548809062
109	0.0005618436627167417
110	0.0005616583645477308
111	0.0005614768375649803
112	0.0005612988403564578
113	0.0005611241112847596
114	0.0005609523741180205
115	0.0005607833469988878
116	0.0005606167525765849
117	0.0005604523271194654
118	0.000560289826293035
119	0.0005601290279108332
120	0.0005599697333999067
121	0.0005598117676509691
122	0.0005596549761974341
123	0.0005594992206879592
124	0.0005593443740850156
125	0.0005591903160056418
126	0.0005590369291817278
127	0.0005588840987399005
128	0.0005587317140107138
129	0.0005585796700638057
130	0.0005584278672749229
131	0.0005582762099736249
132	0.0005581246055957687
133	0.0005579729646241362
134	0.000557821201130736
135	0.0005576692335348695
136	0.0005575169850572443
137	0.000557364383744219
138	0.0005572113623972871
139	0.0005570578584138102
140	0.000556903813253144
141	0.0005567491718844007
142	0.0005565938827761056
143	0.000556437898190824
144	0.0005562811742128195
145	0.0005561236705724541
146	0.0005559653507776207
147	0.0005558061827836433
148	0.0005556461400765312
149	0.0005554852028749305
150	0.0005553233591336973
151	0.0005551606053427781
152	0.0005549969473938254
153	0.0005548324015636083
154	0.0005546669953082286
155	0.0005545007677495161
156	0.0005543337700100221
157	0.0005541660655477208
158	0.0005539977305233688
159	0.0005538288542129249
160	0.0005536595394112263
161	0.0005534899027152036
162	0.0005533200746200388
163	0.0005531501993202814
164	0.0005529804340603474
165	0.0005528109479906386
166	0.0005526419205341939
167	0.0005524735391992221
168	0.0005523059966953284
169	0.0005521394872641945
170	0.000551974202159716
171	0.0005518103242041395
172	0.0005516480213528733
173	0.000551487439214003
174	0.0005513286924958657
175	0.0005511718555015941
176	0.0005510169518658429
177	0.0005508639437628073
178	0.0005507127208569208
179	0.0005505630893255426
180	0.0005504147613161987
181	0.0005502673452066379
182	0.0005501203370162393
183	0.0005499731132351823
184	0.0005498249252312088
185	0.0005496748952427931
186	0.0005495220137988941
187	0.0005493651381876972
188	0.0005492029914261206
189	0.0005490341610223782
190	0.0005488570967453378
191	0.0005486701066660967
192	0.000548471350976245
193	0.0005482588335209582
194	0.0005480303917705301
195	0.000547783687011116
196	0.0005475161980344422
197	0.0005472252234724091
198	0.0005469079000894306
199	0.0005465612465410152
200	0.0005461822438385089
201	0.0005457679641502855
202	0.0005453157575060497
203	0.0005448235000848377
204	0.0005442898971150143
205	0.0005437148180544193
206	0.0005430996238504363
207	0.0005424474303737101
208	0.0005417632452173486
209	0.0005410539233435222
210	0.0005403279130860787
211	0.0005395948038036954
212	0.0005388647290849374
213	0.000538147711024141
214	0.0005374530409386788
215	0.0005367887776241873
216	0.0005361614125110508
217	0.0005355757138862431
218	0.0005350347311770161
219	0.0005345399216756857
220	0.0005340913566490676
221	0.0005336879678636838
222	0.0005333278042571779
223	0.0005330082777754122
224	0.0005327263851282524
225	0.0005324788979510666
226	0.0005322625180601369
227	0.00053207399773688
228	0.0005319102275726337
229	0.0005317682962517428
230	0.0005316455275570464
231	0.0005315394997133824
232	0.0005314480512324071
233	0.0005313692761542844
234	0.0005313015105772081
235	0.0005312433120347805
236	0.0005311934335764518
237	0.0005311507950356093
238	0.0005311144544064072
239	0.0005310835821113306
240	0.0005310574401323461
241	0.0005310353667770367
242	0.0005310167666522449
243	0.0005310011046360955
244	0.000530987902430082
245	0.0005309767365225761
246	0.0005309672368075126
247	0.000530959085423387
248	0.0005309520154434045
249	0.000530945808984101
250	0.0005309402942372522
251	0.000530935341048587
252	0.0005309308550086082
253	0.0005309267704319748
254	0.0005309230429449038
255	0.0005309196424864146
256	0.0005309165473837167
257	0.0005309137398383574
258	0.0005309112028498278
259	0.0005309089183992652
260	0.0005309068666474699
261	0.000530905025947138
262	0.0005309033734988774
263	0.0005309018864563111
264	0.0005309005432492694
265	0.0005308993248170318
266	0.0005308982154816356
267	0.0005308972032800971
268	0.0005308962797455598
269	0.0005308954392535694
270	0.0005308946781530417
271	0.0005308939938772511
272	0.0005308933841785294
273	0.00053089284654694
274	0.0005308923778139267
275	0.0005308919739293334
276	0.0005308916298958977
277	0.0005308913398585299
278	0.0005308910973282532
279	0.0005308908955053271
280	0.0005308907276419097
281	0.0005308905873748766
282	0.0005308904689746714
283	0.0005308903674902916
284	0.000530890278788184
285	0.0005308901995224241
286	0.0005308901270585221
287	0.0005308900593849542
288	0.0005308899950226953
289	0.0005308899329388132
290	0.0005308898724665713
291	0.0005308898132276472
292	0.0005308897550658005
293	0.0005308896979871195
294	0.0005308896421091159
295	0.0005308895876225306
296	0.0005308895347571668
297	0.0005308894837532939
298	0.0005308894348354812
299	0.0005308893881910611
300	0.0005308893439496359
301	0.0005308893021747694
302	0.0005308892628586067
303	0.0005308892259287688
304	0.0005308891912621304
305	0.0005308891587029638
306	0.0005308891280800682
307	0.0005308890992285024
308	0.0005308890720000322
309	0.0005308890462741124
310	0.0005308890219618343
311	0.0005308889990070074
312	0.0005308889773835383
313	0.0005308889570897983
314	0.0005308889381401767
315	0.0005308889205563408
316	0.0005308889043569009
317	0.0005308888895496296
318	0.0005308888761261909
319	0.0005308888640581272
320	0.0005308888532998612
321	0.0005308888437884576
322	0.0005308888354466384
323	0.0005308888281871009
324	0.0005308888219157883
325	0.0005308888165358279
326	0.0005308888119501195
327	0.0005308888080662496
328	0.0005308888047978236
329	0.0005308888020661958
330	0.0005308887998007112
331	0.0005308887979383888
332	0.0005308887964238145
333	0.0005308887952071837
334	0.0005308887942442978
335	0.0005308887934967132
336	0.0005308887929285444
337	0.0005308887925095906
338	0.00053088879221068
339	0.0005308887920068441
340	0.0005308887918753821
341	0.0005308887917969365
342	0.0005308887917552567
343	0.0005308887917361993
344	0.0005308887917304252
345	0.0005308887917298342
346	0.0005308887917293588
347	0.0005308887917256453
348	0.0005308887917174294
349	0.0005308887917036884
350	0.0005308887916842848
351	0.0005308887916604902
352	0.0005308887916318238
353	0.0005308887915998079
354	0.0005308887915641857
355	0.0005308887915256628
356	0.0005308887914841975
357	0.0005308887914399973
358	0.0005308887913931991
359	0.0005308887913446769
360	0.0005308887912941951
361	0.0005308887912430886
362	0.0005308887911916548
363	0.0005308887911405075
364	0.0005308887910902711
365	0.0005308887910421176
366	0.0005308887909960672
367	0.0005308887909523518
368	0.0005308887909113779
369	0.0005308887908732186
370	0.0005308887908380647
371	0.0005308887908051495
372	0.0005308887907754449
373	0.0005308887907479603
374	0.0005308887907226203
375	0.0005308887906995142
376	0.0005308887906787763
377	0.0005308887906593854
378	0.0005308887906420449
379	0.0005308887906266568
380	0.0005308887906129803
381	0.0005308887906007525
382	0.0005308887905896098
383	0.0005308887905800553
384	0.0005308887905712591
385	0.0005308887905635634
386	0.0005308887905571378
387	0.0005308887905511566
388	0.000530888790545898
389	0.0005308887905410964
390	0.0005308887905371767
391	0.0005308887905335099
392	0.0005308887905299438
393	0.0005308887905272284
394	0.0005308887905246167
395	0.0005308887905222844
396	0.0005308887905201094
397	0.0005308887905181494
398	0.0005308887905164617
399	0.0005308887905151927
400	0.0005308887905138467
401	0.0005308887905124857
402	0.000530888790511497
403	0.0005308887905104214
404	0.0005308887905095481
405	0.0005308887905085487
406	0.000530888790507764
407	0.0005308887905073063
408	0.0005308887905066848
409	0.0005308887905063936
410	0.0005308887905057296
411	0.0005308887905054873
412	0.0005308887905052931
413	0.0005308887905050023
414	0.000530888790505069
415	0.0005308887905048054
416	0.0005308887905048634
417	0.0005308887905045504
418	0.0005308887905044891
419	0.0005308887905043837
420	0.000530888790504493
421	0.0005308887905045565
422	0.0005308887905042265
423	0.000530888790504249
424	0.000530888790504087
425	0.0005308887905043766
426	0.0005308887905043667
427	0.0005308887905043147
428	0.0005308887905042746
429	0.0005308887905044109
430	0.0005308887905042893
431	0.0005308887905041468
432	0.0005308887905042408
433	0.0005308887905042749
434	0.0005308887905041994
435	0.0005308887905040688
436	0.0005308887905042158
437	0.0005308887905043219
438	0.0005308887905041367
439	0.0005308887905042455
440	0.0005308887905042594
441	0.0005308887905040037
442	0.0005308887905039633
443	0.0005308887905039851
444	0.0005308887905040659
445	0.0005308887905039563
446	0.0005308887905039474
447	0.0005308887905040524
448	0.0005308887905039853
449	0.0005308887905039327
450	0.0005308887905039942
451	0.0005308887905038791
452	0.000530888790503949
453	0.0005308887905039277
454	0.0005308887905039326
455	0.000530888790503856
456	0.0005308887905039364
457	0.000530888790503728
458	0.0005308887905037632
459	0.0005308887905038017
460	0.0005308887905038208
461	0.0005308887905040227
462	0.0005308887905038545
463	0.0005308887905040134
464	0.0005308887905037212
465	0.0005308887905038321
466	0.0005308887905036191
467	0.0005308887905037739
468	0.0005308887905040018
469	0.000530888790503647
470	0.0005308887905037482
471	0.0005308887905037768
472	0.0005308887905037727
473	0.0005308887905037179
474	0.0005308887905037915
475	0.0005308887905037907
476	0.0005308887905038888
477	0.0005308887905039764
478	0.0005308887905039611
479	0.0005308887905038267
480	0.0005308887905037438
481	0.0005308887905036703
482	0.0005308887905037759
483	0.000530888790504104
484	0.0005308887905037342
485	0.0005308887905037747
486	0.0005308887905037814
487	0.0005308887905038735
488	0.0005308887905039327
489	0.0005308887905039029
490	0.00053088879050373
491	0.0005308887905037513
492	0.0005308887905037487
493	0.0005308887905039629
494	0.0005308887905038181
495	0.0005308887905038915
496	0.0005308887905037705
497	0.0005308887905038892
498	0.0005308887905037414
499	0.0005308887905040077
500	0.0005308887905036999
501	0.0005308887905038609
502	0.0005308887905039055
503	0.0005308887905037131
504	0.0005308887905036728
505	0.0005308887905035823
506	0.0005308887905039171
507	0.0005308887905039434
508	0.0005308887905036441
509	0.0005308887905038822
510	0.000530888790503798
511	0.0005308887905039068
512	0.0005308887905039055
513	0.0005308887905036578
514	0.0005308887905038064
515	0.0005308887905038411
516	0.0005308887905038496
517	0.0005308887905038108
518	0.0005308887905039316
519	0.00053088879050388
520	0.0005308887905037917
521	0.000530888790503898
522	0.0005308887905038531
523	0.0005308887905037098
524	0.0005308887905038068
525	0.0005308887905038503
526	0.0005308887905038501
527	0.000530888790503711
528	0.000530888790503632
529	0.0005308887905036623
530	0.0005308887905038927
531	0.0005308887905036354
532	0.0005308887905039523
533	0.0005308887905039704
534	0.0005308887905036494
535	0.0005308887905039606
536	0.0005308887905038854
537	0.0005308887905038487
538	0.0005308887905039268
539	0.0005308887905036976
540	0.0005308887905038393
541	0.000530888790503884
542	0.0005308887905036908
543	0.000530888790503812
544	0.0005308887905038219
545	0.0005308887905035929
546	0.0005308887905038855
547	0.0005308887905035556
548	0.0005308887905037395
549	0.000530888790503955
550	0.0005308887905039932
551	0.0005308887905035818
552	0.0005308887905039817
553	0.000530888790503858
554	0.0005308887905038488
555	0.0005308887905038377
556	0.0005308887905037861
557	0.0005308887905037171
558	0.0005308887905035943
559	0.0005308887905038217
560	0.000530888790503738
561	0.0005308887905037142
562	0.0005308887905039895
563	0.0005308887905037258
564	0.0005308887905035613
565	0.0005308887905037153
566	0.0005308887905037182
567	0.0005308887905037642
568	0.0005308887905036686
569	0.0005308887905037873
570	0.0005308887905037878
571	0.0005308887905039572
572	0.000530888790503857
573	0.000530888790503747
574	0.0005308887905036687
575	0.0005308887905038606
576	0.0005308887905038477
577	0.0005308887905038088
578	0.0005308887905039112
579	0.0005308887905038133
580	0.0005308887905038602
581	0.0005308887905037139
582	0.0005308887905038788
583	0.0005308887905036686
584	0.000530888790503931
585	0.0005308887905037719
586	0.0005308887905038116
587	0.0005308887905038219
588	0.0005308887905036347
589	0.0005308887905037321
590	0.0005308887905037335
591	0.0005308887905036134
592	0.0005308887905039316
593	0.0005308887905038735
594	0.0005308887905039358
595	0.0005308887905039886
596	0.0005308887905038226
597	0.0005308887905036615
598	0.0005308887905038264
