0	3.405796579540292
1	3.068902283288353
2	2.7966045288736794
3	2.56660121757211
4	2.3656960590641996
5	2.1953700462430112
6	2.048477378944007
7	1.905228716044884
8	1.7832848640469399
9	1.680465297573254
10	1.5607543472906076
11	1.4613651626278583
12	1.3688826403278098
13	1.282169712839682
14	1.2005867581127025
15	1.123628168153374
16	1.0508570322523512
17	0.9818685521706909
18	0.9162856823218347
19	0.8537850067054875
20	0.79413066512089
21	0.7371912582288697
22	0.6829299566157606
23	0.6313730646133986
24	0.5825675892746398
25	0.5365382221139857
26	0.49325403155636827
27	0.452614792119776
28	0.4144623570271887
29	0.378612910968241
30	0.3448966057678038
31	0.3131888819305903
32	0.28342392976966874
33	0.25558987694491647
34	0.2297114789821693
35	0.20582759514024346
36	0.18396925099603606
37	0.1641418462425588
38	0.14631328119905623
39	0.1304086892598213
40	0.11631180968658343
41	0.10387242273025629
42	0.0929184708347243
43	0.08327063379885921
44	0.07475661409998105
45	0.06722256710682921
46	0.060539979601986066
47	0.054607511121358886
48	0.04934841664116051
49	0.04470487242135534
50	0.04063078050098508
51	0.03708454852310788
52	0.03402308037962573
53	0.03139786524414549
54	0.029153645204511195
55	0.027229674916275294
56	0.02556309242205275
57	0.024093493255398325
58	0.022767568014523114
59	0.02154271563517593
60	0.020388872922561956
61	0.01928829921893793
62	0.01823356712843252
63	0.017224393913826266
64	0.016264121053603274
65	0.015356602068373798
66	0.014504041810433774
67	0.013706026983896913
68	0.012959682260801885
69	0.012260643992079065
70	0.011604403997770567
71	0.010987556519622178
72	0.010408577271990621
73	0.00986794447125499
74	0.009367624011665694
75	0.008910121680689907
76	0.00849740556831635
77	0.008130004275653078
78	0.007806506370723812
79	0.007523558467731412
80	0.007276321964640754
81	0.007059235204753797
82	0.006866863328436333
83	0.006694615667165643
84	0.006539168025134298
85	0.006398525066438266
86	0.006271764156211963
87	0.0061585829414221955
88	0.0060588066263077365
89	0.005971994126166581
90	0.005897229393400858
91	0.00583311814598071
92	0.005777951947726012
93	0.005729963814118713
94	0.005687586796149371
95	0.005649638700626505
96	0.005615387720203356
97	0.0055844958294665814
98	0.0055568754698834604
99	0.0055325169158650005
100	0.005511342808751936
101	0.005493127021096724
102	0.005477488193937571
103	0.005463944520125932
104	0.005452001435896723
105	0.005441239199814103
106	0.005431372095601469
107	0.005422263252241738
108	0.005413895217256356
109	0.0054063111701574485
110	0.005399549860735032
111	0.005393596475820216
112	0.005388363061422018
113	0.0053837001926208715
114	0.005379431158775569
115	0.005375394199582513
116	0.0053714780371614135
117	0.005367640070293022
118	0.005363903311918247
119	0.005360335343709699
120	0.005357018000726759
121	0.005354018401771578
122	0.0053513698822735024
123	0.005349066667980217
124	0.005347071015931224
125	0.005345327957049385
126	0.005343781487552427
127	0.005342386879719112
128	0.005341116051191221
129	0.0053399557904830345
130	0.0053389011288836104
131	0.005337947447552737
132	0.005337084676060496
133	0.00533629549699173
134	0.005335557590177178
135	0.005334848423028635
136	0.005334150399728857
137	0.00533345438848912
138	0.005332760505019481
139	0.005332076147452841
140	0.005331412248524081
141	0.005330779217031186
142	0.005330183943913621
143	0.005329628656252358
144	0.005329111622592567
145	0.005328629080164962
146	0.005328177460920642
147	0.005327755053835438
148	0.005327362570347476
149	0.005327002551195758
150	0.005326678001598963
151	0.005326390892612436
152	0.005326141124716843
153	0.005325926270347728
154	0.005325742061615001
155	0.005325583330105535
156	0.005325445011647536
157	0.005325322886546459
158	0.005325213878769418
159	0.005325115922042153
160	0.005325027555206564
161	0.005324947481283897
162	0.005324874291475841
163	0.0053248064416113895
164	0.005324742438225752
165	0.0053246811077700155
166	0.00532462181051805
167	0.005324564504882454
168	0.005324509637431207
169	0.005324457902726044
170	0.005324409964099399
171	0.005324366234471805
172	0.005324326782241604
173	0.005324291369943496
174	0.005324259582515193
175	0.005324230978581901
176	0.005324205204746162
177	0.005324182039250974
178	0.005324161364142441
179	0.0053241430927146735
180	0.005324127092643934
181	0.0053241131407795305
182	0.005324100926244941
183	0.005324090094558944
184	0.005324080308816022
185	0.005324071301026728
186	0.005324062895710987
187	0.00532405500206362
188	0.005324047583810855
189	0.005324040622965446
190	0.0053240340931268205
191	0.005324027950806069
192	0.00532402214367255
193	0.0053240166273776325
194	0.005324011380555955
195	0.005324006410246388
196	0.005324001745394606
197	0.005323997421670795
198	0.0053239934645319
199	0.0053239898776264154
200	0.005323986640607324
201	0.00532398371585993
202	0.005323981060061897
203	0.005323978635288687
204	0.0053239764155648215
205	0.005323974387329962
206	0.005323972544905042
207	0.005323970883908444
208	0.005323969395931495
209	0.005323968066667612
210	0.00532396687766376
211	0.0053239658101152335
212	0.005323964848517774
213	0.0053239639824961054
214	0.0053239632062869425
215	0.005323962516449542
216	0.005323961909121739
217	0.005323961378145419
218	0.005323960914801289
219	0.005323960508997712
220	0.005323960151080409
221	0.005323959833314257
222	0.005323959550423488
223	0.005323959299131487
224	0.005323959077065833
225	0.0053239588816386425
226	0.005323958709404156
227	0.005323958556143565
228	0.005323958417520593
229	0.005323958289911204
230	0.0053239581709779455
231	0.00532395805976661
232	0.005323957956347462
233	0.005323957861211139
234	0.005323957774709758
235	0.005323957696740268
236	0.005323957626750529
237	0.005323957563962856
238	0.005323957507652731
239	0.005323957457317773
240	0.005323957412679807
241	0.005323957373544302
242	0.005323957339626547
243	0.005323957310436335
244	0.00532395728529221
245	0.005323957263428783
246	0.005323957244154567
247	0.005323957226960044
248	0.005323957211549085
249	0.005323957197786187
250	0.00532395718560119
251	0.0053239571748988305
252	0.005323957165516824
253	0.00532395715723953
254	0.005323957149848082
255	0.005323957143172143
256	0.005323957137123821
257	0.005323957131688028
258	0.005323957126889779
259	0.005323957122750095
260	0.00532395711925411
261	0.0053239571163461105
262	0.005323957113940716
263	0.005323957111948034
264	0.0053239571102940714
265	0.0053239571089282196
266	0.005323957107816878
267	0.005323957106929536
268	0.005323957106231499
269	0.0053239571056767415
270	0.005323957105217082
271	0.005323957104810168
272	0.005323957104428349
273	0.005323957104064173
274	0.005323957103723064
275	0.005323957103416356
276	0.005323957103152443
277	0.005323957102931979
278	0.005323957102746849
279	0.005323957102587098
280	0.005323957102443696
281	0.005323957102312664
282	0.005323957102193027
283	0.005323957102087301
284	0.005323957101997369
285	0.005323957101921727
286	0.005323957101855827
287	0.005323957101794151
288	0.0053239571017325025
289	0.005323957101668751
290	0.005323957101602621
291	0.005323957101536201
292	0.005323957101471738
293	0.005323957101409125
294	0.005323957101347744
295	0.005323957101287287
296	0.005323957101226541
297	0.005323957101166774
298	0.005323957101109129
299	0.0053239571010555145
300	0.005323957101007869
301	0.005323957100966486
302	0.005323957100930353
303	0.0053239571008992
304	0.005323957100870812
305	0.005323957100845328
306	0.005323957100822222
307	0.005323957100801217
308	0.005323957100783268
309	0.005323957100766627
310	0.005323957100752268
311	0.0053239571007391755
312	0.005323957100726494
313	0.005323957100714702
314	0.005323957100703531
315	0.005323957100693266
316	0.005323957100683794
317	0.005323957100676046
318	0.005323957100668364
319	0.005323957100661468
320	0.005323957100654811
321	0.005323957100648407
322	0.005323957100642692
323	0.005323957100637724
324	0.0053239571006323625
325	0.0053239571006282035
326	0.005323957100624829
327	0.005323957100620993
328	0.00532395710061744
329	0.0053239571006142095
330	0.005323957100611007
331	0.005323957100608211
332	0.005323957100605889
333	0.005323957100603155
334	0.005323957100601176
335	0.005323957100599254
336	0.005323957100597671
337	0.00532395710059574
338	0.005323957100594572
339	0.00532395710059296
340	0.005323957100591843
341	0.005323957100590916
342	0.0053239571005905375
343	0.005323957100589433
344	0.005323957100588929
345	0.005323957100588235
346	0.005323957100587869
347	0.005323957100587587
348	0.005323957100587335
349	0.005323957100586394
350	0.005323957100586606
351	0.0053239571005862405
352	0.005323957100585793
353	0.0053239571005861104
354	0.005323957100585462
355	0.005323957100585686
356	0.005323957100585401
357	0.005323957100585181
358	0.005323957100585277
359	0.005323957100584972
360	0.0053239571005852535
361	0.005323957100584905
362	0.0053239571005850375
363	0.00532395710058517
364	0.005323957100585186
365	0.005323957100584848
366	0.0053239571005850245
367	0.00532395710058509
368	0.005323957100585023
369	0.005323957100585262
370	0.005323957100584589
371	0.005323957100585027
372	0.005323957100584932
373	0.005323957100584957
374	0.005323957100584738
375	0.005323957100584852
376	0.005323957100585006
377	0.005323957100584908
378	0.005323957100584607
379	0.005323957100585375
380	0.0053239571005846776
381	0.0053239571005848215
382	0.0053239571005849595
383	0.005323957100584526
384	0.005323957100584462
385	0.005323957100584547
386	0.005323957100584699
387	0.0053239571005849855
388	0.005323957100584547
389	0.005323957100584798
390	0.005323957100584515
391	0.0053239571005846646
392	0.005323957100585094
393	0.005323957100584796
394	0.005323957100584654
395	0.005323957100584694
396	0.0053239571005851485
397	0.005323957100585039
398	0.005323957100584818
399	0.005323957100584696
400	0.005323957100584651
401	0.0053239571005845475
402	0.005323957100584554
403	0.0053239571005846125
404	0.005323957100584976
405	0.005323957100584647
406	0.00532395710058466
407	0.0053239571005846975
408	0.00532395710058468
409	0.005323957100584681
410	0.00532395710058426
411	0.005323957100584947
412	0.005323957100584714
413	0.005323957100584793
414	0.0053239571005846255
415	0.005323957100584875
416	0.005323957100584788
417	0.005323957100584771
418	0.0053239571005847695
419	0.005323957100584748
420	0.005323957100584751
421	0.0053239571005844364
422	0.005323957100584349
423	0.005323957100584577
424	0.005323957100584384
425	0.005323957100584547
426	0.005323957100585011
427	0.005323957100585001
428	0.005323957100584817
429	0.005323957100584754
430	0.005323957100584761
431	0.005323957100584851
432	0.005323957100584717
433	0.005323957100584804
434	0.005323957100584549
435	0.0053239571005847044
436	0.005323957100584999
437	0.005323957100584801
438	0.0053239571005849005
439	0.005323957100584565
440	0.005323957100584912
441	0.005323957100584342
442	0.005323957100584878
443	0.005323957100584954
444	0.005323957100584757
445	0.005323957100584784
446	0.005323957100584571
447	0.005323957100584718
448	0.005323957100585164
449	0.005323957100584779
450	0.00532395710058467
451	0.005323957100585196
452	0.005323957100584462
453	0.005323957100584862
454	0.005323957100584597
455	0.005323957100584668
456	0.005323957100585126
457	0.005323957100584821
458	0.005323957100584847
459	0.005323957100585165
460	0.005323957100585018
461	0.005323957100584731
