<Coefficient>
	 7 Total number of radial orbitals.
	Type	L	Zeta-Orbital
	  Ba 	0	    1
	  -0.17356679951371
	   0.14320376710371
	   0.15053329945069
	   0.10115835443658
	   0.02756073991780
	  -0.01263742159990
	  -0.04581188645076
	  -0.04433175794256
	  -0.04286611165971
	  -0.02628436593232
	  -0.02078162155069
	  -0.00656630090051
	  -0.00672984743551
	   0.00304276541579
	  -0.00325312348270
	   0.00505135481989
	  -0.00419842138723
	   0.00549517853483
	  -0.00553232423066
	   0.00630129811510
	  -0.00691788933841
	   0.00767040219731
	  -0.00865105264030
	   0.01021057906464
	  -0.01441889871838
	Type	L	Zeta-Orbital
	  Ba 	0	    2
	   0.15451176860261
	   0.18424393484390
	   0.19838610871704
	   0.10519971996485
	  -0.00634672016140
	  -0.09902045972766
	  -0.13438809077983
	  -0.13461477813820
	  -0.10483140241541
	  -0.07214470854199
	  -0.03822264715533
	  -0.01828875459396
	  -0.00314258127972
	  -0.00093956367871
	   0.00270681164117
	  -0.00165285737400
	   0.00092658988637
	  -0.00327122787534
	   0.00137611101466
	  -0.00265340893971
	   0.00293013701623
	  -0.00258191959356
	   0.00358819399317
	  -0.00390626891435
	   0.00540980659250
	Type	L	Zeta-Orbital
	  Ba 	0	    3
	   0.92812061408061
	  -0.51042927317797
	  -0.03267612950699
	   0.39638108674279
	  -0.07479989755063
	   0.03669830070755
	   0.00669190243849
	   0.00923886839762
	  -0.03995895330194
	  -0.04342928324302
	  -0.04561084570344
	  -0.01328966317675
	  -0.02155223656862
	  -0.00392634621852
	   0.00091200500334
	   0.00263759806304
	   0.01652720225178
	  -0.00623107192521
	   0.01290199380776
	  -0.01620609975362
	   0.01233898230596
	  -0.01993439003031
	   0.01859262781312
	  -0.02513422164663
	   0.03692708058637
	Type	L	Zeta-Orbital
	  Ba 	0	    4
	   0.98998032237779
	  -0.03621799929218
	  -0.11202369665051
	  -0.17618284851460
	  -0.00822632688233
	   0.18553937628116
	   0.43536221309473
	   0.34138276547979
	   0.31651284929136
	   0.11907734209018
	   0.10020938457747
	   0.00854216944424
	   0.02002507124831
	  -0.02957773828526
	   0.01689184056282
	  -0.02077451774958
	   0.04055569086116
	  -0.02379253943739
	   0.03688086330741
	  -0.03709017825753
	   0.03275191531513
	  -0.04346657303860
	   0.04172475401800
	  -0.05243454144803
	   0.07550861812448
	Type	L	Zeta-Orbital
	  Ba 	1	    1
	  -0.13861753797148
	  -0.29647617979194
	  -0.35008526454598
	  -0.28250394565640
	  -0.17072560097846
	  -0.06081479458829
	   0.01703277970756
	   0.06165364253066
	   0.07469561027825
	   0.07102460954298
	   0.05554219128098
	   0.03970288133333
	   0.02332379521088
	   0.01330818161559
	   0.00469006018558
	   0.00229693356340
	  -0.00084109871761
	   0.00057290473410
	  -0.00106620050676
	   0.00117239277666
	  -0.00095869385910
	   0.00142636503912
	  -0.00149593990248
	   0.00178887767173
	  -0.00445607098238
	Type	L	Zeta-Orbital
	  Ba 	1	    2
	   0.64068694270967
	  -0.16117723686160
	  -0.43105415973728
	  -0.61586122611611
	  -0.37641690214233
	  -0.17592726906811
	   0.05722671069455
	   0.13574591305469
	   0.21796199482908
	   0.17341892765698
	   0.17114741341537
	   0.09168400637150
	   0.08778585564140
	   0.01557836912698
	   0.03848012509163
	  -0.01919948538899
	   0.02422821961697
	  -0.02857200228958
	   0.02832066142999
	  -0.03282265898791
	   0.03676333663980
	  -0.03959124887243
	   0.04729253291137
	  -0.05869115218325
	   0.13453105405137
	Type	L	Zeta-Orbital
	  Ba 	2	    1
	  -0.68354110812901
	  -0.73522117596990
	  -0.69045877380851
	  -0.47022868486825
	  -0.33245068503353
	  -0.16011409416520
	  -0.08880555057052
	  -0.00881957687588
	  -0.01271588692025
	   0.01804830490188
	  -0.00901109095421
	   0.01510068391162
	  -0.01578755911347
	   0.01432245679324
	  -0.01753372404344
	   0.01789020663626
	  -0.01866946345732
	   0.02074550763765
	  -0.02216272290819
	   0.02399044573429
	  -0.02653357583304
	   0.02885912293716
	  -0.03288435580595
	   0.03454200971614
	  -0.20019785934340
</Coefficient>
<Mkb>
Left spillage = 2.4333628763e-02
</Mkb>
