<Coefficient>
	 8 Total number of radial orbitals.
	Type	L	Zeta-Orbital
	  Cl 	0	    1
	  -0.05625172362183
	  -0.15987518548849
	  -0.22463482417902
	  -0.22084542083130
	  -0.17041544904690
	  -0.10410440697639
	  -0.04456679702173
	  -0.00341674406198
	   0.02026668770786
	   0.02907234471826
	   0.02873474657695
	   0.02329682628407
	   0.01655710370631
	   0.01029708081675
	   0.00572303028088
	   0.00279263074962
	   0.00129513077337
	   0.00053383640339
	   0.00023573316263
	   0.00010892873500
	   0.00009377927138
	   0.00008210949706
	   0.00007132500521
	   0.00006146779849
	   0.00005368608796
	   0.00006062058857
	   0.00003652655289
	   0.00003018956441
	  -0.00000695413685
	   0.00000826260316
	  -0.00001663750878
	Type	L	Zeta-Orbital
	  Cl 	0	    2
	  -0.10425805134016
	  -0.13863961356148
	  -0.02936102718111
	   0.11535067504256
	   0.21609410967566
	   0.18509868628527
	   0.08307621899755
	  -0.00928047847749
	  -0.06409813095332
	  -0.07750878730807
	  -0.06458728009203
	  -0.04564048408449
	  -0.03139526733550
	  -0.02398436831502
	  -0.02135224030912
	  -0.01987714119895
	  -0.01867678131626
	  -0.01621959383660
	  -0.01303020243701
	  -0.00930310527536
	  -0.00672730717102
	  -0.00504754908562
	  -0.00494713120025
	  -0.00428268577288
	  -0.00399650551373
	  -0.00272928429156
	  -0.00224606994710
	  -0.00123284845879
	  -0.00113848128902
	  -0.00026142416824
	  -0.00072887031083
	Type	L	Zeta-Orbital
	  Cl 	0	    3
	   0.13478602299496
	  -0.49895047245246
	   0.14691784316810
	   0.35076409970190
	  -0.18230368866135
	  -0.39938174738672
	  -0.15700292296460
	   0.13876637935876
	   0.34656703264049
	   0.33156717615454
	   0.21452466740338
	   0.11502562814333
	   0.09680878519991
	   0.10322954068528
	   0.13711568495242
	   0.13986099554240
	   0.14521353852122
	   0.11799221412751
	   0.10551771998138
	   0.07001232657558
	   0.06299202996559
	   0.03820758093487
	   0.04834071832894
	   0.02816121658076
	   0.03934888369350
	   0.01407281666472
	   0.02718463464778
	   0.00161318946586
	   0.02053907467562
	  -0.00825759751809
	   0.02008552638415
	Type	L	Zeta-Orbital
	  Cl 	1	    1
	  -0.05853942510920
	  -0.16833437670550
	  -0.25056553832373
	  -0.27827586973923
	  -0.26523933542212
	  -0.22665969509962
	  -0.18029327695775
	  -0.13413737038254
	  -0.09358272296523
	  -0.06017075075368
	  -0.03457354515046
	  -0.01569997502587
	  -0.00290351370529
	   0.00502017135017
	   0.00895094293868
	   0.01019705606215
	   0.00953027519834
	   0.00786270040316
	   0.00561063390357
	   0.00347722508894
	   0.00157484598536
	   0.00030679562678
	  -0.00059711743248
	  -0.00090018000087
	  -0.00100294505668
	  -0.00066905926646
	  -0.00040168787103
	   0.00010341509983
	   0.00032740275820
	   0.00074715934558
	   0.00062234510284
	Type	L	Zeta-Orbital
	  Cl 	1	    2
	   0.12301223290571
	   0.19137418969640
	   0.04522306742573
	  -0.13975412403863
	  -0.25597519386126
	  -0.27568011236051
	  -0.23877825932969
	  -0.17536377221497
	  -0.11147420289955
	  -0.05957714422171
	  -0.02661597889700
	  -0.00714018606873
	   0.00329733175707
	   0.00952087183964
	   0.01212534162839
	   0.01324499987438
	   0.01255814852600
	   0.01075589408926
	   0.00787023036719
	   0.00474060091903
	   0.00187660877174
	   0.00025172051849
	  -0.00026046537561
	   0.00020109039596
	   0.00102052281519
	   0.00192327837373
	   0.00271907627941
	   0.00318488541230
	   0.00348412181470
	   0.00349065148105
	   0.00301930076801
	Type	L	Zeta-Orbital
	  Cl 	1	    3
	  -0.81545557570608
	  -0.00383652064914
	   1.08181940851729
	   0.90303938435740
	   0.01494545677909
	  -0.60796399892833
	  -0.83054728466174
	  -0.53166458613727
	  -0.10132611939806
	   0.16391016519649
	   0.14140534531782
	   0.07585045764348
	   0.00209157192663
	   0.01331365654797
	   0.01565364247523
	   0.04649319049525
	   0.03185269084949
	   0.03431705677755
	   0.00393915276772
	   0.01797065160582
	  -0.00207046537139
	   0.01870778437245
	   0.00321793352235
	   0.02805581399813
	   0.00783870883066
	   0.03600167764434
	   0.01102723442914
	   0.04178315615819
	   0.01021245870508
	   0.04437843090037
	  -0.01250247580557
	Type	L	Zeta-Orbital
	  Cl 	2	    1
	  -0.04288686347773
	  -0.10465159963329
	  -0.20144055429950
	  -0.29210739766380
	  -0.35973401280953
	  -0.38175274397153
	  -0.36897004040661
	  -0.32635624329072
	  -0.27618491022877
	  -0.22631609316432
	  -0.18873079153189
	  -0.15884411476523
	  -0.13816121369478
	  -0.11928871604002
	  -0.10426773627013
	  -0.08862632071837
	  -0.07637233272000
	  -0.06332436540622
	  -0.05397407239824
	  -0.04406178277803
	  -0.03840792484056
	  -0.03162498445082
	  -0.02813658179783
	  -0.02217835267399
	  -0.01960806318053
	  -0.01436057678967
	  -0.01309636518730
	  -0.00847987382753
	  -0.00840783165442
	  -0.00402794623804
	  -0.00729890848735
	Type	L	Zeta-Orbital
	  Cl 	2	    2
	   0.04668859724036
	  -0.50600171876094
	  -0.72553797140475
	  -0.84364526380798
	  -0.61439489665161
	  -0.02151859691179
	   0.63331501987547
	   0.88038342942002
	   0.69477782790964
	   0.35225071081689
	   0.18684920354635
	   0.18188493553571
	   0.22019339846587
	   0.22254243426388
	   0.21353343947406
	   0.15603986756686
	   0.12256593016355
	   0.08475855402960
	   0.08182803803770
	   0.06700822402276
	   0.07469178245559
	   0.04822282254987
	   0.05358158799423
	   0.02474224033997
	   0.03349723773855
	   0.01311237799396
	   0.02963263840202
	   0.00304734977896
	   0.02708287327219
	  -0.01022449125817
	   0.05477661505442
</Coefficient>
<Mkb>
Left spillage = 2.5170420359e-03
</Mkb>
