<Coefficient>
	 8 Total number of radial orbitals.
	Type	L	Zeta-Orbital
	  Br 	0	    1
	  -0.15498760166293
	  -0.31488104901713
	  -0.25827903970530
	  -0.09906003506499
	   0.03370910223409
	   0.09966486588143
	   0.10836255857285
	   0.08516875325456
	   0.05227326022433
	   0.02482650039501
	   0.00740475449484
	   0.00014775877979
	  -0.00152957930556
	  -0.00021605851493
	   0.00044326971501
	   0.00106184874626
	   0.00029692250988
	   0.00035951216929
	  -0.00041216059021
	   0.00021805614541
	  -0.00044183885390
	   0.00070973082535
	Type	L	Zeta-Orbital
	  Br 	0	    2
	  -0.22594461079144
	  -0.07589721437347
	   0.18560357866119
	   0.10100154072778
	  -0.09453030179810
	  -0.07852948973660
	  -0.04804562601447
	  -0.02601570823270
	  -0.01462867489628
	   0.01074188772056
	   0.00813086849253
	   0.00832013643627
	  -0.00451155433767
	  -0.00183518373944
	  -0.00818222495510
	   0.00114304838681
	  -0.00569962591077
	   0.00432686383343
	  -0.00475156458897
	   0.00667626088747
	  -0.00695059644465
	   0.01189607879109
	Type	L	Zeta-Orbital
	  Br 	0	    3
	  -0.10680933067713
	   0.07998132523020
	   0.28547825758371
	  -0.08631874100691
	   0.28497193218198
	   0.54862365999549
	   0.85874530171472
	   1.30082780221447
	   1.35075629152020
	   1.03302984519734
	   0.60205404420396
	   0.19728216081026
	  -0.06833751783791
	  -0.20658362424613
	  -0.19915314507131
	  -0.14283177453093
	  -0.05226020306374
	  -0.01168474073171
	   0.01895733195869
	  -0.00877865490863
	   0.00930010658516
	  -0.01913899406366
	Type	L	Zeta-Orbital
	  Br 	1	    1
	  -0.21446612739980
	  -0.37121234117017
	  -0.35014819634333
	  -0.24257190138002
	  -0.13666699876300
	  -0.05660286036610
	  -0.01457273157499
	   0.00467240352825
	   0.00445047341505
	   0.00271213088679
	  -0.00286853897196
	  -0.00083162534926
	  -0.00203705275619
	   0.00305134737118
	   0.00090737300827
	   0.00451194541972
	  -0.00035859776892
	   0.00309677036924
	  -0.00259189201497
	   0.00293392705050
	  -0.00400029607138
	   0.01142023231401
	Type	L	Zeta-Orbital
	  Br 	1	    2
	  -0.31420264499191
	  -0.04722064436936
	   0.30400764776282
	   0.25821869476254
	   0.08988050329431
	   0.02093624150283
	   0.00528012021350
	  -0.00603856223212
	  -0.01358806637998
	  -0.00628023725557
	  -0.00928875135370
	  -0.00635087533003
	  -0.01531800919788
	  -0.00868145783592
	  -0.01544427705001
	  -0.00299854318457
	  -0.01039885819781
	   0.00508732814333
	  -0.00735771895045
	   0.00909272667735
	  -0.01085566543017
	   0.03387472204779
	Type	L	Zeta-Orbital
	  Br 	1	    3
	   1.03210902893517
	  -0.79456098891637
	  -0.05744053710855
	   0.63531797130160
	  -0.34313401123003
	  -0.12251827754794
	   0.00340056078701
	   0.01649118315441
	  -0.04505641425002
	  -0.02103704902311
	  -0.03160424937032
	  -0.04198900792011
	  -0.03449903050307
	  -0.04317365251707
	  -0.00829722890777
	  -0.03838065773320
	   0.01073922946166
	  -0.02827649444238
	   0.03463611685208
	  -0.03731411395153
	   0.04673231557120
	  -0.13158717546053
	Type	L	Zeta-Orbital
	  Br 	2	    1
	   0.18721287981995
	   0.42331238541827
	   0.53999109169722
	   0.41426985412287
	   0.23006062058543
	   0.12662937177509
	   0.07902704893669
	   0.03899623138336
	   0.01495591172287
	  -0.00422297388774
	  -0.00837543295661
	  -0.01469522995036
	  -0.00900382946832
	  -0.01049440136627
	  -0.00217250964688
	  -0.00463026398205
	   0.00256761618782
	  -0.00326030907279
	   0.00307023280015
	  -0.00418810091329
	   0.00266869866277
	  -0.03130494138167
	Type	L	Zeta-Orbital
	  Br 	2	    2
	  -0.93623836448164
	  -1.83383221101680
	  -0.15175272631438
	   1.62169435878475
	   0.08577463974081
	  -0.06463027937709
	   0.06740532612551
	   0.17710848969520
	  -0.02257406657811
	   0.04814991490218
	  -0.07473679644899
	   0.05358455779492
	  -0.07315664406770
	   0.03874697704876
	  -0.08706259141844
	   0.05872282759561
	  -0.07520561427438
	   0.08125191804326
	  -0.09339508445064
	   0.08648400732450
	  -0.06173084866970
	   0.81332267156334
</Coefficient>
<Mkb>
Left spillage = 2.0651195139e-03
</Mkb>
