<Coefficient>
	 14 Total number of radial orbitals.
	Type	L	Zeta-Orbital
	  Mn 	0	    1
	  -0.15918254233766
	  -0.17188078578885
	  -0.14845158221953
	  -0.14373196471118
	  -0.15289397450650
	  -0.14360731546313
	  -0.12747314148035
	  -0.09820386027581
	  -0.07376090720263
	  -0.04625847357860
	  -0.03004633749495
	  -0.01508799036676
	  -0.00887852776487
	  -0.00185699777939
	  -0.00230318173141
	   0.00128683245305
	  -0.00145209946365
	   0.00168814370741
	  -0.00182203027300
	   0.00198494469033
	  -0.00212432937916
	   0.00246069643653
	  -0.00259941907288
	   0.00324279684019
	  -0.00442954009595
	Type	L	Zeta-Orbital
	  Mn 	0	    2
	  -0.17233306611543
	  -0.06355950902676
	   0.10371805255361
	   0.20405273764570
	   0.22015057465031
	   0.20588056344125
	   0.16411943996820
	   0.12610327497071
	   0.08404151740776
	   0.05816016469760
	   0.03183410555009
	   0.01915635055539
	   0.00690668983542
	   0.00553123641071
	  -0.00065489353565
	   0.00241147985145
	  -0.00204096267801
	   0.00251190872247
	  -0.00251500806792
	   0.00289818284954
	  -0.00310617784311
	   0.00343217390639
	  -0.00385944217410
	   0.00455139742433
	  -0.00643105739750
	Type	L	Zeta-Orbital
	  Mn 	0	    3
	  -0.15628911402425
	   0.13050528697545
	   0.18891954659768
	   0.10571419622176
	   0.02537146748938
	  -0.02334608866088
	  -0.13931458477162
	  -0.21187725126420
	  -0.31888995705791
	  -0.32718090871764
	  -0.33637439587181
	  -0.26561893845637
	  -0.20076232327540
	  -0.10717890456961
	  -0.05976740422947
	  -0.00845267085353
	  -0.00750106867165
	   0.01004031410918
	  -0.00752556646233
	   0.00635111406713
	  -0.01195753623429
	   0.00775849399553
	  -0.01060149769380
	   0.01339863186948
	  -0.01713442523406
	Type	L	Zeta-Orbital
	  Mn 	0	    4
	  -0.15899709882395
	   0.18160555105506
	   0.11501586618392
	  -0.08339529360264
	  -0.16843493842586
	  -0.19056799831490
	  -0.11455372051680
	  -0.02583905200278
	   0.07129868780350
	   0.14285828329007
	   0.15888800779985
	   0.13602505063645
	   0.10576465964766
	   0.06921811227391
	   0.03533083971321
	   0.01570035081275
	   0.00301350616973
	   0.00308674583079
	  -0.00189612347434
	   0.00448324300958
	  -0.00227537423091
	   0.00510507399673
	  -0.00528363768278
	   0.00547999038718
	  -0.00967269565594
	Type	L	Zeta-Orbital
	  Mn 	0	    5
	   0.53550381989137
	  -0.67329269960085
	   0.73942800750138
	   0.23253732983102
	   0.26370003540529
	  -0.22888028863341
	  -0.13228481238876
	  -0.30781182336079
	   0.05778745357065
	  -0.09943718950213
	  -0.03342487630837
	  -0.14377142469570
	   0.06053256609714
	  -0.04028545111128
	   0.08981001880226
	  -0.06290459961156
	   0.06693645025966
	  -0.07124057449941
	   0.07814958432398
	  -0.08627602030349
	   0.09076097378130
	  -0.09884429598048
	   0.10602281770969
	  -0.11398697439899
	   0.16201740827711
	Type	L	Zeta-Orbital
	  Mn 	0	    6
	   0.43608639125803
	  -0.10955762822847
	  -1.04219382504923
	   0.37734616180255
	   0.27136088468269
	  -0.02541867176712
	  -0.33204009147366
	  -0.22035053984352
	  -0.09896183976547
	   0.01394335695646
	   0.05708266083388
	   0.14478507346760
	   0.11173105832195
	   0.10299190086831
	   0.03354889472137
	   0.03030586288559
	  -0.01495808377522
	   0.02244581096938
	  -0.01073605817823
	   0.02577619327346
	  -0.02124939780920
	   0.02782752287606
	  -0.02367093022543
	   0.02906466507841
	  -0.04815615793213
	Type	L	Zeta-Orbital
	  Mn 	1	    1
	  -0.03036262850571
	  -0.12099462197237
	  -0.24887330805620
	  -0.37356934480319
	  -0.46348627161674
	  -0.50633173694489
	  -0.50094505422973
	  -0.45733761545925
	  -0.38836883496696
	  -0.30731829831410
	  -0.22648238525321
	  -0.15447340235773
	  -0.09691551021691
	  -0.05536701987400
	  -0.02820697564011
	  -0.01255861106428
	  -0.00464631817550
	  -0.00149998479965
	  -0.00036199195644
	  -0.00018983089261
	  -0.00001571088011
	  -0.00005948211527
	   0.00010210834670
	  -0.00001103547020
	   0.00022854383710
	Type	L	Zeta-Orbital
	  Mn 	1	    2
	  -0.24401254864596
	  -0.23424674109008
	  -0.13526030294839
	  -0.02102994357367
	   0.02411022955416
	   0.06414158114121
	   0.06869879685077
	   0.07520716284268
	   0.05582686059791
	   0.05535074281475
	   0.03919733491173
	   0.03808331870411
	   0.02012915129616
	   0.01835586419210
	   0.00336705582048
	   0.00877192739475
	  -0.00237391117034
	   0.00603566062897
	  -0.00513021638962
	   0.00586634453801
	  -0.00673742657532
	   0.00710554874768
	  -0.00843513558337
	   0.01089478227755
	  -0.02373272368493
	Type	L	Zeta-Orbital
	  Mn 	1	    3
	  -0.64443490796855
	   0.47144268409110
	   0.57687394485044
	   0.51469761452422
	   0.30859594755930
	   0.04477454179982
	  -0.08879027230049
	  -0.18479551139232
	  -0.23359847274407
	  -0.27015042314450
	  -0.26451637073569
	  -0.26388402554256
	  -0.23537260668593
	  -0.16378705878448
	  -0.12912633583373
	  -0.05937484630862
	  -0.04654682475551
	   0.00231236087594
	  -0.02593600097424
	   0.02130497257831
	  -0.02341661611598
	   0.02967484470727
	  -0.03271781283876
	   0.03777197287059
	  -0.10673902908410
	Type	L	Zeta-Orbital
	  Mn 	2	    1
	   0.08763345460450
	   0.18684480201769
	   0.28490868843537
	   0.36111675052247
	   0.42639393415674
	   0.46552269851367
	   0.49095227911221
	   0.48984161920751
	   0.47316350027112
	   0.42894813568891
	   0.37252902677243
	   0.30016266193194
	   0.23047689563533
	   0.15866380299678
	   0.10304701902908
	   0.05453751485045
	   0.02722730678374
	   0.00576313242778
	   0.00148983258515
	  -0.00444078928537
	   0.00107188773971
	  -0.00197134064946
	   0.00446936905231
	  -0.00102305257052
	   0.01822454954859
	Type	L	Zeta-Orbital
	  Mn 	2	    2
	   0.31251327911144
	   0.26330392311915
	   0.14570802136189
	  -0.01103947823196
	  -0.08353495356244
	  -0.17983614640255
	  -0.20340421601211
	  -0.23111843713278
	  -0.16914738720215
	  -0.14651502942161
	  -0.09978704425512
	  -0.09465617703202
	  -0.04656321927205
	  -0.04241083211720
	   0.00274165106965
	  -0.00584983329518
	   0.02576328376934
	  -0.00073649955890
	   0.02372906264102
	  -0.00983979109208
	   0.01864450957684
	  -0.01953160579549
	   0.01922016889477
	  -0.02329338249895
	   0.12232278308067
	Type	L	Zeta-Orbital
	  Mn 	2	    3
	  -0.52627711310581
	   0.01814540011818
	   0.41411432840910
	   0.54049463671669
	   0.47405750541195
	   0.32257087172385
	   0.08676033866673
	  -0.12043918732845
	  -0.43931370216406
	  -0.57205008157848
	  -0.66770520103048
	  -0.67410029252286
	  -0.73566330916784
	  -0.67066237262390
	  -0.64605667533860
	  -0.48432018032405
	  -0.39422553809385
	  -0.21065652827976
	  -0.15577418688635
	  -0.00748954903571
	  -0.01556590077882
	   0.07890243590911
	   0.00420961891874
	   0.07944667729515
	  -0.23759844255688
	Type	L	Zeta-Orbital
	  Mn 	3	    1
	  -0.11181440382449
	  -0.29322194367235
	  -0.37805244829071
	  -0.46949318222171
	  -0.47822708803519
	  -0.47639505894219
	  -0.42215829875042
	  -0.35409549795082
	  -0.24216415569763
	  -0.15388171406073
	  -0.06821134547092
	  -0.04221909027220
	  -0.02891290258584
	  -0.04072236199388
	  -0.03113884065727
	  -0.03376508008382
	  -0.00977125503495
	  -0.01317039059741
	   0.00004248415764
	  -0.01135957661765
	   0.00262728293074
	  -0.00903186358479
	   0.00394421372708
	   0.00846897204307
	   0.11582322006387
	Type	L	Zeta-Orbital
	  Mn 	3	    2
	   0.97758470955936
	   0.78096566900753
	   0.12390708395427
	  -0.20076722811925
	  -0.49985220928292
	  -0.72745735567411
	  -0.86993658825979
	  -0.83456227308758
	  -0.44075299653179
	  -0.20406586671191
	  -0.10669773146520
	  -0.12818417978925
	  -0.07880858448583
	  -0.08199593939374
	  -0.01368948366854
	  -0.03863866088085
	   0.01036611496835
	  -0.02926061856866
	   0.02081639189600
	  -0.02654188965399
	   0.02800880421734
	  -0.03419997782492
	   0.03037914315565
	   0.00179112672614
	   0.38711448470919
</Coefficient>
<Mkb>
Left spillage = 7.1966243123e-04
</Mkb>
