<Coefficient>
	 4 Total number of radial orbitals.
	Type	L	Zeta-Orbital
	  Cr 	0	    1
	  -0.69065924636530
	  -0.25047219246852
	   0.20134077348557
	   0.38310207279688
	   0.36240344561681
	   0.32542295555087
	   0.23244780276004
	   0.16578880709596
	   0.08668085416462
	   0.04487306610092
	  -0.01043567126881
	  -0.02844593150478
	  -0.05207695526256
	  -0.04473605599750
	  -0.06094038466057
	  -0.04153747382598
	  -0.05065413694299
	  -0.02320227936753
	  -0.03581946290970
	  -0.00619342628320
	  -0.02418805262159
	   0.00808612994493
	  -0.01867069124979
	   0.01828452449831
	  -0.02614313969439
	Type	L	Zeta-Orbital
	  Cr 	0	    2
	   0.15203796404804
	   0.35161034862576
	   0.55187096156475
	   0.68957263125291
	   0.70914759144560
	   0.62567676258160
	   0.48012030652599
	   0.31281339798123
	   0.15415919277005
	   0.02214160675430
	  -0.07456345838653
	  -0.13753406213837
	  -0.16972931755828
	  -0.17694869748548
	  -0.16467860093689
	  -0.14237708512802
	  -0.11339831671268
	  -0.08558678374410
	  -0.05813872601386
	  -0.03743517998593
	  -0.01973996692755
	  -0.01007392064303
	  -0.00162772662810
	  -0.00029326261110
	   0.00315349943638
	Type	L	Zeta-Orbital
	  Cr 	1	    1
	  -0.05259664654921
	  -0.20632071045501
	  -0.40719556483768
	  -0.59320417863004
	  -0.71622480478610
	  -0.77030871265634
	  -0.76085688971657
	  -0.70880591279837
	  -0.62871026352467
	  -0.53630515945244
	  -0.44125714582039
	  -0.35134680207823
	  -0.26964673773576
	  -0.20064106333587
	  -0.14353038835331
	  -0.09936473142977
	  -0.06513891079499
	  -0.04137234429266
	  -0.02405586823116
	  -0.01368461436617
	  -0.00633967538118
	  -0.00323147194929
	  -0.00058594504100
	  -0.00069341444466
	   0.00120307516925
	Type	L	Zeta-Orbital
	  Cr 	2	    1
	   0.22407787772094
	   0.40496109707906
	   0.58897106471000
	   0.70041707712384
	   0.80360525461397
	   0.84011976678467
	   0.87825960847005
	   0.86667962179404
	   0.86052894357124
	   0.81084787913643
	   0.76140772408367
	   0.67457056888929
	   0.59925989370749
	   0.49250426661705
	   0.41032261904888
	   0.30685605126695
	   0.23847704269967
	   0.15448136064789
	   0.11375588413104
	   0.05591006839283
	   0.04438443848525
	   0.00719212826418
	   0.01791564074031
	  -0.00969001860859
	   0.06804307329651
</Coefficient>
<Mkb>
Left spillage = 1.4434463406e-02
</Mkb>
