<Coefficient>
	 5 Total number of radial orbitals.
	Type	L	Zeta-Orbital
	  P 	0	    1
	   0.25056334864980
	   0.31711144551851
	   0.11008158123412
	  -0.07332844313858
	  -0.14669427337650
	  -0.14543659787937
	  -0.10875278158334
	  -0.06910694570780
	  -0.03372333146933
	  -0.01448663101764
	  -0.00171429448903
	  -0.00107099193660
	   0.00204430504205
	  -0.00232206931716
	   0.00143777808879
	  -0.00288705704134
	   0.00315101870538
	  -0.00303013003472
	   0.00789890983435
	Type	L	Zeta-Orbital
	  P 	0	    2
	   0.89768492969644
	  -0.23302964639795
	  -0.39340163906792
	   0.24797227923800
	   0.67836367330406
	   0.62736178661473
	   0.45561574456707
	   0.27318423351157
	   0.17029680243723
	   0.04538070041534
	   0.03594573313818
	  -0.01853803749736
	   0.03047437452572
	  -0.02721073586255
	   0.03247817853740
	  -0.04482442840850
	   0.04206553493676
	  -0.06631801161899
	   0.11320535398664
	Type	L	Zeta-Orbital
	  P 	1	    1
	   0.34851557683153
	   0.40458048603874
	   0.29404370039416
	   0.13850674233993
	   0.05395441044977
	  -0.00278351365944
	  -0.00852559598302
	  -0.02062568454420
	  -0.00348517567783
	  -0.01020384184998
	   0.00662195498767
	  -0.00737243021145
	   0.00874130201493
	  -0.00990026029693
	   0.01013653760291
	  -0.01224124979760
	   0.01429167184864
	  -0.01599286405608
	   0.06690302714228
	Type	L	Zeta-Orbital
	  P 	1	    2
	   0.98906023908229
	  -0.31383557054797
	  -1.09930016163265
	  -0.45093712586932
	  -0.13040793276367
	   0.07653753713625
	   0.00392065012648
	   0.07390886020093
	   0.03891835497219
	   0.04332746433771
	   0.01490121481361
	   0.02106189877883
	   0.01246809019882
	   0.00133363559913
	   0.00421218326530
	  -0.01611793404876
	  -0.00267072748726
	  -0.02676311144475
	   0.05804618059907
	Type	L	Zeta-Orbital
	  P 	2	    1
	  -0.54390583406042
	  -1.10632583719277
	  -1.17091609992548
	  -0.95268420590802
	  -0.66264110795432
	  -0.49164216850379
	  -0.37856698186713
	  -0.27151154407765
	  -0.16936996765679
	  -0.09063709950620
	  -0.03738104724572
	  -0.00359497214243
	   0.00750452174578
	   0.01049519797620
	   0.00052584601338
	  -0.00497321974765
	  -0.00928319078111
	  -0.00583709187914
	  -0.02906933196822
</Coefficient>
<Mkb>
Left spillage = 1.0299091638e-02
</Mkb>
