<Coefficient>
	 4 Total number of radial orbitals.
	Type	L	Zeta-Orbital
	  Au 	0	    1
	  -0.04431546165298
	   0.07485655252191
	   0.34681044911885
	   0.59123683037242
	   0.72249345856997
	   0.73773288416679
	   0.66382037195452
	   0.54123390141745
	   0.40261896992266
	   0.27599027656457
	   0.17233495368369
	   0.09758634741506
	   0.04834079825614
	   0.02056445884152
	   0.00628056848568
	   0.00139497512057
	  -0.00038043753308
	   0.00049893259134
	   0.00031873514094
	   0.00112637306306
	   0.00022559963059
	   0.00073632862592
	  -0.00036823161685
	   0.00042116958570
	  -0.00063423211196
	   0.00050553837388
	  -0.00071640317325
	   0.00080742828148
	Type	L	Zeta-Orbital
	  Au 	0	    2
	  -0.29395148545175
	  -0.41464774022245
	  -0.22142371337761
	  -0.01062013829600
	   0.09805410840883
	   0.13549892089542
	   0.11943470038295
	   0.08906943342749
	   0.05095895078272
	   0.02205768955559
	  -0.00139214502118
	  -0.01261572007403
	  -0.01922249372743
	  -0.01694251866504
	  -0.01467498967810
	  -0.00794928607170
	  -0.00520741421162
	   0.00004230422755
	  -0.00018205989002
	   0.00262257772520
	   0.00007278645608
	   0.00212912662615
	  -0.00109266387079
	   0.00155983971251
	  -0.00180271430664
	   0.00176557200637
	  -0.00214911937890
	   0.00265803167485
	Type	L	Zeta-Orbital
	  Au 	1	    1
	   0.03037986144700
	   0.12424896284636
	   0.26760333235105
	   0.41749489760104
	   0.53239999295843
	   0.59088378405153
	   0.59079341137278
	   0.54203385180284
	   0.46184074289226
	   0.36751458354933
	   0.27263769456935
	   0.18824210003908
	   0.11975527624349
	   0.06905735924887
	   0.03538914558185
	   0.01518587923676
	   0.00491447815221
	   0.00069909946502
	  -0.00021564144316
	   0.00003272197205
	   0.00046811866838
	   0.00058995017485
	   0.00047766557245
	   0.00021424998859
	   0.00002952079760
	  -0.00009063866282
	  -0.00008211657159
	  -0.00006809730717
	Type	L	Zeta-Orbital
	  Au 	2	    1
	  -0.11149130624095
	  -0.29363707225974
	  -0.47214729931336
	  -0.60553166271514
	  -0.68285597839835
	  -0.70531061348758
	  -0.68672079364572
	  -0.63401377391581
	  -0.56169857575645
	  -0.47521180919188
	  -0.38644182413665
	  -0.29965622082043
	  -0.22199698720908
	  -0.15426971689260
	  -0.10103703114473
	  -0.05911909038869
	  -0.03111695250138
	  -0.01137452535117
	  -0.00195588120973
	   0.00391496620912
	   0.00379621622411
	   0.00426802908138
	   0.00142692752787
	   0.00159074413383
	  -0.00095188596406
	   0.00051176188540
	  -0.00170544518100
	   0.00422196125652
</Coefficient>
<Mkb>
Left spillage = 1.0137904505e-03
</Mkb>
