<Coefficient>
	 14 Total number of radial orbitals.
	Type	L	Zeta-Orbital
	  Ho 	0	    1
	  -0.11848179774604
	  -0.03711226316357
	   0.11366883231460
	   0.17484603337271
	   0.17552300018174
	   0.13887478379042
	   0.08852969176859
	   0.04136429286022
	   0.00264987039023
	  -0.02421490944002
	  -0.03963307786796
	  -0.04454575758160
	  -0.04277645536045
	  -0.03587862720126
	  -0.02814959459563
	  -0.01937961666930
	  -0.01300856101015
	  -0.00674467980822
	  -0.00390374594841
	  -0.00076917971418
	  -0.00070512866055
	   0.00083184660269
	  -0.00043288738705
	   0.00077982156357
	  -0.00082818797831
	   0.00069774974944
	  -0.00105511346925
	   0.00087824999448
	  -0.00117251501518
	   0.00119167250037
	  -0.00148353270635
	Type	L	Zeta-Orbital
	  Ho 	0	    2
	  -0.11141124809821
	  -0.13553085798350
	  -0.10723624050351
	  -0.11104503619339
	  -0.10207590403229
	  -0.08016555671704
	  -0.04844356729483
	  -0.01881035368159
	   0.00781300239556
	   0.02498881616850
	   0.03438002506033
	   0.03557123434800
	   0.03218468449450
	   0.02577802620197
	   0.01882246163169
	   0.01229557614845
	   0.00696800148289
	   0.00353308222076
	   0.00115187666615
	   0.00037097511185
	  -0.00025369383279
	   0.00020498019129
	  -0.00019729555027
	   0.00039044164843
	  -0.00020413787290
	   0.00035687599427
	  -0.00047180538087
	   0.00030028610330
	  -0.00062376696059
	   0.00042911352264
	  -0.00068017084293
	Type	L	Zeta-Orbital
	  Ho 	0	    3
	   0.11606154051627
	  -0.10810705679151
	  -0.12146984334478
	   0.09140748542482
	   0.11511731101528
	   0.11945033983581
	   0.09253354803811
	   0.06210125295668
	   0.02232230411176
	   0.00179610283274
	  -0.01699115251202
	  -0.02281420126628
	  -0.02809884529961
	  -0.02556123187662
	  -0.02214260202955
	  -0.01592592170374
	  -0.01168450713095
	  -0.00746032989950
	  -0.00439603473063
	  -0.00180434980544
	  -0.00013124034086
	   0.00030852982012
	   0.00096025194027
	   0.00025728558913
	   0.00057149512710
	  -0.00070848271648
	   0.00008027484675
	  -0.00121260831904
	   0.00030968340347
	  -0.00110300071098
	   0.00093037437750
	Type	L	Zeta-Orbital
	  Ho 	0	    4
	  -0.07821135183130
	  -0.08781524653183
	  -0.03418592070966
	  -0.10892551845312
	  -0.12236083353692
	   0.19101296242757
	   0.12300442716472
	  -0.24005431132400
	  -0.42877075970731
	  -0.48613326539203
	  -0.43943126777185
	  -0.38641342224937
	  -0.28898582664023
	  -0.19633930013879
	  -0.08447091083198
	  -0.02945180176819
	   0.01145926912054
	   0.03324401686976
	   0.04056438621423
	   0.01537115074176
	   0.00847980607043
	  -0.00165444497978
	  -0.00631917569082
	  -0.00958627658377
	   0.00199108836515
	   0.00130861676361
	   0.00650849517801
	   0.00785628130851
	   0.00900938277599
	   0.00263900548644
	   0.00420717534613
	Type	L	Zeta-Orbital
	  Ho 	0	    5
	   0.46682466784192
	  -0.32612482647561
	   0.35327756871323
	  -0.00776816313066
	  -0.15650407139520
	  -0.20410863977106
	  -0.16712443327564
	  -0.28297099828285
	  -0.24458621013965
	  -0.06882513512678
	   0.09426272981527
	   0.10650542828377
	   0.12131703949988
	   0.08963077584077
	   0.08955454455593
	   0.03875754761001
	   0.04849146560944
	   0.02082838099354
	   0.04253408049202
	  -0.00126012396911
	   0.01719151639942
	  -0.01864830113224
	   0.01493148814623
	  -0.02085870875804
	   0.02133353074430
	  -0.02065319980861
	   0.02469411366140
	  -0.02250417145607
	   0.03037646789853
	  -0.03232205967405
	   0.03912226146374
	Type	L	Zeta-Orbital
	  Ho 	0	    6
	  -0.14307848746129
	  -0.03594135642910
	  -0.17531243423303
	   0.45879501798836
	   0.01487598327814
	  -0.10207290495868
	  -0.08805204522209
	  -0.42117489159506
	  -0.24036193756729
	  -0.05093459967201
	   0.21071185373665
	   0.21235187016971
	   0.23831947469163
	   0.13934987495953
	   0.13181590902536
	   0.04781298024137
	   0.03844834285645
	   0.01744244187058
	   0.03234212984263
	  -0.00148758191141
	   0.00577454123768
	  -0.00469775151920
	   0.00154195265118
	  -0.00282810942577
	   0.00525622408780
	  -0.00352847864181
	   0.00140651857025
	   0.00126760692599
	  -0.00293492541071
	  -0.00046600802143
	  -0.00086292270213
	Type	L	Zeta-Orbital
	  Ho 	1	    1
	  -0.03261487153446
	  -0.12231242658607
	  -0.22439754945041
	  -0.30193900499027
	  -0.33136760237056
	  -0.31389852836348
	  -0.26663393575237
	  -0.20519214601322
	  -0.14118949441390
	  -0.08348397739114
	  -0.03671956312613
	  -0.00299321279675
	   0.01841299350292
	   0.02906277560566
	   0.03192069988356
	   0.02933127073553
	   0.02404720684221
	   0.01743441952649
	   0.01135703107656
	   0.00627399224686
	   0.00291166933511
	   0.00070771527244
	  -0.00012751986365
	  -0.00045337889923
	  -0.00016459845581
	  -0.00003304599400
	   0.00031245749596
	   0.00018638261991
	   0.00027466340352
	  -0.00007636661525
	   0.00006111870463
	Type	L	Zeta-Orbital
	  Ho 	1	    2
	   0.17384797399794
	   0.15833780701062
	   0.04065203208133
	  -0.08335853624018
	  -0.11440119093883
	  -0.12189117113268
	  -0.10120446920612
	  -0.08073791558268
	  -0.05207049398380
	  -0.03340293517898
	  -0.01354534910188
	  -0.00417743830226
	   0.00667399474713
	   0.00925812268809
	   0.01399849448895
	   0.01105408741473
	   0.01244773878303
	   0.00753854109843
	   0.00836311314722
	   0.00287537878722
	   0.00455570952566
	  -0.00041544745544
	   0.00253042818241
	  -0.00231281571817
	   0.00181826841627
	  -0.00308438022532
	   0.00210084748316
	  -0.00356428665031
	   0.00291883727272
	  -0.00425003533913
	   0.00629543509119
	Type	L	Zeta-Orbital
	  Ho 	1	    3
	  -0.46298950779396
	   0.75517657317876
	   0.00077505583986
	  -0.07818772326985
	  -0.30411713170539
	  -0.23807056243059
	  -0.30953616055827
	  -0.08422568228438
	  -0.03599458753997
	   0.06114780379730
	  -0.02813211137359
	   0.00385483556092
	  -0.04226308155936
	   0.01074110994843
	  -0.01902363987337
	   0.05141440052006
	   0.01022211208377
	   0.05447026390093
	  -0.00912410147847
	   0.03590456050586
	  -0.02327737318235
	   0.03719288858221
	  -0.03353592380388
	   0.03482745185000
	  -0.03805461977188
	   0.03823390296426
	  -0.04691104751298
	   0.04828117164317
	  -0.05690388476302
	   0.06366363157494
	  -0.09913823437326
	Type	L	Zeta-Orbital
	  Ho 	2	    1
	  -0.13846689607420
	  -0.20146679338723
	  -0.25386485844962
	  -0.24696732940978
	  -0.23694364086777
	  -0.20033172151499
	  -0.17639623028539
	  -0.13669637737534
	  -0.10820467680708
	  -0.07429634231035
	  -0.05445877934691
	  -0.03141252197661
	  -0.02172421963879
	  -0.00797808400207
	  -0.00604193404570
	   0.00137269243870
	  -0.00130624438272
	   0.00350122838116
	  -0.00141894238225
	   0.00291420064438
	  -0.00243292618714
	   0.00246363309864
	  -0.00315628801868
	   0.00278873783497
	  -0.00334606789179
	   0.00347878628358
	  -0.00362595167636
	   0.00440598521842
	  -0.00467727923712
	   0.00620811143995
	  -0.01691711534942
	Type	L	Zeta-Orbital
	  Ho 	2	    2
	  -0.26057380484654
	  -0.05740834783738
	  -0.05270767291659
	   0.05459724613408
	   0.08403608588422
	   0.12776634189135
	   0.06805199466339
	   0.06568461357153
	   0.03343141893859
	   0.03862528325750
	   0.01411436380372
	   0.02250372263990
	   0.00112425605129
	   0.01422649424793
	  -0.00440723685753
	   0.00908299705114
	  -0.00709870326646
	   0.01041571811782
	  -0.00854088381738
	   0.01068719477808
	  -0.00855598584190
	   0.01101788651001
	  -0.01094609726939
	   0.01262955677950
	  -0.01268281048687
	   0.01361881873350
	  -0.01488519778352
	   0.01646547223716
	  -0.01969762890300
	   0.02417668917384
	  -0.06809790094441
	Type	L	Zeta-Orbital
	  Ho 	2	    3
	   0.70776666419884
	  -0.76553669971393
	  -0.07698602898921
	   0.09763073934894
	   0.28285456457305
	   0.24591653164419
	   0.53785523900088
	   0.37673974033288
	   0.20873875364163
	   0.03154218614019
	   0.09596419809608
	   0.00983029490959
	   0.06961733953575
	  -0.02087063345608
	   0.05787264554084
	  -0.02411998589383
	   0.03348577198237
	  -0.05976862850472
	   0.03779434362113
	  -0.04907708488854
	   0.04589604002366
	  -0.04941044047849
	   0.05652043211948
	  -0.05981521722774
	   0.06398863354106
	  -0.06559534907714
	   0.07211184235470
	  -0.08101563020080
	   0.09574310043897
	  -0.12064140558773
	   0.32901239756347
	Type	L	Zeta-Orbital
	  Ho 	3	    1
	  -0.05081701672670
	   0.22811915684828
	   0.26836871076679
	   0.35952727795871
	   0.35915117473146
	   0.32982004145705
	   0.25990491626590
	   0.20036945619364
	   0.12807477953044
	   0.09523481155567
	   0.03870409875933
	   0.00323896814291
	  -0.04103402490625
	  -0.05969557380278
	  -0.09140402406369
	  -0.08151644376916
	  -0.08135810599394
	  -0.04970735181358
	  -0.03718777274451
	  -0.00262656561209
	  -0.00644794004929
	   0.01576473996756
	  -0.00141858917237
	   0.01055849758720
	  -0.01150171792482
	   0.00792232925229
	  -0.01499816453192
	   0.01126060499212
	  -0.01221606847790
	   0.01188430733808
	  -0.10437220358833
	Type	L	Zeta-Orbital
	  Ho 	3	    2
	  -0.22504714791504
	  -0.92935705652084
	  -0.52713516084695
	  -0.00526130396137
	   0.38383343719375
	   0.75246403439291
	   1.05548249279050
	   0.98441874755889
	   0.44685564242835
	   0.14774965236529
	   0.08906149709840
	   0.01587603651889
	  -0.08817470010861
	  -0.17146509458615
	  -0.17768593745956
	  -0.18560882773202
	  -0.16107313441591
	  -0.13860719715227
	  -0.08244365087279
	  -0.03758164297131
	   0.01510709662367
	   0.00946502943878
	   0.01966548445444
	  -0.00177780185857
	   0.00592994820890
	  -0.01825050244702
	   0.00425292343076
	  -0.01365300568419
	   0.01469829016911
	  -0.00315535159321
	   0.09640739343297
</Coefficient>
<Mkb>
Left spillage = 1.1766230680e-03
</Mkb>
