<Coefficient>
	 11 Total number of radial orbitals.
	Type	L	Zeta-Orbital
	  Sn 	0	    1
	   0.12815453392722
	   0.29059545777209
	   0.06529272527370
	  -0.02579026202578
	  -0.08193333851068
	  -0.07297343898995
	  -0.05903484649208
	  -0.02791001008850
	  -0.01301452750098
	   0.00336465602336
	   0.00318844270410
	   0.00635109948311
	  -0.00081777684975
	   0.00037958009703
	  -0.00580222452534
	  -0.00114846909159
	  -0.00536687455805
	   0.00153095532025
	  -0.00335524441392
	   0.00367104092411
	  -0.00322878257763
	   0.00422507357608
	  -0.00460992671340
	   0.00511851397964
	  -0.00747222941270
	Type	L	Zeta-Orbital
	  Sn 	0	    2
	   0.16777147720803
	  -0.13333368400739
	   0.13282241572007
	  -0.10837934594209
	  -0.18151743667731
	  -0.22131343424844
	  -0.14427406833025
	  -0.09580202465436
	  -0.01974655989253
	  -0.00143508999262
	   0.02623094508346
	   0.00673666041157
	   0.01098671283113
	  -0.01549796841450
	  -0.00343544035262
	  -0.02240622763966
	   0.00165568388541
	  -0.01609810850449
	   0.01162579988228
	  -0.01260150718443
	   0.01598675892434
	  -0.01583827218431
	   0.01854634209631
	  -0.02202391872050
	   0.02983985497391
	Type	L	Zeta-Orbital
	  Sn 	0	    3
	  -0.76265862644931
	   0.59431996323504
	  -0.02914085644014
	  -0.04340186481228
	  -0.42353667570509
	  -0.32989472378143
	  -0.29938735184503
	  -0.10029309685513
	  -0.05578551591650
	   0.04561581966973
	   0.00820710535390
	   0.04666266161403
	  -0.02654374895037
	   0.00700305230456
	  -0.05535129967081
	   0.00644612383736
	  -0.05360179794823
	   0.02709701388587
	  -0.04284421733155
	   0.04611855957723
	  -0.04572277780096
	   0.05564716085344
	  -0.06207234521489
	   0.07007040869037
	  -0.10041184644541
	Type	L	Zeta-Orbital
	  Sn 	1	    1
	  -0.24139139084289
	  -0.24523960109672
	  -0.13443397091878
	  -0.04898852891352
	   0.00703628038750
	   0.02307581698376
	   0.02082965518829
	   0.01230681091641
	   0.00181723263508
	  -0.00217560060467
	  -0.00463584021867
	  -0.00024226127569
	  -0.00019268583383
	   0.00422286989577
	   0.00097717638617
	   0.00369105739606
	  -0.00153408580103
	   0.00216898273824
	  -0.00290595767584
	   0.00271774087752
	  -0.00317755267887
	   0.00370672243859
	  -0.00411899190584
	   0.00540092915282
	  -0.01249102973877
	Type	L	Zeta-Orbital
	  Sn 	1	    2
	  -0.21151660980976
	   0.15137917240501
	   0.39843053098268
	   0.09911911393808
	   0.01196291572359
	  -0.11315479788010
	  -0.06731136607656
	  -0.04697470981188
	   0.01502322151913
	   0.01148804950020
	   0.02527112572214
	  -0.00288798867212
	  -0.00358592197085
	  -0.02323756755155
	  -0.01035623410473
	  -0.01501135406751
	   0.00264321018287
	  -0.00462157782301
	   0.00798574220920
	  -0.00450105652761
	   0.00561757283088
	  -0.00777832331947
	   0.00681044524636
	  -0.00832479784542
	   0.01967655213419
	Type	L	Zeta-Orbital
	  Sn 	1	    3
	   0.33511528318681
	  -0.40699946019406
	  -0.41146877940738
	   0.92732102488585
	   0.32650225069180
	  -0.63743941984614
	  -0.35620150732129
	  -0.22006748880690
	   0.14856086050673
	   0.05311741539687
	   0.11822398084780
	  -0.02143019595788
	  -0.02683476020522
	  -0.13700729962222
	  -0.02670255388932
	  -0.08723382281512
	   0.04434184863835
	  -0.03933072649443
	   0.04739093097057
	  -0.03628204428967
	   0.03892658215259
	  -0.04527099727538
	   0.04254029666782
	  -0.05490455971019
	   0.12112578753364
	Type	L	Zeta-Orbital
	  Sn 	2	    1
	  -0.02947378320056
	  -0.11446694006407
	  -0.23382615836174
	  -0.35850336882217
	  -0.45778835502649
	  -0.52780854980787
	  -0.56057234024296
	  -0.56428084303922
	  -0.53818146104148
	  -0.49161538047266
	  -0.42736677968110
	  -0.35566731255642
	  -0.28019754844449
	  -0.20981571364666
	  -0.14615522837347
	  -0.09513733024650
	  -0.05534449435521
	  -0.02921867696393
	  -0.01173108889279
	  -0.00402310058382
	   0.00049139010290
	   0.00010435375861
	   0.00086727649662
	  -0.00098975138834
	   0.00355191488578
	Type	L	Zeta-Orbital
	  Sn 	2	    2
	   0.20343900837353
	   0.41244796913516
	   0.24636891113567
	   0.10321294420137
	  -0.08698516645948
	  -0.15409605550547
	  -0.20604437013080
	  -0.21151726211189
	  -0.22682857033011
	  -0.20755324544948
	  -0.20234439454797
	  -0.17037092539572
	  -0.15387288586681
	  -0.11454153427992
	  -0.09869873130636
	  -0.06117056513218
	  -0.05144098867572
	  -0.02028114251225
	  -0.02110407046838
	   0.00254204302858
	  -0.00906046693742
	   0.01017053638310
	  -0.00904654915251
	   0.01185191537441
	  -0.06401626802364
	Type	L	Zeta-Orbital
	  Sn 	2	    3
	  -0.78876668883457
	   0.61698837183518
	   0.23858429355892
	   0.29716358137351
	  -0.01124430958036
	   0.01715857587063
	  -0.09072548085288
	  -0.04986289051023
	  -0.14484990497902
	  -0.06835247867144
	  -0.15532593838204
	  -0.06639231464260
	  -0.14748816103499
	  -0.03615689177954
	  -0.12797506517588
	   0.00446783138337
	  -0.10410146995343
	   0.04576707545908
	  -0.09156883186932
	   0.07925296246483
	  -0.09583524928583
	   0.10521927239225
	  -0.11623978782506
	   0.12777881836029
	  -0.71539161681507
	Type	L	Zeta-Orbital
	  Sn 	3	    1
	   0.19128189692814
	   0.44640891932770
	   0.36289476343952
	   0.42860930052571
	   0.22139198928307
	   0.15460476540636
	   0.08066178252027
	   0.08776208306815
	   0.03919131817052
	   0.05250395760636
	   0.00761401854378
	   0.02774643435356
	  -0.00645281778505
	   0.01957577526352
	  -0.01685041083006
	   0.01478898455585
	  -0.01890627799296
	   0.01916159343799
	  -0.02005857219425
	   0.02142207080900
	  -0.02285455308033
	   0.02347851815022
	  -0.01904785499879
	  -0.03907084625623
	  -0.41062697672942
	Type	L	Zeta-Orbital
	  Sn 	3	    2
	   0.19345744670954
	   1.05314804658937
	  -0.20810272382377
	  -1.28426321617745
	  -0.89483378803666
	  -0.33923640447497
	  -0.19576304839693
	  -0.16320629944876
	  -0.20212347736663
	  -0.10067898040761
	  -0.08805092265822
	  -0.05447468019802
	  -0.08442292416959
	  -0.01165914881433
	   0.00935238230365
	   0.01854486890105
	  -0.02165847000885
	   0.02587839089525
	  -0.02019550379207
	   0.02635143505419
	  -0.04001615186895
	   0.02973214278536
	  -0.02147363294531
	  -0.05039602355125
	  -0.55006412990398
</Coefficient>
<Mkb>
Left spillage = 1.2407695203e-03
</Mkb>
