<Coefficient>
	 9 Total number of radial orbitals.
	Type	L	Zeta-Orbital
	  Ru 	0	    1
	   0.12498230413612
	   0.19122628991722
	   0.23148187156163
	   0.24411712127565
	   0.23891733841867
	   0.20107705288979
	   0.15373273929402
	   0.10101867763890
	   0.06292022790229
	   0.03414770333004
	   0.01915335394573
	   0.00794154197693
	   0.00474715156973
	   0.00070478546112
	   0.00139733412565
	  -0.00116389687711
	   0.00079261347424
	  -0.00148049791183
	   0.00110060842567
	  -0.00146982183294
	   0.00152608121600
	  -0.00166843260305
	   0.00189034976340
	  -0.00224292264805
	   0.00310521155731
	Type	L	Zeta-Orbital
	  Ru 	0	    2
	   0.18130829794215
	   0.07900193099294
	  -0.07273957172981
	  -0.16918565730824
	  -0.16454485749148
	  -0.13188166694287
	  -0.08100750204199
	  -0.04906949415980
	  -0.01819282013751
	  -0.00412165702959
	   0.00765002587367
	   0.00497092800430
	   0.00676127929332
	   0.00042154246469
	   0.00259206930863
	  -0.00297486568785
	   0.00167078529874
	  -0.00332936884398
	   0.00264041416369
	  -0.00323774146651
	   0.00355723303267
	  -0.00379903492709
	   0.00435944014163
	  -0.00512278347106
	   0.00715917443888
	Type	L	Zeta-Orbital
	  Ru 	0	    3
	   0.39447746374914
	  -0.13710685781676
	  -0.17103842240540
	   0.01405216534441
	   0.12170123342983
	   0.39754674505073
	   0.39563171044103
	   0.32408938568113
	   0.12507731639025
	   0.10650478132516
	   0.04115208746813
	   0.04832603144942
	   0.00524346180765
	   0.01225711204675
	  -0.00768486892955
	   0.01217672131042
	  -0.00311507470942
	   0.00294431450764
	  -0.00549765091333
	   0.00376742553052
	  -0.00371674238469
	   0.00055874052978
	  -0.00140804242633
	   0.00083939092734
	  -0.00112327971625
	Type	L	Zeta-Orbital
	  Ru 	0	    4
	   0.33875134104774
	  -0.00301531622007
	  -0.15357314018730
	   0.00669432052054
	   0.05313143758934
	  -0.14274723016127
	  -0.30365499773928
	  -0.24038422621699
	  -0.12962517122871
	  -0.10244354032088
	  -0.09403223459982
	  -0.05862771877451
	  -0.03711602245128
	  -0.02246259681692
	  -0.00662528106039
	  -0.00263929250559
	   0.00214272682189
	  -0.00119791007645
	   0.00425082763378
	  -0.00433057964932
	   0.00452351697832
	  -0.00510687303165
	   0.00620495836787
	  -0.00659976253390
	   0.01143121540073
	Type	L	Zeta-Orbital
	  Ru 	1	    1
	   0.04218209103560
	   0.15723550987241
	   0.30083709084403
	   0.41605291078521
	   0.46975436955493
	   0.46118412182071
	   0.40499189875839
	   0.32373347027961
	   0.23634043023858
	   0.15642497285151
	   0.09242494883680
	   0.04712348843048
	   0.01944035613824
	   0.00548410699313
	   0.00013613018457
	  -0.00062487086567
	  -0.00000102262485
	   0.00071065613069
	   0.00074621298243
	   0.00055461108538
	   0.00011503091212
	  -0.00000926736564
	  -0.00017073221255
	   0.00000680132418
	  -0.00017912409676
	Type	L	Zeta-Orbital
	  Ru 	1	    2
	  -0.51237589113228
	  -0.54363817151574
	  -0.40238578824904
	  -0.16803196020505
	   0.02178485781645
	   0.12105165816762
	   0.06904787404129
	   0.06465621821231
	   0.03449087564083
	   0.03735724582501
	   0.01197319552642
	   0.01499298956176
	  -0.01327588343359
	  -0.00075836119650
	  -0.00962847773274
	   0.01072174955338
	  -0.00999502954939
	   0.00976477063198
	  -0.01048635604575
	   0.01163265263194
	  -0.01260735975290
	   0.01501218414804
	  -0.01705718754633
	   0.02024371390806
	  -0.04660384460271
	Type	L	Zeta-Orbital
	  Ru 	2	    1
	   0.11169857057001
	   0.24172306915584
	   0.35309956824324
	   0.41520280207497
	   0.44035418331177
	   0.42268905810150
	   0.38157027907619
	   0.31560214750663
	   0.24339955830622
	   0.16604367245662
	   0.10288583207113
	   0.05024733969901
	   0.02054463569676
	   0.00137997722833
	  -0.00111963333430
	  -0.00351040772112
	   0.00191508954470
	   0.00019485778101
	   0.00397541445366
	  -0.00053951817179
	   0.00269373212423
	  -0.00243449810069
	   0.00242877892706
	  -0.00292957270154
	   0.01625579586692
	Type	L	Zeta-Orbital
	  Ru 	2	    2
	  -0.72675914722945
	  -0.53398255594843
	  -0.15920192685248
	   0.18159371710443
	   0.36922323304324
	   0.48175487043317
	   0.29984622056266
	   0.15053462242357
	   0.06623562699388
	   0.05948448069034
	  -0.00904053844149
	  -0.00951457061445
	  -0.05087458088980
	  -0.01634907608752
	  -0.03916934190845
	   0.01227441360060
	  -0.01926861428239
	   0.02622716032283
	  -0.01893746736758
	   0.02881813786245
	  -0.02695945715896
	   0.03142846938414
	  -0.03581931230570
	   0.03729875744505
	  -0.20956906637095
	Type	L	Zeta-Orbital
	  Ru 	3	    1
	   0.06302798839998
	   0.36824755487411
	   0.52598099006573
	   0.70074779754838
	   0.78062565540896
	   0.77323684397075
	   0.57824851329140
	   0.37371497586232
	   0.25252568129658
	   0.21544424971014
	   0.17506450412186
	   0.14065270239744
	   0.08357095166099
	   0.06711474813180
	   0.03566840162462
	   0.03251435481230
	   0.00715866242630
	   0.01562582746043
	  -0.00548284235962
	   0.01000821577929
	  -0.00897400437668
	   0.00924809670024
	  -0.00920228727469
	  -0.01105989519503
	  -0.16035228511365
</Coefficient>
<Mkb>
Left spillage = 1.1625194754e-03
</Mkb>
