0	0.0029819518325232284
1	0.002752091273087838
2	0.00251607351422053
3	0.0022889159760362634
4	0.002082434611384882
5	0.001901085082272847
6	0.001742442001906805
7	0.0016041776274224148
8	0.0014869817282478887
9	0.0013923857589453394
10	0.0013202826061997097
11	0.0012679297826333521
12	0.0012309907728144972
13	0.0012048279733546453
14	0.0011852458128704315
15	0.0011688829527407216
16	0.0011533600706505186
17	0.0011371550968511147
18	0.0011193195865388712
19	0.0010992288646880144
20	0.0010764468839409833
21	0.0010506734411757873
22	0.0010217100477742651
23	0.000989413075593217
24	0.0009536484033714593
25	0.0009142884049991518
26	0.0008712831039072202
27	0.0008247895867265712
28	0.0007753012787108885
29	0.0007237191034614117
30	0.0006713226847532387
31	0.0006196162119089036
32	0.0005700757056930772
33	0.0005239040097232037
34	0.000481900102091159
35	0.00044445411892635395
36	0.00041162991768891374
37	0.0003832853771620738
38	0.0003591801644429035
39	0.0003390210948591997
40	0.0003224377109879588
41	0.00030895901835864607
42	0.0002980531657460843
43	0.000289202804685766
44	0.00028194827450791924
45	0.00027589398322893884
46	0.000270710660264013
47	0.0002661474837015149
48	0.00026203631039026053
49	0.00025827510418664377
50	0.00025480151508742657
51	0.00025157286525978844
52	0.0002485544097560369
53	0.00024571191529863107
54	0.00024301122148675326
55	0.0002404260004824557
56	0.00023794538476857696
57	0.0002355730857046748
58	0.0002333216517290181
59	0.0002312093136186811
60	0.00022925855522678665
61	0.00022749071784564605
62	0.0002259185468505595
63	0.0002245442486379614
64	0.00022336409879440697
65	0.0002223727149482347
66	0.00022156294336347397
67	0.00022092430352431823
68	0.000220443292667452
69	0.0002201043865891328
70	0.00021988953117423618
71	0.00021977719922019478
72	0.00021974312907080946
73	0.0002197623888328469
74	0.00021981112702818996
75	0.00021986789310991046
76	0.00021991529985057977
77	0.00021994154967462654
78	0.00021994055879922278
79	0.0002199107251899529
80	0.00021985364566785625
81	0.00021977340544413138
82	0.00021967588849223412
83	0.00021956773517221
84	0.00021945536773567803
85	0.00021934442622448448
86	0.0002192394027684231
87	0.00021914333357977143
88	0.0002190577733889723
89	0.00021898308488065563
90	0.00021891872510088536
91	0.00021886344423823102
92	0.00021881565882393944
93	0.00021877397535770895
94	0.00021873742542602442
95	0.00021870525923545905
96	0.00021867669818547133
97	0.00021865096543413477
98	0.0002186274286426825
99	0.00021860562639540958
100	0.00021858525192826905
101	0.00021856620430338753
102	0.0002185486062210351
103	0.00021853269457832562
104	0.00021851867457060734
105	0.00021850663178720806
106	0.00021849647715278234
107	0.00021848792191472773
108	0.0002184805507127017
109	0.00021847397504861456
110	0.00021846794135715238
111	0.0002184623347282519
112	0.0002184571385706467
113	0.00021845240033703143
114	0.00021844819264806855
115	0.00021844457193966602
116	0.00021844156134748975
117	0.00021843915450534256
118	0.00021843731859180808
119	0.00021843599934623253
120	0.00021843513187861166
121	0.00021843463768111613
122	0.00021843440634620326
123	0.00021843429590197536
124	0.00021843416468428445
125	0.00021843390321028825
126	0.00021843344346583453
127	0.00021843275841400026
128	0.0002184318616732401
129	0.0002184307983735448
130	0.0002184296276946619
131	0.00021842841099297018
132	0.0002184272078706809
133	0.00021842607219100784
134	0.00021842504816146284
135	0.00021842416959295
136	0.00021842345771736757
137	0.00021842291565786877
138	0.00021842252699297553
139	0.00021842226199729562
140	0.0002184220858262727
141	0.00021842196454735822
142	0.00021842186985225384
143	0.00021842178173472304
144	0.00021842168783594443
145	0.00021842158153294393
146	0.0002184214606459603
147	0.00021842132610131056
148	0.00021842118096388944
149	0.00021842103089084647
150	0.0002184208842177842
151	0.00021842074987631551
152	0.00021842063496318805
153	0.0002184205438558757
154	0.00021842047791789795
155	0.0002184204351808089
156	0.0002184204110577624
157	0.00021842039991697832
158	0.0002184203961527374
159	0.00021842039470021583
160	0.00021842039159316763
161	0.00021842038427867267
162	0.0002184203715076989
163	0.00021842035326361705
164	0.00021842033066761006
165	0.0002184203054791878
166	0.0002184202794809705
167	0.00021842025415160928
168	0.00021842023048717035
169	0.00021842020890962982
170	0.00021842018942561843
171	0.00021842017189802323
172	0.00021842015620681556
173	0.00021842014233163084
174	0.0002184201303620309
175	0.00021842012038118024
176	0.0002184201123696608
177	0.00021842010623933852
178	0.00021842010183720716
179	0.00021842009888231787
180	0.000218420096991282
181	0.00021842009576659272
182	0.00021842009482784391
183	0.00021842009383084407
184	0.00021842009253718564
185	0.00021842009085169575
186	0.0002184200888011352
187	0.00021842008650120056
188	0.0002184200841112903
189	0.0002184200817850934
190	0.00021842007965255857
191	0.00021842007782314787
192	0.00021842007637053347
193	0.00021842007531746137
194	0.00021842007463981414
195	0.0002184200742681422
196	0.00021842007409415514
197	0.00021842007399491004
198	0.00021842007385965622
199	0.00021842007361080835
200	0.00021842007321671005
201	0.00021842007268539656
202	0.00021842007204548572
203	0.00021842007133671622
204	0.00021842007060703545
205	0.0002184200699044983
206	0.0002184200692684138
207	0.00021842006873106482
208	0.00021842006831233158
209	0.0002184200680160898
210	0.00021842006782985614
211	0.0002184200677306533
212	0.00021842006769005426
213	0.00021842006768159935
214	0.0002184200676844608
215	0.0002184200676822469
216	0.0002184200676639665
217	0.00021842006762524274
218	0.00021842006756732146
219	0.00021842006749534537
220	0.00021842006741774759
221	0.00021842006734245365
222	0.00021842006727546998
223	0.00021842006721936266
224	0.00021842006717285125
225	0.0002184200671335189
226	0.00021842006709902177
227	0.000218420067068225
228	0.00021842006704081592
229	0.00021842006701604686
230	0.0002184200669943293
231	0.00021842006697455585
232	0.0002184200669557188
233	0.00021842006693782582
234	0.00021842006692102407
235	0.0002184200669054996
236	0.00021842006689198765
237	0.0002184200668802318
238	0.00021842006686981222
239	0.00021842006686014192
240	0.0002184200668505487
241	0.00021842006684102505
242	0.00021842006683150795
243	0.00021842006682237138
244	0.00021842006681378867
245	0.00021842006680616692
246	0.00021842006680029713
247	0.0002184200667958403
248	0.0002184200667932041
249	0.0002184200667920116
250	0.00021842006679188893
251	0.00021842006679234746
252	0.00021842006679292805
253	0.00021842006679301788
254	0.0002184200667927669
255	0.00021842006679193216
256	0.00021842006679047797
257	0.00021842006678829507
258	0.00021842006678623901
259	0.00021842006678392283
260	0.0002184200667816105
261	0.00021842006677988375
262	0.0002184200667784476
263	0.00021842006677758407
264	0.0002184200667770128
265	0.00021842006677659325
266	0.00021842006677620955
267	0.00021842006677613918
268	0.00021842006677588873
269	0.0002184200667757275
270	0.00021842006677549387
271	0.0002184200667751219
272	0.00021842006677495602
273	0.0002184200667745549
274	0.00021842006677425023
275	0.00021842006677387453
276	0.00021842006677370593
277	0.000218420066773439
278	0.0002184200667730425
279	0.00021842006677282868
280	0.00021842006677286365
281	0.00021842006677272197
282	0.0002184200667726094
283	0.0002184200667726125
284	0.00021842006677251738
285	0.00021842006677252952
286	0.00021842006677250786
287	0.00021842006677249475
288	0.0002184200667724003
289	0.00021842006677246165
290	0.00021842006677240728
291	0.0002184200667724091
292	0.00021842006677236738
293	0.00021842006677224657
294	0.00021842006677225023
295	0.00021842006677212956
296	0.00021842006677212536
297	0.00021842006677212959
298	0.000218420066772091
299	0.00021842006677202027
300	0.00021842006677205318
301	0.0002184200667720933
302	0.00021842006677209034
303	0.00021842006677203033
304	0.00021842006677196132
305	0.0002184200667720614
306	0.00021842006677206966
307	0.00021842006677205806
308	0.00021842006677199149
309	0.00021842006677201125
310	0.00021842006677205784
311	0.00021842006677193806
312	0.00021842006677195647
313	0.00021842006677193134
314	0.00021842006677193367
315	0.00021842006677196704
316	0.00021842006677199056
317	0.00021842006677192652
318	0.00021842006677207283
319	0.0002184200667719805
320	0.00021842006677197842
321	0.0002184200667719855
322	0.00021842006677193142
323	0.00021842006677196053
324	0.00021842006677202239
325	0.00021842006677196227
326	0.00021842006677198528
327	0.0002184200667718655
328	0.00021842006677190207
329	0.00021842006677188575
330	0.00021842006677193877
331	0.00021842006677191985
332	0.0002184200667718613
333	0.00021842006677191678
334	0.0002184200667719218
335	0.0002184200667720288
336	0.0002184200667718768
337	0.00021842006677193074
338	0.00021842006677183268
339	0.00021842006677184433
340	0.00021842006677198368
341	0.00021842006677188575
342	0.00021842006677193362
343	0.00021842006677199447
344	0.00021842006677194974
345	0.00021842006677191865
346	0.0002184200667718484
347	0.00021842006677186884
348	0.00021842006677196525
349	0.00021842006677195798
350	0.0002184200667719725
351	0.00021842006677193272
352	0.0002184200667719851
353	0.0002184200667719151
354	0.0002184200667719304
355	0.00021842006677196294
356	0.00021842006677182956
357	0.0002184200667719325
358	0.00021842006677193527
359	0.00021842006677197292
360	0.00021842006677187762
361	0.00021842006677206052
362	0.00021842006677194508
363	0.00021842006677192543
364	0.00021842006677189445
365	0.00021842006677188876
366	0.00021842006677204068
367	0.00021842006677185474
368	0.00021842006677190684
369	0.00021842006677196652
370	0.0002184200667718576
371	0.00021842006677192803
372	0.00021842006677195124
373	0.00021842006677192147
374	0.00021842006677191914
375	0.00021842006677188857
376	0.0002184200667719728
377	0.00021842006677188963
378	0.00021842006677192928
379	0.00021842006677209468
380	0.00021842006677194535
381	0.0002184200667719263
382	0.00021842006677198045
383	0.0002184200667718597
384	0.0002184200667719202
385	0.00021842006677192183
386	0.00021842006677192546
387	0.00021842006677188743
388	0.00021842006677181983
389	0.0002184200667719172
390	0.00021842006677195213
391	0.00021842006677180725
392	0.00021842006677185938
393	0.00021842006677196528
394	0.00021842006677193936
395	0.00021842006677194042
396	0.0002184200667717915
397	0.00021842006677192372
398	0.00021842006677195438
399	0.0002184200667718467
400	0.00021842006677186062
401	0.00021842006677196468
402	0.00021842006677198067
403	0.00021842006677187713
404	0.00021842006677192332
405	0.00021842006677183466
406	0.00021842006677183067
407	0.0002184200667717907
408	0.0002184200667717039
409	0.00021842006677186884
410	0.0002184200667720413
411	0.0002184200667718828
412	0.00021842006677182886
413	0.0002184200667719931
414	0.00021842006677189868
415	0.00021842006677195086
416	0.00021842006677198007
417	0.00021842006677194123
418	0.00021842006677189258
419	0.00021842006677196007
420	0.00021842006677186645
421	0.00021842006677184542
422	0.00021842006677190405
423	0.0002184200667719589
424	0.0002184200667719875
425	0.00021842006677185574
426	0.00021842006677189746
427	0.00021842006677188702
428	0.0002184200667718704
429	0.00021842006677193806
430	0.00021842006677193947
431	0.00021842006677189903
432	0.00021842006677190876
433	0.0002184200667719951
434	0.0002184200667719149
435	0.00021842006677202984
436	0.00021842006677178657
437	0.00021842006677191229
438	0.00021842006677189282
439	0.00021842006677198097
440	0.00021842006677202653
441	0.00021842006677197438
442	0.00021842006677185943
443	0.0002184200667719248
444	0.00021842006677189993
445	0.00021842006677189497
446	0.0002184200667719464
447	0.00021842006677194725
448	0.0002184200667719469
449	0.00021842006677195102
450	0.0002184200667719555
451	0.0002184200667718867
452	0.00021842006677196804
453	0.00021842006677198715
454	0.0002184200667719045
455	0.0002184200667719513
456	0.00021842006677185894
457	0.0002184200667719893
458	0.0002184200667719269
459	0.0002184200667719136
