  0.000000   -2.38826725235320   -1.81639455300614    0.00000000000000    0.00000000000000    0.00000000000000  
  0.010000   -2.38803165615295   -1.81603297039011    0.05004940323461    0.01020737835518    0.00024719499924  
  0.020000   -2.38732499694215   -1.81494860523752    0.10004482444889    0.02040980622422    0.00098799822373  
  0.030000   -2.38614766280870   -1.81314260493096    0.14993238037927    0.03060237791801    0.00222006967128  
  0.040000   -2.38450030029250   -1.81061687942966    0.19965838503911    0.04078027678288    0.00393952701804  
  0.050000   -2.38238381397600   -1.80737409775701    0.24916944776642    0.05093881832720    0.00614097197904  
  0.060000   -2.37979936591153   -1.80341768309314    0.29841257056447    0.06107349169423    0.00881752689640  
  0.070000   -2.37674837488620   -1.79875180648278    0.34733524450245    0.07117999895593    0.01196088124210  
  0.080000   -2.37323251552520   -1.79338137917138    0.39588554494607    0.08125429172391    0.01556134763757  
  0.090000   -2.36925371723433   -1.78731204358545    0.44401222539095    0.09129260460105    0.01960792691143  
  0.100000   -2.36481416298319   -1.78055016297590    0.49166480967540    0.10129148502872    0.02408838164035  
  0.110000   -2.35991628792996   -1.77310280974612    0.53879368235376    0.11124781912094    0.02898931754613  
  0.120000   -2.35456277788943   -1.76497775248945    0.58535017701611    0.12115885311724    0.03429627205653  
  0.130000   -2.34875656764550   -1.75618344176343    0.63128666234595    0.13102221013025    0.03999380927764  
  0.140000   -2.34250083910991   -1.74672899463132    0.67655662571341    0.14083590191163    0.04606562057309  
  0.150000   -2.33579901932853   -1.73662417800412    0.72111475410816    0.15059833541084    0.05249462989964  
  0.160000   -2.32865477833696   -1.72587939081910    0.76491701222359    0.16030831395409    0.05926310301132  
  0.170000   -2.32107202686699   -1.71450564509386    0.80792071751114    0.16996503292602    0.06635275961430  
  0.180000   -2.31305491390536   -1.70251454589765    0.85008461203226    0.17956806989341    0.07374488753344  
  0.190000   -2.30460782410648   -1.68991827028437    0.89136893094391    0.18911736916749    0.08142045793849  
  0.200000   -2.29573537506032   -1.67672954523443    0.93173546746254    0.19861322085962    0.08936024067349  
  0.210000   -2.28644241441694   -1.66296162465558    0.97114763416140    0.20805623454279    0.09754491873719  
  0.220000   -2.27673401686868   -1.64862826549480    1.00957052046558    0.21744730768861    0.10595520097515  
  0.230000   -2.26661548099119   -1.63374370301668    1.04697094621965    0.22678758910530    0.11457193206518  
  0.240000   -2.25609232594394   -1.61832262530537    1.08331751121363    0.23607843765650    0.12337619890722  
  0.250000   -2.24517028803111   -1.60238014705017    1.11858064056363    0.24532137659257    0.13234943256611  
  0.260000   -2.23385531712309   -1.58593178267669    1.15273262585520    0.25451804387511    0.14147350496028  
  0.270000   -2.22215357293904   -1.56899341888776    1.18574766196857    0.26367013892176    0.15073081954137  
  0.280000   -2.21007142119042   -1.55158128668023    1.21760187951708    0.27277936624017    0.16010439526839  
  0.290000   -2.19761542958526   -1.53371193290572    1.24827337284176    0.28184737645845    0.16957794324444  
  0.300000   -2.18479236369293   -1.51540219144487    1.27774222351737    0.29087570529337    0.17913593545389  
  0.310000   -2.17160918266854   -1.49666915406642    1.30599051933723    0.29986571102622    0.18876366511312  
  0.320000   -2.15807303483620   -1.47753014104341    1.33300236875666    0.30881851108032    0.19844729822623  
  0.330000   -2.14419125313014   -1.45800267160027    1.35876391078715    0.31773491831289    0.20817391601963  
  0.340000   -2.12997135039220   -1.43810443426525    1.38326332034571    0.32661537764680    0.21793154801418  
  0.350000   -2.11542101452447   -1.41785325720326    1.40649080907626    0.33545990367544    0.22770919557991  
  0.360000   -2.10054810349529   -1.39726707860489    1.42843862167223    0.34426801987528    0.23749684590603  
  0.370000   -2.08536064019694   -1.37636391720726    1.44910102774168    0.35303870005679    0.24728547640649  
  0.380000   -2.06986680715319   -1.35516184302249    1.46847430926828    0.36177031267437    0.25706704966843  
  0.390000   -2.05407494107478   -1.33367894834915    1.48655674373343    0.37046056860009    0.26683449913645  
  0.400000   -2.03799352726081   -1.31193331914146    1.50334858297640    0.37910647294477    0.27658170580905  
  0.410000   -2.02163119384424   -1.28994300681007    1.51885202788073    0.38770428148327    0.28630346630369  
  0.420000   -2.00499670587956   -1.26772600052712    1.53307119898635    0.39624946220838    0.29599545272385  
  0.430000   -1.98809895927075   -1.24530020010685    1.54601210313757    0.40473666250100    0.30565416483341  
  0.440000   -1.97094697453812   -1.22268338953110    1.55768259628757    0.41315968236213    0.31527687511109  
  0.450000   -1.95354989042234   -1.19989321118714    1.56809234258988    0.42151145410630    0.32486156731875  
  0.460000   -1.93591695732470   -1.17694714088289    1.57725276991725    0.42978402886570    0.33440686927290  
  0.470000   -1.91805753058258   -1.15386246370195    1.58517702195708    0.43796857020063    0.34391198055716  
  0.480000   -1.89998106357965   -1.13065625075793    1.59187990704145    0.44605535505509    0.35337659595468  
  0.490000   -1.88169710069080   -1.10734533690435    1.59737784387789    0.45403378223685    0.36280082541377  
  0.500000   -1.86321527006196   -1.08394629945314    1.60168880435433    0.46189238853980    0.37218511138552  
  0.510000   -1.84454527622598   -1.06047543795075    1.60483225359919    0.46961887256337    0.38153014439106  
  0.520000   -1.82569689255579   -1.03694875505724    1.60682908748326    0.47720012621921    0.39083677768549  
  0.530000   -1.80667995355717   -1.01338193856935    1.60770156775640    0.48462227385135    0.40010594188780  
  0.540000   -1.78750434700372   -0.98979034462435    1.60747325501697    0.49187071883073    0.40933856043970  
  0.550000   -1.76818000591772   -0.96618898211669    1.60616893971611    0.49893019742147    0.41853546674177  
  0.560000   -1.74871690040108   -0.94259249835510    1.60381457140340    0.50578483965337    0.42769732379347  
  0.570000   -1.72912502932145   -0.91901516598248    1.60043718642284    0.51241823687383    0.43682454713345  
  0.580000   -1.70941441185955   -0.89547087117624    1.59606483427110    0.51881351559400    0.44591723183946  
  0.590000   -1.68959507892447   -0.87197310314164    1.59072650283125    0.52495341718743    0.45497508430318  
  0.600000   -1.66967706444463   -0.84853494490529    1.58445204269651    0.53082038294706    0.46399735944470  
  0.610000   -1.64967039654323   -0.82516906541096    1.57727209079865    0.53639664395729    0.47298280397458  
  0.620000   -1.62958508860760   -0.80188771291458    1.56921799355542    0.54166431519268    0.48192960624983  
  0.630000   -1.60943113026314   -0.77870270967001    1.56032172975012    0.54660549321486    0.49083535320302  
  0.640000   -1.58921847826337   -0.75562544789203    1.55061583335477    0.55120235680354    0.49969699475291  
  0.650000   -1.56895704730839   -0.73266688697781    1.54013331650578    0.55543726982725    0.50851081603060  
  0.660000   -1.54865670080545   -0.70983755196321    1.52890759283781    0.55929288563485    0.51727241767791  
  0.670000   -1.52832724158568   -0.68714753318525    1.51697240137785    0.56275225222967    0.52597670439566  
  0.680000   -1.50797840259243   -0.66460648711723    1.50436173119682    0.56579891747508    0.53461788183882  
  0.690000   -1.48761983755715   -0.64222363833872    1.49110974701132    0.56841703357313    0.54318946187493  
  0.700000   -1.46726111167998   -0.62000778259794    1.47725071592202    0.57059146005688    0.55168427614104  
  0.710000   -1.44691169233252   -0.59796729092001    1.46281893546924    0.57230786454195    0.56009449775530  
  0.720000   -1.42658093980145   -0.57611011471079    1.44784866317946    0.57355282049430    0.56841167096101  
  0.730000   -1.40627809809204   -0.55444379180216    1.43237404776902    0.57431390128794    0.57662674840587  
  0.740000   -1.38601228581135   -0.53297545338162    1.41642906216372    0.57457976984965    0.58473013568696  
  0.750000   -1.36579248715136   -0.51171183174570    1.40004743848453    0.57434026321621    0.59271174272354  
  0.760000   -1.34562754299289   -0.49065926881438    1.38326260514129    0.57358647136385    0.60056104145627  
  0.770000   -1.32552614215129   -0.46982372534125    1.36610762616689    0.57231080970897    0.60826712931243  
  0.780000   -1.30549681278551   -0.44921079075225    1.34861514291547    0.57050708472310    0.61581879782373  
  0.790000   -1.28554791399206   -0.42882569354416    1.33081731823810    0.56817055215409    0.62320460573640  
  0.800000   -1.26568762760567   -0.40867331217325    1.31274578323985    0.56529796739771    0.63041295591238  
  0.810000   -1.24592395022825   -0.38875818636315    1.29443158671178    0.56188762762070    0.63743217528702  
  0.820000   -1.22626468550808   -0.36908452876120    1.27590514732128    0.55793940529553    0.64425059712199  
  0.830000   -1.20671743669031   -0.34965623687233    1.25719620863347    0.55345477286951    0.65085664477276  
  0.840000   -1.18728959946018   -0.33047690519983    1.23833379702627    0.54843681835554    0.65723891617832  
  0.850000   -1.16798835509955   -0.31154983752360    1.21934618255072    0.54289025169744    0.66338626827671  
  0.860000   -1.14882066397689   -0.29287805924736    1.20026084277789    0.53682140183061    0.66928790055285  
  0.870000   -1.12979325939044   -0.27446432974807    1.18110442966318    0.53023820442622    0.67493343693643  
  0.880000   -1.11091264178306   -0.25631115466286    1.16190273944799    0.52315018037514    0.68031300528543  
  0.890000   -1.09218507334711   -0.23842079805090    1.14268068560903    0.51556840513506    0.68541731371608  
  0.900000   -1.07361657303597   -0.22079529437064    1.12346227485473    0.50750546913065    0.69023772307248  
  0.910000   -1.05521291199855   -0.20343646021555    1.10427058615880    0.49897542946117    0.69476631486720  
  0.920000   -1.03697960945120   -0.18634590575502    1.08512775281076    0.48999375323237    0.69899595406934  
  0.930000   -1.01892192900107   -0.16952504583055    1.06605494745427    0.48057725288978    0.70292034616644  
  0.940000   -1.00104487543269   -0.15297511066124    1.04707237007453    0.47074401398684    0.70653408798246  
  0.950000   -0.98335319196905   -0.13669715611666    1.02819923888754    0.46051331587502    0.70983271179382  
  0.960000   -0.96585135801632   -0.12069207351935    1.00945378407527    0.44990554585212    0.71281272234950  
  0.970000   -0.94854358740011   -0.10496059894383    0.99085324430292    0.43894210735013    0.71547162646883  
  0.980000   -0.93143382709954   -0.08950332198330    0.97241386594682    0.42764532278403    0.71780795496028  
  0.990000   -0.91452575648373   -0.07432069396005    0.95415090495418    0.41603833171867    0.71982127667687  
  1.000000   -0.89782278705349   -0.05941303556030    0.93607863124935    0.40414498504057    0.72151220459719  
  1.010000   -0.88132806268953   -0.04478054387904    0.91821033559479    0.39198973584615    0.72288239389480  
  1.020000   -0.86504446040643   -0.03042329886490    0.90055833880955    0.37959752777727    0.72393453203299  
  1.030000   -0.84897459161015   -0.01634126916047    0.88313400324239    0.36699368154766    0.72467232099462  
  1.040000   -0.83312080385480   -0.00253431733741    0.86594774639222    0.35420378041177    0.72510045182877  
  1.050000   -0.81748518309284    0.01099779546900    0.84900905656444    0.34125355532898    0.72522457176498  
  1.060000   -0.80206955641094    0.02425540551717    0.83232651044772    0.32816877057184    0.72505124421289  
  1.070000   -0.78687549524211    0.03723894299521    0.81590779249317    0.31497511051745    0.72458790202811  
  1.080000   -0.77190431904288    0.04994892911816    0.79975971597469    0.30169806834519    0.72384279448442  
  1.090000   -0.75715709942274    0.06238597376537    0.78388824560780    0.28836283734340    0.72282492844732  
  1.100000   -0.74263466471140    0.07455077363282    0.76829852160231    0.27499420550125    0.72154400429337  
  1.110000   -0.72833760494776    0.08644411087205    0.75299488502339    0.26161645403110    0.72001034716431  
  1.120000   -0.71426627727316    0.09806685218406    0.73798090433511    0.24825326043070    0.71823483418309  
  1.130000   -0.70042081170984    0.10941994833353    0.72325940300044    0.23492760665454    0.71622881829140  
  1.140000   -0.68680111730444    0.12050443404649    0.70883248801234    0.22166169291966    0.71400404939403  
  1.150000   -0.67340688861492    0.13132142825195    0.69470157923133    0.20847685762339    0.71157259351450  
  1.160000   -0.66023761251813    0.14187213462642    0.68086743940661    0.19539350379977    0.70894675067905  
  1.170000   -0.64729257531446    0.15215784239844    0.66733020475946    0.18243103248793    0.70613897225135  
  1.180000   -0.63457087010466    0.16217992736947    0.65408941600996    0.16960778332976    0.70316177843938  
  1.190000   -0.62207140441347    0.17193985310615    0.64114404973075    0.15694098265691    0.70002767668770  
  1.200000   -0.60979290803369    0.18143917225905    0.62849254991466    0.14444669926808    0.69674908165371  
  1.210000   -0.59773394106400    0.19067952796252    0.61613285964605    0.13213980803811    0.69333823744547  
  1.220000   -0.58589290211308    0.19966265527081    0.60406245277000    0.12003396144058    0.68980714277113  
  1.230000   -0.57426803664266    0.20839038258616    0.59227836545674    0.10814156900565    0.68616747961709  
  1.240000   -0.56285744542131    0.21686463303567    0.58077722756350    0.09647378467619    0.68243054603293  
  1.250000   -0.55165909306146    0.22508742575482    0.56955529370015    0.08504050196723    0.67860719355755  
  1.260000   -0.54067081661151    0.23306087703752    0.55860847390970    0.07385035677766    0.67470776977219  
  1.270000   -0.52989033417545    0.24078720131430    0.54793236387970    0.06291073764886    0.67074206641366  
  1.280000   -0.51931525353274    0.24826871192248    0.53752227460546    0.05222780321354    0.66671927342430  
  1.290000   -0.50894308073126    0.25550782163474    0.52737326143111    0.04180650652894    0.66264793925641  
  1.300000   -0.49877122862724    0.26250704291526    0.51748015240000    0.03165062594342    0.65853593768664  
  1.310000   -0.48879702534627    0.26926898787556    0.50783757585089    0.02176280210329    0.65439044133249  
  1.320000   -0.47901772264047    0.27579636790513    0.49843998720200    0.01214458066860    0.65021790199801  
  1.330000   -0.46943050411790    0.28209199295570    0.48928169487023    0.00279646027300    0.64602403791059  
  1.340000   -0.46003249332106    0.28815877046085    0.48035688527820   -0.00628205476714    0.64181382784523  
  1.350000   -0.45082076163251    0.29399970387686    0.47165964690730   -0.01509239751398    0.63759151206803  
  1.360000   -0.44179233598692    0.29961789083380    0.46318399335981   -0.02363687777994    0.63336059996736  
  1.370000   -0.43294420636994    0.30501652088986    0.45492388539894   -0.03191861836552    0.62912388417962  
  1.380000   -0.42427333308566    0.31019887288558    0.44687325194021   -0.03994148872957    0.62488346095774  
  1.390000   -0.41577665377603    0.31516831189825    0.43902600997291   -0.04771003666438    0.62064075647434  
  1.400000   -0.40745109017660    0.31992828580037    0.43137608339531   -0.05522941854891    0.61639655869942  
  1.410000   -0.39929355459501    0.32448232142995    0.42391742075183   -0.06250532874986    0.61215105444400  
  1.420000   -0.39130095609975    0.32883402038344    0.41664401186503   -0.06954392873216    0.60790387111701  
  1.430000   -0.38347020640843    0.33298705444582    0.40954990335991   -0.07635177642725    0.60365412270428  
  1.440000   -0.37579822546654    0.33694516067547    0.40262921308192   -0.08293575639100    0.59940045944390  
  1.450000   -0.36828194670894    0.34071213616443    0.39587614341436   -0.08930301126154    0.59514112064443  
  1.460000   -0.36091832199834    0.34429183249753    0.38928499350453   -0.09546087500235    0.59087399006952  
  1.470000   -0.35370432623617    0.34768814993654    0.38285017041187   -0.10141680838775    0.58659665329555  
  1.480000   -0.34663696164334    0.35090503135783    0.37656619919434   -0.10717833715563    0.58230645643827  
  1.490000   -0.33971326170935    0.35394645597414    0.37042773195293   -0.11275299321820    0.57800056563945  
  1.500000   -0.33293029481036    0.35681643287294    0.36442955585684   -0.11814825928383    0.57367602670565  
  1.510000   -0.32628516749777    0.35951899440549    0.35856660017483   -0.12337151720411    0.56932982429865  
  1.520000   -0.31977502746069    0.36205818946200    0.35283394234050   -0.12843000031880    0.56495894008947  
  1.530000   -0.31339706616677    0.36443807666908    0.34722681308187   -0.13333075002901    0.56056040930715  
  1.540000   -0.30714852118746    0.36666271754673    0.34174060064751   -0.13808057678536    0.55613137513672  
  1.550000   -0.30102667821473    0.36873616966216    0.33637085416328   -0.14268602563373    0.55166914045057  
  1.560000   -0.29502887277772    0.37066247981806    0.33111328615541   -0.14715334641700    0.54717121639069  
  1.570000   -0.28915249166868    0.37244567731243    0.32596377427721   -0.15148846868714    0.54263536735789  
  1.580000   -0.28339497408872    0.37408976730705    0.32091836227762   -0.15569698133846    0.53805965200614  
  1.590000   -0.27775381252469    0.37559872434013    0.31597326025089   -0.15978411693034    0.53344245988610  
  1.600000   -0.27222655336949    0.37697648601845    0.31112484420775   -0.16375474062693    0.52878254343040  
  1.610000   -0.26681079729871    0.37822694692211    0.30636965500849   -0.16761334364146    0.52407904502497  
  1.620000   -0.26150419941723    0.37935395275404    0.30170439669923   -0.17136404103572    0.51933151896346  
  1.630000   -0.25630446918994    0.38036129476417    0.29712593429277   -0.17501057369000    0.51453994813715  
  1.640000   -0.25120937017111    0.38125270447630    0.29263129103532   -0.17855631422635    0.50970475536770  
  1.650000   -0.24621671954747    0.38203184874321    0.28821764520049   -0.18200427663838    0.50482680934655  
  1.660000   -0.24132438751011    0.38270232515343    0.28388232645157   -0.18535712935408    0.49990742520018  
  1.670000   -0.23653029647063    0.38326765781009    0.27962281181286   -0.18861721143480    0.49494835975532  
  1.680000   -0.23183242013684    0.38373129349973    0.27543672128999   -0.19178655159365    0.48995180163177  
  1.690000   -0.22722878246358    0.38409659826614    0.27132181317888   -0.19486688969982    0.48492035634228  
  1.700000   -0.22271745649373    0.38436685440111    0.26727597910194   -0.19785970042264    0.47985702662798  
  1.710000   -0.21829656310463    0.38454525786108    0.26329723880925   -0.20076621865967    0.47476518830448  
  1.720000   -0.21396426967458    0.38463491611585    0.25938373478170   -0.20358746638765    0.46964856193698  
  1.730000   -0.20971878868385    0.38463884643184    0.25553372667160   -0.20632428057292    0.46451118070199  
  1.740000   -0.20555837626420    0.38455997459002    0.25174558561551   -0.20897734177948    0.45935735482901  
  1.750000   -0.20148133071025    0.38440113403521    0.24801778845247   -0.21154720311804    0.45419163304633  
  1.760000   -0.19748599096580    0.38416506545052    0.24434891187969   -0.21403431918723    0.44901876148165  
  1.770000   -0.19357073509710    0.38385441674789    0.24073762657640   -0.21643907467043    0.44384364048987  
  1.780000   -0.18973397876479    0.38347174346311    0.23718269132487   -0.21876181226549    0.43867127989670  
  1.790000   -0.18597417370541    0.38301950954063    0.23368294715665   -0.22100285964257    0.43350675315829  
  1.800000   -0.18228980623243    0.38250008849143    0.23023731154994   -0.22316255514495    0.42835515094314  
  1.810000   -0.17867939576625    0.38191576490466    0.22684477270307   -0.22524127197032    0.42322153464343  
  1.820000   -0.17514149340152    0.38126873629168    0.22350438390705   -0.22723944059412    0.41811089031843  
  1.830000   -0.17167468051951    0.38056111523919    0.22021525803874   -0.22915756922305    0.41302808356352  
  1.840000   -0.16827756745238    0.37979493184650    0.21697656219470   -0.23099626209451    0.40797781578352  
  1.850000   -0.16494879220510    0.37897213642039    0.21378751248401   -0.23275623546653    0.40296458233007  
  1.860000   -0.16168701924037    0.37809460239980    0.21064736899667   -0.23443833117281    0.39799263293887  
  1.870000   -0.15849093833051    0.37716412948159    0.20755543096291   -0.23604352764783    0.39306593487460  
  1.880000   -0.15535926347993    0.37618244691777    0.20451103211679   -0.23757294835762    0.38818813915918  
  1.890000   -0.15229073192070    0.37515121695420    0.20151353627607   -0.23902786760259    0.38336255022369  
  1.900000   -0.14928410318289    0.37407203838034    0.19856233314865   -0.24040971368897    0.37859209928508  
  1.910000   -0.14633815824090    0.37294645015971    0.19565683437451   -0.24172006949515    0.37387932170752  
  1.920000   -0.14345169873587    0.37177593511091    0.19279646981030   -0.24296067048810    0.36922633856416  
  1.930000   -0.14062354627383    0.37056192360946    0.18998068406237   -0.24413340027221    0.36463484256931  
  1.940000   -0.13785254179854    0.36930579728158    0.18720893327266   -0.24524028377940    0.36010608850390  
  1.950000   -0.13513754503720    0.36800889266164    0.18448068216015   -0.24628347823339    0.35564088820891  
  1.960000   -0.13247743401684    0.36667250478651    0.18179540131950   -0.24726526204379    0.35123961017323  
  1.970000   -0.12987110464855    0.36529789070110    0.17915256477692   -0.24818802180571    0.34690218369386  
  1.980000   -0.12731747037635    0.36388627285096    0.17655164780214   -0.24905423759908    0.34262810753865  
  1.990000   -0.12481546188685    0.36243884233954    0.17399212497404   -0.24986646679707    0.33841646299530  
  2.000000   -0.12236402687578    0.36095676202947    0.17147346849626   -0.25062732660669    0.33426593114504  
  2.010000   -0.11996212986699    0.35944116946936    0.16899514675810   -0.25133947557461    0.33017481415646  
  2.020000   -0.11760875207923    0.35789317962937    0.16655662313478   -0.25200559429936    0.32614106035418  
  2.030000   -0.11530289133595    0.35631388743139    0.16415735502015   -0.25262836559627    0.32216229277941  
  2.040000   -0.11304356201306    0.35470437006152    0.16179679308401   -0.25321045436339    0.31823584092471  
  2.050000   -0.11082979501967    0.35306568905529    0.15947438074534   -0.25375448739676    0.31435877529409  
  2.060000   -0.10866063780657    0.35139889214792    0.15718955385167   -0.25426303340014    0.31052794441258  
  2.070000   -0.10653515439742    0.34970501488471    0.15494174055442   -0.25473858342856    0.30674001388594  
  2.080000   -0.10445242543759    0.34798508198869    0.15273036136907   -0.25518353199716    0.30299150709244  
  2.090000   -0.10241154825552    0.34624010848515    0.15055482940851   -0.25560015907618    0.29927884707409  
  2.100000   -0.10041163693201    0.34447110058494    0.14841455077732   -0.25599061318017    0.29559839918500  
  2.110000   -0.09845182237257    0.34267905633050    0.14630892511444   -0.25635689574474    0.29194651404890  
  2.120000   -0.09653125237859    0.34086496601084    0.14423734627102   -0.25670084696758    0.28831957037775  
  2.130000   -0.09464909171287    0.33902981235372    0.14219920311022   -0.25702413327201    0.28471401720706  
  2.140000   -0.09280452215596    0.33717457050496    0.14019388041523   -0.25732823653148    0.28112641511216  
  2.150000   -0.09099674254932    0.33530020780699    0.13822075989186   -0.25761444517256    0.27755347598290  
  2.160000   -0.08922496882236    0.33340768338979    0.13627922125190   -0.25788384725173    0.27399210095132  
  2.170000   -0.08748843400014    0.33149794758953    0.13436864336332   -0.25813732557859    0.27043941608841  
  2.180000   -0.08578638818934    0.32957194121076    0.13248840545366   -0.25837555493471    0.26689280551105  
  2.190000   -0.08411809854019    0.32763059464982    0.13063788835302   -0.25859900141383    0.26334994156925  
  2.200000   -0.08248284918260    0.32567482689748    0.12881647576331   -0.25880792388562    0.25980881181551  
  2.210000   -0.08087994113494    0.32370554444001    0.12702355554064   -0.25900237756157    0.25626774249305  
  2.220000   -0.07930869218448    0.32172364007804    0.12525852097839   -0.25918221961928    0.25272541831706  
  2.230000   -0.07776843673871    0.31972999168322    0.12352077207843   -0.25934711681867    0.24918089836237  
  2.240000   -0.07625852564730    0.31772546091272    0.12180971679907   -0.25949655502288    0.24563362791224  
  2.250000   -0.07477832599462    0.31571089190143    0.12012477226841   -0.25962985051643    0.24208344616512  
  2.260000   -0.07332722086325    0.31368710995175    0.11846536595263   -0.25974616299453    0.23853058973958  
  2.270000   -0.07190460906918    0.31165492024024    0.11683093676932   -0.25984451008021    0.23497569196086  
  2.280000   -0.07050990486965    0.30961510655986    0.11522093613689   -0.25992378321066    0.23141977795626  
  2.290000   -0.06914253764495    0.30756843011575    0.11363482895145   -0.25998276472025    0.22786425562910  
  2.300000   -0.06780195155572    0.30551562839160    0.11207209448386   -0.26002014593630    0.22431090262308  
  2.310000   -0.06648760517764    0.30345741410251    0.11053222719014   -0.26003454609392    0.22076184942942  
  2.320000   -0.06519897111533    0.30139447424912    0.10901473742941   -0.26002453186869    0.21721955882768  
  2.330000   -0.06393553559783    0.29932746928634    0.10751915208449   -0.25998863732094    0.21368680188787  
  2.340000   -0.06269679805796    0.29725703241868    0.10604501508110   -0.25992538404194    0.21016663079528  
  2.350000   -0.06148227069800    0.29518376903239    0.10459188780253   -0.25983330129203    0.20666234879062  
  2.360000   -0.06029147804435    0.29310825627343    0.10315934939769   -0.25971094592148    0.20317747754596  
  2.370000   -0.05912395649379    0.29103104277814    0.10174699698122   -0.25955692186916    0.19971572232131  
  2.380000   -0.05797925385405    0.28895264856194    0.10035444572530   -0.25936989903938    0.19628093526773  
  2.390000   -0.05685692888137    0.28687356506982    0.09898132884389   -0.25914863136511    0.19287707725930  
  2.400000   -0.05575655081785    0.28479425539027    0.09762729747056   -0.25889197387585    0.18950817864971  
  2.410000   -0.05467769893117    0.28271515463267    0.09629202043251   -0.25859889859952    0.18617829935760  
  2.420000   -0.05361996205929    0.28063667046657    0.09497518392372   -0.25826850914149    0.18289148868949  
  2.430000   -0.05258293816269    0.27855918381939    0.09367649108115   -0.25790005379819    0.17965174530964  
  2.440000   -0.05156623388646    0.27648304972740    0.09239566146875   -0.25749293707956    0.17646297776204  
  2.450000   -0.05056946413461    0.27440859833351    0.09113243047449   -0.25704672953125    0.17332896594223  
  2.460000   -0.04959225165869    0.27233613602354    0.08988654862646   -0.25656117576653    0.17025332390425  
  2.470000   -0.04863422666255    0.27026594669162    0.08865778083470   -0.25603620063665    0.16723946437258  
  2.480000   -0.04769502642516    0.26819829312374    0.08744590556563   -0.25547191348826    0.16429056530915  
  2.490000   -0.04677429494302    0.26613341848755    0.08625071395686   -0.25486861047692    0.16140953886273  
  2.500000   -0.04587168259345    0.26407154791530    0.08507200888028   -0.25422677492560    0.15859900300172  
  2.510000   -0.04498684581995    0.26201289016600    0.08390960396155   -0.25354707573797    0.15586125610238  
  2.520000   -0.04411944684060    0.25995763935210    0.08276332256474   -0.25283036389577    0.15319825473282  
  2.530000   -0.04326915338016    0.25790597671537    0.08163299675069   -0.25207766708956    0.15061159483916  
  2.540000   -0.04243563842634    0.25585807243624    0.08051846621795   -0.25129018255101    0.14810249650438  
  2.550000   -0.04161858001057    0.25381408746045    0.07941957723506   -0.25046926817280    0.14567179241319  
  2.560000   -0.04081766101316    0.25177417532692    0.07833618157316   -0.24961643201959    0.14331992011759  
  2.570000   -0.04003256899290    0.24973848398065    0.07726813544739   -0.24873332034910    0.14104691815880  
  2.580000   -0.03926299604048    0.24770715755461    0.07621529847577   -0.24782170427714    0.13885242606155  
  2.590000   -0.03850863865529    0.24568033810496    0.07517753266370   -0.24688346523334    0.13673568817745  
  2.600000   -0.03776919764481    0.24365816728459    0.07415470142205   -0.24592057936559    0.13469556131510  
  2.610000   -0.03704437804557    0.24164078794015    0.07314666862638   -0.24493510106138    0.13273052605679  
  2.620000   -0.03633388906467    0.23962834561909    0.07215329772436   -0.24392914576158    0.13083870162451  
  2.630000   -0.03563744404054    0.23762098997359    0.07117445089809   -0.24290487224859    0.12901786412333  
  2.640000   -0.03495476042153    0.23561887604968    0.07020998828720   -0.24186446459475    0.12726546795667  
  2.650000   -0.03428555976092    0.23362216545061    0.06925976727836   -0.24081011395909    0.12557867017738  
  2.660000   -0.03362956772662    0.23163102736513    0.06832364186586   -0.23974400042061    0.12395435751040  
  2.670000   -0.03298651412402    0.22964563945215    0.06740146208755   -0.23866827503469    0.12238917575730  
  2.680000   -0.03235613293013    0.22766618857524    0.06649307353944   -0.23758504229528    0.12087956127091  
  2.690000   -0.03173816233727    0.22569287138114    0.06559831697179   -0.23649634318030    0.11942177416959  
  2.700000   -0.03113234480448    0.22372589471854    0.06471702796854   -0.23540413895010    0.11801193294502  
  2.710000   -0.03053842711498    0.22176547589457    0.06384903671144   -0.23431029585988    0.11664605010602  
  2.720000   -0.02995616043756    0.21981184276786    0.06299416782920   -0.23321657093639    0.11532006849292  
  2.730000   -0.02938530039045    0.21786523367897    0.06215224033148   -0.23212459895706    0.11402989789273  
  2.740000   -0.02882560710579    0.21592589721987    0.06132306762665   -0.23103588075626    0.11277145158515  
  2.750000   -0.02827684529301    0.21399409184628    0.06050645762147   -0.22995177296869    0.11154068245305  
  2.760000   -0.02773878429958    0.21207008533748    0.05970221290039   -0.22887347930443    0.11033361829799  
  2.770000   -0.02721119816760    0.21015415411017    0.05891013098110   -0.22780204343336    0.10914639601237  
  2.780000   -0.02669386568486    0.20824658239372    0.05813000464283   -0.22673834353958    0.10797529427429  
  2.790000   -0.02618657042900    0.20634766127575    0.05736162232259   -0.22568308858879    0.10681676444837  
  2.800000   -0.02568910080375    0.20445768762802    0.05660476857483   -0.22463681633334    0.10566745939729  
  2.810000   -0.02520125006597    0.20257696292358    0.05585922458867   -0.22359989306159    0.10452425993181  
  2.820000   -0.02472281634287    0.20070579195707    0.05512476875699   -0.22257251508017    0.10338429865380  
  2.830000   -0.02425360263843    0.19884448148104    0.05440117729092   -0.22155471189968    0.10224498097524  
  2.840000   -0.02379341682853    0.19699333877160    0.05368822487315   -0.22054635107701    0.10110400312698  
  2.850000   -0.02334207164423    0.19515267013745    0.05298568534290   -0.21954714465058    0.09995936700315  
  2.860000   -0.02289938464303    0.19332277938673    0.05229333240564   -0.21855665708883    0.09880939172120  
  2.870000   -0.02246517816772    0.19150396626638    0.05161094035996   -0.21757431465695    0.09765272181196  
  2.880000   -0.02203927929305    0.18969652488896    0.05093828483437   -0.21659941609295    0.09648833198959  
  2.890000   -0.02162151976012    0.18790074216174    0.05027514352647   -0.21563114447137    0.09531552848695  
  2.900000   -0.02121173589892    0.18611689623291    0.04962129693723   -0.21466858012120    0.09413394697721  
  2.910000   -0.02080976853923    0.18434525496947    0.04897652909303   -0.21371071445496    0.09294354713781  
  2.920000   -0.02041546291058    0.18258607448082    0.04834062824841   -0.21275646455698    0.09174460394683  
  2.930000   -0.02002866853179    0.18083959770191    0.04771338756279   -0.21180468837248    0.09053769583499  
  2.940000   -0.01964923909076    0.17910605304875    0.04709460574455   -0.21085420033356    0.08932368984791  
  2.950000   -0.01927703231553    0.17738565315865    0.04648408765633   -0.20990378725513    0.08810372400293  
  2.960000   -0.01891190983729    0.17567859372670    0.04588164487592   -0.20895222433173    0.08687918705237  
  2.970000   -0.01855373704656    0.17398505244870    0.04528709620737   -0.20799829106682    0.08565169589008  
  2.980000   -0.01820238294338    0.17230518808025    0.04470026813769   -0.20704078696746    0.08442307086089  
  2.990000   -0.01785771998274    0.17063913962019    0.04412099523479   -0.20607854684116    0.08319530925199  
  3.000000   -0.01751962391630    0.16898702562547    0.04354912048328   -0.20511045553698    0.08197055726184  
  3.010000   -0.01718797363163    0.16734894366352    0.04298449555502   -0.20413546197953    0.08075108075581  
  3.020000   -0.01686265099010    0.16572496990653    0.04242698101200   -0.20315259235318    0.07953923512768  
  3.030000   -0.01654354066453    0.16411515887116    0.04187644644016   -0.20216096230354    0.07833743459281  
  3.040000   -0.01623052997787    0.16251954330544    0.04133277051278   -0.20115978803421    0.07714812124218  
  3.050000   -0.01592350874396    0.16093813422371    0.04079584098346   -0.20014839618952    0.07597373418612  
  3.060000   -0.01562236911141    0.15937092108875    0.04026555460873   -0.19912623242695    0.07481667911309  
  3.070000   -0.01532700541181    0.15781787213909    0.03974181700150   -0.19809286859758    0.07367929858179  
  3.080000   -0.01503731401310    0.15627893485839    0.03922454241700   -0.19704800846785    0.07256384335461  
  3.090000   -0.01475319317903    0.15475403658208    0.03871365347330   -0.19599149193160    0.07147244506711  
  3.100000   -0.01447454293573    0.15324308523575    0.03820908080964   -0.19492329767757    0.07040709051165  
  3.110000   -0.01420126494589    0.15174597019834    0.03771076268573   -0.19384354429380    0.06936959779441  
  3.120000   -0.01393326239147    0.15026256328223    0.03721864452623   -0.19275248980715    0.06836159460296  
  3.130000   -0.01367043986539    0.14879271982130    0.03673267841490   -0.19165052967219    0.06738449879770  
  3.140000   -0.01341270327271    0.14733627985733    0.03625282254325   -0.19053819324025    0.06643950151424  
  3.150000   -0.01315995974173    0.14589306941403    0.03577904061926   -0.18941613875511    0.06552755293583  
  3.160000   -0.01291211754522    0.14446290184758    0.03531130124175   -0.18828514693678    0.06464935086570  
  3.170000   -0.01266908603211    0.14304557926175    0.03484957724641   -0.18714611322980    0.06380533219846  
  3.180000   -0.01243077556948    0.14164089397549    0.03439384502984   -0.18600003880551    0.06299566735843  
  3.190000   -0.01219709749511    0.14024863003028    0.03394408385792   -0.18484802042091    0.06222025774087  
  3.200000   -0.01196796408021    0.13886856472436    0.03350027516505   -0.18369123924785    0.06147873615987  
  3.210000   -0.01174328850233    0.13750047016107    0.03306240185092   -0.18253094879665    0.06077047027527  
  3.220000   -0.01152298482793    0.13614411479818    0.03263044758126   -0.18136846206722    0.06009456893893  
  3.230000   -0.01130696800440    0.13479926498553    0.03220439609919   -0.18020513806801    0.05944989137078  
  3.240000   -0.01109515386092    0.13346568647846    0.03178423055339   -0.17904236784934    0.05883505904538  
  3.250000   -0.01088745911768    0.13214314591469    0.03136993284937   -0.17788156020196    0.05824847014173  
  3.260000   -0.01068380140275    0.13083141224316    0.03096148302963   -0.17672412717438    0.05768831638325  
  3.270000   -0.01048409927600    0.12953025809343    0.03055885868845   -0.17557146956403    0.05715260207012  
  3.280000   -0.01028827225931    0.12823946107542    0.03016203442629   -0.17442496253662    0.05663916508472  
  3.290000   -0.01009624087224    0.12695880499949    0.02977098134898   -0.17328594152618    0.05614569963108  
  3.300000   -0.00990792667237    0.12568808100819    0.02938566661569   -0.17215568856476    0.05566978045240  
  3.310000   -0.00972325229951    0.12442708861163    0.02900605303982   -0.17103541918547    0.05520888825690  
  3.320000   -0.00954214152280    0.12317563661932    0.02863209874607   -0.16992627003603    0.05476043607083  
  3.330000   -0.00936451929001    0.12193354396273    0.02826375688640   -0.16882928733215    0.05432179622948  
  3.340000   -0.00919031177798    0.12070064040345    0.02790097541727   -0.16774541627049    0.05389032771225  
  3.350000   -0.00901944644343    0.11947676712325    0.02754369693961   -0.16667549151069    0.05346340352556  
  3.360000   -0.00885185207338    0.11826177719322    0.02719185860252   -0.16562022882423    0.05303843783921  
  3.370000   -0.00868745883416    0.11705553592063    0.02684539207124   -0.16458021799541    0.05261291258558  
  3.380000   -0.00852619831846    0.11585792107283    0.02650422355898   -0.16355591704624    0.05218440323909  
  3.390000   -0.00836800358949    0.11466882297906    0.02616827392181   -0.16254764784304    0.05175060350324  
  3.400000   -0.00821280922172    0.11348814451198    0.02583745881521   -0.16155559312783    0.05130934864611  
  3.410000   -0.00806055133740    0.11231580095168    0.02551168891017   -0.16057979500271    0.05085863724067  
  3.420000   -0.00791116763847    0.11115171973621    0.02519087016626   -0.15962015488002    0.05039665108501  
  3.430000   -0.00776459743318    0.10999584010341    0.02487490415859   -0.15867643489575    0.04992177309795  
  3.440000   -0.00762078165711    0.10884811263010    0.02456368845490   -0.15774826076869    0.04943260300808  
  3.450000   -0.00747966288812    0.10770849867495    0.02425711703882   -0.15683512607234    0.04892797067912  
  3.460000   -0.00734118535504    0.10657696973295    0.02395508077464   -0.15593639787248    0.04840694693994  
  3.470000   -0.00720529493976    0.10545350670933    0.02365746790878   -0.15505132366889    0.04786885181525  
  3.480000   -0.00707193917275    0.10433809912190    0.02336416460274   -0.15417903956650    0.04731326008097  
  3.490000   -0.00694106722173    0.10323074424118    0.02307505549188   -0.15331857958862    0.04674000409706  
  3.500000   -0.00681262987368    0.10213144617802    0.02279002426453   -0.15246888603340    0.04614917389980  
  3.510000   -0.00668657951027    0.10104021492888    0.02250895425530   -0.15162882076397    0.04554111456484  
  3.520000   -0.00656287007675    0.09995706538921    0.02223172904683   -0.15079717731343    0.04491642088114  
  3.530000   -0.00644145704459    0.09888201634527    0.02195823307366   -0.14997269367783    0.04427592940416  
  3.540000   -0.00632229736829    0.09781508945510    0.02168835222248   -0.14915406566332    0.04362070798447  
  3.550000   -0.00620534943650    0.09675630822903    0.02142197442253   -0.14833996064835    0.04295204289392  
  3.560000   -0.00609057301806    0.09570569702008    0.02115899022050   -0.14752903161806    0.04227142369655  
  3.570000   -0.00597792920326    0.09466328003428    0.02089929333417   -0.14671993132527    0.04158052603473  
  3.580000   -0.00586738034103    0.09362908037067    0.02064278117938   -0.14591132643184    0.04088119252204  
  3.590000   -0.00575888997241    0.09260311910019    0.02038935536525   -0.14510191148454    0.04017541195379  
  3.600000   -0.00565242276100    0.09158541439227    0.02013892215276   -0.14429042258183    0.03946529706269  
  3.610000   -0.00554794442105    0.09057598069723    0.01989139287242   -0.14347565059154    0.03875306106177  
  3.620000   -0.00544542164363    0.08957482799193    0.01964668429689   -0.14265645378419    0.03804099322803  
  3.630000   -0.00534482202176    0.08858196109552    0.01940471896510   -0.14183176975342    0.03733143378949  
  3.640000   -0.00524611397499    0.08759737906114    0.01916542545481   -0.14100062650240    0.03662674838443  
  3.650000   -0.00514926667409    0.08662107464869    0.01892873860117   -0.14016215258414    0.03592930236467  
  3.660000   -0.00505424996662    0.08565303388303    0.01869459965915   -0.13931558619365    0.03524143521538  
  3.670000   -0.00496103430378    0.08469323570076    0.01846295640857   -0.13846028312082    0.03456543536129  
  3.680000   -0.00486959066941    0.08374165168810    0.01823376320081   -0.13759572348503    0.03390351562364  
  3.690000   -0.00477989051152    0.08279824591133    0.01800698094701   -0.13672151718504    0.03325778958457  
  3.700000   -0.00469190567690    0.08186297484026    0.01778257704790   -0.13583740801126    0.03263024910419  
  3.710000   -0.00460560834948    0.08093578736433    0.01756052526641   -0.13494327638114    0.03202274322292  
  3.720000   -0.00452097099272    0.08001662490002    0.01734080554418   -0.13403914067291    0.03143695866545  
  3.730000   -0.00443796629655    0.07910542158728    0.01712340376427   -0.13312515714721    0.03087440214502  
  3.740000   -0.00435656712918    0.07820210457200    0.01690831146233   -0.13220161846048    0.03033638464668  
  3.750000   -0.00427674649412    0.07730659437038    0.01669552548937   -0.13126895078884    0.02982400784634  
  3.760000   -0.00419847749265    0.07641880531070    0.01648504762949   -0.13032770959491    0.02933815279944  
  3.770000   -0.00412173329194    0.07553864604695    0.01627688417666   -0.12937857408409    0.02887947100803  
  3.780000   -0.00404648709892    0.07466602013827    0.01607104547452   -0.12842234041009    0.02844837794979  
  3.790000   -0.00397271214007    0.07380082668747    0.01586754542413   -0.12745991370195    0.02804504912593  
  3.800000   -0.00390038164706    0.07294296103145    0.01566640096436   -0.12649229899692    0.02766941865810  
  3.810000   -0.00382946884819    0.07209231547593    0.01546763153031   -0.12552059117431    0.02732118043726  
  3.820000   -0.00375994696563    0.07124878006628    0.01527125849486   -0.12454596399546    0.02699979180072  
  3.830000   -0.00369178921820    0.07041224338642    0.01507730459908   -0.12356965836370    0.02670447968672  
  3.840000   -0.00362496882949    0.06958259337705    0.01488579337704   -0.12259296992610    0.02643424919009  
  3.850000   -0.00355945904113    0.06875971816469    0.01469674858055   -0.12161723614477    0.02618789441754  
  3.860000   -0.00349523313084    0.06794350689291    0.01451019360954   -0.12064382297092    0.02596401151726  
  3.870000   -0.00343226443487    0.06713385054715    0.01432615095359   -0.11967411125825    0.02576101373515  
  3.880000   -0.00337052637455    0.06633064276463    0.01414464164999   -0.11870948305472    0.02557714832920  
  3.890000   -0.00330999248639    0.06553378062124    0.01396568476349   -0.11775130791243    0.02541051515488  
  3.900000   -0.00325063645540    0.06474316538738    0.01378929689278   -0.11680092935483    0.02525908671726  
  3.910000   -0.00319243215102    0.06395870324529    0.01361549170842   -0.11585965163836    0.02512072947152  
  3.920000   -0.00313535366523    0.06318030596075    0.01344427952648   -0.11492872694243    0.02499322614082  
  3.930000   -0.00307937535234    0.06240789150260    0.01327566692192   -0.11400934311649    0.02487429881120  
  3.940000   -0.00302447186988    0.06164138460395    0.01310965638535   -0.11310261210727    0.02476163255590  
  3.950000   -0.00297061822006    0.06088071725994    0.01294624602623   -0.11220955918167    0.02465289933700  
  3.960000   -0.00291778979135    0.06012582915707    0.01278542932523   -0.11133111305241    0.02454578193077  
  3.970000   -0.00286596239955    0.05937666803036    0.01262719493789   -0.11046809700406    0.02443799762368  
  3.980000   -0.00281511232795    0.05863318994482    0.01247152655124   -0.10962122110647    0.02432732142994  
  3.990000   -0.00276521636599    0.05789535949909    0.01231840279456   -0.10879107559123    0.02421160858740  
  4.000000   -0.00271625184607    0.05716314994920    0.01216779720474   -0.10797812545488    0.02408881609763  
  4.010000   -0.00266819667796    0.05643654325185    0.01201967824646   -0.10718270633964    0.02395702308698  
  4.020000   -0.00262102938048    0.05571553002696    0.01187400938647   -0.10640502172935    0.02381444977901  
  4.030000   -0.00257472911006    0.05500010944026    0.01173074922120   -0.10564514148488    0.02365947488448  
  4.040000   -0.00252927568586    0.05429028900732    0.01158985165586   -0.10490300172920    0.02349065123229  
  4.050000   -0.00248464961108    0.05358608432135    0.01145126613321   -0.10417840607901    0.02330671948487  
  4.060000   -0.00244083209037    0.05288751870769    0.01131493790930   -0.10347102820552    0.02310661980176  
  4.070000   -0.00239780504299    0.05219462280864    0.01118080837320   -0.10278041569404    0.02288950133809  
  4.080000   -0.00235555111168    0.05150743410287    0.01104881540744   -0.10210599515834    0.02265472948771  
  4.090000   -0.00231405366702    0.05082599636455    0.01091889378505   -0.10144707855367    0.02240189080524  
  4.100000   -0.00227329680737    0.05015035906731    0.01079097559933   -0.10080287061967    0.02213079556600  
  4.110000   -0.00223326535430    0.04948057673926    0.01066499072171   -0.10017247737365    0.02184147794826  
  4.120000   -0.00219394484347    0.04881670827535    0.01054086728299   -0.09955491556397    0.02153419384718  
  4.130000   -0.00215532151129    0.04815881621372    0.01041853217306   -0.09894912298368    0.02120941635515  
  4.140000   -0.00211738227726    0.04750696598322    0.01029791155383   -0.09835396953653    0.02086782896765  
  4.150000   -0.00208011472225    0.04686122512922    0.01017893138043   -0.09776826893965    0.02051031659754  
  4.160000   -0.00204350706302    0.04622166252515    0.01006151792502   -0.09719079094151    0.02013795450388  
  4.170000   -0.00200754812313    0.04558834757725    0.00994559829827   -0.09662027392867    0.01975199526252  
  4.180000   -0.00197222730057    0.04496134943003    0.00983110096293   -0.09605543779139    0.01935385392629  
  4.190000   -0.00193753453246    0.04434073617964    0.00971795623464   -0.09549499691602    0.01894509154105  
  4.200000   -0.00190346025718    0.04372657410272    0.00960609676470   -0.09493767317106    0.01852739720042  
  4.210000   -0.00186999537424    0.04311892690747    0.00949545800019   -0.09438220875466    0.01810256883693  
  4.220000   -0.00183713120237    0.04251785501386    0.00938597861676   -0.09382737877271    0.01767249295966  
  4.230000   -0.00180485943617    0.04192341486929    0.00927760091981   -0.09327200342048    0.01723912355892  
  4.240000   -0.00177317210187    0.04133565830579    0.00917027121022   -0.09271495964458    0.01680446040602  
  4.250000   -0.00174206151240    0.04075463194424    0.00906394011092   -0.09215519216851    0.01637052698212  
  4.260000   -0.00171152022248    0.04018037665064    0.00895856285120   -0.09159172377127    0.01593934827248  
  4.270000   -0.00168154098395    0.03961292704895    0.00885409950601   -0.09102366471706    0.01551292866340  
  4.280000   -0.00165211670181    0.03905231109434    0.00875051518797   -0.09045022124290    0.01509323017653  
  4.290000   -0.00162324039148    0.03849854971017    0.00864778019026   -0.08987070302098    0.01468215127095  
  4.300000   -0.00159490513754    0.03795165649117    0.00854587007912   -0.08928452952347    0.01428150643626  
  4.310000   -0.00156710405436    0.03741163747500    0.00844476573522   -0.08869123522882    0.01389300679050  
  4.320000   -0.00153983024904    0.03687849098316    0.00834445334349   -0.08809047362086    0.01351824188533  
  4.330000   -0.00151307678688    0.03635220753206    0.00824492433178   -0.08748201994450    0.01315866290693  
  4.340000   -0.00148683665977    0.03583276981394    0.00814617525909   -0.08686577269451    0.01281556744556  
  4.350000   -0.00146110275770    0.03532015274698    0.00804820765451   -0.08624175382734    0.01249008598948  
  4.360000   -0.00143586784358    0.03481432359310    0.00795102780881   -0.08561010769862    0.01218317027946  
  4.370000   -0.00141112453169    0.03431524214123    0.00785464652079   -0.08497109874238    0.01189558364037  
  4.380000   -0.00138686526975    0.03382286095353    0.00775907880099   -0.08432510792080    0.01162789338408  
  4.390000   -0.00136308232485    0.03333712567105    0.00766434353607   -0.08367262798567    0.01138046535631  
  4.400000   -0.00133976777324    0.03285797537514    0.00757046311711   -0.08301425760512    0.01115346067600  
  4.410000   -0.00131691349402    0.03238534300015    0.00747746303582   -0.08235069442034    0.01094683469306  
  4.420000   -0.00129451116674    0.03191915579270    0.00738537145271   -0.08168272710794    0.01076033816613  
  4.430000   -0.00127255227280    0.03145933581220    0.00729421874165   -0.08101122653357    0.01059352063844  
  4.440000   -0.00125102810067    0.03100580046729    0.00720403701559   -0.08033713609155    0.01044573596654  
  4.450000   -0.00122992975467    0.03055846308209    0.00711485963799   -0.07966146133298    0.01031614993401  
  4.460000   -0.00120924816727    0.03011723348643    0.00702672072522   -0.07898525899229    0.01020374986007  
  4.470000   -0.00118897411456    0.02968201862381    0.00693965464469   -0.07830962552757    0.01010735609236  
  4.480000   -0.00116909823490    0.02925272317063    0.00685369551399   -0.07763568529493    0.01002563525323  
  4.490000   -0.00114961105015    0.02882925016055    0.00676887670593   -0.07696457848035    0.00995711509105  
  4.500000   -0.00113050298960    0.02841150160754    0.00668523036448   -0.07629744891468    0.00990020077103  
  4.510000   -0.00111176441592    0.02799937912148    0.00660278693650   -0.07563543189820    0.00985319242582  
  4.520000   -0.00109338565304    0.02759278451013    0.00652157472389   -0.07497964216066    0.00981430377305  
  4.530000   -0.00107535701557    0.02719162036182    0.00644161946065   -0.07433116208100    0.00978168159634  
  4.540000   -0.00105766883933    0.02679579060309    0.00636294391901   -0.07369103028762    0.00975342587820  
  4.550000   -0.00104031151275    0.02640520102620    0.00628556754855   -0.07306023075620    0.00972761036652  
  4.560000   -0.00102327550864    0.02601975978145    0.00620950615189   -0.07243968251616    0.00970230335304  
  4.570000   -0.00100655141613    0.02563937783015    0.00613477160010   -0.07183023007047    0.00967558844039  
  4.580000   -0.00099012997225    0.02526396935392    0.00606137159054   -0.07123263462580    0.00964558507539  
  4.590000   -0.00097400209293    0.02489345211706    0.00598930944964   -0.07064756622122    0.00961046862954  
  4.600000   -0.00095815890295    0.02452774777904    0.00591858398235   -0.07007559683434    0.00956848981325  
  4.610000   -0.00094259176472    0.02416678215450    0.00584918936969   -0.06951719453325    0.00951799321821  
  4.620000   -0.00092729230528    0.02381048541914    0.00578111511540   -0.06897271873168    0.00945743479239  
  4.630000   -0.00091225244153    0.02345879226020    0.00571434604204   -0.06844241659335    0.00938539806406  
  4.640000   -0.00089746440318    0.02311164197079    0.00564886233652   -0.06792642061917    0.00930060894556  
  4.650000   -0.00088292075340    0.02276897848813    0.00558463964439   -0.06742474743910    0.00920194896276  
  4.660000   -0.00086861440676    0.02243075037614    0.00552164921196   -0.06693729781742    0.00908846677409  
  4.670000   -0.00085453864439    0.02209691075352    0.00545985807463   -0.06646385786804    0.00895938786116  
  4.680000   -0.00084068712618    0.02176741716904    0.00539922928939   -0.06600410146361    0.00881412229344  
  4.690000   -0.00082705389995    0.02144223142613    0.00533972220916   -0.06555759381025    0.00865227048984  
  4.700000   -0.00081363340738    0.02112131935963    0.00528129279595   -0.06512379614735    0.00847362692208  
  4.710000   -0.00080042048684    0.02080465056773    0.00522389396973   -0.06470207152065    0.00827818172676  
  4.720000   -0.00078741037289    0.02049219810294    0.00516747598930   -0.06429169156560    0.00806612021526  
  4.730000   -0.00077459869265    0.02018393812589    0.00511198686126   -0.06389184422792    0.00783782029356  
  4.740000   -0.00076198145907    0.01987984952656    0.00505737277294   -0.06350164233855    0.00759384782579  
  4.750000   -0.00074955506097    0.01957991351751    0.00500357854474   -0.06312013295162    0.00733494999760  
  4.760000   -0.00073731625037    0.01928411320408    0.00495054809735   -0.06274630734645    0.00706204675640  
  4.770000   -0.00072526212682    0.01899243313674    0.00489822492901   -0.06237911158776    0.00677622042592  
  4.780000   -0.00071339011925    0.01870485885084    0.00484655259800   -0.06201745753300    0.00647870361160  
  4.790000   -0.00070169796535    0.01842137639913    0.00479547520536   -0.06166023417088    0.00617086553137  
  4.800000   -0.00069018368878    0.01814197188254    0.00474493787306   -0.06130631917269    0.00585419692266  
  4.810000   -0.00067884557442    0.01786663098448    0.00469488721264   -0.06095459053524    0.00553029369129  
  4.820000   -0.00066768214197    0.01759533851407    0.00464527177962   -0.06060393819426    0.00520083948080  
  4.830000   -0.00065669211816    0.01732807796341    0.00459604250906   -0.06025327548721    0.00486758735182  
  4.840000   -0.00064587440782    0.01706483108384    0.00454715312787   -0.05990155034649    0.00453234076984  
  4.850000   -0.00063522806421    0.01680557748600    0.00449856053973   -0.05954775610695    0.00419693410688  
  4.860000   -0.00062475225878    0.01655029426803    0.00445022517858   -0.05919094181587    0.00386321286680  
  4.870000   -0.00061444625086    0.01629895567612    0.00440211132733   -0.05883022193906    0.00353301384655  
  4.880000   -0.00060430935734    0.01605153280107    0.00435418739842   -0.05846478536293    0.00320814544559  
  4.890000   -0.00059434092293    0.01580799331418    0.00430642617340   -0.05809390360017    0.00289036833375  
  4.900000   -0.00058454029101    0.01556830124537    0.00425880499922   -0.05771693811489    0.00258137668309  
  4.910000   -0.00057490677560    0.01533241680598    0.00421130593917   -0.05733334669242    0.00228278016281  
  4.920000   -0.00056543963459    0.01510029625803    0.00416391587696   -0.05694268878912    0.00199608688788  
  4.930000   -0.00055613804450    0.01487189183140    0.00411662657291   -0.05654462980794    0.00172268750067  
  4.940000   -0.00054700107703    0.01464715168987    0.00406943467177   -0.05613894425711    0.00146384055302  
  4.950000   -0.00053802767766    0.01442601994623    0.00402234166192   -0.05572551776065    0.00122065934133  
  4.960000   -0.00052921664639    0.01420843672635    0.00397535378657   -0.05530434790149    0.00099410033152  
  4.970000   -0.00052056662092    0.01399433828141    0.00392848190772   -0.05487554389019    0.00078495329330  
  4.980000   -0.00051207606227    0.01378365714718    0.00388174132432   -0.05443932506434    0.00059383324484  
  4.990000   -0.00050374324312    0.01357632234847    0.00383515154648   -0.05399601823587    0.00042117428893  
  5.000000   -0.00049556623877    0.01337225964658    0.00378873602796   -0.05354605391548    0.00026722540164  
  5.010000   -0.00048754292096    0.01317139182710    0.00374252185975   -0.05308996145500    0.00013204821351  
  5.020000   -0.00047967095445    0.01297363902496    0.00369653942765   -0.05262836315953    0.00001551680157  
  5.030000   -0.00047194779645    0.01277891908308    0.00365082203751   -0.05216196743215   -0.00008268051057  
  5.040000   -0.00046437069873    0.01258714794105    0.00360540551177   -0.05169156102357   -0.00016303736913  
  5.050000   -0.00045693671256    0.01239824004936    0.00356032776142   -0.05121800046856   -0.00022622366849  
  5.060000   -0.00044964269617    0.01221210880507    0.00351562833765   -0.05074220279932   -0.00027307795751  
  5.070000   -0.00044248532482    0.01202866700395    0.00347134796782   -0.05026513563317   -0.00030459805988  
  5.080000   -0.00043546110312    0.01184782730458    0.00342752808024   -0.04978780673865   -0.00032193001317  
  5.090000   -0.00042856637967    0.01166950269923    0.00338421032269   -0.04931125318907   -0.00032635544894  
  5.100000   -0.00042179736363    0.01149360698664    0.00334143607952   -0.04883653021702   -0.00031927755293  
  5.110000   -0.00041515014319    0.01132005524172    0.00329924599206   -0.04836469988625   -0.00030220575873  
  5.120000   -0.00040862070551    0.01114876427708    0.00325767948736   -0.04789681969900   -0.00027673934175  
  5.130000   -0.00040220495817    0.01097965309162    0.00321677431979   -0.04743393125777   -0.00024455009164  
  5.140000   -0.00039589875155    0.01081264330130    0.00317656613028   -0.04697704909936   -0.00020736425058  
  5.150000   -0.00038969790223    0.01064765954777    0.00313708802757   -0.04652714981776   -0.00016694391240  
  5.160000   -0.00038359821681    0.01048462988032    0.00309837019566   -0.04608516158878   -0.00012506808268  
  5.170000   -0.00037759551617    0.01032348610724    0.00306043953140   -0.04565195420558   -0.00008351360320  
  5.180000   -0.00037168565966    0.01016416411294    0.00302331931597   -0.04522832972852   -0.00004403614504  
  5.190000   -0.00036586456916    0.01000660413735    0.00298702892338   -0.04481501384663   -0.00000835147353  
  5.200000   -0.00036012825259    0.00985075101483    0.00295158356910   -0.04441264804034    0.00002188281542  
  5.210000   -0.00035447282667    0.00969655437001    0.00291699410117   -0.04402178262688    0.00004508489302  
  5.220000   -0.00034889453875    0.00954396876846    0.00288326683609   -0.04364287076060    0.00005976544296  
  5.230000   -0.00034338978731    0.00939295382078    0.00285040344095   -0.04327626345041    0.00006454337696  
  5.240000   -0.00033795514113    0.00924347423880    0.00281840086310   -0.04292220564616    0.00005816035487  
  5.250000   -0.00033258735676    0.00909549984356    0.00278725130803   -0.04258083343451    0.00003949395658  
  5.260000   -0.00032728339418    0.00894900552477    0.00275694226572   -0.04225217237344    0.00000756936785  
  5.270000   -0.00032204043045    0.00880397115238    0.00272745658514   -0.04193613698274   -0.00003843054180  
  5.280000   -0.00031685587134    0.00866038144104    0.00269877259616   -0.04163253139579   -0.00009915685340  
  5.290000   -0.00031172736057    0.00851822576900    0.00267086427776   -0.04134105116601   -0.00017508803089  
  5.300000   -0.00030665278690    0.00837749795331    0.00264370147065   -0.04106128620919   -0.00026652521798  
  5.310000   -0.00030163028873    0.00823819598370    0.00261725013234   -0.04079272485147   -0.00037358944588  
  5.320000   -0.00029665825631    0.00810032171791    0.00259147263202   -0.04053475894096   -0.00049622077780  
  5.330000   -0.00029173533155    0.00796388054172    0.00256632808228   -0.04028668997024   -0.00063417939530  
  5.340000   -0.00028686040537    0.00782888099725    0.00254177270438   -0.04004773614623   -0.00078704861091  
  5.350000   -0.00028203261276    0.00769533438339    0.00251776022336   -0.03981704033449   -0.00095423977081  
  5.360000   -0.00027725132545    0.00756325433259    0.00249424228901   -0.03959367879542   -0.00113499899126  
  5.370000   -0.00027251614243    0.00743265636850    0.00247116891851   -0.03937667062227   -0.00132841565302  
  5.380000   -0.00026782687837    0.00730355744901    0.00244848895622   -0.03916498778279   -0.00153343255924  
  5.390000   -0.00026318355008    0.00717597549957    0.00242615054610   -0.03895756566091   -0.00174885764484  
  5.400000   -0.00025858636114    0.00704992894167    0.00240410161180   -0.03875331398892   -0.00197337710896  
  5.410000   -0.00025403568499    0.00692543622142    0.00238229033987   -0.03855112805693   -0.00220556982708  
  5.420000   -0.00024953204647    0.00680251534324    0.00236066566090   -0.03834990008338   -0.00244392288593  
  5.430000   -0.00024507610225    0.00668118341352    0.00233917772405   -0.03814853062861   -0.00268684807275  
  5.440000   -0.00024066862019    0.00656145619903    0.00231777835986   -0.03794593993293   -0.00293269914039  
  5.450000   -0.00023631045791    0.00644334770486    0.00229642152696   -0.03774107906147   -0.00317978966183  
  5.460000   -0.00023200254088    0.00632686977622    0.00227506373795   -0.03753294073996   -0.00342641128167  
  5.470000   -0.00022774584012    0.00621203172833    0.00225366446027   -0.03732056976860   -0.00367085216827  
  5.480000   -0.00022354134989    0.00609884000839    0.00223218648787   -0.03710307290554   -0.00391141546835  
  5.490000   -0.00021939006556    0.00598729789316    0.00221059628003   -0.03687962811693   -0.00414643756620  
  5.500000   -0.00021529296184    0.00587740522539    0.00218886426385   -0.03664949309682   -0.00437430595192  
  5.510000   -0.00021125097171    0.00576915819190    0.00216696509719   -0.03641201296773   -0.00459347650781  
  5.520000   -0.00020726496616    0.00566254914572    0.00214487788961   -0.03616662708104   -0.00480249002832  
  5.530000   -0.00020333573508    0.00555756647421    0.00212258637885   -0.03591287484560   -0.00499998779760  
  5.540000   -0.00019946396933    0.00545419451462    0.00210007906100   -0.03565040052283   -0.00518472605895  
  5.550000   -0.00019565024437    0.00535241351802    0.00207734927323   -0.03537895693727   -0.00535558922245  
  5.560000   -0.00019189500543    0.00525219966207    0.00205439522788   -0.03509840806260   -0.00551160167114  
  5.570000   -0.00018819855455    0.00515352511264    0.00203121999771   -0.03480873045471   -0.00565193804068  
  5.580000   -0.00018456103943    0.00505635813350    0.00200783145235   -0.03451001351519   -0.00577593186458  
  5.590000   -0.00018098244437    0.00496066324336    0.00198424214647   -0.03420245858083   -0.00588308249418  
  5.600000   -0.00017746258330    0.00486640141829    0.00196046916079   -0.03388637684654   -0.00597306022144  
  5.610000   -0.00017400109493    0.00477353033779    0.00193653389742   -0.03356218614134   -0.00604570955175  
  5.620000   -0.00017059744014    0.00468200467184    0.00191246183158   -0.03323040658875   -0.00610105059391  
  5.630000   -0.00016725090161    0.00459177640601    0.00188828222205   -0.03289165519463   -0.00613927855461  
  5.640000   -0.00016396058561    0.00450279520133    0.00186402778329   -0.03254663941634   -0.00616076134488  
  5.650000   -0.00016072542600    0.00441500878510    0.00183973432233   -0.03219614977803   -0.00616603532639  
  5.660000   -0.00015754419033    0.00432836336869    0.00181544034427   -0.03184105160633   -0.00615579924521  
  5.670000   -0.00015441548802    0.00424280408793    0.00179118663000   -0.03148227597033   -0.00613090641994  
  5.680000   -0.00015133778044    0.00415827546138    0.00176701579059   -0.03112080991777   -0.00609235526994  
  5.690000   -0.00014830939284    0.00407472186192    0.00174297180264   -0.03075768610676   -0.00604127828673  
  5.700000   -0.00014532852795    0.00399208799638    0.00171909952934   -0.03039397193903   -0.00597892956861  
  5.710000   -0.00014239328112    0.00391031938845    0.00169544423190   -0.03003075830552   -0.00590667105341  
  5.720000   -0.00013950165675    0.00382936285949    0.00167205107638   -0.02966914805990   -0.00582595759832  
  5.730000   -0.00013665158602    0.00374916700223    0.00164896464076   -0.02931024433815   -0.00573832106807  
  5.740000   -0.00013384094539    0.00366968264236    0.00162622842730   -0.02895513884434   -0.00564535360289  
  5.750000   -0.00013106757607    0.00359086328286    0.00160388438498   -0.02860490022345   -0.00554869024665  
  5.760000   -0.00012832930383    0.00351266552638    0.00158197244701   -0.02826056264122   -0.00544999112220  
  5.770000   -0.00012562395927    0.00343504947105    0.00156053008793   -0.02792311468929   -0.00535092334557  
  5.780000   -0.00012294939812    0.00335797907531    0.00153959190488   -0.02759348873081   -0.00525314287361  
  5.790000   -0.00012030352142    0.00328142248773    0.00151918922727   -0.02727255079740   -0.00515827648002  
  5.800000   -0.00011768429535    0.00320535233805    0.00149934975890   -0.02696109114301   -0.00506790405341  
  5.810000   -0.00011508977048    0.00312974598624    0.00148009725610   -0.02665981555377   -0.00498354140756  
  5.820000   -0.00011251810025    0.00305458572643    0.00146145124529   -0.02636933750533   -0.00490662378828  
  5.830000   -0.00010996755846    0.00297985894342    0.00144342678288   -0.02609017125086   -0.00483849025410  
  5.840000   -0.00010743655558    0.00290555821967    0.00142603425999   -0.02582272591357   -0.00478036909834  
  5.850000   -0.00010492365369    0.00283168139126    0.00140927925416   -0.02556730064747   -0.00473336446918  
  5.860000   -0.00010242757994    0.00275823155189    0.00139316242955   -0.02532408091943   -0.00469844433131  
  5.870000   -0.00009994723833    0.00268521700432    0.00137767948686   -0.02509313595430   -0.00467642989873  
  5.880000   -0.00009748171965    0.00261265115946    0.00136282116360   -0.02487441737298   -0.00466798665209  
  5.890000   -0.00009503030961    0.00254055238363    0.00134857328478   -0.02466775904150   -0.00467361703754  
  5.900000   -0.00009259249489    0.00246894379509    0.00133491686377   -0.02447287813660   -0.00469365492570  
  5.910000   -0.00009016796718    0.00239785301157    0.00132182825246   -0.02428937742115   -0.00472826189087  
  5.920000   -0.00008775662510    0.00232731185092    0.00130927933924   -0.02411674871031   -0.00477742535108  
  5.930000   -0.00008535857402    0.00225735598751    0.00129723779316   -0.02395437749723   -0.00484095858965  
  5.940000   -0.00008297412370    0.00218802456762    0.00128566735191   -0.02380154869506   -0.00491850265902  
  5.950000   -0.00008060378388    0.00211935978714    0.00127452815074   -0.02365745344085   -0.00500953014756  
  5.960000   -0.00007824825782    0.00205140643587    0.00126377708952   -0.02352119689560   -0.00511335076985  
  5.970000   -0.00007590843376    0.00198421141240    0.00125336823397   -0.02339180696479   -0.00522911872215  
  5.980000   -0.00007358537459    0.00191782321450    0.00124325324755   -0.02326824385380   -0.00535584172507  
  5.990000   -0.00007128030565    0.00185229140983    0.00123338184963   -0.02314941036410   -0.00549239165832  
  6.000000   -0.00006899460090    0.00178766609214    0.00122370229545   -0.02303416282825   -0.00563751667474  
  6.010000   -0.00006672976754    0.00172399732830    0.00121416187328   -0.02292132257482   -0.00578985466533  
  6.020000   -0.00006448742928    0.00166133460177    0.00120470741378   -0.02280968780877   -0.00594794793244  
  6.030000   -0.00006226930846    0.00159972625783    0.00119528580662   -0.02269804578810   -0.00611025891541  
  6.040000   -0.00006007720705    0.00153921895643    0.00118584451920   -0.02258518517427   -0.00627518680146  
  6.050000   -0.00005791298702    0.00147985713795    0.00117633211232   -0.02246990843165   -0.00644108484523  
  6.060000   -0.00005577854994    0.00142168250758    0.00116669874773   -0.02235104415020   -0.00660627821270  
  6.070000   -0.00005367581633    0.00136473354337    0.00115689668231   -0.02222745916620   -0.00676908215932  
  6.080000   -0.00005160670475    0.00130904503332    0.00114688074419   -0.02209807035713   -0.00692782034859  
  6.090000   -0.00004957311097    0.00125464764624    0.00113660878572   -0.02196185598965   -0.00708084311557  
  6.100000   -0.00004757688741    0.00120156754102    0.00112604210890   -0.02181786650381   -0.00722654548020  
  6.110000   -0.00004561982305    0.00114982601848    0.00111514585885   -0.02166523462180   -0.00736338471772  
  6.120000   -0.00004370362403    0.00109943921973    0.00110388938127   -0.02150318467564   -0.00748989729790  
  6.130000   -0.00004182989509    0.00105041787439    0.00109224654024   -0.02133104105603   -0.00760471501135  
  6.140000   -0.00004000012219    0.00100276710169    0.00108019599296   -0.02114823569274   -0.00770658010940  
  6.150000   -0.00003821565629    0.00095648626686    0.00106772141856   -0.02095431448617   -0.00779435929442  
  6.160000   -0.00003647769857    0.00091156889470    0.00105481169852   -0.02074894262024   -0.00786705640917  
  6.170000   -0.00003478728732    0.00086800264187    0.00104146104659   -0.02053190869720   -0.00792382368749  
  6.180000   -0.00003314528639    0.00082576932858    0.00102766908678   -0.02030312764687   -0.00796397144349  
  6.190000   -0.00003155237558    0.00078484502997    0.00101344087828   -0.02006264237449   -0.00798697609277  
  6.200000   -0.00003000904296    0.00074520022695    0.00099878688697   -0.01981062412407   -0.00799248641663  
  6.210000   -0.00002851557909    0.00070680001543    0.00098372290321   -0.01954737154659   -0.00798032799845  
  6.220000   -0.00002707207342    0.00066960437254    0.00096826990681   -0.01927330847534   -0.00795050578089  
  6.230000   -0.00002567841273    0.00063356847786    0.00095245387985   -0.01898898042351   -0.00790320471182  
  6.240000   -0.00002433428166    0.00059864308689    0.00093630556920   -0.01869504983178   -0.00783878846731  
  6.250000   -0.00002303916540    0.00056477495379    0.00091986020055   -0.01839229010641   -0.00775779626001  
  6.260000   -0.00002179235439    0.00053190729963    0.00090315714663   -0.01808157850011   -0.00766093776140  
  6.270000   -0.00002059295106    0.00049998032218    0.00088623955244   -0.01776388789990   -0.00754908618627  
  6.280000   -0.00001943987854    0.00046893174254    0.00086915392101   -0.01744027759713   -0.00742326960713  
  6.290000   -0.00001833189117    0.00043869738386    0.00085194966348   -0.01711188312530   -0.00728466058502  
  6.300000   -0.00001726758678    0.00040921177670    0.00083467861753   -0.01677990526058   -0.00713456422072  
  6.310000   -0.00001624542060    0.00038040878555    0.00081739453877   -0.01644559828893   -0.00697440474757  
  6.320000   -0.00001526372054    0.00035222225068    0.00080015256976   -0.01611025765119   -0.00680571080196  
  6.330000   -0.00001432070388    0.00032458663920    0.00078300869170   -0.01577520708403   -0.00663009952231  
  6.340000   -0.00001341449501    0.00029743769924    0.00076601916390   -0.01544178538027   -0.00644925963940  
  6.350000   -0.00001254314413    0.00027071311096    0.00074923995644   -0.01511133289612   -0.00626493373192  
  6.360000   -0.00001170464665    0.00024435312815    0.00073272618127   -0.01478517793613   -0.00607889983027  
  6.370000   -0.00001089696316    0.00021830120410    0.00071653152736   -0.01446462314815   -0.00589295255865  
  6.380000   -0.00001011803975    0.00019250459560    0.00070070770518   -0.01415093206100   -0.00570888401074  
  6.390000   -0.00000936582832    0.00016691493916    0.00068530390587   -0.01384531589684   -0.00552846455735  
  6.400000   -0.00000863830694    0.00014148879356    0.00067036628041   -0.01354892078772   -0.00535342378564  
  6.410000   -0.00000793349976    0.00011618814318    0.00065593744365   -0.01326281552218   -0.00518543176829  
  6.420000   -0.00000724949643    0.00009098085709    0.00064205600820   -0.01298797994270   -0.00502608085797  
  6.430000   -0.00000658447086    0.00006584109887    0.00062875615250   -0.01272529410844   -0.00487686819720  
  6.440000   -0.00000593669892    0.00004074968297    0.00061606722726   -0.01247552832948   -0.00473917912621  
  6.450000   -0.00000530457509    0.00001569437367    0.00060401340410   -0.01223933416950   -0.00461427166195  
  6.460000   -0.00000468662787   -0.00000932987661    0.00059261336936   -0.01201723650208   -0.00450326220968  
  6.470000   -0.00000408153359   -0.00003432075217    0.00058188006604   -0.01180962669314   -0.00440711265469  
  6.480000   -0.00000348812881   -0.00005926846400    0.00057182048546   -0.01161675696584   -0.00432661896528  
  6.490000   -0.00000290542086   -0.00008415570557    0.00056243551014   -0.01143873598652   -0.00426240141944  
  6.500000   -0.00000233259663   -0.00010895767440    0.00055371980791   -0.01127552568862   -0.00421489654557  
  6.510000   -0.00000176902951   -0.00013364215759    0.00054566177635   -0.01112693932594   -0.00418435084256  
  6.520000   -0.00000121428434   -0.00015816967834    0.00053824353551   -0.01099264071721   -0.00417081631479  
  6.530000   -0.00000066812055   -0.00018249369801    0.00053144096494   -0.01087214460783   -0.00417414782366  
  6.540000   -0.00000013049340   -0.00020656086602    0.00052522377954   -0.01076481803408   -0.00419400221649  
  6.550000    0.00000039844647   -0.00023031130680    0.00051955563662   -0.01066988252698   -0.00422983914697  
  6.560000    0.00000091835503   -0.00025367892959    0.00051439426397   -0.01058641694002   -0.00428092344650  
  6.570000    0.00000142869811   -0.00027659174267    0.00050969159677   -0.01051336062743   -0.00434632884400  
  6.580000    0.00000192875548   -0.00029897214949    0.00050539390812   -0.01044951664122   -0.00442494276310  
  6.590000    0.00000241762546   -0.00032073719988    0.00050144191622   -0.01039355456219   -0.00451547185450  
  6.600000    0.00000289422926   -0.00034179876580    0.00049777084952   -0.01034401253980   -0.00461644785177  
  6.610000    0.00000335731468   -0.00036206360907    0.00049431045090   -0.01029929810289   -0.00472623328183  
  6.620000    0.00000380545832   -0.00038143330897    0.00049098490357   -0.01025768733133   -0.00484302652931  
  6.630000    0.00000423706577   -0.00039980402209    0.00048771266620   -0.01021732207012   -0.00496486576583  
  6.640000    0.00000465036913   -0.00041706605727    0.00048440621274   -0.01017620504265   -0.00508963133348  
  6.650000    0.00000504342182   -0.00043310326611    0.00048097168590   -0.01013219300232   -0.00521504634158  
  6.660000    0.00000541409053   -0.00044779227632    0.00047730849164   -0.01008298846936   -0.00533867552362  
  6.670000    0.00000576004531   -0.00046100163210    0.00047330888688   -0.01002613114352   -0.00545792282715  
  6.680000    0.00000607874914   -0.00047259095195    0.00046885764244   -0.00995899075744   -0.00557002878461  
  6.690000    0.00000636744962   -0.00048241026967    0.00046383189791   -0.00987876391337   -0.00567206942949  
  6.700000    0.00000662317632   -0.00049029978325    0.00045810136116   -0.00978247827168   -0.00576095934481  
  6.710000    0.00000684274857   -0.00049609029472    0.00045152903871   -0.00966700824321   -0.00583346229211  
  6.720000    0.00000702279947   -0.00049960467171    0.00044397270900   -0.00952910695455   -0.00588621366151  
  6.730000    0.00000715982258   -0.00050066068855    0.00043528736158   -0.00936545955027   -0.00591575956166  
  6.740000    0.00000725024800   -0.00049907559824    0.00042532881322   -0.00917276269377   -0.00591861755768  
  6.750000    0.00000729055383   -0.00049467273472    0.00041395867087   -0.00894783425455   -0.00589136367392  
  6.760000    0.00000727741743   -0.00048729033661    0.00040105073313   -0.00868775547812   -0.00583074912950  
  6.770000    0.00000720790809   -0.00047679261254    0.00038649880497   -0.00839004534179   -0.00573384823436  
  6.780000    0.00000707971876   -0.00046308283528    0.00037022574485   -0.00805286332082   -0.00559823589491  
  6.790000    0.00000689142926   -0.00044611796609    0.00035219337627   -0.00767523257163   -0.00542218933836  
  6.800000    0.00000664278766   -0.00042592399267    0.00033241269103   -0.00725727088384   -0.00520490419434  
  6.810000    0.00000633499041   -0.00040261084456    0.00031095356966   -0.00680041212030   -0.00494671037303  
  6.820000    0.00000597093620   -0.00037638546937    0.00028795307119   -0.00630759684981   -0.00464926880938  
  6.830000    0.00000555542432   -0.00034756145887    0.00026362123063   -0.00578340816477   -0.00431572678091  
  6.840000    0.00000509526654   -0.00031656355235    0.00023824327732   -0.00523412795495   -0.00395080787196  
  6.850000    0.00000459928269   -0.00028392545726    0.00021217727676   -0.00466769077574   -0.00356081341540  
  6.860000    0.00000407815507   -0.00025027974034    0.00018584641889   -0.00409351729228   -0.00315351588139  
  6.870000    0.00000354412595   -0.00021633906279    0.00015972552874   -0.00352221717355   -0.00273793139855  
  6.880000    0.00000301053482   -0.00018286873790    0.00013432184755   -0.00296516193002   -0.00232396819025  
  6.890000    0.00000249120744   -0.00015065143040    0.00011015068766   -0.00243394077783   -0.00192195954903  
  6.900000    0.00000199972563   -0.00012044571388    0.00008770715355   -0.00193972601050   -0.00154210298116  
  6.910000    0.00000154862265   -0.00009294105839    0.00006743567771   -0.00149258708750   -0.00119383990064  
  6.920000    0.00000114856339   -0.00006871252420    0.00004969957346   -0.00110080307930   -0.00088522110623  
  6.930000    0.00000080757685   -0.00004817888516    0.00003475308797   -0.00077022966764   -0.00062231061331  
  6.940000    0.00000053041213   -0.00003156800874    0.00002271849332   -0.00050377830293   -0.00040868286154  
  6.950000    0.00000031808378   -0.00001889302815    0.00001357054652   -0.00030106059509   -0.00024506499171  
  6.960000    0.00000016766070   -0.00000994214828    0.00000713017974   -0.00015824046205   -0.00012916656515  
  6.970000    0.00000007233335   -0.00000428387507    0.00000306857791   -0.00006812065074   -0.00005572434825  
  6.980000    0.00000002176996   -0.00000128814168    0.00000092192499   -0.00002047038739   -0.00001677093033  
  6.990000    0.00000000274540   -0.00000016235894    0.00000011614173   -0.00000257912277   -0.00000211495553  
  7.000000   -0.00000000000000   -0.00000000000000   -0.00000000000000    0.00000000000000    0.00000000000000  
