<Coefficient>
	 9 Total number of radial orbitals.
	Type	L	Zeta-Orbital
	  Hg 	0	    1
	  -0.11476227115302
	  -0.22863386751350
	  -0.05674352614019
	   0.00763023898290
	   0.06589831791202
	   0.06561149689911
	   0.07394000769465
	   0.05087619563425
	   0.04245563985042
	   0.02101149240003
	   0.01410859565761
	  -0.00086478121508
	  -0.00368299168151
	  -0.01256260554402
	  -0.01023323625729
	  -0.01454035684680
	  -0.00958095211466
	  -0.01209564925270
	  -0.00567169013072
	  -0.00802026732948
	  -0.00131841666171
	  -0.00458929090163
	   0.00173810748939
	  -0.00308148571874
	   0.00343624786018
	  -0.00292286225095
	   0.00415826947771
	  -0.00459219308872
	Type	L	Zeta-Orbital
	  Hg 	0	    2
	  -0.04193616309721
	  -0.14716293869398
	  -0.19063677763431
	  -0.28676313554519
	  -0.32712503844413
	  -0.34282556035461
	  -0.29597727215394
	  -0.24034783834924
	  -0.15932845924246
	  -0.09197464440723
	  -0.02463087526378
	   0.01800966159830
	   0.05133050347942
	   0.06214374207061
	   0.06821270461244
	   0.05907391408704
	   0.05165552863727
	   0.03610322190206
	   0.02757931157729
	   0.01434554970946
	   0.01048435059265
	   0.00201801960796
	   0.00295138353839
	  -0.00228472686071
	   0.00178222532753
	  -0.00260956241532
	   0.00268605533106
	  -0.00307974987169
	Type	L	Zeta-Orbital
	  Hg 	0	    3
	   0.46772341466777
	  -0.35726666529236
	   0.45597307750337
	   0.07433131295806
	  -0.01896636825920
	  -0.20869816458650
	  -0.20266168693718
	  -0.25507788656048
	  -0.14724483485790
	  -0.11672350551691
	  -0.03340461801635
	  -0.02724325993936
	   0.03924979592625
	   0.02481183168686
	   0.07316389592955
	   0.04390339663606
	   0.07880350236061
	   0.02863284298240
	   0.06323254290136
	   0.00746962720925
	   0.04760908115451
	  -0.01583628298930
	   0.03598543760554
	  -0.03221990844998
	   0.03416290976344
	  -0.04268051231508
	   0.04397790494610
	  -0.05898854406751
	Type	L	Zeta-Orbital
	  Hg 	0	    4
	   0.04266099942687
	  -0.01205290461066
	  -0.56131092459058
	  -0.03904770485833
	   0.10606947445934
	   0.40350061429114
	   0.25133084002433
	   0.30574214066102
	   0.17897915883380
	   0.18733676622064
	   0.05492921375920
	   0.04921805042447
	  -0.03357566883125
	  -0.02155313211373
	  -0.08235858815562
	  -0.05237184273843
	  -0.08924011004894
	  -0.04713194869136
	  -0.07387056252312
	  -0.02136248299752
	  -0.04957666896584
	   0.00265998415140
	  -0.02951732785999
	   0.02346921236245
	  -0.02370702248431
	   0.03055218778448
	  -0.02595239755312
	   0.04003224509872
	Type	L	Zeta-Orbital
	  Hg 	1	    1
	  -0.20647556835468
	  -0.17564676003472
	  -0.13511610389692
	  -0.10274925165707
	  -0.06651529276629
	  -0.02963164238284
	  -0.01946093073404
	  -0.00756724396376
	  -0.00477131260493
	   0.00378632437660
	   0.00398450485698
	   0.00493058957473
	   0.00113936716099
	   0.00333285844188
	  -0.00111512535517
	   0.00149481208353
	  -0.00317929726708
	   0.00079520248379
	  -0.00399153978877
	   0.00109680302119
	  -0.00405187622311
	   0.00234823266311
	  -0.00385712795989
	   0.00346007015320
	  -0.00414179193742
	   0.00499441233190
	  -0.00572299212036
	   0.01127862687043
	Type	L	Zeta-Orbital
	  Hg 	1	    2
	   0.43331421345820
	   0.26970625294322
	   0.03041156822115
	  -0.20400269048384
	  -0.41648284544849
	  -0.57528928688622
	  -0.61332701402281
	  -0.60193506887550
	  -0.53282636568184
	  -0.45655712638820
	  -0.35530409301456
	  -0.26194851583384
	  -0.17082922825835
	  -0.10973338326428
	  -0.05141688145420
	  -0.02471845718500
	   0.00499220658429
	   0.00550735654997
	   0.01896794674897
	   0.00648566120065
	   0.01532418693124
	  -0.00190325579159
	   0.00978965216344
	  -0.00792870224518
	   0.00868443622120
	  -0.01168801782726
	   0.01275313522557
	  -0.02508268680992
	Type	L	Zeta-Orbital
	  Hg 	2	    1
	   0.04136511234543
	   0.14651692619573
	   0.24732836886548
	   0.34043723997353
	   0.39373402995111
	   0.41919243023341
	   0.41265708581499
	   0.39264953864124
	   0.35362757622155
	   0.30918386495024
	   0.25707403585227
	   0.20993721119904
	   0.16228626301839
	   0.12352460309350
	   0.08751883964691
	   0.06167328957420
	   0.03862152920564
	   0.02479993593618
	   0.01215018073203
	   0.00716350498305
	   0.00110578211321
	   0.00127594356843
	  -0.00171398297841
	   0.00074174150504
	  -0.00166790646214
	   0.00165418384716
	  -0.00163714565406
	   0.00753414826474
	Type	L	Zeta-Orbital
	  Hg 	2	    2
	   1.00034122834125
	  -0.11679119034647
	   0.21957689321481
	  -0.44049602180462
	  -0.19296063588729
	  -0.33770420540554
	  -0.07679521380748
	  -0.32888291826209
	  -0.16135980262253
	  -0.28865597381596
	  -0.08256387081210
	  -0.20593043432061
	  -0.03119855695254
	  -0.15516782425799
	   0.01940391946915
	  -0.11966174717360
	   0.05522150353543
	  -0.10355350834287
	   0.08283895277200
	  -0.09793256068228
	   0.10207594715908
	  -0.10733857441624
	   0.11896868490600
	  -0.12587174006196
	   0.14089302956844
	  -0.15973092726243
	   0.19409507094786
	  -0.73244151104996
	Type	L	Zeta-Orbital
	  Hg 	3	    1
	  -0.37638994050548
	  -0.59082294423099
	  -0.62396321779598
	  -0.62390839361404
	  -0.65856933377282
	  -0.54863296141809
	  -0.38210912584567
	  -0.28794989379326
	  -0.25863074212189
	  -0.22507422024464
	  -0.18688606412792
	  -0.13974189590469
	  -0.12035262097396
	  -0.09485784714830
	  -0.08312184339607
	  -0.05439421004298
	  -0.04426856183277
	  -0.01793127932205
	  -0.01440864896320
	   0.00308523241297
	  -0.00191776530251
	   0.01507363398142
	   0.00455405231438
	   0.01778673365891
	  -0.00097045433947
	   0.00991381289011
	  -0.00178379659210
	   0.08599373390559
</Coefficient>
<Mkb>
Left spillage = 2.3624217084e-04
</Mkb>
