<Coefficient>
	 14 Total number of radial orbitals.
	Type	L	Zeta-Orbital
	  Ni 	0	    1
	  -0.26540495674129
	  -0.18871541159622
	  -0.21578090167857
	  -0.22523306828290
	  -0.23400013820296
	  -0.18283464663592
	  -0.14955292668121
	  -0.07350628509451
	  -0.04024820987990
	   0.00220524241777
	   0.00582884048265
	   0.03039578080888
	   0.01351309889634
	   0.02804113899409
	   0.00080746352395
	   0.01983055091096
	  -0.01077808561636
	   0.01868544461215
	  -0.03506509220242
	Type	L	Zeta-Orbital
	  Ni 	0	    2
	   0.29145261051212
	   0.00857919093864
	  -0.13014892025471
	  -0.20121342199514
	  -0.16959119943325
	  -0.14990829152971
	  -0.08234718161449
	  -0.06653064352481
	  -0.01844828913976
	  -0.01090385490511
	   0.02132416180709
	   0.00595609180047
	   0.02925067734666
	   0.00216450950412
	   0.02685372292873
	  -0.00872700378103
	   0.02336037504536
	  -0.02151613971725
	   0.04714383735667
	Type	L	Zeta-Orbital
	  Ni 	0	    3
	   0.26713383231233
	  -0.23776556393234
	  -0.04825625164772
	   0.29282728884704
	  -0.01636209395800
	   0.02138722728415
	   0.09105110610474
	  -0.01827266230938
	  -0.05804275179003
	  -0.02065864437079
	  -0.00245715071869
	  -0.02581449967446
	  -0.02857144889098
	  -0.04321233302907
	  -0.00469494810479
	  -0.03524010527465
	  -0.01140341138670
	  -0.02561631133653
	   0.03557378395978
	Type	L	Zeta-Orbital
	  Ni 	0	    4
	  -0.18172522765549
	   0.36887569686964
	   0.39162750418218
	   0.05957604115721
	  -0.27331673802736
	  -0.34091771073018
	  -0.16934636959098
	  -0.10157798228970
	  -0.00726500787100
	  -0.10113205953827
	   0.00884793420906
	  -0.00858594387652
	   0.01850097296238
	  -0.00702206577317
	   0.03268110802414
	   0.01417880658719
	   0.01655355209760
	  -0.00959153960302
	   0.04031730912790
	Type	L	Zeta-Orbital
	  Ni 	0	    5
	  -0.75475369452894
	  -0.14768200018448
	  -0.06879103608538
	  -0.23862086463087
	   0.01955763180801
	   0.11661424211133
	   0.29439044392086
	  -0.31448647654406
	  -0.86083024137841
	   0.04886689981453
	  -0.02246134335257
	  -0.03548177167818
	  -0.32905179636053
	  -0.17215664955276
	  -0.19551104816585
	  -0.12415386454008
	  -0.27842060317450
	   0.01984540105150
	  -0.16819411976476
	Type	L	Zeta-Orbital
	  Ni 	0	    6
	  -1.03293134649510
	   0.52600559889493
	  -0.87881069943256
	   0.86010532273461
	  -0.05432633588746
	   0.17991315284640
	   0.34173277370476
	  -0.10617336228865
	  -0.37572866813484
	   0.06285614206004
	  -0.04621817071018
	   0.02621356752866
	  -0.21524985923894
	  -0.01723614620386
	  -0.17948280283929
	   0.02779637417069
	  -0.27661508665691
	   0.16525228091369
	  -0.42709593264097
	Type	L	Zeta-Orbital
	  Ni 	1	    1
	  -0.40656593428417
	  -0.18813307487758
	  -0.24779890644308
	  -0.17096905379758
	  -0.18901619945274
	  -0.11773537082949
	  -0.13048003980057
	  -0.06386491687208
	  -0.08408390275080
	  -0.02299368583929
	  -0.05562366913227
	   0.00549832092127
	  -0.04108301223958
	   0.02420782015384
	  -0.03785455696461
	   0.03719184983962
	  -0.04490879888209
	   0.05265317406416
	  -0.21185071947321
	Type	L	Zeta-Orbital
	  Ni 	1	    2
	   0.34179415934220
	  -0.02798799456937
	  -0.16230293141634
	  -0.39644471255314
	  -0.46877444742799
	  -0.55942474013260
	  -0.51270981638133
	  -0.50745002684647
	  -0.39724951043729
	  -0.36106088173032
	  -0.23695212008739
	  -0.21506826712920
	  -0.10138563187895
	  -0.11278576860808
	  -0.01356777051505
	  -0.06203400541712
	   0.03379375955577
	  -0.05435761942022
	   0.20840467255025
	Type	L	Zeta-Orbital
	  Ni 	1	    3
	  -0.70508958395226
	   0.92242325946884
	  -0.43776967242208
	  -0.18365989919152
	  -0.36995842642795
	  -0.10410735848935
	  -0.27148496222553
	  -0.02198518984647
	  -0.20410149844871
	   0.04288431633773
	  -0.16808141627277
	   0.09103021596957
	  -0.16640309693919
	   0.14663489992992
	  -0.18260077818461
	   0.18771436446650
	  -0.23616711877618
	   0.26716188943707
	  -1.09258930207636
	Type	L	Zeta-Orbital
	  Ni 	2	    1
	   0.16626757252611
	   0.32618155376414
	   0.46965088658282
	   0.57336578077107
	   0.65970216577153
	   0.69914182800568
	   0.71937175940358
	   0.68357068645469
	   0.62359353983891
	   0.52065304483791
	   0.41734764454378
	   0.29372672138721
	   0.20167662889278
	   0.10851594235009
	   0.06330051778432
	   0.01644044682402
	   0.01239636518495
	   0.00076183789111
	   0.08120833809064
	Type	L	Zeta-Orbital
	  Ni 	2	    2
	  -0.45394399328825
	  -0.50657809448506
	  -0.23380598196336
	  -0.18797601847876
	  -0.02059517858285
	   0.05747831008270
	   0.11176448850974
	   0.10954513041457
	   0.18078048962875
	   0.12946150614496
	   0.14020680634144
	   0.09103034343188
	   0.08517240857166
	   0.03444579620451
	   0.03811469258506
	  -0.00459188006975
	   0.01112308565683
	   0.00267703375386
	   0.19861754657838
	Type	L	Zeta-Orbital
	  Ni 	2	    3
	   1.36594097260591
	  -0.35545932549997
	   0.34258463452671
	  -0.20164987628070
	   0.24439425182063
	  -0.13556838371759
	   0.25580839806272
	  -0.11883363164914
	   0.28472861551933
	  -0.11166014227599
	   0.30002226134032
	  -0.16934010329782
	   0.30582497953118
	  -0.23287205028286
	   0.33448949422389
	  -0.29616543925149
	   0.32131976215070
	   0.03368730589318
	   3.98929914854255
	Type	L	Zeta-Orbital
	  Ni 	3	    1
	  -0.61667182272073
	  -0.35863218351980
	  -0.26277975922461
	  -0.21872438743375
	  -0.18744341488520
	  -0.03776128050131
	  -0.08646695543289
	  -0.02885204632353
	  -0.08736307782057
	   0.01756864144320
	  -0.05631685153938
	   0.03789460888191
	  -0.05389897280826
	   0.05496087524725
	  -0.05497739526227
	   0.04186926359685
	  -0.04243685657436
	  -0.40515575842298
	  -1.64431622714331
	Type	L	Zeta-Orbital
	  Ni 	3	    2
	  -0.09337657796970
	  -0.94188804267184
	  -0.36130550594456
	  -0.62554744856629
	  -0.07689218375335
	  -0.24419876184742
	   0.04851924579039
	  -0.25011577033134
	   0.05911932141469
	  -0.19176572738105
	   0.12798451925327
	  -0.18088353618006
	   0.17940133556680
	  -0.17341131485269
	   0.18067304968155
	  -0.18568501232067
	   0.07312107764711
	   1.55701357875122
	   6.14443504919515
</Coefficient>
<Mkb>
Left spillage = 1.4847614365e-03
</Mkb>
