<Coefficient>
	 11 Total number of radial orbitals.
	Type	L	Zeta-Orbital
	  Cs 	0	    1
	  -0.09898464953731
	   0.04047956284737
	   0.16073787241711
	   0.13743463586154
	   0.09770714560075
	   0.03997502239183
	  -0.00421292310527
	  -0.03869926589700
	  -0.05514347541867
	  -0.06018698940766
	  -0.05415169599907
	  -0.04462128014376
	  -0.03274692136869
	  -0.02153830581437
	  -0.01286534207558
	  -0.00584018731780
	  -0.00233685377189
	   0.00054579332819
	   0.00031246225593
	   0.00120481240472
	  -0.00010883949435
	   0.00058584527483
	  -0.00094542421684
	   0.00040467646150
	  -0.00102621780275
	   0.00082259213687
	  -0.00091439585841
	   0.00117405716179
	  -0.00099479005797
	   0.00130383931982
	  -0.00130155560859
	   0.00145142957359
	  -0.00178536215371
	   0.00209496840703
	  -0.00487738999400
	Type	L	Zeta-Orbital
	  Cs 	0	    2
	  -0.10859730098332
	  -0.09321387823482
	  -0.05914945248128
	  -0.07066149674607
	  -0.04037186729006
	  -0.01683597772406
	   0.01511036602829
	   0.03273350382781
	   0.04459680910942
	   0.04442146659847
	   0.04093435859611
	   0.03135041451967
	   0.02298976714993
	   0.01438196264948
	   0.00834674610270
	   0.00328029618533
	   0.00065282935987
	  -0.00031184717230
	  -0.00048193500504
	  -0.00023970658183
	   0.00000584397161
	   0.00056970859997
	   0.00044157200120
	   0.00066566561736
	   0.00008518022933
	   0.00037857897555
	  -0.00035027865487
	   0.00018104274107
	  -0.00052170666810
	   0.00031625278291
	  -0.00048784575097
	   0.00056083242018
	  -0.00052893963943
	   0.00080500945770
	  -0.00163314428040
	Type	L	Zeta-Orbital
	  Cs 	0	    3
	  -0.09532958905348
	   0.11901193140006
	  -0.12732416751197
	   0.03151074211082
	   0.01190335053149
	   0.06015533161247
	   0.05384258745523
	   0.07050961644027
	   0.05745439986771
	   0.05389638824711
	   0.03626227816693
	   0.03292477628828
	   0.01669810909353
	   0.01205429804692
	  -0.00481745762756
	   0.00406765959936
	  -0.00551382552875
	   0.00342103297266
	  -0.00723521040977
	   0.00671442453390
	  -0.00321103175437
	   0.00920706982583
	  -0.00556201273935
	   0.00955344269713
	  -0.00744678941274
	   0.00967000826653
	  -0.01017662168527
	   0.01032403553643
	  -0.01176908397792
	   0.01177563087894
	  -0.01323164785112
	   0.01454790767303
	  -0.01687221277871
	   0.02160000117138
	  -0.04774150997136
	Type	L	Zeta-Orbital
	  Cs 	0	    4
	   0.01230224573756
	  -0.10884930004543
	  -0.20864546155646
	  -0.14075204301132
	  -0.01524655823258
	  -0.12286503767747
	  -0.23697484028130
	  -0.29899113638137
	  -0.29626648193321
	  -0.27869383257036
	  -0.22802516636353
	  -0.19061821920729
	  -0.13102346111490
	  -0.06696599521333
	  -0.01838996668165
	  -0.00798433657039
	  -0.00497543266088
	   0.00680306562886
	   0.01203915492811
	  -0.00360135229826
	  -0.01115007275704
	  -0.01202715655441
	  -0.00510416474200
	  -0.00931650669477
	  -0.00317073047467
	  -0.00385468973707
	   0.00333806164827
	  -0.00113867924142
	   0.00432673120050
	  -0.00159870325718
	   0.00271364044455
	  -0.00342417175678
	   0.00338697473986
	  -0.00654376220942
	   0.01165159557619
	Type	L	Zeta-Orbital
	  Cs 	0	    5
	   0.42136815335751
	  -0.16028626626521
	  -0.38893377514434
	   0.06587948975639
	   0.63418428790837
	   0.49469492486771
	   0.38447418585389
	   0.07804094839315
	   0.08416225548653
	  -0.02332358614500
	   0.01155616571402
	  -0.06569640066110
	  -0.03956645812579
	  -0.07999573413689
	  -0.01258409123149
	  -0.04522341949748
	  -0.00621836296699
	  -0.02472591777074
	   0.02828423378468
	  -0.00424211433350
	   0.02091340111748
	  -0.00881345069295
	   0.03175289685410
	  -0.01315316550939
	   0.02201782203475
	  -0.02375963199795
	   0.02167982994966
	  -0.02705338362791
	   0.02393148489998
	  -0.02811567698981
	   0.02933555221127
	  -0.03208204784162
	   0.03931732793450
	  -0.04519083504660
	   0.10237732708225
	Type	L	Zeta-Orbital
	  Cs 	0	    6
	  -0.21677273129502
	   0.21684700154430
	   0.06989495301487
	   0.02382842931046
	  -0.25550407787755
	  -0.78037121550760
	  -0.60031941345624
	   0.11922968826771
	   0.00951693212994
	   0.25390005784025
	  -0.00732610494134
	   0.18435940234603
	   0.05049907704472
	   0.17394786056268
	  -0.00458071615674
	   0.05306959574512
	  -0.03014623835518
	   0.06097921036215
	  -0.05493099055609
	   0.02901243448826
	  -0.04007263064438
	   0.02097736902183
	  -0.05941353583701
	   0.03562192287832
	  -0.03783808674652
	   0.05742215328008
	  -0.04064895299055
	   0.05394959089488
	  -0.05018501295783
	   0.05020443936137
	  -0.06045302161523
	   0.06526133505064
	  -0.07638167722513
	   0.08181154986680
	  -0.19977315351150
	Type	L	Zeta-Orbital
	  Cs 	1	    1
	   0.14793334407453
	   0.10816006516572
	   0.13098653254044
	   0.12421807333088
	   0.10822082285085
	   0.06931689836382
	   0.04540061923209
	   0.01360777830188
	   0.00176328869711
	  -0.01635269341422
	  -0.01638257297383
	  -0.02396000153484
	  -0.01749980815696
	  -0.01973082933416
	  -0.01113777659837
	  -0.01209485887948
	  -0.00400422742109
	  -0.00703809314257
	   0.00099355253785
	  -0.00409798225145
	   0.00321247087317
	  -0.00341713202666
	   0.00393416111141
	  -0.00366910655050
	   0.00413412720501
	  -0.00427518324074
	   0.00452313778100
	  -0.00494427211853
	   0.00525482494165
	  -0.00575796177740
	   0.00624535716739
	  -0.00683824888324
	   0.00771504187061
	  -0.00828540664974
	   0.04480145087271
	Type	L	Zeta-Orbital
	  Cs 	1	    2
	   0.16946355560249
	  -0.00618160823917
	  -0.06544028327729
	  -0.10221700960424
	  -0.09511361534137
	  -0.08897007770531
	  -0.04989150336628
	  -0.03107583340525
	   0.00438101616639
	   0.01244824657443
	   0.03220164921090
	   0.02706274461163
	   0.03425284639703
	   0.02270392346725
	   0.02533564658287
	   0.01281500357401
	   0.01501832506684
	   0.00229991110053
	   0.00864569038872
	  -0.00309485539908
	   0.00565530512040
	  -0.00555645833510
	   0.00538816241245
	  -0.00604106570473
	   0.00612567952536
	  -0.00641701723740
	   0.00715423042122
	  -0.00721543201402
	   0.00826321541878
	  -0.00859971564927
	   0.00957255132623
	  -0.01042039480292
	   0.01168922293260
	  -0.01265754111568
	   0.06819115766465
	Type	L	Zeta-Orbital
	  Cs 	1	    3
	  -0.50802955582424
	   0.76643138618009
	  -0.86381654328479
	  -0.03685625408582
	   0.04723435926214
	   0.35395230492077
	  -0.01693148319206
	   0.04288627804080
	  -0.17496006078716
	  -0.06592470996930
	  -0.22096006128793
	  -0.09821306761072
	  -0.20469450779561
	  -0.07487642289553
	  -0.12578021675337
	  -0.01494146763582
	  -0.08671027062866
	   0.04132724964870
	  -0.07638186695029
	   0.06623955967808
	  -0.06399329678010
	   0.08455338808882
	  -0.06711045142707
	   0.08621142204498
	  -0.08075943271184
	   0.08871094220437
	  -0.09524686566593
	   0.10277695466272
	  -0.10853525437694
	   0.12095778806721
	  -0.12871892767632
	   0.14256272854369
	  -0.16560597384906
	   0.18011102647734
	  -0.93107284723136
	Type	L	Zeta-Orbital
	  Cs 	2	    1
	  -0.08793972302605
	  -0.22024565688173
	  -0.23370077366803
	  -0.22764553820613
	  -0.19470543566350
	  -0.13578081892949
	  -0.07528239128085
	  -0.04744348003309
	  -0.03775445536443
	  -0.02677080142377
	  -0.00522174130956
	  -0.00290897558251
	  -0.01082654448443
	  -0.01900600040102
	  -0.01007545439969
	  -0.00750496994852
	  -0.00972757018715
	  -0.01442440539880
	  -0.00619551659171
	  -0.00193232524299
	   0.00017465797452
	  -0.00266860163222
	   0.00080972956809
	   0.00027570141068
	   0.00206931704026
	  -0.00136299574603
	   0.00074483454124
	  -0.00236859198904
	   0.00063335352276
	  -0.00180119328415
	   0.00176606382211
	  -0.00149427979567
	   0.00220888713827
	   0.00354423351064
	   0.02981384132715
	Type	L	Zeta-Orbital
	  Cs 	2	    2
	  -1.09296229870663
	   0.06638737285036
	   0.07575845015122
	   0.31767574021282
	   0.18919526151404
	   0.14970446745005
	  -0.00518548481857
	   0.01955081582643
	   0.03633297690808
	   0.05731969954516
	  -0.03231640584667
	   0.00467251960711
	  -0.02315256780402
	   0.07053626816415
	  -0.03667153317664
	   0.02470507743374
	  -0.02940355570379
	   0.06141290118995
	  -0.02997230068018
	   0.03242429279962
	  -0.04537865353779
	   0.05193312830984
	  -0.04759826696740
	   0.05152301212746
	  -0.05893148879165
	   0.06036399069495
	  -0.06298124775641
	   0.06574794382175
	  -0.06843792887416
	   0.07105764243239
	  -0.07702396801829
	   0.08042856377110
	  -0.07375561239636
	  -0.09353797476671
	  -1.31342904970885
</Coefficient>
<Mkb>
Left spillage = 4.5192462190e-03
</Mkb>
