0	5.172990600095707
1	3.562681667991776
2	2.659957481428174
3	2.15625255136078
4	1.845929884160187
5	1.6215800008919494
6	1.4396324641843299
7	1.2836303153550035
8	1.1473043504841178
9	1.0278701473930099
10	0.9235566736771933
11	0.8328197883169709
12	0.7541503605830526
13	0.68606312686176
14	0.6271353270588979
15	0.5760511360741879
16	0.5316329005977412
17	0.4928536426470006
18	0.4588339319673062
19	0.4288294047789558
20	0.40221450647722623
21	0.3784659416016497
22	0.35714741164324776
23	0.3378960333742454
24	0.3204103093459864
25	0.30443944003751294
26	0.28977388792873604
27	0.2762372445421999
28	0.26367950948618535
29	0.2519718462762028
30	0.24100277018277866
31	0.23067560099168383
32	0.22090691677377328
33	0.21162569047760904
34	0.2027727817706916
35	0.1943004884760729
36	0.1861719288824059
37	0.1783601177353168
38	0.17084669880473907
39	0.16362038618143426
40	0.15667522825967567
41	0.15000883497006406
42	0.14362070333913987
43	0.13751074957773693
44	0.13167812009380486
45	0.1261203185077667
46	0.12083265564633786
47	0.11580800571101235
48	0.1110368338748964
49	0.10650744781989957
50	0.10220641781196589
51	0.09811910655389393
52	0.09423025092070478
53	0.0905245423756784
54	0.08698716091061522
55	0.08360422803530217
56	0.08036315652054497
57	0.0772528867667751
58	0.07426401031090525
59	0.07138878907451704
60	0.06862108427070643
61	0.06595621191626393
62	0.06339074344618172
63	0.060922270653146766
64	0.05854915430247237
65	0.05627027511496455
66	0.05408480399332142
67	0.051992005128353114
68	0.049991081033946075
69	0.04808106312397599
70	0.04626074600781924
71	0.04452865921615942
72	0.04288306736920477
73	0.04132198920744082
74	0.03984322718684748
75	0.03844440177294862
76	0.03712298720640446
77	0.0358763475254714
78	0.034701772565522475
79	0.03359651354009136
80	0.03255781706197564
81	0.03158295568070966
82	0.03066925270500921
83	0.029814099481743392
84	0.029014964318812352
85	0.02826939351981825
86	0.02757500612182267
87	0.02692948458241886
88	0.026330563758489405
89	0.025776020183536898
90	0.025263663127391166
91	0.0247913284335491
92	0.024356875772466972
93	0.023958189674887654
94	0.023593184388080467
95	0.02325981212915759
96	0.022956073712618333
97	0.02268002996307099
98	0.022429812023655373
99	0.02220362882815618
100	0.021999770658541012
101	0.021816608698596474
102	0.02165259150588885
103	0.021506240016689247
104	0.021376142842952438
105	0.021260953195780207
106	0.021159387968263506
107	0.021070228652014314
108	0.020992323158458243
109	0.020924587449245143
110	0.020866006141205148
111	0.020815631767542184
112	0.020772582903544234
113	0.020736041695566643
114	0.020705251376575418
115	0.020679514154635766
116	0.020658189556966782
117	0.020640693051582643
118	0.020626494647960056
119	0.02061511721036056
120	0.020606134344269837
121	0.020599167852923594
122	0.020593884842306655
123	0.020589994562391946
124	0.02058724503782186
125	0.02058541951014866
126	0.020584332721667983
127	0.020583827121703233
128	0.020583769142988775
129	0.020584045739046108
130	0.020584561363500783
131	0.020585235505474756
132	0.020586000794085044
133	0.020586801586210283
134	0.0205875928874777
135	0.0205883394421922
136	0.020589014857942435
137	0.020589600684936933
138	0.02059008542577307
139	0.020590463492195305
140	0.020590734146407576
141	0.02059090046938273
142	0.02059096839477251
143	0.020590945840276962
144	0.02059084196074188
145	0.020590666538403916
146	0.02059042951458828
147	0.020590140654662525
148	0.020589809326581957
149	0.020589444366048724
150	0.020589053999824733
151	0.020588645802909908
152	0.020588226672888586
153	0.02058780281305036
154	0.020587379722568567
155	0.0205869621959811
156	0.02058655433537703
157	0.020586159577560548
158	0.02058578073592177
159	0.020585420053582118
160	0.02058507926170636
161	0.02058475963566418
162	0.020584462042712148
163	0.020584186978043022
164	0.02058393459047817
165	0.020583704703044096
166	0.02058349683565207
167	0.020583310236128662
168	0.020583143922410285
169	0.02058299673423625
170	0.02058286738909493
171	0.020582754535758672
172	0.02058265679989201
173	0.02058257281895785
174	0.02058250126668843
175	0.020582440869396527
176	0.020582390416868292
177	0.020582348769807503
178	0.02058231486462492
179	0.020582287715507193
180	0.020582266413695996
181	0.020582250124438112
182	0.020582238082764295
183	0.020582229589580756
184	0.020582224009211687
185	0.020582220768766077
186	0.02058221935881015
187	0.020582219334166745
188	0.020582220313642825
189	0.02058222197781834
190	0.02058222406474834
191	0.02058222636405898
192	0.020582228710268807
193	0.020582230976209086
194	0.020582233067142536
195	0.020582234915749602
196	0.020582236477879157
197	0.0205822377287605
198	0.020582238659457214
199	0.020582239273490538
200	0.020582239583753263
201	0.020582239609879663
202	0.020582239376204094
203	0.02058223891028075
204	0.020582238241799215
205	0.020582237401682336
206	0.020582236421199013
207	0.020582235331044547
208	0.02058223416047876
209	0.02058223293664223
210	0.02058223168415824
211	0.020582230424997044
212	0.020582229178524546
213	0.020582227961585094
214	0.020582226788532
215	0.020582225671175708
216	0.020582224618723097
217	0.0205822236377788
218	0.02058222273247541
219	0.02058222190475317
220	0.020582221154713264
221	0.02058222048100368
222	0.020582219881158256
223	0.02058221935187027
224	0.02058221888921122
225	0.0205822184888033
226	0.020582218145979766
227	0.02058221785591426
228	0.020582217613743094
229	0.02058221741463552
230	0.020582217253846284
231	0.020582217126747116
232	0.020582217028853073
233	0.02058221695586404
234	0.020582216903718826
235	0.020582216868658774
236	0.020582216847289128
237	0.020582216836620187
238	0.020582216834080052
239	0.020582216837502762
240	0.020582216845094124
241	0.02058221685538339
242	0.02058221686717545
243	0.020582216879511304
244	0.02058221689163619
245	0.02058221690296667
246	0.02058221691307454
247	0.020582216921662653
248	0.020582216928541557
249	0.020582216933617944
250	0.020582216936867233
251	0.02058221693833303
252	0.02058221693811116
253	0.02058221693634242
254	0.020582216933201083
255	0.0205822169288854
256	0.020582216923599628
257	0.020582216917549776
258	0.02058221691093236
259	0.020582216903931326
260	0.020582216896716323
261	0.020582216889441427
262	0.020582216882243123
263	0.020582216875238202
264	0.02058221686852387
265	0.02058221686217246
266	0.02058221685623806
267	0.020582216850755695
268	0.020582216845743618
269	0.020582216841210373
270	0.020582216837153677
271	0.020582216833562615
272	0.020582216830420785
273	0.020582216827705203
274	0.02058221682538996
275	0.020582216823444972
276	0.020582216821837876
277	0.0205822168205352
278	0.02058221681950091
279	0.020582216818701208
280	0.020582216818104068
281	0.020582216817677718
282	0.020582216817391828
283	0.020582216817220514
284	0.020582216817139835
285	0.020582216817129743
286	0.02058221681717088
287	0.02058221681724836
288	0.02058221681734906
289	0.020582216817462258
290	0.020582216817577874
291	0.020582216817690353
292	0.020582216817793035
293	0.02058221681788074
294	0.02058221681795257
295	0.020582216818005702
296	0.0205822168180408
297	0.020582216818057004
298	0.020582216818056852
299	0.020582216818041028
300	0.020582216818012363
301	0.020582216817973325
302	0.020582216817924683
303	0.020582216817869876
304	0.020582216817810393
305	0.020582216817748463
306	0.02058221681768526
307	0.020582216817621957
308	0.020582216817560645
309	0.020582216817500273
310	0.020582216817443055
311	0.020582216817389334
312	0.020582216817338374
313	0.020582216817292658
314	0.020582216817250597
315	0.02058221681721401
316	0.02058221681718116
317	0.020582216817152294
318	0.02058221681712807
319	0.020582216817108173
320	0.020582216817090847
321	0.020582216817078
322	0.02058221681706764
323	0.020582216817059316
324	0.020582216817053207
325	0.02058221681704953
326	0.020582216817046528
327	0.020582216817044783
328	0.020582216817044523
329	0.0205822168170443
330	0.02058221681704487
331	0.020582216817046205
332	0.02058221681704756
333	0.020582216817048107
334	0.020582216817049487
335	0.02058221681705113
336	0.020582216817051562
337	0.020582216817052038
338	0.020582216817053335
339	0.020582216817054005
340	0.020582216817054008
341	0.02058221681705423
342	0.02058221681705396
343	0.020582216817053793
344	0.020582216817053335
345	0.02058221681705247
346	0.020582216817052502
347	0.02058221681705144
348	0.020582216817051108
349	0.02058221681705063
350	0.020582216817048925
351	0.020582216817049075
352	0.020582216817047635
353	0.020582216817046816
354	0.020582216817046792
355	0.020582216817046164
356	0.020582216817045276
357	0.0205822168170451
358	0.020582216817044655
359	0.020582216817044557
360	0.020582216817044238
361	0.020582216817043728
362	0.02058221681704419
363	0.0205822168170432
364	0.02058221681704316
365	0.02058221681704332
366	0.020582216817042434
367	0.02058221681704325
368	0.02058221681704294
369	0.020582216817042816
370	0.02058221681704301
371	0.020582216817042875
372	0.02058221681704288
373	0.02058221681704338
374	0.0205822168170424
375	0.02058221681704322
376	0.02058221681704315
377	0.02058221681704277
378	0.02058221681704288
379	0.02058221681704302
380	0.020582216817042642
381	0.020582216817043014
382	0.020582216817042597
383	0.020582216817043416
384	0.020582216817043184
385	0.020582216817043322
386	0.0205822168170436
387	0.02058221681704304
388	0.02058221681704348
389	0.020582216817042965
390	0.02058221681704302
391	0.020582216817042694
392	0.020582216817042972
393	0.020582216817042996
394	0.020582216817042906
395	0.02058221681704316
396	0.020582216817043045
397	0.02058221681704323
398	0.02058221681704282
399	0.020582216817043062
400	0.020582216817042583
401	0.02058221681704255
402	0.02058221681704296
403	0.020582216817042743
404	0.02058221681704302
405	0.02058221681704275
406	0.02058221681704292
407	0.020582216817042847
408	0.020582216817042778
409	0.020582216817043246
410	0.020582216817043045
411	0.020582216817043447
412	0.020582216817043236
413	0.02058221681704303
414	0.020582216817043062
415	0.020582216817042497
416	0.02058221681704367
417	0.020582216817042764
418	0.020582216817043014
419	0.020582216817042438
420	0.02058221681704301
421	0.020582216817042545
422	0.020582216817043388
423	0.020582216817042857
424	0.020582216817042743
425	0.02058221681704242
