0	3.959466475542176
1	3.28299111884929
2	2.8323629370605237
3	2.5082736469222913
4	2.2636425998952148
5	2.0649064163438577
6	1.8940368253310946
7	1.7417125212073115
8	1.6026198227337245
9	1.4734257011683813
10	1.3520027828807517
11	1.2371288434263545
12	1.1282614989922977
13	1.0252795236327557
14	0.9282708620236282
15	0.8373989238379269
16	0.7528280879107146
17	0.6746890855509243
18	0.603065698231646
19	0.5379856138033835
20	0.47940338085792256
21	0.42717305275769196
22	0.3810208449139813
23	0.3405348035700848
24	0.30518257061122167
25	0.27435431217494977
26	0.2474168294153058
27	0.22376338778983346
28	0.20284951231211937
29	0.18421226463225984
30	0.1674757263841622
31	0.15234719022985022
32	0.13860762656407877
33	0.126098621929295
34	0.11470765662002677
35	0.10435375525640105
36	0.09497510462826715
37	0.08651917088872928
38	0.07893500415065138
39	0.07216737593962422
40	0.06615292805417931
41	0.06081888820066035
42	0.05608458333734957
43	0.051865118695578236
44	0.0480759298968749
45	0.04463702838046564
46	0.041476460747934825
47	0.03853307345908576
48	0.0357586382430685
49	0.033119002349433095
50	0.030593821930071315
51	0.028174873382516036
52	0.02586351491433969
53	0.023668006292362362
54	0.02160097364733781
55	0.01967682738037313
56	0.017908968549141674
57	0.01630712751406212
58	0.014875579505978951
59	0.013612770846934066
60	0.012512174981897226
61	0.011563592416384614
62	0.01075412455113952
63	0.010068614336637745
64	0.009489918115069542
65	0.00899949472360164
66	0.008578476192604002
67	0.008208983828342892
68	0.007875301586983111
69	0.00756464757205894
70	0.007267501762469258
71	0.006977576190429692
72	0.006691529645493743
73	0.006408508112039317
74	0.006129585494813876
75	0.005857174906814276
76	0.00559445723441735
77	0.0053448450966753595
78	0.0051114958903190535
79	0.004896906621407907
80	0.004702634263696892
81	0.0045291675482908855
82	0.004375943484918846
83	0.004241481327030344
84	0.004123603354237997
85	0.004019709978530773
86	0.003927068138141027
87	0.003843068817043396
88	0.003765424252815872
89	0.003692299546742569
90	0.003622386731628609
91	0.00355492577930806
92	0.003489670687706137
93	0.0034268034876313814
94	0.0033668109204705735
95	0.0033103446239748633
96	0.003258082650774632
97	0.0032106063524575575
98	0.0031683069081987784
99	0.0031313339973573595
100	0.0030995893955954564
101	0.003072756077295373
102	0.003050349016028011
103	0.003031777800580741
104	0.0030164138139009344
105	0.003003651109272972
106	0.002992947851621609
107	0.0029838431158022796
108	0.0029759575696098467
109	0.002968992140080409
110	0.0029627303061663538
111	0.0029570373907022067
112	0.00295184801929374
113	0.0029471420232750896
114	0.002942918258140433
115	0.0029391757989041907
116	0.0029359049148460904
117	0.002933084440308266
118	0.002930681747928596
119	0.002928653965080879
120	0.0029269506341890236
121	0.002925517929815878
122	0.0029243038424760243
123	0.0029232630404462333
124	0.002922359786804842
125	0.0029215680048170238
126	0.0029208692825634084
127	0.0029202507264752815
128	0.0029197037936579224
129	0.0029192234911476324
130	0.002918806797111244
131	0.002918450349988414
132	0.0029181486380389387
133	0.002917893621880251
134	0.002917675559773389
135	0.0029174842670539017
136	0.002917310373100599
137	0.002917146447196043
138	0.0029169877523809212
139	0.0029168323679362295
140	0.00291668077967106
141	0.002916535291747849
142	0.0029163994052256235
143	0.002916277040375757
144	0.002916171619046809
145	0.0029160853160531152
146	0.0029160187172585336
147	0.0029159707788909217
148	0.002915938891078474
149	0.0029159190879931023
150	0.0029159065554581853
151	0.0029158963493072856
152	0.0029158840235009014
153	0.002915866006509557
154	0.0029158398337083757
155	0.0029158043540968366
156	0.002915759828474104
157	0.0029157077721856336
158	0.002915650561654015
159	0.002915590971855497
160	0.002915531774533447
161	0.002915475421306839
162	0.0029154238117607622
163	0.002915378171242453
164	0.002915339046138328
165	0.0029153063833973853
166	0.0029152796565048585
167	0.0029152580180847156
168	0.0029152404573570888
169	0.0029152259346411627
170	0.0029152134859189416
171	0.002915202311736686
172	0.0029151918486365054
173	0.002915181794539888
174	0.0029151720720831603
175	0.0029151627537411916
176	0.0029151539866577583
177	0.0029151459339679248
178	0.002915138731435599
179	0.002915132460336005
180	0.002915127139136739
181	0.002915122728097984
182	0.002915119138826764
183	0.0029151162495158443
184	0.002915113928172409
185	0.002915112055628236
186	0.002915110536251878
187	0.002915109295784713
188	0.002915108275802804
189	0.0029151074303757894
190	0.002915106722873359
191	0.0029151061217151377
192	0.002915105597884208
193	0.0029151051251530007
194	0.0029151046804440257
195	0.0029151042433695593
196	0.0029151037972015062
197	0.0029151033318992312
198	0.0029151028464227476
199	0.0029151023482253567
200	0.0029151018510685193
201	0.0029151013726867307
202	0.0029151009320625442
203	0.002915100545939425
204	0.002915100225685862
205	0.002915099975773567
206	0.0029150997937990608
207	0.002915099671368953
208	0.0029150995955728332
209	0.0029150995509896406
210	0.002915099521915345
211	0.0029150994944955344
212	0.002915099458456575
213	0.002915099408030022
214	0.002915099341791006
215	0.0029150992617280143
216	0.0029150991721506305
217	0.002915099078658489
218	0.002915098987087607
219	0.002915098902518032
220	0.002915098828569989
221	0.002915098767046175
222	0.002915098717852029
223	0.0029150986792328957
224	0.0029150986483646797
225	0.0029150986220924293
226	0.002915098597521253
227	0.002915098572387501
228	0.0029150985452775133
229	0.0029150985157259768
230	0.0029150984841352103
231	0.002915098451544592
232	0.0029150984193263597
233	0.0029150983888688218
234	0.002915098361306762
235	0.002915098337365129
236	0.0029150983173266793
237	0.0029150983010834035
238	0.0029150982882236564
239	0.002915098278157677
240	0.002915098270265641
241	0.0029150982640141457
242	0.0029150982590004874
243	0.00291509825493626
244	0.0029150982516204676
245	0.002915098248914642
246	0.002915098246724092
247	0.002915098244973563
248	0.0029150982435804207
249	0.002915098242442347
250	0.0029150982414505346
251	0.0029150982405104393
252	0.002915098239550891
253	0.002915098238530807
254	0.002915098237439344
255	0.002915098236296841
256	0.0029150982351479142
257	0.00291509823404409
258	0.002915098233032287
259	0.0029150982321420834
260	0.002915098231383972
261	0.002915098230748136
262	0.0029150982302141065
263	0.002915098229752811
264	0.002915098229332781
265	0.0029150982289284978
266	0.0029150982285220737
267	0.0029150982281076956
268	0.0029150982276893167
269	0.002915098227279067
270	0.002915098226892257
271	0.002915098226546416
272	0.0029150982262542385
273	0.002915098226021349
274	0.002915098225847762
275	0.002915098225723884
276	0.0029150982256355125
277	0.0029150982255651756
278	0.002915098225499031
279	0.002915098225424415
280	0.0029150982253328536
281	0.0029150982252238874
282	0.0029150982251006097
283	0.002915098224970375
284	0.0029150982248417373
285	0.0029150982247240515
286	0.002915098224622011
287	0.0029150982245385944
288	0.0029150982244731246
289	0.0029150982244246274
290	0.002915098224388396
291	0.002915098224360114
292	0.0029150982243364753
293	0.00291509822431354
294	0.002915098224291065
295	0.00291509822426826
296	0.0029150982242445458
297	0.0029150982242220867
298	0.002915098224201939
299	0.0029150982241838404
300	0.0029150982241692345
301	0.0029150982241572644
302	0.00291509822414835
303	0.0029150982241418423
304	0.0029150982241369313
305	0.0029150982241325616
306	0.00291509822412933
307	0.002915098224125736
308	0.002915098224122175
309	0.002915098224118952
310	0.0029150982241157924
311	0.002915098224112795
312	0.002915098224109759
313	0.002915098224106994
314	0.0029150982241041927
315	0.0029150982241016535
316	0.0029150982240992353
317	0.002915098224096707
318	0.0029150982240943512
319	0.002915098224091729
320	0.002915098224089555
321	0.00291509822408773
322	0.0029150982240860757
323	0.00291509822408491
324	0.0029150982240839403
325	0.00291509822408306
326	0.0029150982240828314
327	0.0029150982240827785
328	0.0029150982240823096
329	0.0029150982240817615
330	0.002915098224081326
331	0.0029150982240808594
332	0.002915098224080475
333	0.0029150982240794144
334	0.0029150982240789894
335	0.002915098224078746
336	0.0029150982240782604
337	0.002915098224077979
338	0.0029150982240781307
339	0.0029150982240778375
340	0.0029150982240775873
341	0.0029150982240775123
342	0.0029150982240774706
343	0.0029150982240774242
344	0.0029150982240773466
345	0.002915098224076607
346	0.002915098224076343
347	0.002915098224076619
348	0.002915098224075946
349	0.0029150982240757186
350	0.0029150982240761167
351	0.002915098224075405
352	0.0029150982240758313
353	0.0029150982240757324
354	0.0029150982240754575
355	0.002915098224075463
356	0.0029150982240757225
357	0.002915098224075565
358	0.0029150982240759506
359	0.002915098224075907
360	0.0029150982240760265
361	0.0029150982240757433
362	0.0029150982240757775
363	0.0029150982240757914
364	0.002915098224076047
365	0.002915098224075839
366	0.002915098224075489
367	0.0029150982240754944
368	0.0029150982240758825
369	0.002915098224075773
370	0.0029150982240753894
371	0.002915098224075645
372	0.0029150982240754597
373	0.002915098224075564
374	0.00291509822407541
375	0.002915098224075636
376	0.002915098224075493
377	0.0029150982240758313
378	0.0029150982240755464
379	0.0029150982240755885
380	0.002915098224075524
381	0.0029150982240757164
382	0.0029150982240753608
383	0.002915098224075394
384	0.0029150982240755702
385	0.002915098224075575
386	0.0029150982240759024
387	0.0029150982240757272
388	0.002915098224075391
389	0.002915098224075473
390	0.0029150982240754124
391	0.0029150982240757433
392	0.002915098224076003
393	0.002915098224075157
394	0.002915098224075426
395	0.002915098224075711
396	0.0029150982240754176
397	0.002915098224075581
398	0.0029150982240757945
399	0.0029150982240751418
400	0.0029150982240753924
401	0.0029150982240757598
402	0.0029150982240758417
403	0.0029150982240756253
404	0.0029150982240754805
405	0.0029150982240753395
406	0.002915098224075404
407	0.0029150982240756353
408	0.0029150982240758205
409	0.002915098224075093
410	0.0029150982240752532
411	0.002915098224075457
412	0.0029150982240758556
413	0.002915098224075556
414	0.0029150982240755486
415	0.0029150982240755334
416	0.0029150982240758014
417	0.0029150982240756336
418	0.0029150982240755408
419	0.0029150982240756375
420	0.002915098224075194
421	0.0029150982240757563
422	0.002915098224075551
423	0.002915098224075239
424	0.0029150982240754037
425	0.0029150982240752333
426	0.002915098224075248
427	0.002915098224075212
428	0.002915098224075564
429	0.00291509822407516
430	0.0029150982240750425
431	0.0029150982240758725
432	0.002915098224075507
433	0.0029150982240756305
434	0.0029150982240754974
435	0.0029150982240756297
436	0.002915098224075551
437	0.0029150982240752155
438	0.0029150982240753404
439	0.002915098224075259
440	0.0029150982240752697
441	0.0029150982240753343
442	0.0029150982240751253
443	0.002915098224075672
444	0.0029150982240754987
445	0.002915098224075395
446	0.0029150982240751916
447	0.002915098224075564
448	0.0029150982240758253
449	0.0029150982240755156
450	0.002915098224075809
451	0.002915098224075631
452	0.0029150982240757814
453	0.0029150982240760104
454	0.002915098224075466
455	0.002915098224075656
456	0.0029150982240757814
457	0.002915098224075704
458	0.002915098224075545
459	0.0029150982240754744
460	0.0029150982240753152
461	0.002915098224075128
462	0.0029150982240753877
463	0.002915098224075649
464	0.00291509822407529
465	0.0029150982240755234
466	0.0029150982240758283
467	0.0029150982240756353
468	0.0029150982240753387
469	0.0029150982240755685
470	0.002915098224075271
471	0.0029150982240753642
472	0.0029150982240750884
473	0.0029150982240754037
474	0.0029150982240752766
475	0.002915098224075247
476	0.0029150982240754445
477	0.0029150982240752797
478	0.002915098224075291
479	0.002915098224075445
480	0.002915098224075902
481	0.002915098224075624
