  0.000000   -2.46782647221711    1.87269799378131    0.00000000000000  
  0.010000   -2.46751408510455    1.87241645538429    0.02308856469601  
  0.020000   -2.46657720568194    1.87157203035853    0.04615831700423  
  0.030000   -2.46501667925660    1.87016528891213    0.06919048200176  
  0.040000   -2.46283391321519    1.86819718043367    0.09216635956142  
  0.050000   -2.46003087483879    1.86566903205959    0.11506736141510  
  0.060000   -2.45661008825079    1.86258254667766    0.13787504781762  
  0.070000   -2.45257463050422    1.85893980037585    0.16057116368111  
  0.080000   -2.44792812681722    1.85474323934826    0.18313767405255  
  0.090000   -2.44267474496702    1.84999567627213    0.20555679881067  
  0.100000   -2.43681918885483    1.84470028617248    0.22781104646200  
  0.110000   -2.43036669125556    1.83886060179294    0.24988324692076  
  0.120000   -2.42332300576845    1.83248050849340    0.27175658316228  
  0.130000   -2.41569439798577    1.82556423869723    0.29341462164513  
  0.140000   -2.40748763589924    1.81811636591238    0.31484134140363  
  0.150000   -2.39870997956446    1.81014179835221    0.33602116171876  
  0.160000   -2.38936917004606    1.80164577218358    0.35693896828256  
  0.170000   -2.37947341766715    1.79263384443056    0.37758013777885  
  0.180000   -2.36903138958820    1.78311188556348    0.39793056081025  
  0.190000   -2.35805219674210    1.77308607180345    0.41797666311019  
  0.200000   -2.34654538015284    1.76256287717337    0.43770542498647  
  0.210000   -2.33452089666698    1.75154906532669    0.45710439895135  
  0.220000   -2.32198910412786    1.74005168118515    0.47616172550222  
  0.230000   -2.30896074602347    1.72807804241697    0.49486614702495  
  0.240000   -2.29544693564013    1.71563573078632    0.51320701980129  
  0.250000   -2.28145913975452    1.70273258340458    0.53117432411015  
  0.260000   -2.26700916189779    1.68937668391309    0.54875867242112  
  0.270000   -2.25210912522577    1.67557635362624    0.56595131568750  
  0.280000   -2.23677145503003    1.66134014266242    0.58274414775403  
  0.290000   -2.22100886092507    1.64667682108931    0.59912970790295  
  0.300000   -2.20483431874710    1.63159537010816    0.61510118156980  
  0.310000   -2.18826105220024    1.61610497330047    0.63065239926806  
  0.320000   -2.17130251428638    1.60021500795825    0.64577783376876  
  0.330000   -2.15397236855450    1.58393503651744    0.66047259558834  
  0.340000   -2.13628447020593    1.56727479811178    0.67473242684440  
  0.350000   -2.11825284709134    1.55024420026244    0.68855369354480  
  0.360000   -2.09989168063555    1.53285331071632    0.70193337638152  
  0.370000   -2.08121528672565    1.51511234944384    0.71486906010537  
  0.380000   -2.06223809659790    1.49703168080435    0.72735892156234  
  0.390000   -2.04297463775803    1.47862180588537    0.73940171647640  
  0.400000   -2.02343951496971    1.45989335501902    0.75099676506689  
  0.410000   -2.00364739134458    1.44085708047689    0.76214393659164  
  0.420000   -1.98361296956741    1.42152384934231    0.77284363290922  
  0.430000   -1.96335097328851    1.40190463655634    0.78309677115543  
  0.440000   -1.94287612871536    1.38201051813204    0.79290476563044  
  0.450000   -1.92220314643409    1.36185266452900    0.80226950899349  
  0.460000   -1.90134670349081    1.34144233417836    0.81119335286215  
  0.470000   -1.88032142576183    1.32079086714651    0.81967908791285  
  0.480000   -1.85914187064064    1.29990967892383    0.82772992357791  
  0.490000   -1.83782251006865    1.27881025432336    0.83534946743349  
  0.500000   -1.81637771393540    1.25750414147260    0.84254170437018  
  0.510000   -1.79482173387296    1.23600294588059    0.84931097563605  
  0.520000   -1.77316868746808    1.21431832456098    0.85566195783870  
  0.530000   -1.75143254291417    1.19246198019134    0.86159964198988  
  0.540000   -1.72962710412435    1.17044565528778    0.86712931267227  
  0.550000   -1.70776599632519    1.14828112637379    0.87225652740436  
  0.560000   -1.68586265214970    1.12598019812185    0.87698709627465  
  0.570000   -1.66393029824670    1.10355469744618    0.88132706191236  
  0.580000   -1.64198194242243    1.08101646752529    0.88528267985643  
  0.590000   -1.62003036132899    1.05837736173343    0.88886039938015  
  0.600000   -1.59808808871271    1.03564923746041    0.89206684482322  
  0.610000   -1.57616740423430    1.01284394980040    0.89490879747807  
  0.620000   -1.55428032287147    0.98997334509097    0.89739317807178  
  0.630000   -1.53243858491290    0.96704925428533    0.89952702987963  
  0.640000   -1.51065364655167    0.94408348614167    0.90131750250089  
  0.650000   -1.48893667108461    0.92108782021555    0.90277183632232  
  0.660000   -1.46729852072262    0.89807399964278    0.90389734768935  
  0.670000   -1.44574974901619    0.87505372370227    0.90470141479987  
  0.680000   -1.42430059389848    0.85203864015060    0.90519146433078  
  0.690000   -1.40296097134753    0.82904033732196    0.90537495880201  
  0.700000   -1.38174046966772    0.80607033598984    0.90525938467895  
  0.710000   -1.36064834438935    0.78314008098893    0.90485224120890  
  0.720000   -1.33969351378422    0.76026093259850    0.90416102998364  
  0.730000   -1.31888455499372    0.73744415769108    0.90319324521611  
  0.740000   -1.29822970076493    0.71470092065269    0.90195636471534  
  0.750000   -1.27773683678914    0.69204227408378    0.90045784154088  
  0.760000   -1.25741349963608    0.66947914929258    0.89870509631462  
  0.770000   -1.23726687527614    0.64702234659530    0.89670551016529  
  0.780000   -1.21730379818189    0.62468252543998    0.89446641827879  
  0.790000   -1.19753075099916    0.60247019437377    0.89199510402515  
  0.800000   -1.17795386477725    0.58039570087547    0.88929879363145  
  0.810000   -1.15857891974662    0.55846922107779    0.88638465136874  
  0.820000   -1.13941134663181    0.53670074940602    0.88325977521967  
  0.830000   -1.12045622848657    0.51510008816195    0.87993119299334  
  0.840000   -1.10171830303709    0.49367683708373    0.87640585885300  
  0.850000   -1.08320196551895    0.47244038291438    0.87269065022256  
  0.860000   -1.06491127199241    0.45139988901321    0.86879236503791  
  0.870000   -1.04684994312002    0.43056428504593    0.86471771930958  
  0.880000   -1.02902136839018    0.40994225679021    0.86047334496410  
  0.890000   -1.01142861076947    0.38954223609509    0.85606578793240  
  0.900000   -0.99407441176617    0.36937239103256    0.85150150645476  
  0.910000   -0.97696119688696    0.34944061628116    0.84678686957345  
  0.920000   -0.96009108146817    0.32975452378104    0.84192815578562  
  0.930000   -0.94346587686285    0.31032143370032    0.83693155183087  
  0.940000   -0.92708709696438    0.29114836575253    0.83180315158990  
  0.950000   -0.91095596504710    0.27224203090416    0.82654895507250  
  0.960000   -0.89507342090413    0.25360882351112    0.82117486747555  
  0.970000   -0.87944012826254    0.23525481392160    0.81568669829344  
  0.980000   -0.86405648245553    0.21718574158186    0.81009016046599  
  0.990000   -0.84892261833145    0.19940700868025    0.80439086955090  
  1.000000   -0.83403841837927    0.18192367436271    0.79859434291003  
  1.010000   -0.81940352105006    0.16474044955164    0.79270599890112  
  1.020000   -0.80501732925396    0.14786169239755    0.78673115606856  
  1.030000   -0.79087901901249    0.13129140439102    0.78067503232905  
  1.040000   -0.77698754824564    0.11503322715972    0.77454274414988  
  1.050000   -0.76334166567368    0.09909043997285    0.76833930571948  
  1.060000   -0.74993991981361    0.08346595797250    0.76206962811172  
  1.070000   -0.73678066805042    0.06816233114846    0.75573851844704  
  1.080000   -0.72386208576361    0.05318174407005    0.74935067905499  
  1.090000   -0.71118217548948    0.03852601638536    0.74291070664411  
  1.100000   -0.69873877610033    0.02419660409496    0.73642309148641  
  1.110000   -0.68652957198185    0.01019460160398    0.72989221662435  
  1.120000   -0.67455210219027   -0.00347925544697    0.72332235710969  
  1.130000   -0.66280376957163   -0.01682458657510    0.71671767928349  
  1.140000   -0.65128184982546   -0.02984136207912    0.71008224010784  
  1.150000   -0.63998350049616   -0.04252989790314    0.70341998655949  
  1.160000   -0.62890576987545   -0.05489084975370    0.69673475509625  
  1.170000   -0.61804560580009   -0.06692520648657    0.69003027120674  
  1.180000   -0.60739986432953   -0.07863428278257    0.68331014905394  
  1.190000   -0.59696531828868   -0.09001971113543    0.67657789122262  
  1.200000   -0.58673866566182   -0.10108343317726    0.66983688858040  
  1.210000   -0.57671653782403   -0.11182769037043    0.66309042026141  
  1.220000   -0.56689550759749   -0.12225501409716    0.65634165378080  
  1.230000   -0.55727209712048   -0.13236821518089    0.64959364528756  
  1.240000   -0.54784278551762   -0.14217037287586    0.64284933996213  
  1.250000   -0.53860401636088   -0.15166482336349    0.63611157256416  
  1.260000   -0.52955220491121   -0.16085514779640    0.62938306813475  
  1.270000   -0.52068374513183   -0.16974515993235    0.62266644285634  
  1.280000   -0.51199501646462   -0.17833889340242    0.61596420507200  
  1.290000   -0.50348239036211   -0.18664058865871    0.60927875646497  
  1.300000   -0.49514223656823   -0.19465467964823    0.60261239339757  
  1.310000   -0.48697092914168   -0.20238578026048    0.59596730840784  
  1.320000   -0.47896485221683   -0.20983867059671    0.58934559186062  
  1.330000   -0.47112040549760   -0.21701828310939    0.58274923374866  
  1.340000   -0.46343400948066   -0.22392968866060    0.57618012563840  
  1.350000   -0.45590211040516   -0.23057808254773    0.56964006275345  
  1.360000   -0.44852118492689   -0.23696877054469    0.56313074618831  
  1.370000   -0.44128774451549   -0.24310715500624    0.55665378524337  
  1.380000   -0.43419833957433   -0.24899872108206    0.55021069987165  
  1.390000   -0.42724956328307   -0.25464902308634    0.54380292322677  
  1.400000   -0.42043805516408   -0.26006367106717    0.53743180430100  
  1.410000   -0.41376050437429   -0.26524831761866    0.53109861064163  
  1.420000   -0.40721365272478   -0.27020864497697    0.52480453113337  
  1.430000   -0.40079429743135   -0.27495035243952    0.51855067883415  
  1.440000   -0.39449929359967   -0.27947914414469    0.51233809385141  
  1.450000   -0.38832555644941   -0.28380071724692    0.50616774624588  
  1.460000   -0.38227006328229   -0.28792075051994    0.50004053894978  
  1.470000   -0.37632985519970   -0.29184489341825    0.49395731068646  
  1.480000   -0.37050203857580   -0.29557875562439    0.48791883887880  
  1.490000   -0.36478378629293   -0.29912789710677    0.48192584253395  
  1.500000   -0.35917233874625   -0.30249781871013    0.47597898509232  
  1.510000   -0.35366500462525   -0.30569395329776    0.47007887722961  
  1.520000   -0.34825916148017   -0.30872165746170    0.46422607960085  
  1.530000   -0.34295225608140   -0.31158620381430    0.45842110551639  
  1.540000   -0.33774180458098   -0.31429277387138    0.45266442354066  
  1.550000   -0.33262539248470   -0.31684645153454    0.44695646000509  
  1.560000   -0.32760067444450   -0.31925221717699    0.44129760142777  
  1.570000   -0.32266537388041   -0.32151494233453    0.43568819683315  
  1.580000   -0.31781728244166   -0.32363938500053    0.43012855996641  
  1.590000   -0.31305425931709   -0.32563018552078    0.42461897139782  
  1.600000   -0.30837423040439   -0.32749186308169    0.41915968051365  
  1.610000   -0.30377518734854   -0.32922881278249    0.41375090739121  
  1.620000   -0.29925518645925   -0.33084530327977    0.40839284455667  
  1.630000   -0.29481234751759   -0.33234547499035    0.40308565862529  
  1.640000   -0.29044485248178   -0.33373333883611    0.39782949182467  
  1.650000   -0.28615094410196   -0.33501277551260    0.39262446340279  
  1.660000   -0.28192892445395   -0.33618753526112    0.38747067092324  
  1.670000   -0.27777715340155   -0.33726123812236    0.38236819145123  
  1.680000   -0.27369404699690   -0.33823737464798    0.37731708263450  
  1.690000   -0.26967807582823   -0.33911930704528    0.37231738368419  
  1.700000   -0.26572776332403   -0.33991027072869    0.36736911626130  
  1.710000   -0.26184168402243   -0.34061337625103    0.36247228527506  
  1.720000   -0.25801846181439   -0.34123161158619    0.35762687959979  
  1.730000   -0.25425676816874   -0.34176784473477    0.35283287271760  
  1.740000   -0.25055532034706   -0.34222482662330    0.34809022329431  
  1.750000   -0.24691287961590   -0.34260519426741    0.34339887569629  
  1.760000   -0.24332824946340   -0.34291147416939    0.33875876045622  
  1.770000   -0.23980027382712   -0.34314608592047    0.33416979469539  
  1.780000   -0.23632783533942   -0.34331134597820    0.32963188251073  
  1.790000   -0.23290985359633   -0.34340947159011    0.32514491533394  
  1.800000   -0.22954528345539   -0.34344258483491    0.32070877227050  
  1.810000   -0.22623311336756   -0.34341271675335    0.31632332042550  
  1.820000   -0.22297236374794   -0.34332181154181    0.31198841522328  
  1.830000   -0.21976208538929   -0.34317173078239    0.30770390072710  
  1.840000   -0.21660135792240   -0.34296425768442    0.30346960996469  
  1.850000   -0.21348928832648   -0.34270110131357    0.29928536526495  
  1.860000   -0.21042500949251   -0.34238390078597    0.29515097861045  
  1.870000   -0.20740767884207   -0.34201422940590    0.29106625200959  
  1.880000   -0.20443647700368   -0.34159359872753    0.28703097789174  
  1.890000   -0.20151060654839   -0.34112346252209    0.28304493952786  
  1.900000   -0.19862929078573   -0.34060522063392    0.27910791147836  
  1.910000   -0.19579177262107   -0.34004022271005    0.27521966006921  
  1.920000   -0.19299731347475   -0.33942977178997    0.27137994389664  
  1.930000   -0.19024519226325   -0.33877512774345    0.26758851435977  
  1.940000   -0.18753470444206   -0.33807751054627    0.26384511622017  
  1.950000   -0.18486516110997   -0.33733810338517    0.26014948818636  
  1.960000   -0.18223588817368   -0.33655805558510    0.25650136352058  
  1.970000   -0.17964622557191   -0.33573848535324    0.25290047066486  
  1.980000   -0.17709552655747   -0.33488048233591    0.24934653388237  
  1.990000   -0.17458315703577   -0.33398510998620    0.24583927390999  
  2.000000   -0.17210849495801   -0.33305340774124    0.24237840861720  
  2.010000   -0.16967092976686   -0.33208639300974    0.23896365366619  
  2.020000   -0.16726986189270   -0.33108506297148    0.23559472316785  
  2.030000   -0.16490470229791   -0.33005039619203    0.23227133032767  
  2.040000   -0.16257487206677   -0.32898335405680    0.22899318807599  
  2.050000   -0.16027980203849   -0.32788488202971    0.22576000967633  
  2.060000   -0.15801893248060   -0.32675591074296    0.22257150930601  
  2.070000   -0.15579171280009   -0.32559735692486    0.21942740260304  
  2.080000   -0.15359760128948   -0.32441012417393    0.21632740717341  
  2.090000   -0.15143606490501   -0.32319510358782    0.21327124305343  
  2.100000   -0.14930657907427   -0.32195317425629    0.21025863312153  
  2.110000   -0.14720862753037   -0.32068520362822    0.20728930345483  
  2.120000   -0.14514170217000   -0.31939204776249    0.20436298362584  
  2.130000   -0.14310530293266   -0.31807455147352    0.20147940693535  
  2.140000   -0.14109893769843   -0.31673354838179    0.19863831057793  
  2.150000   -0.13912212220172   -0.31536986088032    0.19583943573730  
  2.160000   -0.13717437995863   -0.31398430002773    0.19308252760915  
  2.170000   -0.13525524220540   -0.31257766537856    0.19036733535001  
  2.180000   -0.13336424784593   -0.31115074476137    0.18769361195120  
  2.190000   -0.13150094340605   -0.30970431401491    0.18506111403773  
  2.200000   -0.12966488299269   -0.30823913669219    0.18246960159274  
  2.210000   -0.12785562825612   -0.30675596374213    0.17991883760890  
  2.220000   -0.12607274835341   -0.30525553317785    0.17740858766872  
  2.230000   -0.12431581991177   -0.30373856974022    0.17493861945671  
  2.240000   -0.12258442699017   -0.30220578456467    0.17250870220685  
  2.250000   -0.12087816103821   -0.30065787485889    0.17011860608965  
  2.260000   -0.11919662085090   -0.29909552359808    0.16776810154360  
  2.270000   -0.11753941251860   -0.29751939924408    0.16545695855657  
  2.280000   -0.11590614937129   -0.29593015549378    0.16318494590323  
  2.290000   -0.11429645191646   -0.29432843106175    0.16095183034502  
  2.300000   -0.11270994777019   -0.29271484950108    0.15875737579972  
  2.310000   -0.11114627158102   -0.29109001906596    0.15660134248809  
  2.320000   -0.10960506494644   -0.28945453261856    0.15448348606528  
  2.330000   -0.10808597632181   -0.28780896758248    0.15240355674506  
  2.340000   -0.10658866092183   -0.28615388594378    0.15036129842501  
  2.350000   -0.10511278061461   -0.28448983430061    0.14835644782101  
  2.360000   -0.10365800380864   -0.28281734396133    0.14638873361926  
  2.370000   -0.10222400533293   -0.28113693109052    0.14445787565416  
  2.380000   -0.10081046631079   -0.27944909690204    0.14256358412012  
  2.390000   -0.09941707402775   -0.27775432789721    0.14070555882520  
  2.400000   -0.09804352179407   -0.27605309614621    0.13888348849415  
  2.410000   -0.09668950880266   -0.27434585961012    0.13709705012822  
  2.420000   -0.09535473998283   -0.27263306250051    0.13534590842835  
  2.430000   -0.09403892585080   -0.27091513567351    0.13362971528823  
  2.440000   -0.09274178235755   -0.26919249705460    0.13194810936287  
  2.450000   -0.09146303073485   -0.26746555209031    0.13030071571782  
  2.460000   -0.09020239734017   -0.26573469422288    0.12868714556352  
  2.470000   -0.08895961350126   -0.26400030538361    0.12710699607842  
  2.480000   -0.08773441536116   -0.26226275650060    0.12555985032403  
  2.490000   -0.08652654372445   -0.26052240801670    0.12404527725392  
  2.500000   -0.08533574390523   -0.25877961041310    0.12256283181816  
  2.510000   -0.08416176557786   -0.25703470473448    0.12111205516369  
  2.520000   -0.08300436263082   -0.25528802311142    0.11969247493053  
  2.530000   -0.08186329302448   -0.25353988927600    0.11830360564250  
  2.540000   -0.08073831865327   -0.25179061906669    0.11694494919071  
  2.550000   -0.07962920521281   -0.25004052091882    0.11561599540712  
  2.560000   -0.07853572207246   -0.24828989633716    0.11431622272449  
  2.570000   -0.07745764215363   -0.24653904034739    0.11304509891869  
  2.580000   -0.07639474181437   -0.24478824192348    0.11180208192825  
  2.590000   -0.07534680074033   -0.24303778438851    0.11058662074565  
  2.600000   -0.07431360184242   -0.24128794578645    0.10939815637395  
  2.610000   -0.07329493116142   -0.23953899922305    0.10823612284209  
  2.620000   -0.07229057777937   -0.23779121317421    0.10709994827154  
  2.630000   -0.07130033373816   -0.23604485176063    0.10598905598649  
  2.640000   -0.07032399396491   -0.23430017498771    0.10490286565951  
  2.650000   -0.06936135620443   -0.23255743895034    0.10384079448442  
  2.660000   -0.06841222095832   -0.23081689600229    0.10280225836756  
  2.670000   -0.06747639143072   -0.22907879489034    0.10178667312899  
  2.680000   -0.06655367348041   -0.22734338085381    0.10079345570456  
  2.690000   -0.06564387557898   -0.22561089569008    0.09982202534043  
  2.700000   -0.06474680877472   -0.22388157778742    0.09887180477110  
  2.710000   -0.06386228666198   -0.22215566212642    0.09794222137266  
  2.720000   -0.06299012535543   -0.22043338025176    0.09703270828306  
  2.730000   -0.06213014346902   -0.21871496021621    0.09614270548144  
  2.740000   -0.06128216209896   -0.21700062649894    0.09527166081914  
  2.750000   -0.06044600481044   -0.21529059990054    0.09441903099540  
  2.760000   -0.05962149762757   -0.21358509741717    0.09358428247122  
  2.770000   -0.05880846902595   -0.21188433209649    0.09276689231555  
  2.780000   -0.05800674992757   -0.21018851287805    0.09196634897858  
  2.790000   -0.05721617369734   -0.20849784442092    0.09118215298749  
  2.800000   -0.05643657614097   -0.20681252692148    0.09041381756092  
  2.810000   -0.05566779550359   -0.20513275592415    0.08966086913891  
  2.820000   -0.05490967246867   -0.20345872212787    0.08892284782615  
  2.830000   -0.05416205015688   -0.20179061119131    0.08819930774681  
  2.840000   -0.05342477412435   -0.20012860353929    0.08748981731030  
  2.850000   -0.05269769236012   -0.19847287417334    0.08679395938799  
  2.860000   -0.05198065528213   -0.19682359248873    0.08611133140165  
  2.870000   -0.05127351573174   -0.19518092210050    0.08544154532520  
  2.880000   -0.05057612896625   -0.19354502068073    0.08478422760217  
  2.890000   -0.04988835264921   -0.19191603980904    0.08413901898189  
  2.900000   -0.04921004683838   -0.19029412483841    0.08350557427809  
  2.910000   -0.04854107397100   -0.18867941477779    0.08288356205441  
  2.920000   -0.04788129884637   -0.18707204219317    0.08227266424166  
  2.930000   -0.04723058860546   -0.18547213312834    0.08167257569250  
  2.940000   -0.04658881270769   -0.18387980704621    0.08108300367942  
  2.950000   -0.04595584290457   -0.18229517679183    0.08050366734242  
  2.960000   -0.04533155321051   -0.18071834857735    0.07993429709337  
  2.970000   -0.04471581987051   -0.17914942198951    0.07937463398385  
  2.980000   -0.04410852132514   -0.17758849001958    0.07882442904393  
  2.990000   -0.04350953817261   -0.17603563911588    0.07828344259923  
  3.000000   -0.04291875312826   -0.17449094925827    0.07775144357385  
  3.010000   -0.04233605098162   -0.17295449405433    0.07722820878644  
  3.020000   -0.04176131855110   -0.17142634085634    0.07671352224717  
  3.030000   -0.04119444463673   -0.16990655089819    0.07620717446242  
  3.040000   -0.04063531997097   -0.16839517945117    0.07570896175470  
  3.050000   -0.04008383716805   -0.16689227599729    0.07521868560413  
  3.060000   -0.03953989067197   -0.16539788441885    0.07473615201821  
  3.070000   -0.03900337670348   -0.16391204320270    0.07426117093563  
  3.080000   -0.03847419320640   -0.16243478565754    0.07379355566988  
  3.090000   -0.03795223979346   -0.16096614014264    0.07333312239746  
  3.100000   -0.03743741769206   -0.15950613030611    0.07287968969526  
  3.110000   -0.03692962969018   -0.15805477533099    0.07243307813093  
  3.120000   -0.03642878008280   -0.15661209018718    0.07199310990951  
  3.130000   -0.03593477461905   -0.15517808588754    0.07155960857879  
  3.140000   -0.03544752045043   -0.15375276974612    0.07113239879532  
  3.150000   -0.03496692608033   -0.15233614563675    0.07071130615232  
  3.160000   -0.03449290131507   -0.15092821425022    0.07029615706990  
  3.170000   -0.03402535721682   -0.14952897334838    0.06988677874742  
  3.180000   -0.03356420605846   -0.14813841801330    0.06948299917709  
  3.190000   -0.03310936128064   -0.14675654089019    0.06908464721732  
  3.200000   -0.03266073745128   -0.14538333242235    0.06869155272347  
  3.210000   -0.03221825022756   -0.14401878107706    0.06830354673335  
  3.220000   -0.03178181632053   -0.14266287356091    0.06792046170383  
  3.230000   -0.03135135346251   -0.14131559502372    0.06754213179482  
  3.240000   -0.03092678037730   -0.13997692924991    0.06716839319603  
  3.250000   -0.03050801675325   -0.13864685883662    0.06679908449152  
  3.260000   -0.03009498321922   -0.13732536535784    0.06643404705695  
  3.270000   -0.02968760132340   -0.13601242951412    0.06607312548366  
  3.280000   -0.02928579351501   -0.13470803126741    0.06571616802370  
  3.290000   -0.02888948312876   -0.13341214996092    0.06536302704977  
  3.300000   -0.02849859437202   -0.13212476442384    0.06501355952368  
  3.310000   -0.02811305231462   -0.13084585306116    0.06466762746692  
  3.320000   -0.02773278288110   -0.12957539392861    0.06432509842707  
  3.330000   -0.02735771284533   -0.12831336479334    0.06398584593366  
  3.340000   -0.02698776982726   -0.12705974318064    0.06364974993727  
  3.350000   -0.02662288229172   -0.12581450640738    0.06331669722577  
  3.360000   -0.02626297954898   -0.12457763160296    0.06298658181213  
  3.370000   -0.02590799175693   -0.12334909571849    0.06265930528805  
  3.380000   -0.02555784992471   -0.12212887552517    0.06233477713859  
  3.390000   -0.02521248591736   -0.12091694760293    0.06201291501288  
  3.400000   -0.02487183246159   -0.11971328832019    0.06169364494680  
  3.410000   -0.02453582315214   -0.11851787380609    0.06137690153397  
  3.420000   -0.02420439245871   -0.11733067991613    0.06106262804174  
  3.430000   -0.02387747573309   -0.11615168219253    0.06075077646972  
  3.440000   -0.02355500921637   -0.11498085582042    0.06044130754883  
  3.450000   -0.02323693004594   -0.11381817558104    0.06013419067949  
  3.460000   -0.02292317626218   -0.11266361580319    0.05982940380833  
  3.470000   -0.02261368681444   -0.11151715031400    0.05952693324322  
  3.480000   -0.02230840156636   -0.11037875239014    0.05922677340733  
  3.490000   -0.02200726130019   -0.10924839471060    0.05892892653339  
  3.500000   -0.02171020772003   -0.10812604931195    0.05863340229999  
  3.510000   -0.02141718345378   -0.10701168754707    0.05834021741246  
  3.520000   -0.02112813205380   -0.10590528004823    0.05804939513129  
  3.530000   -0.02084299799596   -0.10480679669523    0.05776096475175  
  3.540000   -0.02056172667728   -0.10371620658936    0.05747496103887  
  3.550000   -0.02028426441176   -0.10263347803374    0.05719142362228  
  3.560000   -0.02001055842469   -0.10155857852056    0.05691039635607  
  3.570000   -0.01974055684507   -0.10049147472556    0.05663192664901  
  3.580000   -0.01947420869645   -0.09943213251014    0.05635606477083  
  3.590000   -0.01921146388594   -0.09838051693117    0.05608286314073  
  3.600000   -0.01895227319159   -0.09733659225865    0.05581237560411  
  3.610000   -0.01869658824809   -0.09630032200125    0.05554465670411  
  3.620000   -0.01844436153088   -0.09527166893939    0.05527976095418  
  3.630000   -0.01819554633882   -0.09425059516599    0.05501774211838  
  3.640000   -0.01795009677536   -0.09323706213420    0.05475865250558  
  3.650000   -0.01770796772848   -0.09223103071198    0.05450254228404  
  3.660000   -0.01746911484943   -0.09123246124295    0.05424945882243  
  3.670000   -0.01723349453049   -0.09024131361291    0.05399944606316  
  3.680000   -0.01700106388173   -0.08925754732147    0.05375254393368  
  3.690000   -0.01677178070714   -0.08828112155809    0.05350878780092  
  3.700000   -0.01654560348011   -0.08731199528180    0.05326820797381  
  3.710000   -0.01632249131857   -0.08635012730374    0.05303082925814  
  3.720000   -0.01610240395982   -0.08539547637190    0.05279667056784  
  3.730000   -0.01588530173530   -0.08444800125700    0.05256574459591  
  3.740000   -0.01567114554553   -0.08350766083882    0.05233805754779  
  3.750000   -0.01545989683521   -0.08257441419209    0.05211360893956  
  3.760000   -0.01525151756882   -0.08164822067110    0.05189239146234  
  3.770000   -0.01504597020681   -0.08072903999214    0.05167439091398  
  3.780000   -0.01484321768247   -0.07981683231308    0.05145958619835  
  3.790000   -0.01464322337981   -0.07891155830925    0.05124794939187  
  3.800000   -0.01444595111230   -0.07801317924484    0.05103944587636  
  3.810000   -0.01425136510292   -0.07712165703927    0.05083403453656  
  3.820000   -0.01405942996534   -0.07623695432777    0.05063166802019  
  3.830000   -0.01387011068655   -0.07535903451565    0.05043229305765  
  3.840000   -0.01368337261089   -0.07448786182586    0.05023585083806  
  3.850000   -0.01349918142558   -0.07362340133918    0.05004227743773  
  3.860000   -0.01331750314789   -0.07276561902692    0.04985150429658  
  3.870000   -0.01313830411387   -0.07191448177575    0.04966345873783  
  3.880000   -0.01296155096875   -0.07106995740444    0.04947806452549  
  3.890000   -0.01278721065897   -0.07023201467247    0.04929524245423  
  3.900000   -0.01261525042587   -0.06940062328041    0.04911491096561  
  3.910000   -0.01244563780104   -0.06857575386221    0.04893698678459  
  3.920000   -0.01227834060320   -0.06775737796942    0.04876138556995  
  3.930000   -0.01211332693671   -0.06694546804768    0.04858802257225  
  3.940000   -0.01195056519146   -0.06613999740561    0.04841681329268  
  3.950000   -0.01179002404426   -0.06534094017669    0.04824767413654  
  3.960000   -0.01163167246151   -0.06454827127428    0.04808052305473  
  3.970000   -0.01147547970309   -0.06376196634054    0.04791528016709  
  3.980000   -0.01132141532737   -0.06298200168956    0.04775186836141  
  3.990000   -0.01116944919720   -0.06220835424552    0.04759021386237  
  4.000000   -0.01101955148683   -0.06144100147637    0.04743024676480  
  4.010000   -0.01087169268947   -0.06067992132377    0.04727190152619  
  4.020000   -0.01072584362558   -0.05992509213001    0.04711511741355  
  4.030000   -0.01058197545150   -0.05917649256263    0.04695983890056  
  4.040000   -0.01044005966850   -0.05843410153752    0.04680601601095  
  4.050000   -0.01030006813197   -0.05769789814124    0.04665360460508  
  4.060000   -0.01016197306066   -0.05696786155327    0.04650256660692  
  4.070000   -0.01002574704581   -0.05624397096908    0.04635287016930  
  4.080000   -0.00989136306011   -0.05552620552461    0.04620448977612  
  4.090000   -0.00975879446619   -0.05481454422296    0.04605740628033  
  4.100000   -0.00962801502469   -0.05410896586394    0.04591160687788  
  4.110000   -0.00949899890176   -0.05340944897716    0.04576708501759  
  4.120000   -0.00937172067572   -0.05271597175922    0.04562384024836  
  4.130000   -0.00924615534301   -0.05202851201560    0.04548187800501  
  4.140000   -0.00912227832323   -0.05134704710776    0.04534120933533  
  4.150000   -0.00900006546308   -0.05067155390583    0.04520185057085  
  4.160000   -0.00887949303936   -0.05000200874739    0.04506382294488  
  4.170000   -0.00876053776080   -0.04933838740253    0.04492715216164  
  4.180000   -0.00864317676870   -0.04868066504557    0.04479186792081  
  4.190000   -0.00852738763647   -0.04802881623352    0.04465800340226  
  4.200000   -0.00841314836780   -0.04738281489147    0.04452559471618  
  4.210000   -0.00830043739377   -0.04674263430494    0.04439468032404  
  4.220000   -0.00818923356861   -0.04610824711907    0.04426530043616  
  4.230000   -0.00807951616436   -0.04547962534475    0.04413749639183  
  4.240000   -0.00797126486427   -0.04485674037130    0.04401131002828  
  4.250000   -0.00786445975511   -0.04423956298566    0.04388678304450  
  4.260000   -0.00775908131843   -0.04362806339765    0.04376395636638  
  4.270000   -0.00765511042075   -0.04302221127108    0.04364286951935  
  4.280000   -0.00755252830282   -0.04242197576023    0.04352356001472  
  4.290000   -0.00745131656803   -0.04182732555118    0.04340606275568  
  4.300000   -0.00735145717005   -0.04123822890771    0.04329040946889  
  4.310000   -0.00725293239977   -0.04065465372092    0.04317662816714  
  4.320000   -0.00715572487168   -0.04007656756235    0.04306474264834  
  4.330000   -0.00705981750975   -0.03950393773962    0.04295477203570  
  4.340000   -0.00696519353302   -0.03893673135433    0.04284673036373  
  4.350000   -0.00687183644083   -0.03837491536130    0.04274062621377  
  4.360000   -0.00677972999806   -0.03781845662870    0.04263646240285  
  4.370000   -0.00668885822021   -0.03726732199827    0.04253423572874  
  4.380000   -0.00659920535870   -0.03672147834512    0.04243393677367  
  4.390000   -0.00651075588626   -0.03618089263642    0.04233554976848  
  4.400000   -0.00642349448278   -0.03564553198834    0.04223905251867  
  4.410000   -0.00633740602143   -0.03511536372071    0.04214441639270  
  4.420000   -0.00625247555543   -0.03459035540880    0.04205160637294  
  4.430000   -0.00616868830534   -0.03407047493173    0.04196058116838  
  4.440000   -0.00608602964715   -0.03355569051697    0.04187129338811  
  4.450000   -0.00600448510107   -0.03304597078058    0.04178368977374  
  4.460000   -0.00592404032120   -0.03254128476267    0.04169771148853  
  4.470000   -0.00584468108617   -0.03204160195790    0.04161329446006  
  4.480000   -0.00576639329069   -0.03154689234057    0.04153036977345  
  4.490000   -0.00568916293810   -0.03105712638417    0.04144886411082  
  4.500000   -0.00561297613406   -0.03057227507528    0.04136870023296  
  4.510000   -0.00553781908122   -0.03009230992145    0.04128979749829  
  4.520000   -0.00546367807502   -0.02961720295339    0.04121207241412  
  4.530000   -0.00539053950052   -0.02914692672117    0.04113543921469  
  4.540000   -0.00531838983043   -0.02868145428460    0.04105981046048  
  4.550000   -0.00524721562401   -0.02822075919801    0.04098509765283  
  4.560000   -0.00517700352719   -0.02776481548950    0.04091121185792  
  4.570000   -0.00510774027352   -0.02731359763491    0.04083806433404  
  4.580000   -0.00503941268620   -0.02686708052693    0.04076556715611  
  4.590000   -0.00497200768086   -0.02642523943949    0.04069363383133  
  4.600000   -0.00490551226929   -0.02598804998801    0.04062217990009  
  4.610000   -0.00483991356384   -0.02555548808580    0.04055112351630  
  4.620000   -0.00477519878252   -0.02512752989717    0.04048038600160  
  4.630000   -0.00471135525467   -0.02470415178765    0.04040989236816  
  4.640000   -0.00464837042722   -0.02428533027195    0.04033957180502  
  4.650000   -0.00458623187123   -0.02387104196006    0.04026935812349  
  4.660000   -0.00452492728884   -0.02346126350217    0.04019919015726  
  4.670000   -0.00446444452045   -0.02305597153294    0.04012901211356  
  4.680000   -0.00440477155193   -0.02265514261562    0.04005877387213  
  4.690000   -0.00434589652203   -0.02225875318670    0.03998843122915  
  4.700000   -0.00428780772950   -0.02186677950150    0.03991794608410  
  4.710000   -0.00423049364025   -0.02147919758139    0.03984728656782  
  4.720000   -0.00417394289417   -0.02109598316313    0.03977642711066  
  4.730000   -0.00411814431157   -0.02071711165066    0.03970534845049  
  4.740000   -0.00406308689931   -0.02034255807018    0.03963403758044  
  4.750000   -0.00400875985628   -0.01997229702849    0.03956248763733  
  4.760000   -0.00395515257850   -0.01960630267545    0.03949069773190  
  4.770000   -0.00390225466338   -0.01924454867059    0.03941867272290  
  4.780000   -0.00385005591341   -0.01888700815437    0.03934642293734  
  4.790000   -0.00379854633912   -0.01853365372427    0.03927396383988  
  4.800000   -0.00374771616113   -0.01818445741598    0.03920131565485  
  4.810000   -0.00369755581151   -0.01783939068992    0.03912850294477  
  4.820000   -0.00364805593422   -0.01749842442304    0.03905555414962  
  4.830000   -0.00359920738471   -0.01716152890612    0.03898250109171  
  4.840000   -0.00355100122866   -0.01682867384658    0.03890937845102  
  4.850000   -0.00350342873981   -0.01649982837668    0.03883622321642  
  4.860000   -0.00345648139701   -0.01617496106704    0.03876307411822  
  4.870000   -0.00341015088034   -0.01585403994543    0.03868997104779  
  4.880000   -0.00336442906651   -0.01553703252053    0.03861695447007  
  4.890000   -0.00331930802343   -0.01522390581045    0.03854406483481  
  4.900000   -0.00327478000403   -0.01491462637583    0.03847134199241  
  4.910000   -0.00323083743949   -0.01460916035706    0.03839882462018  
  4.920000   -0.00318747293176   -0.01430747351529    0.03832654966472  
  4.930000   -0.00314467924556   -0.01400953127695    0.03825455180590  
  4.940000   -0.00310244929989   -0.01371529878125    0.03818286294775  
  4.950000   -0.00306077615908   -0.01342474093023    0.03811151174133  
  4.960000   -0.00301965302358   -0.01313782244089    0.03804052314415  
  4.970000   -0.00297907322040   -0.01285450789899    0.03796991802057  
  4.980000   -0.00293903019343   -0.01257476181396    0.03789971278701  
  4.990000   -0.00289951749365   -0.01229854867434    0.03782991910544  
  5.000000   -0.00286052876928   -0.01202583300349    0.03776054362805  
  5.010000   -0.00282205775610   -0.01175657941481    0.03769158779577  
  5.020000   -0.00278409826783   -0.01149075266610    0.03762304769216  
  5.030000   -0.00274664418677   -0.01122831771265    0.03755491395444  
  5.040000   -0.00270968945479   -0.01096923975843    0.03748717174215  
  5.050000   -0.00267322806467   -0.01071348430513    0.03741980076384  
  5.060000   -0.00263725405191   -0.01046101719845    0.03735277536124  
  5.070000   -0.00260176148704   -0.01021180467146    0.03728606465025  
  5.080000   -0.00256674446854   -0.00996581338448    0.03721963271694  
  5.090000   -0.00253219711644   -0.00972301046133    0.03715343886681  
  5.100000   -0.00249811356647   -0.00948336352161    0.03708743792452  
  5.110000   -0.00246448796512   -0.00924684070869    0.03702158058119  
  5.120000   -0.00243131446529   -0.00901341071342    0.03695581378569  
  5.130000   -0.00239858722284   -0.00878304279323    0.03689008117590  
  5.140000   -0.00236630039395   -0.00855570678658    0.03682432354575  
  5.150000   -0.00233444813317   -0.00833137312277    0.03675847934317  
  5.160000   -0.00230302459247   -0.00811001282697    0.03669248519405  
  5.170000   -0.00227202392098   -0.00789159752065    0.03662627644697  
  5.180000   -0.00224144026559   -0.00767609941735    0.03655978773324  
  5.190000   -0.00221126777230   -0.00746349131400    0.03649295353660  
  5.200000   -0.00218150058837   -0.00725374657797    0.03642570876701  
  5.210000   -0.00215213286517   -0.00704683913001    0.03635798933274  
  5.220000   -0.00212315876168   -0.00684274342327    0.03628973270511  
  5.230000   -0.00209457244873   -0.00664143441878    0.03622087847022  
  5.240000   -0.00206636811369   -0.00644288755771    0.03615136886233  
  5.250000   -0.00203853996578   -0.00624707873059    0.03608114927340  
  5.260000   -0.00201108224181   -0.00605398424398    0.03601016873395  
  5.270000   -0.00198398921232   -0.00586358078498    0.03593838036037  
  5.280000   -0.00195725518805   -0.00567584538387    0.03586574176429  
  5.290000   -0.00193087452666   -0.00549075537541    0.03579221542004  
  5.300000   -0.00190484163964   -0.00530828835907    0.03571776898644  
  5.310000   -0.00187915099933   -0.00512842215882    0.03564237557995  
  5.320000   -0.00185379714594   -0.00495113478268    0.03556601399634  
  5.330000   -0.00182877469458   -0.00477640438255    0.03548866887888  
  5.340000   -0.00180407834212   -0.00460420921481    0.03541033083122  
  5.350000   -0.00177970287390   -0.00443452760188    0.03533099647405  
  5.360000   -0.00175564317014   -0.00426733789531    0.03525066844500  
  5.370000   -0.00173189421206   -0.00410261844065    0.03516935534169  
  5.380000   -0.00170845108762   -0.00394034754451    0.03508707160868  
  5.390000   -0.00168530899673   -0.00378050344405    0.03500383736937  
  5.400000   -0.00166246325606   -0.00362306427919    0.03491967820462  
  5.410000   -0.00163990930324   -0.00346800806786    0.03483462488025  
  5.420000   -0.00161764270047   -0.00331531268442    0.03474871302620  
  5.430000   -0.00159565913751   -0.00316495584150    0.03466198277048  
  5.440000   -0.00157395443403   -0.00301691507532    0.03457447833169  
  5.450000   -0.00155252454119   -0.00287116773471    0.03448624757390  
  5.460000   -0.00153136554265   -0.00272769097375    0.03439734152868  
  5.470000   -0.00151047365474   -0.00258646174822    0.03430781388862  
  5.480000   -0.00148984522596   -0.00244745681572    0.03421772047761  
  5.490000   -0.00146947673583   -0.00231065273945    0.03412711870312  
  5.500000   -0.00144936479292   -0.00217602589566    0.03403606699567  
  5.510000   -0.00142950613230   -0.00204355248444    0.03394462424129  
  5.520000   -0.00140989761225   -0.00191320854388    0.03385284921234  
  5.530000   -0.00139053621039   -0.00178496996738    0.03376080000250  
  5.540000   -0.00137141901922   -0.00165881252380    0.03366853347127  
  5.550000   -0.00135254324103   -0.00153471188024    0.03357610470362  
  5.560000   -0.00133390618242   -0.00141264362731    0.03348356648996  
  5.570000   -0.00131550524826   -0.00129258330637    0.03339096883165  
  5.580000   -0.00129733793530   -0.00117450643859    0.03329835847675  
  5.590000   -0.00127940182540   -0.00105838855548    0.03320577849067  
  5.600000   -0.00126169457857   -0.00094420523050    0.03311326786575  
  5.610000   -0.00124421392563   -0.00083193211140    0.03302086117378  
  5.620000   -0.00122695766089   -0.00072154495306    0.03292858826461  
  5.630000   -0.00120992363464   -0.00061301965030    0.03283647401386  
  5.640000   -0.00119310974560   -0.00050633227042    0.03274453812218  
  5.650000   -0.00117651393354   -0.00040145908513    0.03265279496785  
  5.660000   -0.00116013417184   -0.00029837660147    0.03256125351419  
  5.670000   -0.00114396846038   -0.00019706159148    0.03246991727259  
  5.680000   -0.00112801481859   -0.00009749112021    0.03237878432141  
  5.690000   -0.00111227127878    0.00000035742807    0.03228784738050  
  5.700000   -0.00109673587986    0.00009650632588    0.03219709394051  
  5.710000   -0.00108140666149    0.00019097748090    0.03210650644557  
  5.720000   -0.00106628165856    0.00028379241689    0.03201606252760  
  5.730000   -0.00105135889634    0.00037497225750    0.03192573528961  
  5.740000   -0.00103663638600    0.00046453771290    0.03183549363531  
  5.750000   -0.00102211212079    0.00055250906951    0.03174530264156  
  5.760000   -0.00100778407279    0.00063890618292    0.03165512396998  
  5.770000   -0.00099365019024    0.00072374847390    0.03156491631345  
  5.780000   -0.00097970839557    0.00080705492777    0.03147463587312  
  5.790000   -0.00096595658395    0.00088884409681    0.03138423686107  
  5.800000   -0.00095239262265    0.00096913410601    0.03129367202359  
  5.810000   -0.00093901435082    0.00104794266175    0.03120289317984  
  5.820000   -0.00092581958011    0.00112528706354    0.03111185177042  
  5.830000   -0.00091280609574    0.00120118421858    0.03102049941053  
  5.840000   -0.00089997165825    0.00127565065891    0.03092878844194  
  5.850000   -0.00088731400577    0.00134870256116    0.03083667247846  
  5.860000   -0.00087483085684    0.00142035576842    0.03074410693937  
  5.870000   -0.00086251991371    0.00149062581414    0.03065104956540  
  5.880000   -0.00085037886611    0.00155952794785    0.03055746091228  
  5.890000   -0.00083840539543    0.00162707716220    0.03046330481675  
  5.900000   -0.00082659717921    0.00169328822132    0.03036854883048  
  5.910000   -0.00081495189598    0.00175817568990    0.03027316461749  
  5.920000   -0.00080346723039    0.00182175396289    0.03017712831117  
  5.930000   -0.00079214087842    0.00188403729549    0.03008042082724  
  5.940000   -0.00078097055283    0.00194503983289    0.02998302812955  
  5.950000   -0.00076995398865    0.00200477563981    0.02988494144609  
  5.960000   -0.00075908894870    0.00206325872919    0.02978615743288  
  5.970000   -0.00074837322904    0.00212050308993    0.02968667828435  
  5.980000   -0.00073780466434    0.00217652271329    0.02958651178873  
  5.990000   -0.00072738113312    0.00223133161778    0.02948567132820  
  6.000000   -0.00071710056274    0.00228494387219    0.02938417582350  
  6.010000   -0.00070696093414    0.00233737361647    0.02928204962366  
  6.020000   -0.00069696028628    0.00238863508046    0.02917932234181  
  6.030000   -0.00068709672018    0.00243874260003    0.02907602863877  
  6.040000   -0.00067736840264    0.00248771063061    0.02897220795634  
  6.050000   -0.00066777356941    0.00253555375795    0.02886790420310  
  6.060000   -0.00065831052801    0.00258228670594    0.02876316539558  
  6.070000   -0.00064897765992    0.00262792434149    0.02865804325846  
  6.080000   -0.00063977342232    0.00267248167635    0.02855259278765  
  6.090000   -0.00063069634931    0.00271597386593    0.02844687178053  
  6.100000   -0.00062174505250    0.00275841620500    0.02834094033795  
  6.110000   -0.00061291822103    0.00279982412050    0.02823486034286  
  6.120000   -0.00060421462113    0.00284021316137    0.02812869492075  
  6.130000   -0.00059563309498    0.00287959898554    0.02802250788708  
  6.140000   -0.00058717255911    0.00291799734431    0.02791636318724  
  6.150000   -0.00057883200219    0.00295542406411    0.02781032433445  
  6.160000   -0.00057061048234    0.00299189502598    0.02770445385110  
  6.170000   -0.00056250712393    0.00302742614291    0.02759881271911  
  6.180000   -0.00055452111389    0.00306203333519    0.02749345984463  
  6.190000   -0.00054665169761    0.00309573250418    0.02738845154231  
  6.200000   -0.00053889817442    0.00312853950461    0.02728384104424  
  6.210000   -0.00053125989270    0.00316047011581    0.02717967803841  
  6.220000   -0.00052373624473    0.00319154001204    0.02707600824111  
  6.230000   -0.00051632666116    0.00322176473228    0.02697287300752  
  6.240000   -0.00050903060541    0.00325115964982    0.02687030898437  
  6.250000   -0.00050184756773    0.00327973994181    0.02676834780790  
  6.260000   -0.00049477705931    0.00330752055928    0.02666701585024  
  6.270000   -0.00048781860620    0.00333451619770    0.02656633401663  
  6.280000   -0.00048097174329    0.00336074126855    0.02646631759536  
  6.290000   -0.00047423600827    0.00338620987207    0.02636697616208  
  6.300000   -0.00046761093578    0.00341093577153    0.02626831353920  
  6.310000   -0.00046109605160    0.00343493236924    0.02617032781088  
  6.320000   -0.00045469086709    0.00345821268448    0.02607301139345  
  6.330000   -0.00044839487392    0.00348078933371    0.02597635116044  
  6.340000   -0.00044220753896    0.00350267451309    0.02588032862108  
  6.350000   -0.00043612829961    0.00352387998362    0.02578492015044  
  6.360000   -0.00043015655950    0.00354441705895    0.02569009726892  
  6.370000   -0.00042429168448    0.00356429659600    0.02559582696832  
  6.380000   -0.00041853299920    0.00358352898854    0.02550207208135  
  6.390000   -0.00041287978401    0.00360212416368    0.02540879169071  
  6.400000   -0.00040733127245    0.00362009158147    0.02531594157398  
  6.410000   -0.00040188664916    0.00363744023740    0.02522347467967  
  6.420000   -0.00039654504837    0.00365417866801    0.02513134162987  
  6.430000   -0.00039130555284    0.00367031495935    0.02503949124455  
  6.440000   -0.00038616719339    0.00368585675837    0.02494787108218  
  6.450000   -0.00038112894890    0.00370081128699    0.02485642799158  
  6.460000   -0.00037618974685    0.00371518535888    0.02476510866927  
  6.470000   -0.00037134846434    0.00372898539865    0.02467386021714  
  6.480000   -0.00036660392963    0.00374221746334    0.02458263069464  
  6.490000   -0.00036195492411    0.00375488726595    0.02449136966024  
  6.500000   -0.00035740018469    0.00376700020092    0.02440002869685  
  6.510000   -0.00035293840667    0.00377856137114    0.02430856191579  
  6.520000   -0.00034856824691    0.00378957561643    0.02421692643466  
  6.530000   -0.00034428832739    0.00380004754299    0.02412508282420  
  6.540000   -0.00034009723905    0.00380998155385    0.02403299551978  
  6.550000   -0.00033599354586    0.00381938187976    0.02394063319355  
  6.560000   -0.00033197578920    0.00382825261040    0.02384796908354  
  6.570000   -0.00032804249228    0.00383659772554    0.02375498127645  
  6.580000   -0.00032419216480    0.00384442112601    0.02366165294150  
  6.590000   -0.00032042330761    0.00385172666395    0.02356797251286  
  6.600000   -0.00031673441745    0.00385851817235    0.02347393381905  
  6.610000   -0.00031312399162    0.00386479949340    0.02337953615798  
  6.620000   -0.00030959053265    0.00387057450557    0.02328478431696  
  6.630000   -0.00030613255279    0.00387584714899    0.02318968853745  
  6.640000   -0.00030274857838    0.00388062144918    0.02309426442504  
  6.650000   -0.00029943715408    0.00388490153863    0.02299853280546  
  6.660000   -0.00029619684672    0.00388869167632    0.02290251952815  
  6.670000   -0.00029302624901    0.00389199626481    0.02280625521941  
  6.680000   -0.00028992398291    0.00389481986497    0.02270977498746  
  6.690000   -0.00028688870261    0.00389716720803    0.02261311808255  
  6.700000   -0.00028391909718    0.00389904320503    0.02251632751536  
  6.710000   -0.00028101389287    0.00390045295359    0.02241944963764  
  6.720000   -0.00027817185492    0.00390140174190    0.02232253368910  
  6.730000   -0.00027539178901    0.00390189504995    0.02222563131536  
  6.740000   -0.00027267254227    0.00390193854813    0.02212879606139  
  6.750000   -0.00027001300381    0.00390153809310    0.02203208284590  
  6.760000   -0.00026741210485    0.00390069972110    0.02193554742156  
  6.770000   -0.00026486881840    0.00389942963880    0.02183924582674  
  6.780000   -0.00026238215849    0.00389773421175    0.02174323383399  
  6.790000   -0.00025995117903    0.00389561995067    0.02164756640102  
  6.800000   -0.00025757497221    0.00389309349567    0.02155229712939  
  6.810000   -0.00025525266653    0.00389016159869    0.02145747773654  
  6.820000   -0.00025298342452    0.00388683110416    0.02136315754634  
  6.830000   -0.00025076644003    0.00388310892842    0.02126938300328  
  6.840000   -0.00024860093533    0.00387900203779    0.02117619721508  
  6.850000   -0.00024648615786    0.00387451742577    0.02108363952852  
  6.860000   -0.00024442137674    0.00386966208955    0.02099174514244  
  6.870000   -0.00024240587918    0.00386444300606    0.02090054476208  
  6.880000   -0.00024043896663    0.00385886710783    0.02081006429805  
  6.890000   -0.00023851995084    0.00385294125894    0.02072032461306  
  6.900000   -0.00023664814993    0.00384667223134    0.02063134131895  
  6.910000   -0.00023482288430    0.00384006668166    0.02054312462607  
  6.920000   -0.00023304347267    0.00383313112900    0.02045567924656  
  6.930000   -0.00023130922810    0.00382587193364    0.02036900435256  
  6.940000   -0.00022961945419    0.00381829527714    0.02028309358981  
  6.950000   -0.00022797344135    0.00381040714392    0.02019793514655  
  6.960000   -0.00022637046326    0.00380221330450    0.02011351187702  
  6.970000   -0.00022480977364    0.00379371930062    0.02002980147851  
  6.980000   -0.00022329060314    0.00378493043245    0.01994677672017  
  6.990000   -0.00022181215664    0.00377585174788    0.01986440572129  
  7.000000   -0.00022037361083    0.00376648803412    0.01978265227644  
  7.010000   -0.00021897411210    0.00375684381166    0.01970147622419  
  7.020000   -0.00021761277488    0.00374692333063    0.01962083385584  
  7.030000   -0.00021628868029    0.00373673056971    0.01954067836006  
  7.040000   -0.00021500087530    0.00372626923744    0.01946096029905  
  7.050000   -0.00021374837220    0.00371554277605    0.01938162811162  
  7.060000   -0.00021253014863    0.00370455436774    0.01930262863794  
  7.070000   -0.00021134514790    0.00369330694329    0.01922390766111  
  7.080000   -0.00021019227989    0.00368180319309    0.01914541045975  
  7.090000   -0.00020907042229    0.00367004558026    0.01906708236650  
  7.100000   -0.00020797842228    0.00365803635591    0.01898886932653  
  7.110000   -0.00020691509867    0.00364577757631    0.01891071845068  
  7.120000   -0.00020587924434    0.00363327112183    0.01883257855766  
  7.130000   -0.00020486962918    0.00362051871749    0.01875440069976  
  7.140000   -0.00020388500328    0.00360752195487    0.01867613866694  
  7.150000   -0.00020292410048    0.00359428231520    0.01859774946412  
  7.160000   -0.00020198564223    0.00358080119345    0.01851919375690  
  7.170000   -0.00020106834168    0.00356707992310    0.01844043628118  
  7.180000   -0.00020017090802    0.00355311980143    0.01836144621250  
  7.190000   -0.00019929205102    0.00353892211506    0.01828219749137  
  7.200000   -0.00019843048565    0.00352448816548    0.01820266910124  
  7.210000   -0.00019758493688    0.00350981929440    0.01812284529615  
  7.220000   -0.00019675414455    0.00349491690852    0.01804271577584  
  7.230000   -0.00019593686815    0.00347978250372    0.01796227580628  
  7.240000   -0.00019513189176    0.00346441768823    0.01788152628445  
  7.250000   -0.00019433802872    0.00344882420465    0.01780047374642  
  7.260000   -0.00019355412638    0.00343300395066    0.01771913031871  
  7.270000   -0.00019277907058    0.00341695899808    0.01763751361311  
  7.280000   -0.00019201178995    0.00340069161033    0.01755564656592  
  7.290000   -0.00019125126007    0.00338420425787    0.01747355722315  
  7.300000   -0.00019049650727    0.00336749963171    0.01739127847351  
  7.310000   -0.00018974661216    0.00335058065463    0.01730884773189  
  7.320000   -0.00018900071283    0.00333345049032    0.01722630657624  
  7.330000   -0.00018825800773    0.00331611255001    0.01714370034132  
  7.340000   -0.00018751775807    0.00329857049678    0.01706107767332  
  7.350000   -0.00018677928992    0.00328082824748    0.01697849004960  
  7.360000   -0.00018604199581    0.00326288997209    0.01689599126828  
  7.370000   -0.00018530533590    0.00324476009080    0.01681363691256  
  7.380000   -0.00018456883875    0.00322644326851    0.01673148379516  
  7.390000   -0.00018383210152    0.00320794440718    0.01664958938818  
  7.400000   -0.00018309478986    0.00318926863577    0.01656801124409  
  7.410000   -0.00018235663719    0.00317042129814    0.01648680641352  
  7.420000   -0.00018161744362    0.00315140793878    0.01640603086567  
  7.430000   -0.00018087707438    0.00313223428675    0.01632573891692  
  7.440000   -0.00018013545786    0.00311290623784    0.01624598267357  
  7.450000   -0.00017939258318    0.00309342983513    0.01616681149404  
  7.460000   -0.00017864849736    0.00307381124820    0.01608827147600  
  7.470000   -0.00017790330221    0.00305405675113    0.01601040497358  
  7.480000   -0.00017715715077    0.00303417269953    0.01593325014956  
  7.490000   -0.00017641024345    0.00301416550679    0.01585684056695  
  7.500000   -0.00017566282396    0.00299404161982    0.01578120482417  
  7.510000   -0.00017491517493    0.00297380749448    0.01570636623769  
  7.520000   -0.00017416761330    0.00295346957085    0.01563234257514  
  7.530000   -0.00017342048560    0.00293303424874    0.01555914584196  
  7.540000   -0.00017267416306    0.00291250786352    0.01548678212365  
  7.550000   -0.00017192903661    0.00289189666254    0.01541525148543  
  7.560000   -0.00017118551190    0.00287120678239    0.01534454793053  
  7.570000   -0.00017044400419    0.00285044422709    0.01527465941757  
  7.580000   -0.00016970493341    0.00282961484760    0.01520556793714  
  7.590000   -0.00016896871921    0.00280872432258    0.01513724964702  
  7.600000   -0.00016823577610    0.00278777814083    0.01506967506478  
  7.610000   -0.00016750650885    0.00276678158538    0.01500280931619  
  7.620000   -0.00016678130794    0.00274573971939    0.01493661243707  
  7.630000   -0.00016606054536    0.00272465737406    0.01487103972579  
  7.640000   -0.00016534457055    0.00270353913859    0.01480604214316  
  7.650000   -0.00016463370677    0.00268238935224    0.01474156675591  
  7.660000   -0.00016392824760    0.00266121209861    0.01467755721943  
  7.670000   -0.00016322845396    0.00264001120216    0.01461395429540  
  7.680000   -0.00016253455139    0.00261879022692    0.01455069639906  
  7.690000   -0.00016184672768    0.00259755247749    0.01448772017100  
  7.700000   -0.00016116513102    0.00257630100221    0.01442496106794  
  7.710000   -0.00016048986843    0.00255503859852    0.01436235396663  
  7.720000   -0.00015982100465    0.00253376782037    0.01429983377517  
  7.730000   -0.00015915856144    0.00251249098768    0.01423733604563  
  7.740000   -0.00015850251732    0.00249121019766    0.01417479758199  
  7.750000   -0.00015785280768    0.00246992733793    0.01411215703757  
  7.760000   -0.00015720932529    0.00244864410124    0.01404935549580  
  7.770000   -0.00015657192127    0.00242736200168    0.01398633702886  
  7.780000   -0.00015594040632    0.00240608239227    0.01392304922844  
  7.790000   -0.00015531455245    0.00238480648357    0.01385944370345  
  7.800000   -0.00015469409490    0.00236353536331    0.01379547653970  
  7.810000   -0.00015407873452    0.00234227001677    0.01373110871683  
  7.820000   -0.00015346814030    0.00232101134770    0.01366630647844  
  7.830000   -0.00015286195228    0.00229976019958    0.01360104165153  
  7.840000   -0.00015225978456    0.00227851737703    0.01353529191198  
  7.850000   -0.00015166122866    0.00225728366714    0.01346904099338  
  7.860000   -0.00015106585688    0.00223605986057    0.01340227883697  
  7.870000   -0.00015047322592    0.00221484677214    0.01333500168100  
  7.880000   -0.00014988288048    0.00219364526076    0.01326721208849  
  7.890000   -0.00014929435700    0.00217245624855    0.01319891891300  
  7.900000   -0.00014870718733    0.00215128073888    0.01313013720242  
  7.910000   -0.00014812090248    0.00213011983329    0.01306088804174  
  7.920000   -0.00014753503623    0.00210897474697    0.01299119833597  
  7.930000   -0.00014694912866    0.00208784682284    0.01292110053529  
  7.940000   -0.00014636272958    0.00206673754400    0.01285063230493  
  7.950000   -0.00014577540182    0.00204564854446    0.01277983614281  
  7.960000   -0.00014518672425    0.00202458161807    0.01270875894867  
  7.970000   -0.00014459629467    0.00200353872559    0.01263745154861  
  7.980000   -0.00014400373239    0.00198252199977    0.01256596817969  
  7.990000   -0.00014340868059    0.00196153374859    0.01249436593956  
  8.000000   -0.00014281080837    0.00194057645639    0.01242270420628  
  8.010000   -0.00014220981248    0.00191965278311    0.01235104403416  
  8.020000   -0.00014160541876    0.00189876556152    0.01227944753131  
  8.030000   -0.00014099738323    0.00187791779258    0.01220797722503  
  8.040000   -0.00014038549282    0.00185711263895    0.01213669542130  
  8.050000   -0.00013976956579    0.00183635341665    0.01206566356463  
  8.060000   -0.00013914945182    0.00181564358513    0.01199494160450  
  8.070000   -0.00013852503163    0.00179498673567    0.01192458737485  
  8.080000   -0.00013789621646    0.00177438657840    0.01185465599252  
  8.090000   -0.00013726294703    0.00175384692795    0.01178519928093  
  8.100000   -0.00013662519230    0.00173337168788    0.01171626522452  
  8.110000   -0.00013598294788    0.00171296483422    0.01164789745961  
  8.120000   -0.00013533623414    0.00169263039798    0.01158013480676  
  8.130000   -0.00013468509412    0.00167237244714    0.01151301084943  
  8.140000   -0.00013402959110    0.00165219506797    0.01144655356326  
  8.150000   -0.00013336980602    0.00163210234611    0.01138078499987  
  8.160000   -0.00013270583473    0.00161209834752    0.01131572102842  
  8.170000   -0.00013203778497    0.00159218709933    0.01125137113784  
  8.180000   -0.00013136577338    0.00157237257103    0.01118773830183  
  8.190000   -0.00013068992226    0.00155265865599    0.01112481890826  
  8.200000   -0.00013001035637    0.00153304915347    0.01106260275398  
  8.210000   -0.00012932719965    0.00151354775143    0.01100107310530  
  8.220000   -0.00012864057195    0.00149415801012    0.01094020682389  
  8.230000   -0.00012795058582    0.00147488334679    0.01087997455712  
  8.240000   -0.00012725734335    0.00145572702137    0.01082034099127  
  8.250000   -0.00012656093310    0.00143669212360    0.01076126516539  
  8.260000   -0.00012586142722    0.00141778156137    0.01070270084303  
  8.270000   -0.00012515887865    0.00139899805060    0.01064459693841  
  8.280000   -0.00012445331864    0.00138034410665    0.01058689799305  
  8.290000   -0.00012374475435    0.00136182203727    0.01052954469862  
  8.300000   -0.00012303316681    0.00134343393730    0.01047247446076  
  8.310000   -0.00012231850910    0.00132518168494    0.01041562199881  
  8.320000   -0.00012160070485    0.00130706693974    0.01035891997559  
  8.330000   -0.00012087964699    0.00128909114232    0.01030229965123  
  8.340000   -0.00012015519694    0.00127125551564    0.01024569155467  
  8.350000   -0.00011942718398    0.00125356106803    0.01018902616642  
  8.360000   -0.00011869540514    0.00123600859768    0.01013223460590  
  8.370000   -0.00011795962528    0.00121859869871    0.01007524931657  
  8.380000   -0.00011721957763    0.00120133176865    0.01001800474213  
  8.390000   -0.00011647496466    0.00118420801722    0.00996043798718  
  8.400000   -0.00011572545927    0.00116722747638    0.00990248945565  
  8.410000   -0.00011497070632    0.00115039001150    0.00984410346067  
  8.420000   -0.00011421032457    0.00113369533350    0.00978522879968  
  8.430000   -0.00011344390881    0.00111714301183    0.00972581928911  
  8.440000   -0.00011267103239    0.00110073248820    0.00966583425281  
  8.450000   -0.00011189125000    0.00108446309089    0.00960523895962  
  8.460000   -0.00011110410069    0.00106833404943    0.00954400500504  
  8.470000   -0.00011030911115    0.00105234450961    0.00948211063326  
  8.480000   -0.00010950579917    0.00103649354858    0.00941954099589  
  8.490000   -0.00010869367732    0.00102078018992    0.00935628834445  
  8.500000   -0.00010787225675    0.00100520341854    0.00929235215441  
  8.510000   -0.00010704105106    0.00098976219529    0.00922773917907  
  8.520000   -0.00010619958038    0.00097445547100    0.00916246343232  
  8.530000   -0.00010534737534    0.00095928220007    0.00909654610003  
  8.540000   -0.00010448398119    0.00094424135327    0.00903001538044  
  8.550000   -0.00010360896180    0.00092933192964    0.00896290625461  
  8.560000   -0.00010272190367    0.00091455296759    0.00889526018879  
  8.570000   -0.00010182241981    0.00089990355488    0.00882712477113  
  8.580000   -0.00010091015350    0.00088538283746    0.00875855328569  
  8.590000   -0.00009998478192    0.00087099002723    0.00868960422774  
  8.600000   -0.00009904601954    0.00085672440845    0.00862034076439  
  8.610000   -0.00009809362132    0.00084258534291    0.00855083014562  
  8.620000   -0.00009712738567    0.00082857227385    0.00848114307090  
  8.630000   -0.00009614715711    0.00081468472843    0.00841135301748  
  8.640000   -0.00009515282862    0.00080092231901    0.00834153553628  
  8.650000   -0.00009414434370    0.00078728474301    0.00827176752230  
  8.660000   -0.00009312169807    0.00077377178157    0.00820212646619  
  8.670000   -0.00009208494100    0.00076038329692    0.00813268969421  
  8.680000   -0.00009103417627    0.00074711922860    0.00806353360380  
  8.690000   -0.00008996956277    0.00073397958858    0.00799473290222  
  8.700000   -0.00008889131469    0.00072096445525    0.00792635985543  
  8.710000   -0.00008779970126    0.00070807396658    0.00785848355475  
  8.720000   -0.00008669504625    0.00069530831235    0.00779116920842  
  8.730000   -0.00008557772687    0.00068266772569    0.00772447746504  
  8.740000   -0.00008444817245    0.00067015247392    0.00765846377575  
  8.750000   -0.00008330686267    0.00065776284895    0.00759317780146  
  8.760000   -0.00008215432538    0.00064549915728    0.00752866287132  
  8.770000   -0.00008099113418    0.00063336170971    0.00746495549792  
  8.780000   -0.00007981790559    0.00062135081093    0.00740208495437  
  8.790000   -0.00007863529587    0.00060946674917    0.00734007291778  
  8.800000   -0.00007744399768    0.00059770978589    0.00727893318318  
  8.810000   -0.00007624473633    0.00058608014583    0.00721867145101  
  8.820000   -0.00007503826592    0.00057457800734    0.00715928519097  
  8.830000   -0.00007382536519    0.00056320349329    0.00710076358404  
  8.840000   -0.00007260683322    0.00055195666259    0.00704308754394  
  8.850000   -0.00007138348506    0.00054083750236    0.00698622981844  
  8.860000   -0.00007015614711    0.00052984592102    0.00693015517016  
  8.870000   -0.00006892565261    0.00051898174222    0.00687482063592  
  8.880000   -0.00006769283695    0.00050824469974    0.00682017586267  
  8.890000   -0.00006645853306    0.00049763443355    0.00676616351763  
  8.900000   -0.00006522356686    0.00048715048682    0.00671271976916  
  8.910000   -0.00006398875272    0.00047679230425    0.00665977483458  
  8.920000   -0.00006275488909    0.00046655923140    0.00660725359020  
  8.930000   -0.00006152275426    0.00045645051542    0.00655507623836  
  8.940000   -0.00006029310233    0.00044646530679    0.00650315902563  
  8.950000   -0.00005906665935    0.00043660266244    0.00645141500585  
  8.960000   -0.00005784411976    0.00042686154988    0.00639975484123  
  8.970000   -0.00005662614308    0.00041724085258    0.00634808763408  
  8.980000   -0.00005541335090    0.00040773937643    0.00629632178196  
  8.990000   -0.00005420632422    0.00039835585720    0.00624436584802  
  9.000000   -0.00005300560113    0.00038908896901    0.00619212943877  
  9.010000   -0.00005181167487    0.00037993733366    0.00613952408091  
  9.020000   -0.00005062499223    0.00037089953074    0.00608646408911  
  9.030000   -0.00004944595245    0.00036197410857    0.00603286741641  
  9.040000   -0.00004827490644    0.00035315959552    0.00597865647930  
  9.050000   -0.00004711215643    0.00034445451202    0.00592375894924  
  9.060000   -0.00004595795611    0.00033585738279    0.00586810850325  
  9.070000   -0.00004481251107    0.00032736674943    0.00581164552597  
  9.080000   -0.00004367597980    0.00031898118301    0.00575431775627  
  9.090000   -0.00004254847498    0.00031069929671    0.00569608087192  
  9.100000   -0.00004143006524    0.00030251975837    0.00563689900619  
  9.110000   -0.00004032077730    0.00029444130268    0.00557674519116  
  9.120000   -0.00003922059845    0.00028646274300    0.00551560172270  
  9.130000   -0.00003812947943    0.00027858298276    0.00545346044321  
  9.140000   -0.00003704733759    0.00027080102610    0.00539032293859  
  9.150000   -0.00003597406041    0.00026311598782    0.00532620064693  
  9.160000   -0.00003490950927    0.00025552710254    0.00526111487700  
  9.170000   -0.00003385352347    0.00024803373281    0.00519509673549  
  9.180000   -0.00003280592446    0.00024063537629    0.00512818696293  
  9.190000   -0.00003176652028    0.00023333167170    0.00506043567874  
  9.200000   -0.00003073511015    0.00022612240372    0.00499190203706  
  9.210000   -0.00002971148911    0.00021900750655    0.00492265379548  
  9.220000   -0.00002869545287    0.00021198706621    0.00485276679990  
  9.230000   -0.00002768680250    0.00020506132156    0.00478232438930  
  9.240000   -0.00002668534934    0.00019823066390    0.00471141672514  
  9.250000   -0.00002569091968    0.00019149563530    0.00464014005069  
  9.260000   -0.00002470335948    0.00018485692551    0.00456859588640  
  9.270000   -0.00002372253892    0.00017831536760    0.00449689016785  
  9.280000   -0.00002274835681    0.00017187193220    0.00442513233359  
  9.290000   -0.00002178074480    0.00016552772060    0.00435343437064  
  9.300000   -0.00002081967135    0.00015928395649    0.00428190982568  
  9.310000   -0.00001986514545    0.00015314197669    0.00421067279063  
  9.320000   -0.00001891722009    0.00014710322066    0.00413983687132  
  9.330000   -0.00001797599528    0.00014116921911    0.00406951414840  
  9.340000   -0.00001704162085    0.00013534158167    0.00399981413964  
  9.350000   -0.00001611429878    0.00012962198370    0.00393084277278  
  9.360000   -0.00001519428517    0.00012401215249    0.00386270137831  
  9.370000   -0.00001428189176    0.00011851385279    0.00379548571107  
  9.380000   -0.00001337748703    0.00011312887187    0.00372928500966  
  9.390000   -0.00001248149682    0.00010785900426    0.00366418110215  
  9.400000   -0.00001159440451    0.00010270603625    0.00360024756640  
  9.410000   -0.00001071675066    0.00009767173017    0.00353754895243  
  9.420000   -0.00000984913228    0.00009275780885    0.00347614007413  
  9.430000   -0.00000899220150    0.00008796594003    0.00341606537646  
  9.440000   -0.00000814666382    0.00008329772112    0.00335735838356  
  9.450000   -0.00000731327590    0.00007875466419    0.00330004123223  
  9.460000   -0.00000649284283    0.00007433818153    0.00324412429362  
  9.470000   -0.00000568621500    0.00007004957154    0.00318960588463  
  9.480000   -0.00000489428454    0.00006589000543    0.00313647206849  
  9.490000   -0.00000411798137    0.00006186051437    0.00308469654149  
  9.500000   -0.00000335826882    0.00005796197746    0.00303424059995  
  9.510000   -0.00000261613908    0.00005419511044    0.00298505317784  
  9.520000   -0.00000189260833    0.00005056045512    0.00293707094093  
  9.530000   -0.00000118871177    0.00004705836973    0.00289021841827  
  9.540000   -0.00000050549865    0.00004368902005    0.00284440814561  
  9.550000    0.00000015597253    0.00004045237158    0.00279954078832  
  9.560000    0.00000079463840    0.00003734818287    0.00275550520439  
  9.570000    0.00000140943451    0.00003437600005    0.00271217840055  
  9.580000    0.00000199929801    0.00003153515320    0.00266942532853  
  9.590000    0.00000256316905    0.00002882475470    0.00262709846407  
  9.600000    0.00000309999021    0.00002624370030    0.00258503711176  
  9.610000    0.00000360870376    0.00002379067365    0.00254306638428  
  9.620000    0.00000408824600    0.00002146415496    0.00250099582036  
  9.630000    0.00000453753861    0.00001926243492    0.00245861763208  
  9.640000    0.00000495547655    0.00001718363445    0.00241570461408  
  9.650000    0.00000534091277    0.00001522573123    0.00237200780576  
  9.660000    0.00000569264017    0.00001338659316    0.00232725407457  
  9.670000    0.00000600937193    0.00001166401864    0.00228114388317  
  9.680000    0.00000628972196    0.00001005578259    0.00223334961174  
  9.690000    0.00000653218814    0.00000855968612    0.00218351492271  
  9.700000    0.00000673514191    0.00000717360683    0.00213125576615  
  9.710000    0.00000689682845    0.00000589554492    0.00207616371528  
  9.720000    0.00000701538260    0.00000472365976    0.00201781237178  
  9.730000    0.00000708886575    0.00000365629002    0.00195576756852  
  9.740000    0.00000711532900    0.00000269195036    0.00188960199750  
  9.750000    0.00000709290683    0.00000182929789    0.00181891468480  
  9.760000    0.00000701994381    0.00000106706265    0.00174335540558  
  9.770000    0.00000689515446    0.00000040393872    0.00166265368046  
  9.780000    0.00000671781266   -0.00000016156400    0.00157665143075  
  9.790000    0.00000648796288   -0.00000063130325    0.00148533772806  
  9.800000    0.00000620664095   -0.00000100771366    0.00138888340560  
  9.810000    0.00000587608746   -0.00000129402730    0.00128767267765  
  9.820000    0.00000549993284   -0.00000149448628    0.00118232842694  
  9.830000    0.00000508333098   -0.00000161452402    0.00107372756192  
  9.840000    0.00000463301711   -0.00000166089053    0.00096300290571  
  9.850000    0.00000415726791   -0.00000164169724    0.00085152852658  
  9.860000    0.00000366574648   -0.00000156636067    0.00074088629090  
  9.870000    0.00000316922260   -0.00000144543096    0.00063281270576  
  9.880000    0.00000267916856   -0.00000129030073    0.00052912675183  
  9.890000    0.00000220724356   -0.00000111280125    0.00043164126701  
  9.900000    0.00000176469179   -0.00000092470567    0.00034206235279  
  9.910000    0.00000136169174   -0.00000073717103    0.00026188302866  
  9.920000    0.00000100670397   -0.00000056016146    0.00019227873170  
  9.930000    0.00000070587058   -0.00000040190131    0.00013401304042  
  9.940000    0.00000046252105   -0.00000026840982    0.00008736203161  
  9.950000    0.00000027683450   -0.00000016316524    0.00005206486692  
  9.960000    0.00000014569866   -0.00000008693798    0.00002730655694  
  9.970000    0.00000006279056   -0.00000003781864    0.00001173647136  
  9.980000    0.00000001888562   -0.00000001144956    0.00000352326093  
  9.990000    0.00000000238113   -0.00000000144920    0.00000044371209  
 10.000000   -0.00000000000000    0.00000000000000    0.00000000000000  
