<Coefficient>
	 2 Total number of radial orbitals.
	Type	L	Zeta-Orbital
	  O 	0	    1
	  -0.22078195113085
	  -0.55740643514069
	  -0.70001432382041
	  -0.64175845636008
	  -0.48375029382624
	  -0.30814130177482
	  -0.15725422706066
	  -0.04523208810557
	   0.02767512009148
	   0.06892182222786
	   0.08488832020104
	   0.08448307872789
	   0.07286698403820
	   0.05719035342583
	   0.03977324172257
	   0.02537942178065
	   0.01322817767439
	   0.00603125305241
	   0.00085801604829
	  -0.00022857954646
	  -0.00141985646668
	   0.00049696574737
	Type	L	Zeta-Orbital
	  O 	1	    1
	  -0.22206256238221
	  -0.52640707730960
	  -0.72740471917244
	  -0.80622387593909
	  -0.81461463526649
	  -0.77284879793803
	  -0.71402145354306
	  -0.63869777691061
	  -0.56257531615052
	  -0.47955847716103
	  -0.40083676449972
	  -0.32005290279964
	  -0.24942416586833
	  -0.18110812460366
	  -0.12841277825681
	  -0.08085547630804
	  -0.05071896269723
	  -0.02380001570511
	  -0.01333693563148
	  -0.00072832138682
	  -0.00303468967816
	   0.00992647743569
</Coefficient>
<Mkb>
Left spillage = 1.4008547082e-02
</Mkb>
