<Coefficient>
	 4 Total number of radial orbitals.
	Type	L	Zeta-Orbital
	  Os 	0	    1
	   0.05786835855025
	   0.18350907461409
	   0.32327646809520
	   0.43551855309161
	   0.49346095128106
	   0.48370903806934
	   0.41389676296883
	   0.30499603401927
	   0.17738519760213
	   0.05283129001879
	  -0.05551822499832
	  -0.13894152362993
	  -0.19560367519962
	  -0.22538681324320
	  -0.23272055243769
	  -0.22184109966152
	  -0.19907104362363
	  -0.16871744747539
	  -0.13608892735029
	  -0.10392957324069
	  -0.07506550645186
	  -0.05080380325215
	  -0.03188206614614
	  -0.01791940680989
	  -0.00860485387731
	  -0.00292502900992
	  -0.00011626774178
	   0.00097016276407
	   0.00085360521485
	   0.00043273846734
	  -0.00023427818702
	Type	L	Zeta-Orbital
	  Os 	0	    2
	   0.28873423207112
	   0.37935435225751
	   0.06838811734534
	  -0.26534771376051
	  -0.46238902335658
	  -0.51504091585650
	  -0.46304126452541
	  -0.36291425869254
	  -0.24444645639322
	  -0.13101979772419
	  -0.03135498946781
	   0.04718927449980
	   0.10433440631330
	   0.13803915397994
	   0.15452974950535
	   0.15473420560194
	   0.14605560329459
	   0.12844414079723
	   0.10904566779573
	   0.08659604740581
	   0.06707431641980
	   0.04761259137670
	   0.03343750651281
	   0.01988532173841
	   0.01219111583551
	   0.00440672192065
	   0.00210491519606
	  -0.00178297338358
	  -0.00065656113012
	  -0.00273657154906
	   0.00019614754097
	Type	L	Zeta-Orbital
	  Os 	1	    1
	   0.03184120504030
	   0.13156782586186
	   0.28388342507555
	   0.44462870588326
	   0.57260084934800
	   0.64158538790641
	   0.64906596539707
	   0.60325155583832
	   0.52099544384346
	   0.41928344513505
	   0.31324546925066
	   0.21257594022532
	   0.12547944026377
	   0.05617003963519
	   0.00538036994328
	  -0.02732141876857
	  -0.04480820512032
	  -0.05017572665217
	  -0.04721021741832
	  -0.03898434688313
	  -0.02873206990956
	  -0.01837748874711
	  -0.00970109849002
	  -0.00314789109659
	   0.00067874128379
	   0.00241296091005
	   0.00221696196282
	   0.00118564800811
	  -0.00048573804668
	  -0.00176605886103
	  -0.00260910425080
	Type	L	Zeta-Orbital
	  Os 	2	    1
	  -0.11929792880792
	  -0.31566887399400
	  -0.50230880695240
	  -0.63597078727525
	  -0.71056524941589
	  -0.72382677936374
	  -0.69788044257599
	  -0.63998008731199
	  -0.56821026381238
	  -0.48637408124218
	  -0.40404800904065
	  -0.32182238820548
	  -0.24932312100587
	  -0.18387725239360
	  -0.13097268226960
	  -0.08719749845108
	  -0.05556233230955
	  -0.03083510441132
	  -0.01564760908232
	  -0.00422973485960
	   0.00030089071320
	   0.00399736882024
	   0.00317398305210
	   0.00384352395314
	   0.00132562698496
	   0.00173168540039
	  -0.00075084290496
	   0.00055240183845
	  -0.00161704321338
	   0.00091595834062
	  -0.00396862060104
</Coefficient>
<Mkb>
Left spillage = 2.5671223877e-03
</Mkb>
