0	0.004458193959827742
1	0.0038392500778243422
2	0.0034241352716374122
3	0.0031627398440787604
4	0.002974071288407408
5	0.0028017930892178383
6	0.002623982223412144
7	0.002438320543731576
8	0.002249441202822125
9	0.00206371029788556
10	0.0018862451723748895
11	0.001719653183603018
12	0.0015652921003148016
13	0.0014241011231464968
14	0.0012968257950338499
15	0.0011836427072163024
16	0.001084142405756459
17	0.0009975316021665274
18	0.0009226759290933398
19	0.0008582303551348729
20	0.0008028595739651998
21	0.0007554694465221826
22	0.0007153195490943524
23	0.0006818977223567397
24	0.0006546306004953847
25	0.0006326630060946197
26	0.0006149081453266667
27	0.0006003140514526818
28	0.0005880909671503574
29	0.0005777632142326372
30	0.0005690905528849623
31	0.0005619468466409396
32	0.0005562159454428568
33	0.0005517292276474276
34	0.0005482455840969646
35	0.0005454655725437271
36	0.0005430686186816072
37	0.0005407598280888413
38	0.0005383126511476758
39	0.0005355963965799134
40	0.0005325819912335093
41	0.0005293245081478693
42	0.000525926930236222
43	0.0005224958133804243
44	0.0005191035797049818
45	0.0005157710861055716
46	0.0005124766885300983
47	0.0005091861323827417
48	0.0005058867940583518
49	0.0005026076495935978
50	0.0004994154913268069
51	0.000496391859902961
52	0.0004936045406126754
53	0.0004910879377481087
54	0.0004888397692737244
55	0.0004868321896141549
56	0.0004850289821213713
57	0.000483399793116728
58	0.0004819265942716047
59	0.0004806028702694876
60	0.0004794287402650206
61	0.00047840472910330663
62	0.00047752562813726087
63	0.00047677605117866085
64	0.0004761301337509513
65	0.00047555669566568936
66	0.00047502760247173124
67	0.00047452426770607783
68	0.0004740386121847456
69	0.0004735693587397642
70	0.0004731176008618348
71	0.00047268438625727103
72	0.0004722700766979292
73	0.0004718743324840634
74	0.0004714966791587391
75	0.00047113789290739055
76	0.0004708011743237464
77	0.00047049153998684345
78	0.0004702133972388121
79	0.0004699681331600306
80	0.0004697534845048768
81	0.0004695647303166488
82	0.0004693964430853648
83	0.00046924373543919256
84	0.0004691028293536812
85	0.0004689711888583805
86	0.000468847305568198
87	0.0004687301431622262
88	0.00046861848514221174
89	0.0004685106101261915
90	0.0004684045046812855
91	0.0004682984105816244
92	0.000468191312557742
93	0.0004680831142945735
94	0.0004679744887077857
95	0.0004678665161074424
96	0.0004677602544276257
97	0.0004676563935923911
98	0.0004675551153311735
99	0.00046745618111348607
100	0.0004673591611106165
101	0.0004672636741595051
102	0.00046716953418969473
103	0.0004670767507268928
104	0.0004669853982950467
105	0.0004668954449434855
106	0.0004668066593370328
107	0.0004667186513356973
108	0.0004666309930245686
109	0.0004665433238883134
110	0.00046645539497991374
111	0.00046636707126240795
112	0.00046627831695887764
113	0.00046618916239349925
114	0.0004660996533079152
115	0.0004660098100638738
116	0.00046591962337811304
117	0.0004658290777214059
118	0.0004657381703659164
119	0.000465646910016084
120	0.0004655553052780172
121	0.0004654633561575662
122	0.0004653710493022948
123	0.00046527835530249366
124	0.0004651852340166316
125	0.0004650916527053952
126	0.0004649976091328163
127	0.00046490314478973263
128	0.0004648083411627499
129	0.0004647133042819668
130	0.0004646181475391114
131	0.0004645229802111406
132	0.0004644279048895985
133	0.00046433302281718926
134	0.00046423844224507054
135	0.0004641442841211774
136	0.0004640506827810365
137	0.00046395778309412874
138	0.0004638657362953725
139	0.0004637746959832331
140	0.00046368481598962007
141	0.0004635962516594544
142	0.00046350916355545794
143	0.0004634237199790259
144	0.00046334009553986857
145	0.00046325846641167336
146	0.0004631790046270839
147	0.00046310187270187875
148	0.0004630272187647768
149	0.00046295517292426315
150	0.00046288584590278934
151	0.0004628193295677426
152	0.00046275569754196887
153	0.00046269500464084343
154	0.00046263728563513876
155	0.0004625825544470018
156	0.00046253080407173346
157	0.0004624820069039364
158	0.0004624361154424247
159	0.00046239306366716525
160	0.0004623527689987792
161	0.00046231513432095955
162	0.0004622800497448493
163	0.0004622473943268807
164	0.0004622170380651425
165	0.00046218884418607433
166	0.0004621626715071938
167	0.0004621383766945738
168	0.00046211581631895376
169	0.0004620948486312402
170	0.0004620753350075954
171	0.00046205714112286273
172	0.00046204013796631165
173	0.0004620242027650389
174	0.0004620092197994386
175	0.00046199508106373514
176	0.0004619816867169079
177	0.00046196894530269516
178	0.0004619567737547226
179	0.0004619450972497211
180	0.0004619338489731965
181	0.00046192296982554493
182	0.000461912408089925
183	0.00046190211907269033
184	0.0004618920646991601
185	0.0004618822130301485
186	0.0004618725376736906
187	0.00046186301714397224
188	0.00046185363423174045
189	0.0004618443754226424
190	0.0004618352303620979
191	0.0004618261913573998
192	0.0004618172529305524
193	0.0004618084114190497
194	0.0004617996646119059
195	0.00046179101140845076
196	0.00046178245151121095
197	0.0004617739851655004
198	0.0004617656129536453
199	0.0004617573356278797
200	0.00046174915398383367
201	0.0004617410687582664
202	0.0004617330805488782
203	0.0004617251897520428
204	0.00046171739651815235
205	0.0004617097007277646
206	0.0004617021019811434
207	0.0004616945996020012
208	0.00046168719264899334
209	0.0004616798799330758
210	0.00046167266003663607
211	0.0004616655313348657
212	0.0004616584920191011
213	0.0004616515401196508
214	0.00046164467353123533
215	0.00046163789003797717
216	0.0004616311873377451
217	0.0004616245630666569
218	0.00046161801481729324
219	0.0004616115401555235
220	0.00046160513663575184
221	0.00046159880181668013
222	0.00046159253327527136
223	0.0004615863286193724
224	0.0004615801854980862
225	0.00046157410161049863
226	0.00046156807471123057
227	0.0004615621026145012
228	0.00046155618319647417
229	0.00046155031439606433
230	0.0004615444942155328
231	0.00046153872072078963
232	0.0004615329920395596
233	0.0004615273063606178
234	0.0004615216619315445
235	0.0004615160570552059
236	0.0004615104900862255
237	0.0004615049594261921
238	0.00046149946352225094
239	0.00046149400086185845
240	0.00046148856996984034
241	0.00046148316940512876
242	0.00046147779775808253
243	0.0004614724536456771
244	0.00046146713571060266
245	0.00046146184261701477
246	0.00046145657304916694
247	0.00046145132570782
248	0.0004614460993103461
249	0.00046144089258744214
250	0.0004614357042830952
251	0.000461430533152441
252	0.00046142537796208666
253	0.00046142023748789294
254	0.0004614151105156271
255	0.00046140999583927647
256	0.0004614048922628004
257	0.00046139979859747827
258	0.00046139471366328717
259	0.00046138963628884733
260	0.0004613845653114773
261	0.0004613794995765041
262	0.0004613744379381234
263	0.0004613693792593327
264	0.00046136432241160243
265	0.0004613592662759317
266	0.00046135420974090637
267	0.00046134915170534415
268	0.00046134409107608746
269	0.00046133902676905866
270	0.0004613339577086186
271	0.00046132888282757396
272	0.00046132380106741957
273	0.0004613187113772843
274	0.00046131361271465243
275	0.0004613085040441704
276	0.00046130338433828574
277	0.0004612982525762148
278	0.00046129310774420764
279	0.0004612879488350427
280	0.00046128277484766816
281	0.0004612775847870599
282	0.000461272377663556
283	0.0004612671524933874
284	0.00046126190829761873
285	0.0004612566441025046
286	0.0004612513589380851
287	0.0004612460518394106
288	0.00046124072184557726
289	0.0004612353679992097
290	0.0004612299893468453
291	0.0004612245849383785
292	0.0004612191538264094
293	0.00046121369506740216
294	0.00046120820771984025
295	0.0004612026908451197
296	0.00046119714350683125
297	0.00046119156477116284
298	0.00046118595370620594
299	0.00046118030938172065
300	0.0004611746308695776
301	0.00046116891724319207
302	0.0004611631675772496
303	0.00046115738094780094
304	0.0004611515564321344
305	0.0004611456931085284
306	0.00046113979005611103
307	0.00046113384635506835
308	0.0004611278610856941
309	0.0004611218333296414
310	0.0004611157621676923
311	0.0004611096466824108
312	0.00046110348595585914
313	0.00046109727906976393
314	0.0004610910251064418
315	0.0004610847231482794
316	0.00046107837227677946
317	0.0004610719715738542
318	0.0004610655201204114
319	0.0004610590169974848
320	0.000461052461284989
321	0.0004610458520629958
322	0.0004610391884105711
323	0.00046103246940590943
324	0.0004610256941261618
325	0.00046101886164883946
326	0.0004610119710491699
327	0.00046100502140243626
328	0.00046099801178245013
329	0.00046099094126247995
330	0.0004609838089142529
331	0.0004609766138086544
332	0.0004609693550158608
333	0.00046096203160490954
334	0.00046095464264320603
335	0.00046094718719759864
336	0.0004609396643336193
337	0.00046093207311592103
338	0.0004609244126079872
339	0.00046091668187244573
340	0.00046090887997058967
341	0.00046090100596272906
342	0.00046089305890887586
343	0.0004608850378673353
344	0.00046087694189590284
345	0.00046086877005151265
346	0.0004608605213902528
347	0.00046085219496778853
348	0.0004608437898389441
349	0.0004608353050581025
350	0.0004608267396789203
351	0.00046081809275516975
352	0.0004608093633397244
353	0.0004608005504857534
354	0.0004607916532461214
355	0.00046078267067390695
356	0.0004607736018219793
357	0.00046076444574362626
358	0.0004607552014927669
359	0.000460745868123722
360	0.0004607364446913218
361	0.0004607269302514183
362	0.00046071732386063316
363	0.00046070762457701156
364	0.0004606978314596122
365	0.00046068794356944316
366	0.0004606779599686961
367	0.0004606678797220372
368	0.00046065770189527276
369	0.0004606474255571979
370	0.0004606370497791781
371	0.00046062657363484856
372	0.0004606159962007242
373	0.0004606053165570425
374	0.0004605945337870563
375	0.00046058364697767226
376	0.0004605726552197966
377	0.0004605615576084366
378	0.0004605503532429783
379	0.0004605390412277772
380	0.00046052762067196816
381	0.00046051609068982496
382	0.00046050445040165335
383	0.00046049269893341956
384	0.0004604808354169373
385	0.00046046885899130973
386	0.00046045676880162147
387	0.0004604445640008692
388	0.00046043224374908134
389	0.00046041980721456374
390	0.00046040725357339245
391	0.0004603945820105865
392	0.00046038179171988214
393	0.0004603688819045685
394	0.00046035585177717263
395	0.00046034270056128447
396	0.0004603294274899863
397	0.0004603160318073019
398	0.0004603025127696514
399	0.00046028886964376195
400	0.00046027510170934744
401	0.0004602612082585893
402	0.0004602471885961392
403	0.0004602330420407633
404	0.0004602187679246312
405	0.0004602043655945425
406	0.00046018983441134715
407	0.0004601751737525029
408	0.00046016038300948024
409	0.00046014546159088413
410	0.0004601304089219502
411	0.0004601152244448762
412	0.00046009990761922733
413	0.00046008445792244127
414	0.0004600688748513066
415	0.00046005315792075436
416	0.00046003730666551677
417	0.00046002132064071
418	0.00046000519942151704
419	0.00045998894260422703
420	0.00045997254980673286
421	0.0004599560206685397
422	0.00045993935485209864
423	0.0004599225520430611
424	0.000459905611949631
425	0.00045988853430510037
426	0.00045987131886657127
427	0.000459853965416487
428	0.00045983647376255917
429	0.0004598188437390751
430	0.00045980107520576905
431	0.00045978316805039897
432	0.0004597651221876539
433	0.00045974693756061473
434	0.0004597286141407556
435	0.00045971015192801975
436	0.00045969155095229456
437	0.00045967281127319896
438	0.00045965393298093207
439	0.0004596349161961543
440	0.00045961576107114406
441	0.000459596467789759
442	0.00045957703656806316
443	0.00045955746765519146
444	0.0004595377613324989
445	0.00045951791791557027
446	0.00045949793775376137
447	0.00045947782123027987
448	0.0004594575687633989
449	0.0004594371808064176
450	0.0004594166578482415
451	0.00045939600041342086
452	0.00045937520906256764
453	0.00045935428439300034
454	0.0004593332270387548
455	0.00045931203767119415
456	0.0004592907169990235
457	0.00045926926576866754
458	0.00045924768476450495
459	0.0004592259748093105
460	0.0004592041367644889
461	0.0004591821715297639
462	0.00045916008004450576
463	0.0004591378632867136
464	0.00045911552227373984
465	0.0004590930580627111
466	0.00045907047175046785
467	0.00045904776447337384
468	0.00045902493740755565
469	0.000459001991769606
470	0.00045897892881565934
471	0.00045895574984258823
472	0.00045893245618673097
473	0.0004589090492251758
474	0.0004588855303745792
475	0.0004588619010923182
476	0.0004588381628756387
477	0.00045881431726129253
478	0.0004587903658269277
479	0.0004587663101894905
480	0.00045874215200518003
481	0.0004587178929703542
482	0.0004586935348208209
483	0.0004586690793306461
484	0.00045864452831379215
485	0.0004586198836223001
486	0.000458595147146844
487	0.0004585703208162851
488	0.00045854540659691524
489	0.000458520406492837
490	0.00045849532254509735
491	0.00045847015683136543
492	0.00045844491146577646
493	0.0004584195885982106
494	0.0004583941904139792
495	0.00045836871913311754
496	0.00045834317701036367
497	0.0004583175663341407
498	0.0004582918894263688
499	0.000458266148641064
500	0.0004582403463652856
501	0.00045821448501722406
502	0.0004581885670457341
503	0.0004581625949297427
504	0.00045813657117830934
505	0.0004581104983286045
506	0.0004580843789461603
507	0.000458058215623529
508	0.00045803201098003755
509	0.0004580057676605074
510	0.00045797948833459115
511	0.0004579531756957329
512	0.00045792683246078145
513	0.0004579004613687012
514	0.0004578740651797659
515	0.00045784764667448967
516	0.0004578212086525516
517	0.0004577947539329592
518	0.00045776828535091716
519	0.00045774180575912143
520	0.0004577153180247461
521	0.00045768882503003364
522	0.0004576623296700702
523	0.00045763583485185536
524	0.00045760934349455375
525	0.0004575828585261124
526	0.00045755638288401683
527	0.0004575299195131456
528	0.00045750347136519216
529	0.0004574770413964731
530	0.00045745063256862105
531	0.0004574242478455206
532	0.000457397890193005
533	0.00045737156257775894
534	0.0004573452679650792
535	0.0004573190093193197
536	0.00045729278960127476
537	0.00045726661176723324
538	0.0004572404787680454
539	0.0004572143935477861
540	0.00045718835904213595
541	0.00045716237817777664
542	0.0004571364538706379
543	0.0004571105890242062
544	0.00045708478652933837
545	0.0004570590492627852
546	0.0004570333800841857
547	0.00045700778183752755
548	0.0004569822573481732
549	0.0004569568094217172
550	0.00045693144084338913
551	0.00045690615437599997
552	0.00045688095275925854
553	0.0004568558387092192
554	0.000456830814914811
555	0.00045680588403918665
556	0.0004567810487171171
557	0.00045675631155404895
558	0.00045673167512513634
559	0.00045670714197430237
560	0.0004566827146118449
561	0.0004566583955152926
562	0.00045663418712672333
563	0.00045661009185243547
564	0.00045658611206148496
565	0.00045656225008544274
566	0.0004565385082160679
567	0.00045651488870579476
568	0.0004564913937656228
569	0.00045646802556461994
570	0.0004564447862292457
571	0.00045642167784230435
572	0.0004563987024419967
573	0.00045637586202076767
574	0.00045635315852547286
575	0.0004563305938557844
576	0.0004563081698641527
577	0.00045628588835381495
578	0.00045626375108048355
579	0.0004562417597487689
580	0.00045621991601466343
581	0.00045619822148189863
582	0.00045617667770474034
583	0.0004561552861845857
584	0.00045613404837103696
585	0.0004561129656613759
586	0.00045609203940056436
587	0.00045607127087920026
588	0.0004560506613358843
589	0.0004560302119547363
590	0.00045600992386673903
591	0.00045598979814808643
592	0.00045596983582178345
593	0.00045595003785611234
594	0.0004559304051658701
595	0.0004559109386110061
596	0.00045589163899783565
597	0.0004558725070788685
598	0.0004558535435523491
599	0.00045583474906338317
600	0.0004558161242027991
601	0.0004557976695095842
602	0.00045577938546821563
603	0.0004557612725120266
604	0.0004557433310211196
605	0.0004557255613246677
606	0.0004557079636995031
607	0.0004556905383725119
608	0.00045567328551966095
609	0.000455656205267277
610	0.0004556392976921714
611	0.00045562256282229754
612	0.0004556060006385595
613	0.00045558961107324046
614	0.00045557339401250857
615	0.00045555734929654263
616	0.0004555414767198305
617	0.0004555257760330267
618	0.00045551024694245954
619	0.00045549488911184456
620	0.00045547970216284415
621	0.0004554646856756671
622	0.00045544983919026326
623	0.0004554351622067115
624	0.00045542065418745925
625	0.0004554063145561786
626	0.00045539214270026376
627	0.00045537813797109043
628	0.00045536429968546664
629	0.0004553506271259252
630	0.00045533711954193917
631	0.0004553237761510738
632	0.0004553105961399817
633	0.0004552975786651981
634	0.0004552847228535871
635	0.0004552720278048742
636	0.0004552594925906185
637	0.00045524711625731995
638	0.00045523489782482707
639	0.0004552228362902719
640	0.00045521093062661575
641	0.0004551991797845031
642	0.0004551875826936942
643	0.0004551761382634028
644	0.0004551648453835626
645	0.00045515370292465053
646	0.00045514270974114174
647	0.0004551318646697839
648	0.00045512116653122843
649	0.00045511061413243
650	0.0004551002062654401
651	0.00045508994170944094
652	0.0004550798192317293
653	0.00045506983758755596
654	0.00045505999552173515
655	0.0004550502917695722
656	0.00045504072505693895
657	0.0004550312941018874
658	0.0004550219976148543
659	0.00045501283429924365
660	0.0004550038028530999
661	0.00045499490196865966
662	0.00045498613033365776
663	0.000454977486632256
664	0.0004549689695448724
665	0.00045496057774966763
666	0.00045495230992280146
667	0.00045494416473899993
668	0.0004549361408721724
669	0.00045492823699601033
670	0.000454920451784502
671	0.00045491278391287897
672	0.00045490523205720426
673	0.00045489779489575605
674	0.0004548904711093293
675	0.00045488325938116737
676	0.00045487615839835205
677	0.00045486916685112894
678	0.00045486228343433584
679	0.000454855506847331
680	0.0004548488357941265
681	0.0004548422689841837
682	0.0004548358051327485
683	0.0004548294429609035
684	0.0004548231811962962
685	0.00045481701857303026
686	0.000454810953832209
687	0.00045480498572212925
688	0.00045479911299826437
689	0.0004547933344245132
690	0.00045478764877264103
691	0.0004547820548215313
692	0.0004547765513600162
693	0.0004547711371843289
694	0.0004547658111005999
695	0.00045476057192290234
696	0.0004547554184750663
697	0.000454750349590582
698	0.0004547453641114282
699	0.000454740460889711
700	0.0004547356387876381
701	0.0004547308966769665
702	0.0004547262334393386
703	0.0004547216479659912
704	0.0004547171391596261
705	0.0004547127059317848
706	0.00045470834720486567
707	0.00045470406191195907
708	0.0004546998489962046
709	0.0004546957074111214
710	0.0004546916361212778
711	0.00045468763410129107
712	0.00045468370033650845
713	0.0004546798338228216
714	0.00045467603356734193
715	0.00045467229858697176
716	0.0004546686279095709
717	0.00045466502057410214
718	0.0004546614756295066
719	0.00045465799213611054
720	0.00045465456916401103
721	0.0004546512057945582
722	0.00045464790111975295
723	0.0004546446542414341
724	0.0004546414642730909
725	0.0004546383303374249
726	0.0004546352515690709
727	0.0004546322271116342
728	0.0004546292561204058
729	0.0004546263377602003
730	0.00045462347120603814
731	0.0004546206556441084
732	0.0004546178902698891
733	0.00045461517428944324
734	0.000454612506918439
735	0.0004546098873833103
736	0.0004546073149197502
737	0.0004546047887738909
738	0.00045460230820132055
739	0.0004545998724672526
740	0.0004545974808473814
741	0.0004545951326260585
742	0.00045459282709767656
743	0.00045459056356589506
744	0.0004545883413440821
745	0.00045458615975484384
746	0.00045458401812952735
747	0.00045458191580933203
748	0.0004545798521442086
749	0.0004545778264927873
750	0.0004545758382236801
751	0.0004545738867132644
752	0.0004545719713468662
753	0.0004545700915190401
754	0.00045456824663223994
755	0.00045456643609819705
756	0.00045456465933649075
757	0.0004545629157750669
758	0.0004545612048506823
759	0.0004545595260072369
760	0.0004545578786978718
761	0.0004545562623833103
762	0.00045455467653177534
763	0.00045455312061986
764	0.0004545515941317116
765	0.00045455009655950715
766	0.00045454862740203434
767	0.0004545471861666942
768	0.0004545457723679302
769	0.0004545443855271668
770	0.00045454302517383227
771	0.0004545416908433373
772	0.0004545403820796117
773	0.00045453909843226
774	0.00045453783945876344
775	0.00045453660472350403
776	0.00045453539379660215
777	0.0004545342062556264
778	0.00045453304168463656
779	0.00045453189967419494
780	0.0004545307798211647
781	0.0004545296817293109
782	0.0004545286050077557
783	0.00045452754927221824
784	0.0004545265141449726
785	0.0004545254992536555
786	0.00045452450423242636
787	0.00045452352872074034
788	0.0004545225723646114
789	0.0004545216348150016
790	0.00045452071572930154
791	0.0004545198147698006
792	0.00045451893160435296
793	0.000454518065906681
794	0.00045451721735574987
795	0.0004545163856358279
796	0.0004545155704360646
797	0.0004545147714509
798	0.00045451398838016274
799	0.0004545132209282113
800	0.00045451246880483384
801	0.0004545117317243184
802	0.00045451100940574056
803	0.00045451030157328857
804	0.00045450960795536576
805	0.00045450892828505246
806	0.00045450826230036416
807	0.00045450760974317304
808	0.0004545069703601378
809	0.0004545063439024875
810	0.00045450573012500935
811	0.0004545051287872881
812	0.00045450453965286655
813	0.0004545039624894469
814	0.0004545033970688031
815	0.0004545028431663017
816	0.0004545023005618185
817	0.0004545017690383676
818	0.0004545012483835465
819	0.0004545007383880259
820	0.0004545002388464461
821	0.0004544997495572156
822	0.00045449927032196146
823	0.0004544988009461878
824	0.00045449834123848746
825	0.0004544978910111938
826	0.0004544974500796961
827	0.0004544970182628243
828	0.0004544965953829271
829	0.0004544961812648542
830	0.0004544957757374552
831	0.0004544953786319843
832	0.0004544949897829948
833	0.0004544946090283127
834	0.00045449423620831083
835	0.0004544938711661751
836	0.00045449351374861346
837	0.00045449316380439164
838	0.00045449282118573706
839	0.00045449248574680766
840	0.0004544921573448303
841	0.0004544918358403206
842	0.0004544915210951884
843	0.00045449121297459863
844	0.0004544909113461649
845	0.00045449061607970233
846	0.000454490327047716
847	0.0004544900441250732
848	0.00045448976718884075
849	0.0004544894961185862
850	0.0004544892307956685
851	0.0004544889711043639
852	0.0004544887169307445
853	0.000454488468162913
854	0.0004544882246913872
855	0.0004544879864086067
856	0.00045448775320910435
857	0.0004544875249893321
858	0.00045448730164774807
859	0.000454487083084612
860	0.00045448686920279723
861	0.00045448665990607904
862	0.0004544864551004913
863	0.00045448625469391877
864	0.000454486058596232
865	0.0004544858667183792
866	0.0004544856789736921
867	0.0004544854952769633
868	0.0004544853155446328
869	0.0004544851396944164
870	0.00045448496764625924
871	0.0004544847993211932
872	0.0004544846346422005
873	0.00045448447353345226
874	0.00045448431592046623
875	0.00045448416173076524
876	0.0004544840108928894
877	0.0004544838633365579
878	0.00045448371899355663
879	0.00045448357779680654
880	0.000454483439679578
881	0.00045448330457847257
882	0.00045448317242893413
883	0.00045448304316989967
884	0.0004544829167401226
885	0.00045448279308006373
886	0.0004544826721311615
887	0.00045448255383631186
888	0.00045448243813963506
889	0.0004544823249859319
890	0.0004544822143213296
891	0.00045448210609264284
892	0.00045448200024925654
893	0.0004544818967393212
894	0.0004544817955138936
895	0.00045448169652392194
896	0.00045448159972194443
897	0.00045448150506145865
898	0.0004544814124963457
899	0.000454481321982142
900	0.00045448123347458023
901	0.0004544811469310012
902	0.0004544810623090059
903	0.00045448097956750225
904	0.000454480898665976
905	0.00045448081956473433
906	0.0004544807422254563
907	0.00045448066660965447
908	0.00045448059268032555
909	0.00045448052040123724
910	0.0004544804497364825
911	0.0004544803806510928
912	0.00045448031311094245
913	0.0004544802470826599
914	0.0004544801825330484
915	0.00045448011943036425
916	0.00045448005774319147
917	0.0004544799974407989
918	0.0004544799384921046
919	0.0004544798808686932
920	0.00045447982454078074
921	0.0004544797694811077
922	0.0004544797156610807
923	0.0004544796630538644
924	0.0004544796116328289
925	0.0004544795613721069
926	0.0004544795122461703
927	0.00045447946423005743
928	0.0004544794172993207
929	0.0004544793714300469
930	0.0004544793265994082
931	0.0004544792827837886
932	0.0004544792399613475
933	0.00045447919810958254
934	0.00045447915720791534
935	0.00045447911723448583
936	0.0004544790781694358
937	0.0004544790399921138
938	0.00045447900268320927
939	0.0004544789662231088
940	0.0004544789305933112
941	0.00045447889577529836
942	0.0004544788617510255
943	0.00045447882850274576
944	0.00045447879601297236
945	0.00045447876426518035
946	0.00045447873324279414
947	0.0004544787029293643
948	0.000454478673309284
949	0.00045447864436713823
950	0.0004544786160875855
951	0.0004544785884556772
952	0.0004544785614568702
953	0.0004544785350775284
954	0.00045447850930334686
955	0.00045447848412055215
956	0.0004544784595162305
957	0.00045447843547716233
958	0.00045447841199072725
959	0.00045447838904449407
960	0.00045447836662622593
961	0.00045447834472408204
962	0.0004544783233264306
963	0.0004544783024215882
964	0.0004544782819989862
965	0.00045447826204729144
966	0.0004544782425560574
967	0.00045447822351450163
968	0.0004544782049130543
969	0.00045447818674119707
970	0.00045447816898943526
971	0.0004544781516481798
972	0.0004544781347081459
973	0.00045447811815997255
974	0.0004544781019951797
975	0.00045447808620491963
976	0.0004544780707804236
977	0.00045447805571337144
978	0.00045447804099616785
979	0.0004544780266202955
980	0.0004544780125779151
981	0.00045447799886163837
982	0.0004544779854642661
983	0.0004544779723778414
984	0.00045447795959584886
985	0.00045447794711083616
986	0.0004544779349165904
987	0.0004544779230059554
988	0.00045447791137248064
989	0.0004544779000101711
990	0.00045447788891246074
991	0.000454477878073307
992	0.0004544778674867683
993	0.00045447785714732117
994	0.00045447784704877477
995	0.0004544778371862592
996	0.0004544778275535731
997	0.00045447781814590715
998	0.0004544778089582802
999	0.00045447779998475954
1000	0.00045447779122121507
1001	0.00045447778266264065
1002	0.00045447777430405637
1003	0.0004544777661412543
1004	0.0004544777581691389
1005	0.000454477750383723
1006	0.0004544777427805241
1007	0.0004544777353553454
1008	0.0004544777281041626
1009	0.00045447772102279996
1010	0.0004544777141073841
1011	0.00045447770735426203
1012	0.0004544777007589275
1013	0.000454477694318733
1014	0.0004544776880296107
1015	0.0004544776818880634
1016	0.0004544776758903416
1017	0.00045447767003375646
1018	0.00045447766431478705
1019	0.0004544776587297421
1020	0.00045447765327581604
1021	0.00045447764795040146
1022	0.00045447764274982613
1023	0.0004544776376718348
1024	0.0004544776327127162
1025	0.0004544776278703441
1026	0.00045447762314207137
1027	0.0004544776185248163
1028	0.0004544776140163148
1029	0.0004544776096136532
1030	0.0004544776053149512
1031	0.00045447760111705273
1032	0.00045447759701809626
1033	0.00045447759301587854
1034	0.00045447758910754807
1035	0.0004544775852912848
1036	0.0004544775815649296
1037	0.00045447757792649253
1038	0.0004544775743735648
1039	0.0004544775709046844
1040	0.0004544775675173992
1041	0.00045447756420989403
1042	0.00045447756098030844
1043	0.00045447755782688327
1044	0.0004544775547476987
1045	0.00045447755174120297
1046	0.0004544775488058027
1047	0.00045447754593940133
1048	0.0004544775431405591
1049	0.0004544775404076144
1050	0.0004544775377395397
1051	0.00045447753513416306
1052	0.0004544775325901761
1053	0.0004544775301060903
1054	0.0004544775276808255
1055	0.0004544775253128004
1056	0.0004544775230006137
1057	0.00045447752074285764
1058	0.00045447751853863895
1059	0.0004544775163860543
1060	0.0004544775142845319
1061	0.0004544775122325291
1062	0.0004544775102289885
1063	0.0004544775082728251
1064	0.0004544775063628555
1065	0.00045447750449769634
1066	0.0004544775026766185
1067	0.0004544775008986009
1068	0.00045447749916262286
1069	0.0004544774974672348
1070	0.0004544774958123124
1071	0.00045447749419631354
1072	0.00045447749261842056
1073	0.00045447749107748055
1074	0.00045447748957324756
1075	0.00045447748810446056
1076	0.0004544774866702758
1077	0.0004544774852700804
1078	0.00045447748390274676
1079	0.0004544774825677735
1080	0.0004544774812641489
1081	0.000454477479991467
1082	0.00045447747874853903
1083	0.00045447747753531083
1084	0.0004544774763503352
1085	0.0004544774751934519
1086	0.00045447747406377533
1087	0.00045447747296097096
1088	0.00045447747188395867
1089	0.0004544774708322402
1090	0.0004544774698054406
1091	0.00045447746880307937
1092	0.00045447746782405077
1093	0.0004544774668680152
1094	0.0004544774659348186
1095	0.0004544774650232652
1096	0.000454477464133523
1097	0.0004544774632646218
1098	0.0004544774624160393
1099	0.00045447746158763775
1100	0.00045447746077857025
1101	0.0004544774599886408
1102	0.0004544774592173035
1103	0.0004544774584641088
1104	0.00045447745772874825
1105	0.00045447745701051234
1106	0.00045447745630934605
1107	0.0004544774556244445
1108	0.0004544774549559065
1109	0.0004544774543030612
1110	0.0004544774536653442
1111	0.00045447745304277566
1112	0.00045447745243487695
1113	0.0004544774518410863
1114	0.0004544774512614682
1115	0.00045447745069520257
1116	0.000454477450142343
1117	0.00045447744960267666
1118	0.0004544774490756106
1119	0.00045447744856057747
1120	0.00045447744805810744
1121	0.00045447744756713744
1122	0.00045447744708771343
1123	0.0004544774466195926
1124	0.000454477446162414
1125	0.00045447744571599515
1126	0.0004544774452800198
1127	0.0004544774448542406
1128	0.00045447744443839115
1129	0.0004544774440325143
1130	0.00045447744363586156
1131	0.0004544774432484859
1132	0.0004544774428703563
1133	0.0004544774425010657
1134	0.0004544774421403828
1135	0.00045447744178801953
1136	0.00045447744144413115
1137	0.0004544774411081291
1138	0.0004544774407800839
1139	0.00045447744045956954
1140	0.00045447744014664044
1141	0.00045447743984092324
1142	0.00045447743954236367
1143	0.0004544774392508776
1144	0.0004544774389659488
1145	0.00045447743868811904
1146	0.00045447743841654526
1147	0.00045447743815118873
1148	0.0004544774378920906
1149	0.0004544774376390041
1150	0.0004544774373917043
1151	0.00045447743715040627
1152	0.0004544774369147687
1153	0.00045447743668431887
1154	0.0004544774364594944
1155	0.0004544774362397777
1156	0.0004544774360251359
1157	0.000454477435815629
1158	0.0004544774356108552
1159	0.0004544774354108669
1160	0.00045447743521572534
1161	0.00045447743502463194
1162	0.0004544774348385373
1163	0.00045447743465644507
1164	0.0004544774344785654
1165	0.0004544774343050689
1166	0.00045447743413534313
1167	0.0004544774339695914
1168	0.00045447743380784246
1169	0.00045447743364969136
1170	0.0004544774334953583
1171	0.00045447743334443705
1172	0.0004544774331968596
1173	0.00045447743305315595
1174	0.00045447743291256675
1175	0.00045447743277486776
1176	0.00045447743264066776
1177	0.0004544774325097684
1178	0.000454477432381566
1179	0.00045447743225656204
1180	0.0004544774321342684
1181	0.000454477432014857
1182	0.00045447743189826423
1183	0.00045447743178424953
1184	0.0004544774316729948
1185	0.00045447743156418294
1186	0.00045447743145804237
1187	0.00045447743135418816
1188	0.00045447743125278837
1189	0.0004544774311537524
1190	0.000454477431057007
1191	0.0004544774309623974
1192	0.00045447743086982783
1193	0.00045447743077964064
1194	0.0004544774306916196
1195	0.0004544774306054242
1196	0.00045447743052124377
1197	0.00045447743043896703
1198	0.0004544774303587373
1199	0.0004544774302801001
1200	0.0004544774302034537
1201	0.0004544774301286234
1202	0.0004544774300553482
1203	0.00045447742998400875
1204	0.000454477429913785
1205	0.0004544774298455656
1206	0.0004544774297787043
1207	0.0004544774297135348
1208	0.0004544774296499612
1209	0.00045447742958755846
1210	0.00045447742952687203
1211	0.0004544774294673413
1212	0.0004544774294093235
1213	0.00045447742935252354
1214	0.0004544774292969668
1215	0.00045447742924291666
1216	0.000454477429189837
1217	0.00045447742913820854
1218	0.0004544774290877006
1219	0.0004544774290381605
1220	0.00045447742898997723
1221	0.0004544774289427691
1222	0.00045447742889659614
1223	0.0004544774288517815
1224	0.00045447742880768007
1225	0.0004544774287645572
1226	0.00045447742872272893
1227	0.00045447742868136645
1228	0.00045447742864130995
1229	0.00045447742860220343
1230	0.00045447742856371317
1231	0.0004544774285264067
1232	0.000454477428489576
1233	0.0004544774284539523
1234	0.00045447742841904363
1235	0.0004544774283846865
1236	0.00045447742835147257
1237	0.00045447742831877596
1238	0.00045447742828679145
1239	0.0004544774282555505
1240	0.0004544774282252364
1241	0.0004544774281954208
1242	0.00045447742816626964
1243	0.00045447742813776884
1244	0.0004544774281099768
1245	0.0004544774280828705
1246	0.0004544774280564154
1247	0.000454477428030398
1248	0.0004544774280049574
1249	0.0004544774279803
1250	0.00045447742795592537
1251	0.0004544774279323167
1252	0.00045447742790921723
1253	0.00045447742788662875
1254	0.0004544774278644641
1255	0.0004544774278428158
1256	0.0004544774278218099
1257	0.00045447742780110217
1258	0.00045447742778089844
1259	0.0004544774277611966
1260	0.0004544774277419835
1261	0.0004544774277230831
1262	0.0004544774277047612
1263	0.00045447742768665715
1264	0.0004544774276690558
1265	0.000454477427651835
1266	0.0004544774276352843
1267	0.00045447742761872353
1268	0.00045447742760266227
1269	0.0004544774275871248
1270	0.00045447742757184946
1271	0.0004544774275566405
1272	0.00045447742754198023
1273	0.0004544774275276529
1274	0.0004544774275136682
1275	0.00045447742749993455
1276	0.0004544774274865917
1277	0.00045447742747350116
1278	0.0004544774274605488
1279	0.00045447742744814443
1280	0.0004544774274359393
1281	0.0004544774274238633
1282	0.00045447742741225593
1283	0.00045447742740094006
1284	0.0004544774273897136
1285	0.00045447742737884385
1286	0.0004544774273681485
1287	0.0004544774273577165
1288	0.000454477427347565
1289	0.00045447742733771714
1290	0.00045447742732795856
1291	0.00045447742731835416
1292	0.00045447742730908027
1293	0.00045447742730000257
1294	0.000454477427291137
1295	0.00045447742728231495
1296	0.00045447742727394285
1297	0.00045447742726566675
1298	0.00045447742725733856
1299	0.0004544774272496216
1300	0.0004544774272418158
1301	0.0004544774272342351
1302	0.0004544774272267957
1303	0.0004544774272194814
1304	0.00045447742721237643
1305	0.00045447742720545006
1306	0.00045447742719860825
1307	0.0004544774271921797
1308	0.00045447742718586747
1309	0.0004544774271793448
1310	0.000454477427173233
1311	0.0004544774271670914
1312	0.00045447742716123965
1313	0.00045447742715545294
1314	0.00045447742714995343
1315	0.0004544774271442648
1316	0.0004544774271386666
1317	0.00045447742713369187
1318	0.0004544774271285174
1319	0.00045447742712356363
1320	0.00045447742711850843
1321	0.00045447742711362355
1322	0.00045447742710886803
1323	0.0004544774271044414
1324	0.00045447742709970375
1325	0.0004544774270953755
1326	0.0004544774270908537
1327	0.0004544774270869276
1328	0.0004544774270827637
1329	0.00045447742707867435
1330	0.00045447742707477464
1331	0.0004544774270711604
1332	0.0004544774270672692
1333	0.0004544774270636221
1334	0.00045447742705999826
1335	0.00045447742705650936
1336	0.0004544774270530493
1337	0.0004544774270497456
1338	0.0004544774270464504
1339	0.00045447742704317204
1340	0.00045447742704007404
1341	0.00045447742703717613
1342	0.0004544774270341307
1343	0.00045447742703122034
1344	0.0004544774270282022
1345	0.0004544774270255061
1346	0.0004544774270226142
1347	0.0004544774270201055
1348	0.0004544774270174212
1349	0.000454477427014859
1350	0.00045447742701230275
1351	0.00045447742700986964
1352	0.0004544774270076284
1353	0.00045447742700527587
1354	0.00045447742700284335
1355	0.0004544774270006707
1356	0.0004544774269984971
1357	0.0004544774269963594
1358	0.00045447742699440056
1359	0.00045447742699232513
1360	0.00045447742699026997
1361	0.00045447742698826176
1362	0.0004544774269864692
1363	0.00045447742698453384
1364	0.0004544774269826726
1365	0.0004544774269808954
1366	0.0004544774269791737
1367	0.00045447742697755
1368	0.0004544774269757901
1369	0.00045447742697426677
1370	0.00045447742697260057
1371	0.00045447742697122157
1372	0.0004544774269696481
1373	0.0004544774269681897
1374	0.00045447742696691956
1375	0.0004544774269651153
1376	0.0004544774269639003
1377	0.00045447742696260574
1378	0.0004544774269612299
1379	0.0004544774269599727
1380	0.0004544774269585643
1381	0.00045447742695729456
1382	0.00045447742695615186
1383	0.0004544774269550082
1384	0.0004544774269538459
1385	0.00045447742695287074
1386	0.00045447742695151305
1387	0.00045447742695049216
1388	0.0004544774269494329
1389	0.00045447742694847327
1390	0.0004544774269474088
1391	0.00045447742694646923
1392	0.00045447742694547697
1393	0.00045447742694465124
1394	0.0004544774269436561
1395	0.0004544774269428833
1396	0.00045447742694175534
1397	0.0004544774269408342
1398	0.0004544774269403619
1399	0.00045447742693920866
1400	0.00045447742693854035
1401	0.0004544774269376972
1402	0.00045447742693696934
1403	0.0004544774269362975
1404	0.00045447742693558336
1405	0.0004544774269350082
1406	0.0004544774269340975
1407	0.0004544774269333669
1408	0.0004544774269328283
1409	0.0004544774269319653
1410	0.0004544774269314033
1411	0.0004544774269308633
1412	0.00045447742693025315
1413	0.0004544774269296296
1414	0.0004544774269290442
1415	0.000454477426928385
1416	0.0004544774269278356
1417	0.0004544774269274342
1418	0.0004544774269267245
1419	0.00045447742692652295
1420	0.00045447742692586234
1421	0.0004544774269253018
1422	0.00045447742692490944
1423	0.00045447742692435807
1424	0.0004544774269239087
1425	0.0004544774269234522
1426	0.00045447742692287396
1427	0.00045447742692256594
1428	0.0004544774269221041
1429	0.0004544774269217328
1430	0.00045447742692133076
1431	0.00045447742692105423
1432	0.00045447742692052525
1433	0.0004544774269203201
1434	0.000454477426919771
1435	0.0004544774269194318
1436	0.00045447742691907844
1437	0.0004544774269186637
1438	0.00045447742691849313
1439	0.0004544774269181654
1440	0.0004544774269177069
1441	0.0004544774269175536
1442	0.00045447742691718314
1443	0.00045447742691685555
1444	0.00045447742691666717
1445	0.000454477426916322
1446	0.00045447742691601925
1447	0.00045447742691584356
1448	0.0004544774269155299
1449	0.0004544774269151305
1450	0.00045447742691514473
1451	0.0004544774269148214
1452	0.0004544774269144989
1453	0.0004544774269141906
1454	0.0004544774269140623
1455	0.0004544774269138489
1456	0.00045447742691356023
1457	0.00045447742691334566
1458	0.00045447742691321106
1459	0.00045447742691288374
1460	0.0004544774269128037
1461	0.00045447742691264315
1462	0.0004544774269124167
1463	0.0004544774269120557
1464	0.00045447742691201204
1465	0.0004544774269118145
1466	0.00045447742691159836
1467	0.0004544774269113572
1468	0.0004544774269113134
1469	0.00045447742691110375
1470	0.00045447742691083926
1471	0.0004544774269108291
1472	0.00045447742691063765
1473	0.0004544774269103722
1474	0.00045447742691035056
1475	0.00045447742691015074
1476	0.00045447742691009013
1477	0.00045447742691005815
1478	0.000454477426909617
1479	0.00045447742690975804
1480	0.0004544774269094577
1481	0.000454477426909443
1482	0.00045447742690927947
1483	0.0004544774269091964
1484	0.0004544774269090654
1485	0.0004544774269090674
1486	0.00045447742690896657
1487	0.0004544774269087447
1488	0.0004544774269085654
1489	0.00045447742690846556
1490	0.0004544774269084362
1491	0.0004544774269084574
1492	0.00045447742690826797
1493	0.0004544774269081671
1494	0.00045447742690801844
1495	0.000454477426907855
1496	0.0004544774269079582
1497	0.00045447742690774603
1498	0.00045447742690770245
1499	0.0004544774269076725
1500	0.00045447742690752935
1501	0.0004544774269076602
1502	0.0004544774269073125
1503	0.00045447742690733203
1504	0.0004544774269073948
1505	0.0004544774269070532
1506	0.0004544774269071283
1507	0.00045447742690703425
1508	0.0004544774269070052
1509	0.0004544774269069098
1510	0.0004544774269065744
1511	0.0004544774269068718
1512	0.0004544774269067112
1513	0.00045447742690669403
1514	0.00045447742690666844
1515	0.000454477426906497
1516	0.0004544774269066458
1517	0.00045447742690641333
1518	0.00045447742690650684
1519	0.0004544774269062417
1520	0.0004544774269064531
1521	0.000454477426906119
1522	0.00045447742690621617
1523	0.00045447742690612
1524	0.0004544774269062126
1525	0.0004544774269061965
1526	0.000454477426905981
1527	0.0004544774269060512
1528	0.0004544774269059113
1529	0.00045447742690587345
1530	0.0004544774269058901
1531	0.00045447742690590197
1532	0.0004544774269057432
1533	0.00045447742690576454
1534	0.0004544774269058048
1535	0.00045447742690564295
1536	0.0004544774269057571
1537	0.000454477426905581
1538	0.00045447742690562614
1539	0.00045447742690553204
1540	0.0004544774269054741
1541	0.0004544774269055828
1542	0.00045447742690554727
1543	0.0004544774269053907
1544	0.00045447742690533666
1545	0.0004544774269053072
1546	0.0004544774269054224
1547	0.00045447742690518677
1548	0.00045447742690531075
1549	0.0004544774269052197
1550	0.00045447742690529953
1551	0.00045447742690516693
1552	0.00045447742690519696
1553	0.00045447742690522185
1554	0.000454477426905214
1555	0.00045447742690508236
1556	0.0004544774269051041
1557	0.00045447742690511483
1558	0.0004544774269050643
1559	0.0004544774269050966
1560	0.00045447742690502165
1561	0.0004544774269049405
1562	0.0004544774269049728
1563	0.00045447742690513435
1564	0.0004544774269050544
1565	0.0004544774269051258
1566	0.00045447742690494467
1567	0.0004544774269049665
1568	0.00045447742690502723
1569	0.0004544774269048839
1570	0.00045447742690515045
1571	0.0004544774269049389
1572	0.0004544774269049437
1573	0.00045447742690483614
1574	0.00045447742690488157
1575	0.0004544774269047229
1576	0.00045447742690488916
1577	0.000454477426904797
1578	0.0004544774269048409
1579	0.00045447742690491605
1580	0.00045447742690476155
1581	0.0004544774269047565
1582	0.0004544774269047199
1583	0.0004544774269047864
1584	0.0004544774269047216
1585	0.0004544774269048623
1586	0.00045447742690472674
1587	0.00045447742690476973
1588	0.0004544774269047416
1589	0.00045447742690470484
1590	0.00045447742690479613
1591	0.00045447742690480806
1592	0.0004544774269044364
1593	0.000454477426904747
1594	0.00045447742690477575
1595	0.0004544774269045582
1596	0.0004544774269046562
1597	0.0004544774269047123
1598	0.00045447742690464673
1599	0.00045447742690449467
1600	0.00045447742690461757
1601	0.000454477426904638
1602	0.00045447742690471043
1603	0.00045447742690452487
1604	0.00045447742690456043
1605	0.0004544774269045768
1606	0.0004544774269044543
1607	0.0004544774269045643
1608	0.0004544774269046464
1609	0.00045447742690453137
1610	0.00045447742690439726
1611	0.0004544774269045761
1612	0.00045447742690454894
1613	0.0004544774269045606
1614	0.0004544774269045563
1615	0.0004544774269044637
1616	0.000454477426904562
1617	0.0004544774269045571
1618	0.0004544774269043837
1619	0.0004544774269044228
1620	0.0004544774269044303
1621	0.0004544774269044706
1622	0.00045447742690443694
1623	0.00045447742690452037
1624	0.0004544774269042903
1625	0.00045447742690428504
1626	0.000454477426904407
1627	0.00045447742690461323
1628	0.00045447742690446876
1629	0.00045447742690436847
1630	0.0004544774269043663
1631	0.00045447742690427957
1632	0.00045447742690439433
1633	0.0004544774269043252
1634	0.00045447742690448345
1635	0.00045447742690441346
1636	0.00045447742690427463
1637	0.0004544774269044221
1638	0.000454477426904358
1639	0.0004544774269045857
1640	0.00045447742690446166
1641	0.0004544774269043859
1642	0.00045447742690442994
1643	0.0004544774269044139
1644	0.0004544774269043689
1645	0.0004544774269043913
1646	0.0004544774269043062
1647	0.00045447742690442187
1648	0.00045447742690443813
1649	0.00045447742690442685
1650	0.0004544774269044115
1651	0.00045447742690428656
1652	0.0004544774269042764
1653	0.00045447742690428065
1654	0.000454477426904399
1655	0.00045447742690425045
1656	0.00045447742690444106
1657	0.00045447742690444935
1658	0.00045447742690442235
1659	0.0004544774269044422
1660	0.00045447742690438305
1661	0.00045447742690443146
1662	0.0004544774269043823
1663	0.0004544774269045213
1664	0.0004544774269044284
1665	0.00045447742690434
1666	0.00045447742690432494
1667	0.00045447742690432564
1668	0.00045447742690432467
1669	0.000454477426904274
1670	0.0004544774269044063
1671	0.000454477426904405
1672	0.0004544774269042808
1673	0.00045447742690440284
1674	0.00045447742690436554
1675	0.00045447742690425707
1676	0.00045447742690434375
1677	0.0004544774269043526
1678	0.0004544774269042652
1679	0.0004544774269043166
1680	0.0004544774269043865
1681	0.0004544774269043223
1682	0.00045447742690437237
1683	0.0004544774269045275
1684	0.00045447742690446
1685	0.0004544774269044647
1686	0.00045447742690430965
1687	0.00045447742690435356
1688	0.00045447742690436695
1689	0.0004544774269044418
1690	0.00045447742690434077
1691	0.0004544774269044483
1692	0.0004544774269043284
1693	0.00045447742690441894
1694	0.0004544774269043034
1695	0.0004544774269044204
1696	0.0004544774269043721
1697	0.0004544774269043122
1698	0.0004544774269042632
1699	0.0004544774269042089
1700	0.00045447742690442626
1701	0.0004544774269044209
1702	0.000454477426904474
1703	0.0004544774269043384
1704	0.00045447742690429995
1705	0.0004544774269044011
1706	0.00045447742690433903
1707	0.00045447742690443667
1708	0.000454477426904365
1709	0.0004544774269043964
1710	0.00045447742690434966
1711	0.0004544774269043528
1712	0.0004544774269042324
1713	0.00045447742690446523
1714	0.00045447742690436316
1715	0.00045447742690427816
1716	0.00045447742690430943
1717	0.0004544774269043363
1718	0.0004544774269044573
1719	0.0004544774269043267
1720	0.00045447742690426954
1721	0.0004544774269044095
1722	0.0004544774269042937
1723	0.0004544774269043183
1724	0.00045447742690425745
1725	0.0004544774269041751
1726	0.0004544774269042426
1727	0.0004544774269042503
1728	0.0004544774269042882
1729	0.0004544774269043057
1730	0.00045447742690430103
1731	0.0004544774269045048
1732	0.0004544774269042721
1733	0.000454477426904101
1734	0.00045447742690423457
1735	0.0004544774269042169
1736	0.0004544774269042735
1737	0.0004544774269042585
1738	0.0004544774269044807
1739	0.00045447742690428135
1740	0.0004544774269043039
1741	0.00045447742690414274
1742	0.0004544774269043278
1743	0.0004544774269044486
1744	0.00045447742690428276
1745	0.00045447742690432407
1746	0.0004544774269043233
1747	0.0004544774269044634
1748	0.00045447742690427214
1749	0.00045447742690426796
1750	0.0004544774269042682
1751	0.00045447742690421516
1752	0.00045447742690432895
1753	0.00045447742690439297
1754	0.000454477426904272
1755	0.0004544774269043796
1756	0.00045447742690433204
1757	0.00045447742690418773
1758	0.0004544774269042985
1759	0.00045447742690427414
1760	0.00045447742690441477
1761	0.0004544774269043068
1762	0.0004544774269043555
1763	0.0004544774269044296
1764	0.0004544774269044402
1765	0.00045447742690413314
1766	0.0004544774269043055
1767	0.0004544774269042004
1768	0.00045447742690439585
1769	0.0004544774269042868
1770	0.00045447742690429214
1771	0.00045447742690431496
1772	0.0004544774269043387
1773	0.0004544774269042982
1774	0.0004544774269041535
1775	0.00045447742690435665
1776	0.0004544774269043703
1777	0.0004544774269042002
1778	0.00045447742690433367
1779	0.00045447742690421836
1780	0.00045447742690433947
1781	0.00045447742690430163
1782	0.00045447742690436386
1783	0.0004544774269044314
1784	0.00045447742690445006
