<Coefficient>
	 4 Total number of radial orbitals.
	Type	L	Zeta-Orbital
	  Fe 	0	    1
	  -0.40077542173911
	  -0.59787270397382
	  -0.42023155948569
	  -0.28214419166505
	  -0.24237972557095
	  -0.24051783791731
	  -0.24344160020425
	  -0.23431076851502
	  -0.21161863332257
	  -0.17480569431531
	  -0.13250869345778
	  -0.08565354893104
	  -0.04564649554468
	  -0.01119936041672
	   0.01460915055918
	   0.03429539479573
	   0.04444258182922
	   0.05057325720174
	   0.04978406293066
	   0.04814393464351
	   0.03997910147887
	   0.03403859611579
	   0.02466073180723
	   0.01957327980224
	   0.01133811646460
	   0.00886858833090
	   0.00271612424105
	   0.00299328494940
	  -0.00139323227899
	   0.00137748542355
	  -0.00254485166477
	Type	L	Zeta-Orbital
	  Fe 	0	    2
	  -0.31119163247074
	  -0.29793006841883
	   0.14190856726563
	   0.53643684234953
	   0.76812746452840
	   0.86728213818691
	   0.86267882833561
	   0.79175222670119
	   0.67528461317768
	   0.54292288992443
	   0.40607097927145
	   0.28196274319746
	   0.16792108905822
	   0.07497564927069
	   0.00012085257679
	  -0.05254193406605
	  -0.08978065866933
	  -0.10862658909549
	  -0.11709751994961
	  -0.11254760761385
	  -0.10553881125958
	  -0.09069347042275
	  -0.07742069048731
	  -0.05969220680412
	  -0.04713104203750
	  -0.03159895186600
	  -0.02337814831477
	  -0.01209125642138
	  -0.00895506545001
	  -0.00131980321429
	  -0.00266653158756
	Type	L	Zeta-Orbital
	  Fe 	1	    1
	  -0.01718589802624
	  -0.07587603985058
	  -0.17634477306808
	  -0.29895189038849
	  -0.42069481515422
	  -0.52376302446808
	  -0.59898857711641
	  -0.64291374638388
	  -0.65757966398450
	  -0.64752252727009
	  -0.61881753645944
	  -0.57575005972400
	  -0.52363850259846
	  -0.46661947617891
	  -0.40725726577224
	  -0.34915659377781
	  -0.29383876312726
	  -0.24260750485106
	  -0.19674170805695
	  -0.15604467510227
	  -0.12119336005603
	  -0.09189530769031
	  -0.06779985539946
	  -0.04833022585601
	  -0.03313533293187
	  -0.02166157796362
	  -0.01325605729713
	  -0.00740684174239
	  -0.00353058102678
	  -0.00118009070981
	   0.00004943925186
	Type	L	Zeta-Orbital
	  Fe 	2	    1
	  -0.06484437280755
	  -0.16607923892672
	  -0.27300442900063
	  -0.36897628824122
	  -0.45529979428518
	  -0.52545295482307
	  -0.58545328842953
	  -0.62946061047709
	  -0.66362476605851
	  -0.68342656932231
	  -0.69364118297216
	  -0.68833531381972
	  -0.67304647200227
	  -0.64339812333720
	  -0.60407451605514
	  -0.55287903153762
	  -0.49541640217930
	  -0.43157997513402
	  -0.36750007326092
	  -0.30128417020683
	  -0.24076213165368
	  -0.18334903380113
	  -0.13528387997418
	  -0.09273821170917
	  -0.06156069233005
	  -0.03573432576531
	  -0.02021755128376
	  -0.00768680321795
	  -0.00345352559539
	   0.00152309636642
	  -0.00269616821058
</Coefficient>
<Mkb>
Left spillage = 4.1523235499e-03
</Mkb>
