<Coefficient>
	 14 Total number of radial orbitals.
	Type	L	Zeta-Orbital
	  Nd 	0	    1
	   0.13478489350423
	   0.14423510521794
	   0.14007210558258
	   0.13072863597003
	   0.08363597005999
	   0.02518584463578
	  -0.02257019806689
	  -0.05116637843304
	  -0.06261858047703
	  -0.05944295513825
	  -0.04712818565580
	  -0.03285926208373
	  -0.01919265563833
	  -0.00972229528446
	  -0.00272988537813
	  -0.00068435202731
	   0.00108249484351
	  -0.00037334687462
	   0.00041240707941
	  -0.00128777082611
	   0.00045772519307
	  -0.00106011734613
	   0.00136825683709
	  -0.00059990658126
	   0.00184333147899
	  -0.00107984303386
	   0.00189396292967
	  -0.00218997813968
	Type	L	Zeta-Orbital
	  Nd 	0	    2
	  -0.13999775352703
	   0.06539303568765
	   0.17885725201005
	   0.18266357047837
	   0.11804802310971
	   0.04999831499938
	  -0.00840553878258
	  -0.04224890425416
	  -0.06026806754543
	  -0.05848177187136
	  -0.05042367145725
	  -0.03469726052965
	  -0.02366234175696
	  -0.01065682678995
	  -0.00615634873959
	   0.00056062097831
	  -0.00097170081492
	   0.00248956077254
	  -0.00169231885435
	   0.00194399636485
	  -0.00271260029078
	   0.00219021377491
	  -0.00294454388613
	   0.00302067624406
	  -0.00323884373861
	   0.00383049121778
	  -0.00421093382383
	   0.00532101466382
	Type	L	Zeta-Orbital
	  Nd 	0	    3
	  -0.11421481052587
	  -0.08078227649975
	   0.06525476123578
	   0.06280322086533
	   0.02583536684446
	  -0.01671865298130
	  -0.34568861868333
	  -0.47709503801628
	  -0.49930334501005
	  -0.38659092245991
	  -0.31272828110603
	  -0.17510927105168
	  -0.09448631353673
	  -0.01635689408671
	  -0.00539320227554
	   0.01372978870313
	  -0.00502611850065
	   0.00051646570768
	  -0.01655696201940
	  -0.00372563691080
	  -0.00924813472987
	   0.01180266143091
	   0.00310660405463
	   0.01752570785369
	   0.00382135992157
	   0.01657692549496
	  -0.00696327260571
	   0.01143737279006
	Type	L	Zeta-Orbital
	  Nd 	0	    4
	   0.11431596230874
	  -0.21257936051780
	  -0.03542770637729
	   0.13128699653095
	   0.13551048206397
	   0.13671810434147
	   0.01581600658994
	  -0.03961119214441
	  -0.08218427097949
	  -0.07204767874028
	  -0.07535329392626
	  -0.05154299695409
	  -0.03859455746818
	  -0.01647269383329
	  -0.00968549353277
	  -0.00058338154397
	   0.00063371129544
	   0.00243254369301
	   0.00139862919612
	  -0.00021179844409
	   0.00030546373090
	  -0.00188362190174
	   0.00055942436063
	  -0.00231161399017
	   0.00183340139008
	  -0.00267436871743
	   0.00298733717581
	  -0.00423970404460
	Type	L	Zeta-Orbital
	  Nd 	0	    5
	   0.51232780680661
	  -0.36998271222799
	   0.88221555073039
	   0.29076278770451
	  -0.32107078354317
	  -0.62440415943843
	  -0.28748517430572
	  -0.07283347764397
	   0.10179540340989
	   0.20406885907093
	   0.28864015031481
	   0.20524661592791
	   0.16646005324676
	   0.08041488147022
	   0.06502760382041
	  -0.01184248345602
	   0.01933161792905
	  -0.02561528034989
	   0.00947524027389
	  -0.03564714052248
	   0.03562978748537
	  -0.02300337798160
	   0.04215204925659
	  -0.02644191675233
	   0.04799916399761
	  -0.03825206507892
	   0.05323660663190
	  -0.06485307318883
	Type	L	Zeta-Orbital
	  Nd 	0	    6
	   0.58766113135850
	  -0.40425132238994
	   0.81118458546113
	  -0.15847006219037
	  -0.34543239159786
	   0.16515477366044
	   0.26461001341082
	   0.20027457944470
	  -0.00709521487982
	  -0.13564682184424
	  -0.23183270257100
	  -0.18468613396310
	  -0.13628238537539
	  -0.08387894557374
	  -0.03882061519041
	  -0.01128682034731
	   0.01025483319278
	  -0.00202721370501
	   0.02357563801495
	  -0.01339946433857
	   0.01382491789514
	  -0.02457869565698
	   0.01312180733993
	  -0.03629870896336
	   0.02660685546043
	  -0.03722045365441
	   0.03221826559447
	  -0.04547024073911
	Type	L	Zeta-Orbital
	  Nd 	1	    1
	   0.06663350137142
	   0.20045551444770
	   0.30803893623044
	   0.34590526327482
	   0.30506392330884
	   0.22342016939138
	   0.13275479636019
	   0.05277613428997
	  -0.00721072268155
	  -0.04380191531905
	  -0.06080269374086
	  -0.06241865314322
	  -0.05468810802877
	  -0.04203863724411
	  -0.02899022401660
	  -0.01728122779010
	  -0.00884881054124
	  -0.00314786329333
	  -0.00045157352532
	   0.00068620400273
	   0.00042282690819
	   0.00017657312391
	  -0.00043388040981
	  -0.00037650983323
	  -0.00049906622402
	   0.00006633230387
	   0.00000483799342
	   0.00065032561610
	Type	L	Zeta-Orbital
	  Nd 	1	    2
	  -0.21554583402217
	  -0.16256057214916
	  -0.02049119241806
	   0.09498949064052
	   0.10141498458796
	   0.10113098755183
	   0.05463454227715
	   0.01724698746522
	  -0.01455895837987
	  -0.01751280051043
	  -0.02494828179205
	  -0.01931857311500
	  -0.02079541290507
	  -0.01168206548417
	  -0.01213172457235
	  -0.00162861423130
	  -0.00494458625211
	   0.00263481755523
	  -0.00287471626131
	   0.00415575142353
	  -0.00389393250368
	   0.00418850903780
	  -0.00461435725169
	   0.00431078003860
	  -0.00559040865328
	   0.00624393653071
	  -0.00811511558245
	   0.01425972500166
	Type	L	Zeta-Orbital
	  Nd 	1	    3
	  -0.11849815551318
	  -0.16228817544913
	  -0.06531115650736
	   0.28911071542221
	   0.29418496833091
	  -0.49652110958184
	  -0.84009017869329
	  -0.86555347150328
	  -0.50364623657154
	  -0.18874379679003
	  -0.03046361116280
	   0.03238602356014
	   0.08007010713154
	   0.11734492986889
	   0.14824657517530
	   0.11068867337940
	   0.10141030256774
	   0.07493177815788
	   0.04901266473093
	   0.01090099475228
	   0.01221888380134
	  -0.01412097420549
	  -0.01118791114641
	  -0.02259036208374
	  -0.01241620106134
	  -0.02597874783827
	   0.01151590800182
	  -0.01762594866267
	Type	L	Zeta-Orbital
	  Nd 	2	    1
	  -0.18143700112538
	  -0.25325586189078
	  -0.30385031129186
	  -0.25958198308064
	  -0.22051556405674
	  -0.15932522800323
	  -0.11925468688783
	  -0.06776705829975
	  -0.04244623796513
	  -0.01542331593146
	  -0.00898555573482
	   0.00467225693763
	   0.00077201240108
	   0.00708577583192
	  -0.00070894135823
	   0.00507214362554
	  -0.00316885030601
	   0.00412365339083
	  -0.00433922319024
	   0.00439142263464
	  -0.00476849277271
	   0.00513007426782
	  -0.00559697149830
	   0.00612146231580
	  -0.00672981780273
	   0.00766422138578
	  -0.00924006635141
	   0.03507240146399
	Type	L	Zeta-Orbital
	  Nd 	2	    2
	  -0.28492408907935
	  -0.06192183254093
	   0.00975538611236
	   0.19612378063691
	   0.23659887472966
	   0.23362288821077
	   0.12934941671112
	   0.09944799764451
	   0.03748751689667
	   0.02143222515212
	  -0.00827989270941
	   0.01055435950334
	  -0.00995079405212
	   0.00720670514922
	  -0.01069215120169
	   0.01096884656647
	  -0.00993517949637
	   0.01345246515136
	  -0.01214520388030
	   0.01387862813823
	  -0.01309915031915
	   0.01587615555723
	  -0.01722343364213
	   0.01882685844584
	  -0.02021435214258
	   0.02206939029386
	  -0.02845205037507
	   0.10588476640588
	Type	L	Zeta-Orbital
	  Nd 	2	    3
	  -1.01271639329677
	   0.36791772805017
	   0.23617530446921
	  -0.22113068083907
	  -0.52324364042682
	  -0.50568035047831
	  -0.38624634731219
	  -0.18324948341080
	  -0.05565552205080
	   0.02255247100353
	  -0.02694898380221
	   0.01047536442581
	  -0.01385643469852
	   0.02628689487841
	  -0.03554447921520
	   0.02902927924548
	  -0.01864967038480
	   0.02905988398672
	  -0.04368784405926
	   0.04356776629464
	  -0.03922625411773
	   0.04080717061799
	  -0.05170791993891
	   0.05703258422076
	  -0.05939417112982
	   0.06756697144821
	  -0.08180457974297
	   0.32530541858298
	Type	L	Zeta-Orbital
	  Nd 	3	    1
	  -0.00872729886615
	  -0.32443323213230
	  -0.29877735772676
	  -0.40903978625606
	  -0.38682326886054
	  -0.36003393967166
	  -0.26395276485308
	  -0.21942762004741
	  -0.13390446724493
	  -0.10780638907035
	  -0.05006875745550
	  -0.01537942363337
	   0.04907185910107
	   0.05705027270142
	   0.08605582079091
	   0.04911965366945
	   0.04587764225229
	  -0.00175754654198
	   0.00926477791453
	  -0.02456022541291
	   0.01041684634226
	  -0.01509717901814
	   0.01952863740764
	  -0.01478766182744
	   0.02295747231992
	  -0.02220000126327
	  -0.00062550715390
	  -0.23839577389811
	Type	L	Zeta-Orbital
	  Nd 	3	    2
	   0.34328474438226
	   0.85873883710152
	   0.84882810845008
	   0.26951501778458
	  -0.37448241281199
	  -0.84978887028699
	  -0.97728016710819
	  -0.72105918071265
	  -0.33503499722770
	  -0.22473190186470
	  -0.13058679559829
	   0.00473341739625
	   0.11629005620169
	   0.15610468429528
	   0.18828367632324
	   0.14941555607516
	   0.07859047116860
	   0.02303759125259
	   0.00160549407669
	  -0.03097056374685
	  -0.01197089436498
	  -0.00003939959577
	   0.01311217076649
	   0.00200898228774
	   0.01172876393549
	  -0.01079042062226
	  -0.00005457840935
	  -0.05065039980302
</Coefficient>
<Mkb>
Left spillage = 3.5214226188e-03
</Mkb>
