0	0.00533826655663232
1	0.004460856231047348
2	0.003844899821936619
3	0.003387597708398752
4	0.003036398733458613
5	0.0027628021291398945
6	0.0025492472208899605
7	0.0023826855304158205
8	0.002252362258881212
9	0.0021492024832176705
10	0.0020654829310294285
11	0.001994732920701224
12	0.0019322338738035538
13	0.0018751671653547213
14	0.001822182758854609
15	0.001772793241320881
16	0.0017268855575441598
17	0.0016844269845831086
18	0.0016453281305083875
19	0.0016094049045212678
20	0.0015763712983146835
21	0.0015458617264300701
22	0.0015174999668875993
23	0.0014909928220475605
24	0.001466200212327289
25	0.0014431378957977727
26	0.0014219188841161957
27	0.0014026752026991092
28	0.0013855053941629236
29	0.0013704623297205456
30	0.0013575478097893542
31	0.0013466917852513155
32	0.0013377355125278967
33	0.0013304561426727432
34	0.001324604090523677
35	0.0013198864527709483
36	0.0013159414710389914
37	0.0013124305472828075
38	0.00130917414424581
39	0.0013061297201107898
40	0.001303276732874139
41	0.0013005886588129895
42	0.0012980387740525235
43	0.0012955981146169431
44	0.001293269558831066
45	0.0012910861445132045
46	0.0012890607961612783
47	0.0012871816932536581
48	0.0012854404080985347
49	0.001283835362214057
50	0.0012823733412847516
51	0.0012810789790466618
52	0.0012799805660142103
53	0.00127908554112606
54	0.0012783810841330082
55	0.0012778447088500364
56	0.0012774403233398667
57	0.0012771170259584116
58	0.0012768246361252783
59	0.0012765266337247927
60	0.0012762010215920142
61	0.001275841806996409
62	0.001275459915879081
63	0.0012750732736950667
64	0.0012746954813952095
65	0.0012743345450741703
66	0.0012739941769163298
67	0.0012736732113684886
68	0.0012733695594489452
69	0.0012730842185858316
70	0.001272817506560969
71	0.0012725658048403153
72	0.0012723249132977586
73	0.0012720916549422289
74	0.001271862806043205
75	0.0012716378473731677
76	0.001271420332202545
77	0.0012712135867258831
78	0.0012710183563874931
79	0.0012708333929036413
80	0.001270654234508159
81	0.0012704740227976396
82	0.001270287551251946
83	0.001270093131988754
84	0.0012698929124122203
85	0.0012696928152103383
86	0.0012694994285559747
87	0.0012693165498191274
88	0.0012691447521069777
89	0.0012689818389995152
90	0.0012688237721655026
91	0.0012686668767097852
92	0.0012685090019164908
93	0.0012683491872395875
94	0.0012681876068126256
95	0.0012680252803325305
96	0.0012678631516501663
97	0.0012677016565843726
98	0.0012675406670835765
99	0.0012673794725694594
100	0.0012672172027887317
101	0.0012670532442144783
102	0.0012668872675904083
103	0.0012667192733465922
104	0.0012665495650729637
105	0.0012663785576129875
106	0.0012662067170495933
107	0.00126603445567013
108	0.001265861911124273
109	0.0012656889451715975
110	0.0012655152823313775
111	0.0012653406102454553
112	0.0012651647073532654
113	0.00126498751502609
114	0.0012648091119402483
115	0.001264629683481997
116	0.0012644494548989405
117	0.0012642685990986182
118	0.0012640872023253309
119	0.0012639052788507947
120	0.0012637228330117148
121	0.0012635399470821488
122	0.0012633568015298661
123	0.0012631736309372391
124	0.0012629906837655885
125	0.0012628081863360094
126	0.0012626263242428814
127	0.0012624452682107913
128	0.0012622652052235279
129	0.0012620863564981213
130	0.001261908998696903
131	0.001261733462638152
132	0.0012615601086025338
133	0.001261389307236936
134	0.0012612214217778287
135	0.001261056799535269
136	0.0012608957755525436
137	0.0012607386693899076
138	0.0012605857874796796
139	0.0012604374301933635
140	0.0012602938890660228
141	0.0012601554443641247
142	0.0012600223536319516
143	0.001259894832437261
144	0.0012597730485801165
145	0.0012596571216328739
146	0.0012595471259067347
147	0.0012594430982500015
148	0.00125934503933212
149	0.0012592529134078528
150	0.001259166646796838
151	0.0012590861241730657
152	0.0012590111902768502
153	0.0012589416538654715
154	0.0012588772947793659
155	0.0012588178722572653
156	0.00125876312864891
157	0.0012587127934328352
158	0.0012586665869353895
159	0.001258624223584469
160	0.0012585854170919996
161	0.001258549884444082
162	0.0012585173501414271
163	0.0012584875501610215
164	0.0012584602339885862
165	0.0012584351662641008
166	0.001258412127055532
167	0.0012583909124794892
168	0.0012583713357350232
169	0.0012583532270418172
170	0.0012583364336628878
171	0.0012583208191613837
172	0.0012583062623399725
173	0.0012582926565176881
174	0.0012582799082602823
175	0.0012582679363209765
176	0.0012582566704920077
177	0.0012582460502288154
178	0.0012582360233856628
179	0.001258226544830225
180	0.0012582175755098742
181	0.0012582090817200658
182	0.0012582010343407041
183	0.001258193408109384
184	0.0012581861807357748
185	0.0012581793322037596
186	0.00125817284425
187	0.001258166699950638
188	0.0012581608834912942
189	0.001258155380006714
190	0.0012581501754722738
191	0.0012581452565623515
192	0.0012581406104928033
193	0.0012581362248996594
194	0.0012581320877619242
195	0.0012581281873865085
196	0.0012581245124307589
197	0.0012581210519198875
198	0.001258117795295084
199	0.0012581147324068611
200	0.0012581118534845865
201	0.0012581091490996585
202	0.0012581066101404743
203	0.0012581042278184552
204	0.0012581019936892832
205	0.0012580998996582656
206	0.0012580979379912536
207	0.00125809610129713
208	0.0012580943825146042
209	0.0012580927748788075
210	0.0012580912719067643
211	0.0012580898673940294
212	0.001258088555418655
213	0.0012580873303447628
214	0.0012580861868286546
215	0.0012580851197972142
216	0.0012580841244458536
217	0.001258083196213949
218	0.0012580823307835705
219	0.001258081524069927
220	0.0012580807722264921
221	0.0012580800716354202
222	0.0012580794189021827
223	0.001258078810852022
224	0.0012580782445098951
225	0.0012580777170982638
226	0.0012580772260201412
227	0.0012580767688511118
228	0.0012580763433230502
229	0.0012580759473303962
230	0.001258075578904311
231	0.0012580752362151338
232	0.0012580749175524959
233	0.00125807462132276
234	0.001258074346037929
235	0.0012580740903033478
236	0.001258073852820147
237	0.001258073632368365
238	0.0012580734278070042
239	0.0012580732380663676
240	0.0012580730621431788
241	0.0012580728990925485
242	0.0012580727480275876
243	0.0012580726081194101
244	0.001258072478584587
245	0.0012580723586940903
246	0.0012580722477551806
247	0.0012580721451245014
248	0.00125807205019733
249	0.0012580719624095734
250	0.0012580718812297699
251	0.0012580718061712705
252	0.0012580717367684925
253	0.0012580716726009918
254	0.001258071613266995
255	0.001258071558402021
256	0.0012580715076634177
257	0.0012580714607373859
258	0.0012580714173322488
259	0.0012580713771790908
260	0.0012580713400314292
261	0.0012580713056612005
262	0.0012580712738556633
263	0.0012580712444237626
264	0.0012580712171876408
265	0.0012580711919805197
266	0.001258071168652881
267	0.0012580711470653112
268	0.0012580711270885384
269	0.0012580711086025472
270	0.0012580710914998701
271	0.001258071075676625
272	0.0012580710610383826
273	0.0012580710474994177
274	0.0012580710349767573
275	0.0012580710233966485
276	0.0012580710126868623
277	0.0012580710027861883
278	0.0012580709936308209
279	0.0012580709851666223
280	0.0012580709773398642
281	0.0012580709701045813
282	0.0012580709634134144
283	0.0012580709572256952
284	0.0012580709515032568
285	0.001258070946210846
286	0.0012580709413133435
287	0.0012580709367814359
288	0.0012580709325869291
289	0.0012580709287042405
290	0.0012580709251080483
291	0.0012580709217778875
292	0.0012580709186926751
293	0.0012580709158325181
294	0.0012580709131808801
295	0.0012580709107224463
296	0.0012580709084429387
297	0.001258070906327523
298	0.0012580709043632605
299	0.001258070902541115
300	0.0012580709008504214
301	0.0012580708992790636
302	0.001258070897821353
303	0.001258070896465704
304	0.0012580708952060734
305	0.0012580708940360644
306	0.001258070892949429
307	0.0012580708919393622
308	0.0012580708910003727
309	0.0012580708901280778
310	0.0012580708893170517
311	0.001258070888562081
312	0.001258070887860282
313	0.0012580708872095292
314	0.0012580708866029595
315	0.0012580708860388625
316	0.0012580708855149914
317	0.0012580708850275305
318	0.0012580708845735366
319	0.001258070884152561
320	0.001258070883761275
321	0.0012580708833961967
322	0.0012580708830569726
323	0.0012580708827414975
324	0.0012580708824481703
325	0.0012580708821756366
326	0.0012580708819215508
327	0.0012580708816858014
328	0.001258070881465538
329	0.0012580708812608386
330	0.0012580708810723592
331	0.0012580708808938596
332	0.0012580708807306135
333	0.0012580708805775488
334	0.001258070880435314
335	0.0012580708803033962
336	0.001258070880179539
337	0.0012580708800657087
338	0.0012580708799587827
339	0.0012580708798605419
340	0.0012580708797683717
341	0.001258070879682282
342	0.0012580708796038932
343	0.0012580708795295662
344	0.0012580708794605942
345	0.0012580708793978694
346	0.001258070879339073
347	0.0012580708792825559
348	0.0012580708792321383
349	0.001258070879184902
350	0.0012580708791410152
351	0.0012580708791003455
352	0.0012580708790620179
353	0.0012580708790266473
354	0.0012580708789946698
355	0.0012580708789647573
356	0.001258070878936008
357	0.0012580708789101678
358	0.001258070878886605
359	0.0012580708788641312
360	0.0012580708788438356
361	0.0012580708788239832
362	0.001258070878807089
363	0.0012580708787899443
364	0.00125807087877503
365	0.001258070878761492
366	0.0012580708787481687
367	0.001258070878737397
368	0.0012580708787251246
369	0.0012580708787140755
370	0.0012580708787048474
371	0.001258070878696353
372	0.0012580708786880837
373	0.0012580708786814059
374	0.001258070878674527
375	0.0012580708786672787
376	0.0012580708786620938
377	0.0012580708786559937
378	0.0012580708786520112
379	0.0012580708786458473
380	0.0012580708786426257
381	0.0012580708786382126
382	0.001258070878634402
383	0.001258070878631782
384	0.0012580708786287963
385	0.0012580708786244191
386	0.0012580708786236326
387	0.001258070878619809
388	0.0012580708786186267
389	0.0012580708786162844
390	0.0012580708786141983
391	0.00125807087861218
392	0.0012580708786105684
393	0.0012580708786094253
394	0.0012580708786079078
395	0.0012580708786070645
396	0.0012580708786060835
397	0.001258070878604425
398	0.0012580708786048855
399	0.0012580708786028817
400	0.0012580708786021702
401	0.0012580708786018833
402	0.0012580708786014533
403	0.0012580708785998298
404	0.0012580708785991726
405	0.001258070878598313
406	0.001258070878597927
407	0.0012580708785975153
408	0.0012580708785972128
409	0.001258070878596246
410	0.0012580708785975378
411	0.0012580708785963
412	0.001258070878596084
413	0.0012580708785954807
414	0.001258070878595409
415	0.0012580708785948401
416	0.0012580708785953267
417	0.0012580708785946135
418	0.00125807087859489
419	0.0012580708785947213
420	0.001258070878595306
421	0.0012580708785940482
422	0.0012580708785930458
423	0.0012580708785945212
424	0.0012580708785943134
425	0.0012580708785942711
426	0.0012580708785937915
427	0.0012580708785936466
428	0.0012580708785936141
429	0.0012580708785932422
430	0.0012580708785935467
431	0.0012580708785925414
432	0.0012580708785928665
433	0.001258070878593704
434	0.0012580708785923861
435	0.0012580708785934192
436	0.0012580708785929014
437	0.0012580708785935037
438	0.0012580708785930865
439	0.0012580708785936317
440	0.0012580708785928764
441	0.0012580708785931134
442	0.00125807087859272
443	0.0012580708785929309
444	0.0012580708785927648
445	0.0012580708785934
446	0.0012580708785930434
447	0.0012580708785929927
448	0.001258070878593467
449	0.0012580708785930722
450	0.0012580708785935757
451	0.0012580708785935747
452	0.0012580708785927854
453	0.0012580708785924332
454	0.0012580708785929532
455	0.0012580708785933036
456	0.0012580708785920967
457	0.0012580708785920904
458	0.0012580708785936245
459	0.0012580708785938516
460	0.0012580708785937843
461	0.0012580708785920383
462	0.0012580708785916467
463	0.0012580708785924423
464	0.0012580708785926206
465	0.0012580708785928714
466	0.0012580708785933329
467	0.0012580708785928452
468	0.0012580708785931269
469	0.0012580708785925794
470	0.001258070878592947
471	0.001258070878592694
472	0.0012580708785921977
473	0.0012580708785925783
474	0.0012580708785933877
475	0.0012580708785928324
476	0.0012580708785930124
477	0.001258070878593442
478	0.0012580708785934402
479	0.0012580708785932273
480	0.0012580708785925353
481	0.0012580708785923718
482	0.001258070878592837
483	0.00125807087859293
484	0.001258070878591996
485	0.0012580708785928688
486	0.0012580708785931748
487	0.0012580708785930015
488	0.0012580708785915142
489	0.0012580708785927862
490	0.0012580708785930167
491	0.0012580708785925867
492	0.001258070878592618
493	0.0012580708785926863
494	0.0012580708785926123
495	0.0012580708785920878
496	0.0012580708785932346
497	0.001258070878593024
498	0.0012580708785932002
499	0.0012580708785927786
500	0.0012580708785930198
501	0.0012580708785933919
502	0.0012580708785934292
503	0.0012580708785930959
504	0.0012580708785923545
505	0.001258070878593235
506	0.0012580708785935796
507	0.0012580708785930592
508	0.0012580708785920793
509	0.001258070878592425
510	0.0012580708785929473
511	0.0012580708785936208
512	0.0012580708785925464
513	0.0012580708785922949
514	0.0012580708785929927
515	0.001258070878592446
516	0.0012580708785923996
517	0.0012580708785927084
518	0.0012580708785927932
519	0.0012580708785931885
520	0.0012580708785931525
521	0.0012580708785930024
522	0.0012580708785928515
523	0.0012580708785930772
524	0.0012580708785922608
525	0.0012580708785929855
526	0.0012580708785929848
527	0.001258070878592648
528	0.0012580708785923243
529	0.0012580708785922406
530	0.0012580708785931423
531	0.0012580708785931618
532	0.0012580708785923204
533	0.0012580708785931375
534	0.001258070878592641
535	0.0012580708785931058
536	0.0012580708785935634
537	0.0012580708785924876
538	0.001258070878592683
539	0.0012580708785933105
