0	0.0037384036581854887
1	0.003382684965521289
2	0.0030973412295206074
3	0.002824291122040554
4	0.0025874792091194285
5	0.0023804611727973888
6	0.0021973523685676244
7	0.002035643522846344
8	0.001893842427062713
9	0.0017701520805673114
10	0.001662237264379797
11	0.0015674257713913673
12	0.001482926719529928
13	0.0014062821441389493
14	0.0013358318591855057
15	0.001270763848455597
16	0.0012107807477873844
17	0.0011557115426485793
18	0.0011052992321970033
19	0.001059175497531936
20	0.0010169190618897431
21	0.0009781183592582176
22	0.0009424112478173558
23	0.0009094951960162626
24	0.0008791117340749428
25	0.0008510357032953194
26	0.0008250877783631823
27	0.0008011505947590361
28	0.000779167862829105
29	0.0007591314853089109
30	0.0007410609086701787
31	0.000724971105826081
32	0.0007108433739813007
33	0.0006986164989511095
34	0.000688193192950925
35	0.000679447649645671
36	0.0006722332604712603
37	0.0006663889280463214
38	0.0006617382552764486
39	0.0006580890591841228
40	0.0006552425088544804
41	0.0006530056901713861
42	0.0006512020794988428
43	0.000649683083742317
44	0.0006483369143596445
45	0.0006470898574064438
46	0.0006459030981306176
47	0.0006447652476625266
48	0.0006436797386537484
49	0.0006426543067327486
50	0.000641696222926252
51	0.0006408098966584696
52	0.0006399964293573743
53	0.0006392545513483455
54	0.0006385801830843262
55	0.0006379661343045111
56	0.0006374035219833701
57	0.0006368827891491262
58	0.000636394278858439
59	0.0006359294879120153
60	0.0006354819873733487
61	0.0006350479615404552
62	0.0006346268147270867
63	0.0006342206803410226
64	0.0006338329444338866
65	0.0006334671788343619
66	0.0006331264653518087
67	0.0006328129072447761
68	0.0006325276027488645
69	0.0006322705983485948
70	0.0006320407258839035
71	0.0006318359541348126
72	0.0006316540195279714
73	0.0006314928235520189
74	0.0006313506585904325
75	0.0006312261595965108
76	0.0006311180420262077
77	0.0006310250678123307
78	0.0006309461229127265
79	0.0006308801172434795
80	0.0006308258532681066
81	0.0006307818998121217
82	0.0006307465060755738
83	0.0006307177240086166
84	0.0006306935754419731
85	0.0006306721397251556
86	0.0006306517045999721
87	0.0006306309436791172
88	0.000630609054148534
89	0.0006305858387062286
90	0.0006305616033156808
91	0.0006305369260982512
92	0.0006305124642940705
93	0.0006304888128812441
94	0.0006304664414498983
95	0.0006304457021790896
96	0.0006304268313522499
97	0.0006304099622079795
98	0.0006303951428393529
99	0.0006303823235796634
100	0.0006303713591503718
101	0.0006303620351015806
102	0.0006303541083812276
103	0.000630347364216486
104	0.0006303416415116726
105	0.0006303368201697309
106	0.000630332802356112
107	0.0006303294915971448
108	0.0006303267873945151
109	0.0006303245934899093
110	0.0006303228213821056
111	0.0006303213963032154
112	0.0006303202561690937
113	0.0006303193394521824
114	0.0006303185773775058
115	0.0006303178931616307
116	0.0006303172151431232
117	0.0006303164963714243
118	0.0006303157209404503
119	0.0006303148982521909
120	0.0006303140496369197
121	0.0006303131960286685
122	0.0006303123544097224
123	0.0006303115373838248
124	0.0006303107557841228
125	0.0006303100221527175
126	0.0006303093502660964
127	0.0006303087519744395
128	0.0006303082315721507
129	0.0006303077832900349
130	0.000630307395224018
131	0.0006303070550386581
132	0.0006303067543333688
133	0.0006303064887973184
134	0.0006303062560132491
135	0.0006303060542348421
136	0.0006303058815674342
137	0.0006303057359596216
138	0.00063030561520955
139	0.0006303055169053135
140	0.0006303054386970961
141	0.0006303053778563482
142	0.0006303053310237507
143	0.0006303052943243679
144	0.0006303052638332837
145	0.0006303052362647773
146	0.0006303052090997811
147	0.0006303051806618663
148	0.0006303051501573104
149	0.000630305117566952
150	0.0006303050835253756
151	0.0006303050489375823
152	0.0006303050148257234
153	0.0006303049821744048
154	0.0006303049517544522
155	0.0006303049240141738
156	0.000630304899004036
157	0.000630304876511049
158	0.0006303048561571373
159	0.000630304837526494
160	0.0006303048203019521
161	0.0006303048043480938
162	0.0006303047897507668
163	0.0006303047766778272
164	0.0006303047652886013
165	0.0006303047556681338
166	0.0006303047477938955
167	0.0006303047415258726
168	0.0006303047365833111
169	0.0006303047326212961
170	0.0006303047292905089
171	0.0006303047262853942
172	0.0006303047233631151
173	0.0006303047203749518
174	0.0006303047172997168
175	0.000630304714228061
176	0.0006303047112946668
177	0.0006303047086175265
178	0.0006303047062663411
179	0.0006303047042656976
180	0.0006303047025946992
181	0.0006303047012047293
182	0.0006303047000232387
183	0.000630304698974558
184	0.0006303046979854634
185	0.0006303046970011634
186	0.0006303046960026918
187	0.0006303046950022716
188	0.0006303046940282614
189	0.0006303046931076321
190	0.0006303046922600195
191	0.0006303046914903015
192	0.0006303046908061468
193	0.0006303046902114445
194	0.0006303046897096603
195	0.000630304689296232
196	0.000630304688961834
197	0.000630304688690909
198	0.000630304688464271
199	0.0006303046882720532
200	0.0006303046881029016
201	0.0006303046879549008
202	0.0006303046878280823
203	0.0006303046877169522
204	0.0006303046876203034
205	0.0006303046875331396
206	0.0006303046874574578
207	0.0006303046873902946
208	0.0006303046873291249
209	0.0006303046872734754
210	0.0006303046872169357
211	0.000630304687156536
212	0.0006303046870905927
213	0.0006303046870204047
214	0.0006303046869466662
215	0.0006303046868753228
216	0.0006303046868063476
217	0.0006303046867445186
218	0.0006303046866920947
219	0.000630304686651
220	0.0006303046866181422
221	0.000630304686594441
222	0.0006303046865759221
223	0.0006303046865622506
224	0.0006303046865496113
225	0.0006303046865393232
226	0.0006303046865306476
227	0.000630304686523774
228	0.000630304686516032
229	0.0006303046865099602
230	0.0006303046865035656
231	0.0006303046864975127
232	0.0006303046864937774
233	0.0006303046864887037
234	0.0006303046864846057
235	0.0006303046864801812
236	0.0006303046864752669
237	0.0006303046864706152
238	0.0006303046864670741
239	0.0006303046864625894
240	0.0006303046864573459
241	0.0006303046864527423
242	0.0006303046864493501
243	0.0006303046864437783
244	0.0006303046864415122
245	0.0006303046864393728
246	0.0006303046864359605
247	0.0006303046864341018
248	0.0006303046864336738
249	0.0006303046864322433
250	0.0006303046864325547
251	0.0006303046864317541
252	0.0006303046864325592
253	0.0006303046864315921
254	0.0006303046864317747
255	0.000630304686431756
256	0.0006303046864303626
257	0.0006303046864307897
258	0.0006303046864294245
259	0.0006303046864271723
260	0.0006303046864279375
261	0.0006303046864271997
262	0.0006303046864271635
263	0.0006303046864264782
264	0.0006303046864251324
265	0.0006303046864245296
266	0.0006303046864250292
267	0.0006303046864246683
268	0.0006303046864250722
269	0.0006303046864241754
270	0.0006303046864243928
271	0.0006303046864236433
272	0.0006303046864235546
273	0.0006303046864246715
274	0.0006303046864242327
275	0.0006303046864240938
276	0.000630304686424121
277	0.000630304686424148
278	0.0006303046864234091
279	0.0006303046864229724
280	0.0006303046864235683
281	0.0006303046864228486
282	0.0006303046864233925
283	0.000630304686422851
284	0.0006303046864229573
285	0.0006303046864226241
286	0.0006303046864236457
287	0.0006303046864233185
288	0.0006303046864235888
289	0.0006303046864238575
290	0.0006303046864227219
291	0.000630304686423059
292	0.0006303046864236784
293	0.000630304686423216
294	0.0006303046864229141
295	0.00063030468642315
296	0.0006303046864234344
297	0.0006303046864235343
298	0.0006303046864233712
299	0.0006303046864237574
300	0.0006303046864235332
301	0.0006303046864233432
302	0.0006303046864233624
303	0.00063030468642338
304	0.0006303046864229303
305	0.0006303046864231646
306	0.000630304686423305
307	0.0006303046864230379
308	0.0006303046864234912
309	0.0006303046864231279
310	0.0006303046864224064
311	0.0006303046864230442
312	0.0006303046864230664
313	0.0006303046864226973
314	0.0006303046864220758
315	0.0006303046864232363
316	0.0006303046864224594
317	0.0006303046864228419
318	0.0006303046864234026
319	0.0006303046864226955
320	0.0006303046864230137
321	0.0006303046864235323
322	0.0006303046864231457
323	0.0006303046864231327
324	0.0006303046864237394
325	0.000630304686423301
326	0.000630304686423483
327	0.0006303046864228445
328	0.0006303046864223337
329	0.0006303046864233428
330	0.0006303046864224424
331	0.0006303046864218111
332	0.0006303046864236342
333	0.0006303046864236192
334	0.0006303046864239947
335	0.0006303046864228126
336	0.0006303046864238281
337	0.0006303046864230526
338	0.0006303046864230069
339	0.0006303046864228844
340	0.0006303046864237494
341	0.0006303046864231151
342	0.0006303046864233587
343	0.0006303046864224685
344	0.0006303046864231447
345	0.000630304686423813
346	0.0006303046864241561
347	0.000630304686423931
348	0.0006303046864226358
349	0.0006303046864233491
350	0.0006303046864223405
351	0.0006303046864230062
352	0.0006303046864234641
353	0.0006303046864230026
354	0.0006303046864237235
355	0.0006303046864228583
356	0.0006303046864224444
357	0.0006303046864233098
358	0.000630304686423686
359	0.0006303046864218916
360	0.0006303046864234386
361	0.0006303046864228296
362	0.0006303046864221089
363	0.0006303046864227878
364	0.0006303046864227626
365	0.0006303046864237953
366	0.0006303046864231732
367	0.000630304686423382
368	0.0006303046864234827
369	0.000630304686423322
370	0.000630304686422492
371	0.0006303046864224206
372	0.0006303046864234885
373	0.0006303046864229729
374	0.0006303046864229439
375	0.0006303046864223294
376	0.0006303046864226802
377	0.0006303046864231132
378	0.0006303046864229368
379	0.0006303046864234776
380	0.0006303046864226099
381	0.0006303046864226763
382	0.0006303046864222288
