  0.000000   -0.08282625455450    0.00000000000000  
  0.010000   -0.08292673755400    0.00481996189606  
  0.020000   -0.08322808852732    0.00964274593644  
  0.030000   -0.08373001354885    0.01447115000960  
  0.040000   -0.08443202324184    0.01930792368144  
  0.050000   -0.08533343352567    0.02415574450533  
  0.060000   -0.08643336665899    0.02901719489334  
  0.070000   -0.08773075257556    0.03389473972841  
  0.080000   -0.08922433050888    0.03879070489101  
  0.090000   -0.09091265090087    0.04370725686627  
  0.100000   -0.09279407758895    0.04864638358843  
  0.110000   -0.09486679026528    0.05360987666945  
  0.120000   -0.09712878720095    0.05859931514660  
  0.130000   -0.09957788822753    0.06361605087178  
  0.140000   -0.10221173796733    0.06866119565132  
  0.150000   -0.10502780930350    0.07373561023064  
  0.160000   -0.10802340708028    0.07883989520283  
  0.170000   -0.11119567202333    0.08397438390444  
  0.180000   -0.11454158486950    0.08913913734513  
  0.190000   -0.11805797069524    0.09433394120151  
  0.200000   -0.12174150343209    0.09955830488805  
  0.210000   -0.12558871055790    0.10481146270144  
  0.220000   -0.12959597795180    0.11009237701763  
  0.230000   -0.13375955490091    0.11539974350401  
  0.240000   -0.13807555924678    0.12073199829325  
  0.250000   -0.14253998265934    0.12608732704913  
  0.260000   -0.14714869602607    0.13146367583990  
  0.270000   -0.15189745494450    0.13685876372011  
  0.280000   -0.15678190530572    0.14227009690858  
  0.290000   -0.16179758895731    0.14769498443748  
  0.300000   -0.16693994943384    0.15313055513653  
  0.310000   -0.17220433774347    0.15857377580579  
  0.320000   -0.17758601819971    0.16402147042181  
  0.330000   -0.18308017428730    0.16947034021476  
  0.340000   -0.18868191455173    0.17491698444733  
  0.350000   -0.19438627850254    0.18035792172248  
  0.360000   -0.20018824252038    0.18578961164329  
  0.370000   -0.20608272575882    0.19120847664698  
  0.380000   -0.21206459603194    0.19661092383491  
  0.390000   -0.21812867567950    0.20199336662201  
  0.400000   -0.22426974740161    0.20735224603178  
  0.410000   -0.23048256005568    0.21268405146769  
  0.420000   -0.23676183440858    0.21798534079739  
  0.430000   -0.24310226883760    0.22325275959359  
  0.440000   -0.24949854497426    0.22848305938368  
  0.450000   -0.25594533328534    0.23367311477013  
  0.460000   -0.26243729858605    0.23881993929430  
  0.470000   -0.26896910548079    0.24392069992824  
  0.480000   -0.27553542372706    0.24897273009183  
  0.490000   -0.28213093351877    0.25397354110593  
  0.500000   -0.28875033068531    0.25892083200680  
  0.510000   -0.29538833180342    0.26381249766136  
  0.520000   -0.30203967921866    0.26864663513832  
  0.530000   -0.30869914597420    0.27342154830551  
  0.540000   -0.31536154064432    0.27813575063940  
  0.550000   -0.32202171207067    0.28278796624807  
  0.560000   -0.32867455399924    0.28737712912487  
  0.570000   -0.33531500961628    0.29190238066449  
  0.580000   -0.34193807598150    0.29636306548845  
  0.590000   -0.34853880835695    0.30075872564097  
  0.600000   -0.35511232443017    0.30508909322974  
  0.610000   -0.36165380843002    0.30935408159907  
  0.620000   -0.36815851513384    0.31355377513452  
  0.630000   -0.37462177376444    0.31768841780950  
  0.640000   -0.38103899177553    0.32175840059365  
  0.650000   -0.38740565852390    0.32576424785199  
  0.660000   -0.39371734882696    0.32970660287121  
  0.670000   -0.39996972640381    0.33358621265553  
  0.680000   -0.40615854719824    0.33740391213973  
  0.690000   -0.41227966258173    0.34116060797047  
  0.700000   -0.41832902243456    0.34485726200900  
  0.710000   -0.42430267810294    0.34849487470948  
  0.720000   -0.43019678523020    0.35207446852644  
  0.730000   -0.43600760645961    0.35559707150277  
  0.740000   -0.44173151400669    0.35906370118677  
  0.750000   -0.44736499209858    0.36247534902181  
  0.760000   -0.45290463927808    0.36583296534676  
  0.770000   -0.45834717056983    0.36913744513780  
  0.780000   -0.46368941950620    0.37238961461480  
  0.790000   -0.46892834001039    0.37559021882568  
  0.800000   -0.47406100813421    0.37873991031255  
  0.810000   -0.47908462364816    0.38183923895222  
  0.820000   -0.48399651148140    0.38488864305226  
  0.830000   -0.48879412300939    0.38788844177129  
  0.840000   -0.49347503718700    0.39083882891957  
  0.850000   -0.49803696152507    0.39373986818275  
  0.860000   -0.50247773290867    0.39659148979810  
  0.870000   -0.50679531825535    0.39939348869921  
  0.880000   -0.51098781501207    0.40214552413127  
  0.890000   -0.51505345148960    0.40484712072578  
  0.900000   -0.51899058703356    0.40749767101023  
  0.910000   -0.52279771203163    0.41009643931524  
  0.920000   -0.52647344775657    0.41264256702950  
  0.930000   -0.53001654604536    0.41513507914069  
  0.940000   -0.53342588881479    0.41757289198954  
  0.950000   -0.53670048741453    0.41995482215362  
  0.960000   -0.53983948181891    0.42227959636818  
  0.970000   -0.54284213965908    0.42454586238231  
  0.980000   -0.54570785509767    0.42675220064139  
  0.990000   -0.54843614754858    0.42889713668024  
  1.000000   -0.55102666024469    0.43097915410581  
  1.010000   -0.55347915865700    0.43299670804409  
  1.020000   -0.55579352876897    0.43494823892291  
  1.030000   -0.55796977521013    0.43683218646036  
  1.040000   -0.56000801925387    0.43864700372787  
  1.050000   -0.56190849668399    0.44039117115788  
  1.060000   -0.56367155553571    0.44206321036723  
  1.070000   -0.56529765371666    0.44366169767107  
  1.080000   -0.56678735651390    0.44518527716536  
  1.090000   -0.56814133399333    0.44663267326195  
  1.100000   -0.56936035829805    0.44800270256578  
  1.110000   -0.57044530085256    0.44929428499126  
  1.120000   -0.57139712947971    0.45050645402273  
  1.130000   -0.57221690543785    0.45163836603286  
  1.140000   -0.57290578038533    0.45268930858217  
  1.150000   -0.57346499327991    0.45365870763317  
  1.160000   -0.57389586722073    0.45454613362337  
  1.170000   -0.57419980624017    0.45535130635208  
  1.180000   -0.57437829205342    0.45607409864793  
  1.190000   -0.57443288077322    0.45671453879495  
  1.200000   -0.57436519959713    0.45727281170731  
  1.210000   -0.57417694347483    0.45774925885410  
  1.220000   -0.57386987176253    0.45814437694704  
  1.230000   -0.57344580487169    0.45845881541570  
  1.240000   -0.57290662091860    0.45869337270515  
  1.250000   -0.57225425238168    0.45884899144188  
  1.260000   -0.57149068277263    0.45892675252379  
  1.270000   -0.57061794332757    0.45892786819900  
  1.280000   -0.56963810972373    0.45885367420738  
  1.290000   -0.56855329882729    0.45870562106619  
  1.300000   -0.56736566547718    0.45848526458838  
  1.310000   -0.56607739930970    0.45819425572806  
  1.320000   -0.56469072162812    0.45783432985312  
  1.330000   -0.56320788232127    0.45740729554870  
  1.340000   -0.56163115683459    0.45691502305865  
  1.350000   -0.55996284319694    0.45635943247416  
  1.360000   -0.55820525910570    0.45574248177966  
  1.370000   -0.55636073907280    0.45506615486617  
  1.380000   -0.55443163163364    0.45433244962123  
  1.390000   -0.55242029662046    0.45354336620240  
  1.400000   -0.55032910250173    0.45270089559826  
  1.410000   -0.54816042378831    0.45180700857688  
  1.420000   -0.54591663850732    0.45086364511661  
  1.430000   -0.54360012574403    0.44987270440858  
  1.440000   -0.54121326325193    0.44883603551328  
  1.450000   -0.53875842513091    0.44775542874677  
  1.460000   -0.53623797957336    0.44663260786377  
  1.470000   -0.53365428667758    0.44546922309648  
  1.480000   -0.53100969632800    0.44426684509927  
  1.490000   -0.52830654614135    0.44302695983954  
  1.500000   -0.52554715947805    0.44175096446596  
  1.510000   -0.52273384351783    0.44044016417493  
  1.520000   -0.51986888739861    0.43909577008677  
  1.530000   -0.51695456041774    0.43771889813258  
  1.540000   -0.51399311029451    0.43631056894339  
  1.550000   -0.51098676149317    0.43487170872341  
  1.560000   -0.50793771360540    0.43340315107961  
  1.570000   -0.50484813979166    0.43190563977130  
  1.580000   -0.50172018528048    0.43037983233442  
  1.590000   -0.49855596592535    0.42882630452749  
  1.600000   -0.49535756681863    0.42724555553870  
  1.610000   -0.49212704096227    0.42563801388685  
  1.620000   -0.48886640799505    0.42400404394279  
  1.630000   -0.48557765297665    0.42234395299303  
  1.640000   -0.48226272522836    0.42065799876233  
  1.650000   -0.47892353723112    0.41894639730906  
  1.660000   -0.47556196358116    0.41720933120406  
  1.670000   -0.47217984000411    0.41544695790214  
  1.680000   -0.46877896242819    0.41365941821446  
  1.690000   -0.46536108611765    0.41184684479020  
  1.700000   -0.46192792486742    0.41000937051680  
  1.710000   -0.45848115026023    0.40814713674987  
  1.720000   -0.45502239098748    0.40626030128678  
  1.730000   -0.45155323223521    0.40434904600129  
  1.740000   -0.44807521513668    0.40241358406103  
  1.750000   -0.44458983629288    0.40045416665460  
  1.760000   -0.44109854736257    0.39847108916107  
  1.770000   -0.43760275472316    0.39646469670051  
  1.780000   -0.43410381920389    0.39443538901180  
  1.790000   -0.43060305589258    0.39238362461059  
  1.800000   -0.42710173401720    0.39030992418884  
  1.810000   -0.42360107690323    0.38821487322473  
  1.820000   -0.42010226200779    0.38609912378072  
  1.830000   -0.41660642103135    0.38396339547565  
  1.840000   -0.41311464010724    0.38180847562542  
  1.850000   -0.40962796006956    0.37963521855545  
  1.860000   -0.40614737679928    0.37744454409642  
  1.870000   -0.40267384164834    0.37523743528321  
  1.880000   -0.39920826194114    0.37301493528477  
  1.890000   -0.39575150155260    0.37077814360046  
  1.900000   -0.39230438156138    0.36852821156568  
  1.910000   -0.38886768097702    0.36626633721605  
  1.920000   -0.38544213753870    0.36399375956615  
  1.930000   -0.38202844858365    0.36171175236391  
  1.940000   -0.37862727198242    0.35942161738695  
  1.950000   -0.37523922713810    0.35712467735148  
  1.960000   -0.37186489604607    0.35482226850775  
  1.970000   -0.36850482441071    0.35251573299880  
  1.980000   -0.36515952281496    0.35020641106125  
  1.990000   -0.36182946793845    0.34789563314818  
  2.000000   -0.35851510381959    0.34558471205411  
  2.010000   -0.35521684315664    0.34327493512220  
  2.020000   -0.35193506864266    0.34096755661189  
  2.030000   -0.34867013432902    0.33866379030381  
  2.040000   -0.34542236701168    0.33636480241553  
  2.050000   -0.34219206763479    0.33407170489843  
  2.060000   -0.33897951270542    0.33178554918190  
  2.070000   -0.33578495571373    0.32950732042587  
  2.080000   -0.33260862855236    0.32723793233790  
  2.090000   -0.32945074292911    0.32497822260437  
  2.100000   -0.32631149176683    0.32272894897973  
  2.110000   -0.32319105058460    0.32049078607035  
  2.120000   -0.32008957885430    0.31826432284271  
  2.130000   -0.31700722132691    0.31605006087837  
  2.140000   -0.31394410932303    0.31384841339036  
  2.150000   -0.31090036198217    0.31165970500833  
  2.160000   -0.30787608746601    0.30948417233177  
  2.170000   -0.30487138411068    0.30732196524337  
  2.180000   -0.30188634152372    0.30517314896669  
  2.190000   -0.29892104162172    0.30303770684555  
  2.200000   -0.29597555960490    0.30091554381491  
  2.210000   -0.29304996486548    0.29880649052685  
  2.220000   -0.29014432182696    0.29671030808871  
  2.230000   -0.28725869071213    0.29462669336470  
  2.240000   -0.28439312823782    0.29255528478697  
  2.250000   -0.28154768823512    0.29049566861746  
  2.260000   -0.27872242219433    0.28844738559764  
  2.270000   -0.27591737973412    0.28640993791987  
  2.280000   -0.27313260899529    0.28438279645120  
  2.290000   -0.27036815695971    0.28236540813845  
  2.300000   -0.26762406969574    0.28035720352195  
  2.310000   -0.26490039253180    0.27835760428472  
  2.320000   -0.26219717016024    0.27636603076401  
  2.330000   -0.25951444667428    0.27438190935263  
  2.340000   -0.25685226554106    0.27240467971954  
  2.350000   -0.25421066951420    0.27043380178087  
  2.360000   -0.25158970049004    0.26846876235573  
  2.370000   -0.24898939931152    0.26650908144458  
  2.380000   -0.24640980552452    0.26455431807206  
  2.390000   -0.24385095709136    0.26260407564077  
  2.400000   -0.24131289006665    0.26065800674788  
  2.410000   -0.23879563824079    0.25871581742170  
  2.420000   -0.23629923275651    0.25677727074177  
  2.430000   -0.23382370170416    0.25484218981195  
  2.440000   -0.23136906970130    0.25291046006287  
  2.450000   -0.22893535746226    0.25098203086682  
  2.460000   -0.22652258136338    0.24905691645496  
  2.470000   -0.22413075300948    0.24713519613392  
  2.480000   -0.22175987880694    0.24521701380554  
  2.490000   -0.21940995954888    0.24330257680072  
  2.500000   -0.21708099001735    0.24139215404475  
  2.510000   -0.21477295860747    0.23948607357828  
  2.520000   -0.21248584697820    0.23758471946414  
  2.530000   -0.21021962973377    0.23568852811621  
  2.540000   -0.20797427413996    0.23379798409205  
  2.550000   -0.20574973987855    0.23191361539604  
  2.560000   -0.20354597884319    0.23003598834424  
  2.570000   -0.20136293497929    0.22816570204645  
  2.580000   -0.19920054417034    0.22630338256415  
  2.590000   -0.19705873417228    0.22444967680588  
  2.600000   -0.19493742459725    0.22260524622404  
  2.610000   -0.19283652694773    0.22077076037833  
  2.620000   -0.19075594470106    0.21894689043225  
  2.630000   -0.18869557344459    0.21713430264902  
  2.640000   -0.18665530106051    0.21533365195310  
  2.650000   -0.18463500795941    0.21354557562236  
  2.660000   -0.18263456736104    0.21177068717391  
  2.670000   -0.18065384562010    0.21000957050478  
  2.680000   -0.17869270259486    0.20826277434518  
  2.690000   -0.17675099205566    0.20653080707889  
  2.700000   -0.17482856213012    0.20481413198119  
  2.710000   -0.17292525578163    0.20311316292012  
  2.720000   -0.17104091131714    0.20142826056214  
  2.730000   -0.16917536292044    0.19975972911776  
  2.740000   -0.16732844120631    0.19810781365704  
  2.750000   -0.16549997379132    0.19647269801917  
  2.760000   -0.16368978587646    0.19485450333386  
  2.770000   -0.16189770083699    0.19325328716638  
  2.780000   -0.16012354081472    0.19166904329140  
  2.790000   -0.15836712730777    0.19010170209473  
  2.800000   -0.15662828175324    0.18855113159539  
  2.810000   -0.15490682609803    0.18701713907468  
  2.820000   -0.15320258335316    0.18549947329233  
  2.830000   -0.15151537812727    0.18399782726464  
  2.840000   -0.14984503713504    0.18251184157336  
  2.850000   -0.14819138967662    0.18104110816945  
  2.860000   -0.14655426808423    0.17958517463064  
  2.870000   -0.14493350813268    0.17814354882767  
  2.880000   -0.14332894941062    0.17671570395009  
  2.890000   -0.14174043564991    0.17530108383909  
  2.900000   -0.14016781501072    0.17389910857221  
  2.910000   -0.13861094032052    0.17250918024234  
  2.920000   -0.13706966926534    0.17113068887194  
  2.930000   -0.13554386453237    0.16976301840230  
  2.940000   -0.13403339390323    0.16840555269718  
  2.950000   -0.13253813029765    0.16705768150047  
  2.960000   -0.13105795176797    0.16571880628826  
  2.970000   -0.12959274144500    0.16438834595694  
  2.980000   -0.12814238743658    0.16306574229125  
  2.990000   -0.12670678268010    0.16175046515837  
  3.000000   -0.12528582475130    0.16044201737743  
  3.010000   -0.12387941563131    0.15913993921720  
  3.020000   -0.12248746143498    0.15784381247889  
  3.030000   -0.12110987210326    0.15655326412529  
  3.040000   -0.11974656106312    0.15526796942215  
  3.050000   -0.11839744485860    0.15398765456321  
  3.060000   -0.11706244275678    0.15271209875508  
  3.070000   -0.11574147633284    0.15144113574426  
  3.080000   -0.11443446903826    0.15017465477400  
  3.090000   -0.11314134575666    0.14891260096459  
  3.100000   -0.11186203235165    0.14765497511669  
  3.110000   -0.11059645521115    0.14640183294281  
  3.120000   -0.10934454079258    0.14515328373812  
  3.130000   -0.10810621517357    0.14390948850729  
  3.140000   -0.10688140361229    0.14267065756919  
  3.150000   -0.10567003012175    0.14143704766700  
  3.160000   -0.10447201706222    0.14020895861553  
  3.170000   -0.10328728475550    0.13898672952258  
  3.180000   -0.10211575112474    0.13777073462488  
  3.190000   -0.10095733136327    0.13656137878314  
  3.200000   -0.09981193763546    0.13535909268387  
  3.210000   -0.09867947881234    0.13416432779813  
  3.220000   -0.09755986024454    0.13297755115014  
  3.230000   -0.09645298357447    0.13179923994959  
  3.240000   -0.09535874658956    0.13062987614329  
  3.250000   -0.09427704311768    0.12946994094189  
  3.260000   -0.09320776296575    0.12831990937761  
  3.270000   -0.09215079190191    0.12718024494820  
  3.280000   -0.09110601168144    0.12605139440130  
  3.290000   -0.09007330011578    0.12493378271166  
  3.300000   -0.08905253118422    0.12382780830137  
  3.310000   -0.08804357518678    0.12273383855074  
  3.320000   -0.08704629893695    0.12165220564418  
  3.330000   -0.08606056599214    0.12058320279174  
  3.340000   -0.08508623691976    0.11952708086311  
  3.350000   -0.08412316959612    0.11848404546661  
  3.360000   -0.08317121953542    0.11745425450061  
  3.370000   -0.08223024024548    0.11643781620046  
  3.380000   -0.08130008360686    0.11543478769850  
  3.390000   -0.08038060027173    0.11444517410951  
  3.400000   -0.07947164007864    0.11346892814863  
  3.410000   -0.07857305247928    0.11250595028334  
  3.420000   -0.07768468697310    0.11155608941563  
  3.430000   -0.07680639354580    0.11061914408507  
  3.440000   -0.07593802310749    0.10969486417843  
  3.450000   -0.07507942792629    0.10878295312615  
  3.460000   -0.07423046205360    0.10788307056142  
  3.470000   -0.07339098173677    0.10699483541274  
  3.480000   -0.07256084581552    0.10611782939674  
  3.490000   -0.07173991609840    0.10525160087413  
  3.500000   -0.07092805771580    0.10439566902792  
  3.510000   -0.07012513944631    0.10354952832033  
  3.520000   -0.06933103401350    0.10271265318165  
  3.530000   -0.06854561835030    0.10188450288273  
  3.540000   -0.06776877382883    0.10106452654059  
  3.550000   -0.06700038645350    0.10025216820594  
  3.560000   -0.06624034701575    0.09944687198044  
  3.570000   -0.06548855120916    0.09864808711170  
  3.580000   -0.06474489970397    0.09785527301431  
  3.590000   -0.06400929818053    0.09706790416622  
  3.600000   -0.06328165732148    0.09628547483129  
  3.610000   -0.06256189276294    0.09550750356066  
  3.620000   -0.06184992500536    0.09473353742829  
  3.630000   -0.06114567928503    0.09396315595866  
  3.640000   -0.06044908540764    0.09319597470802  
  3.650000   -0.05976007754567    0.09243164846425  
  3.660000   -0.05907859400165    0.09166987403451  
  3.670000   -0.05840457693967    0.09091039259387  
  3.680000   -0.05773797208795    0.09015299157317  
  3.690000   -0.05707872841530    0.08939750606856  
  3.700000   -0.05642679778471    0.08864381976065  
  3.710000   -0.05578213458751    0.08789186533578  
  3.720000   -0.05514469536167    0.08714162440738  
  3.730000   -0.05451443839791    0.08639312694021  
  3.740000   -0.05389132333746    0.08564645018544  
  3.750000   -0.05327531076548    0.08490171713949  
  3.760000   -0.05266636180379    0.08415909454436  
  3.770000   -0.05206443770712    0.08341879045161  
  3.780000   -0.05146949946655    0.08268105137671  
  3.790000   -0.05088150742397    0.08194615907452  
  3.800000   -0.05030042090128    0.08121442697018  
  3.810000   -0.04972619784776    0.08048619628344  
  3.820000   -0.04915879450900    0.07976183188701  
  3.830000   -0.04859816512050    0.07904171794252  
  3.840000   -0.04804426162870    0.07832625335932  
  3.850000   -0.04749703344226    0.07761584712341  
  3.860000   -0.04695642721557    0.07691091354454  
  3.870000   -0.04642238666681    0.07621186747058  
  3.880000   -0.04589485243192    0.07551911951805  
  3.890000   -0.04537376195590    0.07483307136761  
  3.900000   -0.04485904942240    0.07415411117227  
  3.910000   -0.04435064572207    0.07348260912502  
  3.920000   -0.04384847845988    0.07281891323042  
  3.930000   -0.04335247200128    0.07216334532291  
  3.940000   -0.04286254755653    0.07151619737137  
  3.950000   -0.04237862330231    0.07087772810702  
  3.960000   -0.04190061453944    0.07024816000781  
  3.970000   -0.04142843388480    0.06962767666897  
  3.980000   -0.04096199149575    0.06901642058523  
  3.990000   -0.04050119532468    0.06841449136606  
  4.000000   -0.04004595140110    0.06782194440063  
  4.010000   -0.03959616413850    0.06723878998463  
  4.020000   -0.03915173666290    0.06666499291629  
  4.030000   -0.03871257115988    0.06610047256431  
  4.040000   -0.03827856923658    0.06554510340518  
  4.050000   -0.03784963229523    0.06499871602302  
  4.060000   -0.03742566191440    0.06446109856015  
  4.070000   -0.03700656023432    0.06393199860199  
  4.080000   -0.03659223034250    0.06341112547567  
  4.090000   -0.03618257665581    0.06289815293741  
  4.100000   -0.03577750529537    0.06239272222000  
  4.110000   -0.03537692445057    0.06189444540795  
  4.120000   -0.03498074472863    0.06140290910469  
  4.130000   -0.03458887948633    0.06091767835350  
  4.140000   -0.03420124514080    0.06043830077100  
  4.150000   -0.03381776145604    0.05996431085048  
  4.160000   -0.03343835180284    0.05949523439015  
  4.170000   -0.03306294338910    0.05903059300088  
  4.180000   -0.03269146745872    0.05856990864676  
  4.190000   -0.03232385945684    0.05811270817201  
  4.200000   -0.03196005916007    0.05765852776786  
  4.210000   -0.03160001077018    0.05720691733373  
  4.220000   -0.03124366297062    0.05675744468843  
  4.230000   -0.03089096894509    0.05630969958858  
  4.240000   -0.03054188635814    0.05586329751367  
  4.250000   -0.03019637729786    0.05541788317949  
  4.260000   -0.02985440818124    0.05497313374490  
  4.270000   -0.02951594962323    0.05452876167964  
  4.280000   -0.02918097627045    0.05408451726497  
  4.290000   -0.02884946660153    0.05364019070234  
  4.300000   -0.02852140269562    0.05319561380949  
  4.310000   -0.02819676997160    0.05275066128786  
  4.320000   -0.02787555690019    0.05230525154929  
  4.330000   -0.02755775469197    0.05185934709467  
  4.340000   -0.02724335696415    0.05141295444197  
  4.350000   -0.02693235938928    0.05096612360533  
  4.360000   -0.02662475932929    0.05051894713181  
  4.370000   -0.02632055545835    0.05007155870677  
  4.380000   -0.02601974737812    0.04962413134314  
  4.390000   -0.02572233522911    0.04917687517430  
  4.400000   -0.02542831930173    0.04873003487401  
  4.410000   -0.02513769965094    0.04828388673092  
  4.420000   -0.02485047571791    0.04783873540823  
  4.430000   -0.02456664596256    0.04739491042263  
  4.440000   -0.02428620751013    0.04695276237923  
  4.450000   -0.02400915581554    0.04651265900160  
  4.460000   -0.02373548434830    0.04607498099810  
  4.470000   -0.02346518430127    0.04564011780724  
  4.480000   -0.02319824432585    0.04520846326598  
  4.490000   -0.02293465029606    0.04478041124544  
  4.500000   -0.02267438510388    0.04435635129896  
  4.510000   -0.02241742848759    0.04393666436704  
  4.520000   -0.02216375689479    0.04352171858290  
  4.530000   -0.02191334338128    0.04311186522179  
  4.540000   -0.02166615754686    0.04270743483479  
  4.550000   -0.02142216550833    0.04230873360684  
  4.560000   -0.02118132991017    0.04191603997535  
  4.570000   -0.02094360997256    0.04152960154398  
  4.580000   -0.02070896157622    0.04114963232221  
  4.590000   -0.02047733738327    0.04077631031859  
  4.600000   -0.02024868699272    0.04040977551154  
  4.610000   -0.02002295712925    0.04005012821761  
  4.620000   -0.01980009186314    0.03969742787340  
  4.630000   -0.01958003285940    0.03935169224250  
  4.640000   -0.01936271965341    0.03901289705498  
  4.650000   -0.01914808995058    0.03868097608209  
  4.660000   -0.01893607994683    0.03835582164475  
  4.670000   -0.01872662466695    0.03803728554955  
  4.680000   -0.01851965831741    0.03772518044203  
  4.690000   -0.01831511465016    0.03741928156250  
  4.700000   -0.01811292733385    0.03711932888558  
  4.710000   -0.01791303032888    0.03682502962086  
  4.720000   -0.01771535826254    0.03653606104836  
  4.730000   -0.01751984680060    0.03625207365898  
  4.740000   -0.01732643301167    0.03597269456731  
  4.750000   -0.01713505572083    0.03569753116114  
  4.760000   -0.01694565584897    0.03542617494984  
  4.770000   -0.01675817673452    0.03515820557178  
  4.780000   -0.01657256443454    0.03489319491932  
  4.790000   -0.01638876800199    0.03463071133873  
  4.800000   -0.01620673973663    0.03437032386195  
  4.810000   -0.01602643540697    0.03411160642647  
  4.820000   -0.01584781444109    0.03385414204001  
  4.830000   -0.01567084008447    0.03359752684742  
  4.840000   -0.01549547952322    0.03334137405793  
  4.850000   -0.01532170397140    0.03308531769272  
  4.860000   -0.01514948872171    0.03282901611441  
  4.870000   -0.01497881315873    0.03257215530266  
  4.880000   -0.01480966073483    0.03231445184230  
  4.890000   -0.01464201890872    0.03205565559375  
  4.900000   -0.01447587904717    0.03179555201869  
  4.910000   -0.01431123629103    0.03153396413742  
  4.920000   -0.01414808938645    0.03127075409814  
  4.930000   -0.01398644048318    0.03100582434261  
  4.940000   -0.01382629490169    0.03073911835646  
  4.950000   -0.01366766087135    0.03047062099703  
  4.960000   -0.01351054924218    0.03020035839559  
  4.970000   -0.01335497317288    0.02992839743558  
  4.980000   -0.01320094779814    0.02965484481247  
  4.990000   -0.01304848987844    0.02937984568527  
  5.000000   -0.01289761743561    0.02910358193407  
  5.010000   -0.01274834937779    0.02882627004166  
  5.020000   -0.01260070511718    0.02854815862136  
  5.030000   -0.01245470418455    0.02826952561685  
  5.040000   -0.01231036584395    0.02799067520281  
  5.050000   -0.01216770871148    0.02771193441868  
  5.060000   -0.01202675038188    0.02743364957007  
  5.070000   -0.01188750706632    0.02715618243512  
  5.080000   -0.01174999324518    0.02687990631492  
  5.090000   -0.01161422133901    0.02660520196850  
  5.100000   -0.01148020140097    0.02633245347438  
  5.110000   -0.01134794083367    0.02606204406127  
  5.120000   -0.01121744413335    0.02579435195059  
  5.130000   -0.01108871266366    0.02552974625371  
  5.140000   -0.01096174446160    0.02526858296599  
  5.150000   -0.01083653407724    0.02501120109868  
  5.160000   -0.01071307244905    0.02475791898847  
  5.170000   -0.01059134681598    0.02450903082250  
  5.180000   -0.01047134066731    0.02426480341450  
  5.190000   -0.01035303373072    0.02402547326508  
  5.200000   -0.01023640199886    0.02379124393638  
  5.210000   -0.01012141779418    0.02356228376790  
  5.220000   -0.01000804987148    0.02333872395711  
  5.230000   -0.00989626355735    0.02312065702422  
  5.240000   -0.00978602092499    0.02290813567725  
  5.250000   -0.00967728100317    0.02270117208867  
  5.260000   -0.00957000001696    0.02249973759126  
  5.270000   -0.00946413165833    0.02230376279637  
  5.280000   -0.00935962738382    0.02211313813316  
  5.290000   -0.00925643673664    0.02192771480361  
  5.300000   -0.00915450768994    0.02174730614340  
  5.310000   -0.00905378700823    0.02157168937478  
  5.320000   -0.00895422062323    0.02140060773355  
  5.330000   -0.00885575402076    0.02123377294842  
  5.340000   -0.00875833263481    0.02107086804735  
  5.350000   -0.00866190224508    0.02091155046223  
  5.360000   -0.00856640937406    0.02075545540006  
  5.370000   -0.00847180167988    0.02060219944628  
  5.380000   -0.00837802834106    0.02045138436317  
  5.390000   -0.00828504042947    0.02030260104454  
  5.400000   -0.00819279126769    0.02015543358627  
  5.410000   -0.00810123676745    0.02000946343082  
  5.420000   -0.00801033574570    0.01986427354330  
  5.430000   -0.00792005021516    0.01971945257632  
  5.440000   -0.00783034564648    0.01957459898079  
  5.450000   -0.00774119119939    0.01942932502041  
  5.460000   -0.00765255992034    0.01928326064870  
  5.470000   -0.00756442890486    0.01913605720860  
  5.480000   -0.00747677942261    0.01898739091645  
  5.490000   -0.00738959700399    0.01883696609462  
  5.500000   -0.00730287148724    0.01868451811904  
  5.510000   -0.00721659702533    0.01852981605154  
  5.520000   -0.00713077205256    0.01837266492916  
  5.530000   -0.00704539921085    0.01821290768702  
  5.540000   -0.00696048523634    0.01805042669430  
  5.550000   -0.00687604080716    0.01788514488714  
  5.560000   -0.00679208035376    0.01771702648651  
  5.570000   -0.00670862183322    0.01754607729286  
  5.580000   -0.00662568646984    0.01737234455418  
  5.590000   -0.00654329846403    0.01719591640801  
  5.600000   -0.00646148467235    0.01701692090262  
  5.610000   -0.00638027426156    0.01683552460670  
  5.620000   -0.00629969833977    0.01665193082098  
  5.630000   -0.00621978956828    0.01646637740973  
  5.640000   -0.00614058175752    0.01627913427337  
  5.650000   -0.00606210945107    0.01609050048768  
  5.660000   -0.00598440750144    0.01590080113809  
  5.670000   -0.00590751064185    0.01571038388096  
  5.680000   -0.00583145305787    0.01551961526649  
  5.690000   -0.00575626796310    0.01532887686041  
  5.700000   -0.00568198718295    0.01513856120353  
  5.710000   -0.00560864075044    0.01494906765041  
  5.720000   -0.00553625651803    0.01476079812910  
  5.730000   -0.00546485978916    0.01457415286528  
  5.740000   -0.00539447297311    0.01438952611438  
  5.750000   -0.00532511526670    0.01420730194519  
  5.760000   -0.00525680236582    0.01402785011823  
  5.770000   -0.00518954620973    0.01385152210103  
  5.780000   -0.00512335476088    0.01367864726157  
  5.790000   -0.00505823182230    0.01350952927878  
  5.800000   -0.00499417689466    0.01334444280770  
  5.810000   -0.00493118507448    0.01318363043359  
  5.820000   -0.00486924699480    0.01302729994708  
  5.830000   -0.00480834880893    0.01287562196889  
  5.840000   -0.00474847221783    0.01272872794937  
  5.850000   -0.00468959454111    0.01258670856420  
  5.860000   -0.00463168883109    0.01244961252399  
  5.870000   -0.00457472402930    0.01231744581090  
  5.880000   -0.00451866516400    0.01219017135153  
  5.890000   -0.00446347358725    0.01206770913079  
  5.900000   -0.00440910724950    0.01194993674694  
  5.910000   -0.00435552100925    0.01183669040374  
  5.920000   -0.00430266697530    0.01172776633103  
  5.930000   -0.00425049487830    0.01162292262091  
  5.940000   -0.00419895246853    0.01152188146228  
  5.950000   -0.00414798593627    0.01142433175260  
  5.960000   -0.00409754035085    0.01132993206176  
  5.970000   -0.00404756011461    0.01123831391939  
  5.980000   -0.00399798942742    0.01114908539364  
  5.990000   -0.00394877275761    0.01106183492628  
  6.000000   -0.00389985531485    0.01097613538644  
  6.010000   -0.00385118352070    0.01089154830303  
  6.020000   -0.00380270547235    0.01080762823371  
  6.030000   -0.00375437139513    0.01072392722700  
  6.040000   -0.00370613407965    0.01063999933301  
  6.050000   -0.00365794929923    0.01055540511761  
  6.060000   -0.00360977620376    0.01046971613443  
  6.070000   -0.00356157768601    0.01038251930994  
  6.080000   -0.00351332071692    0.01029342119682  
  6.090000   -0.00346497664646    0.01020205205251  
  6.100000   -0.00341652146708    0.01010806970134  
  6.110000   -0.00336793603699    0.01001116314030  
  6.120000   -0.00331920626092    0.00991105585143  
  6.130000   -0.00327032322643    0.00980750878605  
  6.140000   -0.00322128329406    0.00970032298967  
  6.150000   -0.00317208814022    0.00958934183946  
  6.160000   -0.00312274475210    0.00947445287013  
  6.170000   -0.00307326537412    0.00935558916794  
  6.180000   -0.00302366740619    0.00923273031683  
  6.190000   -0.00297397325419    0.00910590288488  
  6.200000   -0.00292421013378    0.00897518044400  
  6.210000   -0.00287440982883    0.00884068312010  
  6.220000   -0.00282460840636    0.00870257667581  
  6.230000   -0.00277484589022    0.00856107113223  
  6.240000   -0.00272516589611    0.00841641894092  
  6.250000   -0.00267561523087    0.00826891272162  
  6.260000   -0.00262624345948    0.00811888258578  
  6.270000   -0.00257710244326    0.00796669306966  
  6.280000   -0.00252824585324    0.00781273970530  
  6.290000   -0.00247972866291    0.00765744526064  
  6.300000   -0.00243160662449    0.00750125568405  
  6.310000   -0.00238393573359    0.00734463579099  
  6.320000   -0.00233677168657    0.00718806473367  
  6.330000   -0.00229016933562    0.00703203129652  
  6.340000   -0.00224418214618    0.00687702906230  
  6.350000   -0.00219886166161    0.00672355149501  
  6.360000   -0.00215425697980    0.00657208698693  
  6.370000   -0.00211041424648    0.00642311391733  
  6.380000   -0.00206737616969    0.00627709577083  
  6.390000   -0.00202518155977    0.00613447636248  
  6.400000   -0.00198386489917    0.00599567521628  
  6.410000   -0.00194345594565    0.00586108314183  
  6.420000   -0.00190397937276    0.00573105805246  
  6.430000   -0.00186545445035    0.00560592106520  
  6.440000   -0.00182789476801    0.00548595292048  
  6.450000   -0.00179130800341    0.00537139075536  
  6.460000   -0.00175569573696    0.00526242526029  
  6.470000   -0.00172105331321    0.00515919824412  
  6.480000   -0.00168736974872    0.00506180062628  
  6.490000   -0.00165462768452    0.00497027086843  
  6.500000   -0.00162280338000    0.00488459384935  
  6.510000   -0.00159186674317    0.00480470017762  
  6.520000   -0.00156178138983    0.00473046592514  
  6.530000   -0.00153250472191    0.00466171275130  
  6.540000   -0.00150398801176    0.00459820837197  
  6.550000   -0.00147617647618    0.00453966731009  
  6.560000   -0.00144900932004    0.00448575184457  
  6.570000   -0.00142241972613    0.00443607305360  
  6.580000   -0.00139633476482    0.00439019182746  
  6.590000   -0.00137067519513    0.00434761970755  
  6.600000   -0.00134535512943    0.00430781939575  
  6.610000   -0.00132028153703    0.00427020477588  
  6.620000   -0.00129535357007    0.00423414030362  
  6.630000   -0.00127046170872    0.00419893965955  
  6.640000   -0.00124548674377    0.00416386363043  
  6.650000   -0.00122029864427    0.00412811729393  
  6.660000   -0.00119475539605    0.00409084673921  
  6.670000   -0.00116870194396    0.00405113576145  
  6.680000   -0.00114196942406    0.00400800322145  
  6.690000   -0.00111437492871    0.00396040204982  
  6.700000   -0.00108572210104    0.00390722117734  
  6.710000   -0.00105580289907    0.00384729195533  
  6.720000   -0.00102440089189    0.00377940084467  
  6.730000   -0.00099129644209    0.00370231024271  
  6.740000   -0.00095627407629    0.00361478921893  
  6.750000   -0.00091913224104    0.00351565558008  
  6.760000   -0.00087969547629    0.00340383003145  
  6.770000   -0.00083782881421    0.00327840221535  
  6.780000   -0.00079345393171    0.00313870709940  
  6.790000   -0.00074656626945    0.00298440861441  
  6.800000   -0.00069725200318    0.00281558571837  
  6.810000   -0.00064570345152    0.00263281436246  
  6.820000   -0.00059223127121    0.00243723737802  
  6.830000   -0.00053727167189    0.00223061334196  
  6.840000   -0.00048138692120    0.00201533526470  
  6.850000   -0.00042525764119    0.00179441069598  
  6.860000   -0.00036966583502    0.00157139669675  
  6.870000   -0.00031546822275    0.00135028610109  
  6.880000   -0.00026356027345    0.00113534546490  
  6.890000   -0.00021483223624    0.00093090978295  
  6.900000   -0.00017011940911    0.00074114401929  
  6.910000   -0.00013014973880    0.00056978619132  
  6.920000   -0.00009549250659    0.00041989057296  
  6.930000   -0.00006651222437    0.00029359196054  
  6.940000   -0.00004333186243    0.00019191240591  
  6.950000   -0.00002580911427    0.00011463008531  
  6.960000   -0.00001352857858    0.00006022601047  
  6.970000   -0.00000581155808    0.00002591835127  
  6.980000   -0.00000174374266    0.00000778675322  
  6.990000   -0.00000021949972    0.00000098094250  
  7.000000    0.00000000000000   -0.00000000000000  
