  0.000000    1.87776448351452  
  0.010000    1.87749490953072  
  0.020000    1.87668658139369  
  0.030000    1.87534067948961  
  0.040000    1.87345916760945  
  0.050000    1.87104478768312  
  0.060000    1.86810105243380  
  0.070000    1.86463223597877  
  0.080000    1.86064336241017  
  0.090000    1.85614019239684  
  0.100000    1.85112920785476  
  0.110000    1.84561759474102  
  0.120000    1.83961322403231  
  0.130000    1.83312463095575  
  0.140000    1.82616099254544  
  0.150000    1.81873210360424  
  0.160000    1.81084835115544  
  0.170000    1.80252068747420  
  0.180000    1.79376060179323  
  0.190000    1.78458009078138  
  0.200000    1.77499162789798  
  0.210000    1.76500813172894  
  0.220000    1.75464293341366  
  0.230000    1.74390974327467  
  0.240000    1.73282261676359  
  0.250000    1.72139591983899  
  0.260000    1.70964429389285  
  0.270000    1.69758262034288  
  0.280000    1.68522598500836  
  0.290000    1.67258964238692  
  0.300000    1.65968897994884  
  0.310000    1.64653948256455  
  0.320000    1.63315669717913  
  0.330000    1.61955619784575  
  0.340000    1.60575355122743  
  0.350000    1.59176428267369  
  0.360000    1.57760384297514  
  0.370000    1.56328757589569  
  0.380000    1.54883068657779  
  0.390000    1.53424821091173  
  0.400000    1.51955498595545  
  0.410000    1.50476562148612  
  0.420000    1.48989447275961  
  0.430000    1.47495561454831  
  0.440000    1.45996281652197  
  0.450000    1.44492952003050  
  0.460000    1.42986881634118  
  0.470000    1.41479342637678  
  0.480000    1.39971568199440  
  0.490000    1.38464750883874  
  0.500000    1.36960041079655  
  0.510000    1.35458545607291  
  0.520000    1.33961326490305  
  0.530000    1.32469399890715  
  0.540000    1.30983735208923  
  0.550000    1.29505254347435  
  0.560000    1.28034831137291  
  0.570000    1.26573290925392  
  0.580000    1.25121410320396  
  0.590000    1.23679917094203  
  0.600000    1.22249490235584  
  0.610000    1.20830760151906  
  0.620000    1.19424309014446  
  0.630000    1.18030671242315  
  0.640000    1.16650334119541  
  0.650000    1.15283738539485  
  0.660000    1.13931279870348  
  0.670000    1.12593308935214  
  0.680000    1.11270133099744  
  0.690000    1.09962017460365  
  0.700000    1.08669186125566  
  0.710000    1.07391823582707  
  0.720000    1.06130076142585  
  0.730000    1.04884053453880  
  0.740000    1.03653830079510  
  0.750000    1.02439447126865  
  0.760000    1.01240913923916  
  0.770000    1.00058209733152  
  0.780000    0.98891285495423  
  0.790000    0.97740065595815  
  0.800000    0.96604449643831  
  0.810000    0.95484314260300  
  0.820000    0.94379514863639  
  0.830000    0.93289887448297  
  0.840000    0.92215250348472  
  0.850000    0.91155405980453  
  0.860000    0.90110142557246  
  0.870000    0.89079235769463  
  0.880000    0.88062450426781  
  0.890000    0.87059542054651  
  0.900000    0.86070258441316  
  0.910000    0.85094341130553  
  0.920000    0.84131526855996  
  0.930000    0.83181548913285  
  0.940000    0.82244138466691  
  0.950000    0.81319025787313  
  0.960000    0.80405941420356  
  0.970000    0.79504617279408  
  0.980000    0.78614787666088  
  0.990000    0.77736190213818  
  1.000000    0.76868566754919  
  1.010000    0.76011664110605  
  1.020000    0.75165234803862  
  1.030000    0.74329037695578  
  1.040000    0.73502838544649  
  1.050000    0.72686410493143  
  1.060000    0.71879534477962  
  1.070000    0.71081999570714  
  1.080000    0.70293603247861  
  1.090000    0.69514151593439  
  1.100000    0.68743459436942  
  1.110000    0.67981350429177  
  1.120000    0.67227657059104  
  1.130000    0.66482220614891  
  1.140000    0.65744891092542  
  1.150000    0.65015527055633  
  1.160000    0.64293995449789  
  1.170000    0.63580171375612  
  1.180000    0.62873937823883  
  1.190000    0.62175185376862  
  1.200000    0.61483811879546  
  1.210000    0.60799722084760  
  1.220000    0.60122827275896  
  1.230000    0.59453044871117  
  1.240000    0.58790298012730  
  1.250000    0.58134515145374  
  1.260000    0.57485629586571  
  1.270000    0.56843579093046  
  1.280000    0.56208305426090  
  1.290000    0.55579753919112  
  1.300000    0.54957873050329  
  1.310000    0.54342614023387  
  1.320000    0.53733930358505  
  1.330000    0.53131777496564  
  1.340000    0.52536112418314  
  1.350000    0.51946893280714  
  1.360000    0.51364079072171  
  1.370000    0.50787629288231  
  1.380000    0.50217503629074  
  1.390000    0.49653661719932  
  1.400000    0.49096062855326  
  1.410000    0.48544665767822  
  1.420000    0.47999428421781  
  1.430000    0.47460307832370  
  1.440000    0.46927259909925  
  1.450000    0.46400239329519  
  1.460000    0.45879199425474  
  1.470000    0.45364092110294  
  1.480000    0.44854867817430  
  1.490000    0.44351475467044  
  1.500000    0.43853862453870  
  1.510000    0.43361974656094  
  1.520000    0.42875756464086  
  1.530000    0.42395150827705  
  1.540000    0.41920099320809  
  1.550000    0.41450542221519  
  1.560000    0.40986418606756  
  1.570000    0.40527666459466  
  1.580000    0.40074222786976  
  1.590000    0.39626023748848  
  1.600000    0.39183004792634  
  1.610000    0.38745100795904  
  1.620000    0.38312246212964  
  1.630000    0.37884375224685  
  1.640000    0.37461421889918  
  1.650000    0.37043320297030  
  1.660000    0.36630004714117  
  1.670000    0.36221409736564  
  1.680000    0.35817470430674  
  1.690000    0.35418122472165  
  1.700000    0.35023302278453  
  1.710000    0.34632947133702  
  1.720000    0.34246995305749  
  1.730000    0.33865386154093  
  1.740000    0.33488060228273  
  1.750000    0.33114959356031  
  1.760000    0.32746026720808  
  1.770000    0.32381206928189  
  1.780000    0.32020446061066  
  1.790000    0.31663691723344  
  1.800000    0.31310893072175  
  1.810000    0.30962000838767  
  1.820000    0.30616967337918  
  1.830000    0.30275746466556  
  1.840000    0.29938293691581  
  1.850000    0.29604566027483  
  1.860000    0.29274522004183  
  1.870000    0.28948121625713  
  1.880000    0.28625326320328  
  1.890000    0.28306098882767  
  1.900000    0.27990403409379  
  1.910000    0.27678205226892  
  1.920000    0.27369470815646  
  1.930000    0.27064167728105  
  1.940000    0.26762264503507  
  1.950000    0.26463730579505  
  1.960000    0.26168536201665  
  1.970000    0.25876652331664  
  1.980000    0.25588050555038  
  1.990000    0.25302702989293  
  2.000000    0.25020582193173  
  2.010000    0.24741661077848  
  2.020000    0.24465912820745  
  2.030000    0.24193310782691  
  2.040000    0.23923828429016  
  2.050000    0.23657439255172  
  2.060000    0.23394116717410  
  2.070000    0.23133834168968  
  2.080000    0.22876564802166  
  2.090000    0.22622281596762  
  2.100000    0.22370957274827  
  2.110000    0.22122564262357  
  2.120000    0.21877074657758  
  2.130000    0.21634460207289  
  2.140000    0.21394692287464  
  2.150000    0.21157741894384  
  2.160000    0.20923579639870  
  2.170000    0.20692175754234  
  2.180000    0.20463500095481  
  2.190000    0.20237522164638  
  2.200000    0.20014211126917  
  2.210000    0.19793535838329  
  2.220000    0.19575464877334  
  2.230000    0.19359966581116  
  2.240000    0.19147009085969  
  2.250000    0.18936560371332  
  2.260000    0.18728588306929  
  2.270000    0.18523060702495  
  2.280000    0.18319945359532  
  2.290000    0.18119210124556  
  2.300000    0.17920822943268  
  2.310000    0.17724751915120  
  2.320000    0.17530965347729  
  2.330000    0.17339431810616  
  2.340000    0.17150120187767  
  2.350000    0.16962999728535  
  2.360000    0.16778040096421  
  2.370000    0.16595211415315  
  2.380000    0.16414484312789  
  2.390000    0.16235829960102  
  2.400000    0.16059220108579  
  2.410000    0.15884627122092  
  2.420000    0.15712024005406  
  2.430000    0.15541384428183  
  2.440000    0.15372682744510  
  2.450000    0.15205894007820  
  2.460000    0.15040993981165  
  2.470000    0.14877959142806  
  2.480000    0.14716766687150  
  2.490000    0.14557394521103  
  2.500000    0.14399821255932  
  2.510000    0.14244026194802  
  2.520000    0.14089989316152  
  2.530000    0.13937691253134  
  2.540000    0.13787113269371  
  2.550000    0.13638237231296  
  2.560000    0.13491045577387  
  2.570000    0.13345521284619  
  2.580000    0.13201647832484  
  2.590000    0.13059409164932  
  2.600000    0.12918789650612  
  2.610000    0.12779774041791  
  2.620000    0.12642347432341  
  2.630000    0.12506495215181  
  2.640000    0.12372203039559  
  2.650000    0.12239456768555  
  2.660000    0.12108242437175  
  2.670000    0.11978546211396  
  2.680000    0.11850354348507  
  2.690000    0.11723653159073  
  2.700000    0.11598428970818  
  2.710000    0.11474668094719  
  2.720000    0.11352356793570  
  2.730000    0.11231481253231  
  2.740000    0.11112027556776  
  2.750000    0.10993981661711  
  2.760000    0.10877329380388  
  2.770000    0.10762056363742  
  2.780000    0.10648148088417  
  2.790000    0.10535589847317  
  2.800000    0.10424366743610  
  2.810000    0.10314463688154  
  2.820000    0.10205865400296  
  2.830000    0.10098556411962  
  2.840000    0.09992521074929  
  2.850000    0.09887743571143  
  2.860000    0.09784207925918  
  2.870000    0.09681898023834  
  2.880000    0.09580797627116  
  2.890000    0.09480890396283  
  2.900000    0.09382159912809  
  2.910000    0.09284589703548  
  2.920000    0.09188163266644  
  2.930000    0.09092864098658  
  2.940000    0.08998675722617  
  2.950000    0.08905581716705  
  2.960000    0.08813565743300  
  2.970000    0.08722611578073  
  2.980000    0.08632703138862  
  2.990000    0.08543824514055  
  3.000000    0.08455959990197  
  3.010000    0.08369094078583  
  3.020000    0.08283211540591  
  3.030000    0.08198297411515  
  3.040000    0.08114337022721  
  3.050000    0.08031316021897  
  3.060000    0.07949220391272  
  3.070000    0.07868036463619  
  3.080000    0.07787750935946  
  3.090000    0.07708350880764  
  3.100000    0.07629823754860  
  3.110000    0.07552157405520  
  3.120000    0.07475340074186  
  3.130000    0.07399360397534  
  3.140000    0.07324207406003  
  3.150000    0.07249870519823  
  3.160000    0.07176339542601  
  3.170000    0.07103604652571  
  3.180000    0.07031656391606  
  3.190000    0.06960485652128  
  3.200000    0.06890083662067  
  3.210000    0.06820441968031  
  3.220000    0.06751552416865  
  3.230000    0.06683407135791  
  3.240000    0.06615998511332  
  3.250000    0.06549319167228  
  3.260000    0.06483361941564  
  3.270000    0.06418119863328  
  3.280000    0.06353586128615  
  3.290000    0.06289754076721  
  3.300000    0.06226617166318  
  3.310000    0.06164168951952  
  3.320000    0.06102403061062  
  3.330000    0.06041313171718  
  3.340000    0.05980892991288  
  3.350000    0.05921136236191  
  3.360000    0.05862036612931  
  3.370000    0.05803587800534  
  3.380000    0.05745783434561  
  3.390000    0.05688617092786  
  3.400000    0.05632082282665  
  3.410000    0.05576172430671  
  3.420000    0.05520880873563  
  3.430000    0.05466200851634  
  3.440000    0.05412125503969  
  3.450000    0.05358647865725  
  3.460000    0.05305760867406  
  3.470000    0.05253457336117  
  3.480000    0.05201729998750  
  3.490000    0.05150571487020  
  3.500000    0.05099974344284  
  3.510000    0.05049931034032  
  3.520000    0.05000433949950  
  3.530000    0.04951475427408  
  3.540000    0.04903047756253  
  3.550000    0.04855143194746  
  3.560000    0.04807753984490  
  3.570000    0.04760872366169  
  3.580000    0.04714490595954  
  3.590000    0.04668600962363  
  3.600000    0.04623195803432  
  3.610000    0.04578267523988  
  3.620000    0.04533808612870  
  3.630000    0.04489811659903  
  3.640000    0.04446269372467  
  3.650000    0.04403174591495  
  3.660000    0.04360520306733  
  3.670000    0.04318299671121  
  3.680000    0.04276506014160  
  3.690000    0.04235132854127  
  3.700000    0.04194173909032  
  3.710000    0.04153623106212  
  3.720000    0.04113474590477  
  3.730000    0.04073722730734  
  3.740000    0.04034362125031  
  3.750000    0.03995387603982  
  3.760000    0.03956794232553  
  3.770000    0.03918577310184  
  3.780000    0.03880732369275  
  3.790000    0.03843255172038  
  3.800000    0.03806141705774  
  3.810000    0.03769388176604  
  3.820000    0.03732991001744  
  3.830000    0.03696946800387  
  3.840000    0.03661252383298  
  3.850000    0.03625904741209  
  3.860000    0.03590901032155  
  3.870000    0.03556238567840  
  3.880000    0.03521914799203  
  3.890000    0.03487927301285  
  3.900000    0.03454273757574  
  3.910000    0.03420951943946  
  3.920000    0.03387959712372  
  3.930000    0.03355294974535  
  3.940000    0.03322955685502  
  3.950000    0.03290939827602  
  3.960000    0.03259245394664  
  3.970000    0.03227870376735  
  3.980000    0.03196812745434  
  3.990000    0.03166070440049  
  4.000000    0.03135641354512  
  4.010000    0.03105523325354  
  4.020000    0.03075714120731  
  4.030000    0.03046211430629  
  4.040000    0.03017012858301  
  4.050000    0.02988115913019  
  4.060000    0.02959518004180  
  4.070000    0.02931216436803  
  4.080000    0.02903208408453  
  4.090000    0.02875491007589  
  4.100000    0.02848061213334  
  4.110000    0.02820915896665  
  4.120000    0.02794051822972  
  4.130000    0.02767465655958  
  4.140000    0.02741153962821  
  4.150000    0.02715113220652  
  4.160000    0.02689339823973  
  4.170000    0.02663830093320  
  4.180000    0.02638580284793  
  4.190000    0.02613586600446  
  4.200000    0.02588845199425  
  4.210000    0.02564352209721  
  4.220000    0.02540103740432  
  4.230000    0.02516095894394  
  4.240000    0.02492324781060  
  4.250000    0.02468786529503  
  4.260000    0.02445477301398  
  4.270000    0.02422393303880  
  4.280000    0.02399530802122  
  4.290000    0.02376886131546  
  4.300000    0.02354455709523  
  4.310000    0.02332236046465  
  4.320000    0.02310223756199  
  4.330000    0.02288415565538  
  4.340000    0.02266808322946  
  4.350000    0.02245399006234  
  4.360000    0.02224184729203  
  4.370000    0.02203162747199  
  4.380000    0.02182330461508  
  4.390000    0.02161685422578  
  4.400000    0.02141225332030  
  4.410000    0.02120948043455  
  4.420000    0.02100851561992  
  4.430000    0.02080934042703  
  4.440000    0.02061193787761  
  4.450000    0.02041629242499  
  4.460000    0.02022238990345  
  4.470000    0.02003021746716  
  4.480000    0.01983976351927  
  4.490000    0.01965101763187  
  4.500000    0.01946397045771  
  4.510000    0.01927861363443  
  4.520000    0.01909493968247  
  4.530000    0.01891294189736  
  4.540000    0.01873261423775  
  4.550000    0.01855395121000  
  4.560000    0.01837694775066  
  4.570000    0.01820159910769  
  4.580000    0.01802790072184  
  4.590000    0.01785584810901  
  4.600000    0.01768543674488  
  4.610000    0.01751666195274  
  4.620000    0.01734951879565  
  4.630000    0.01718400197377  
  4.640000    0.01702010572788  
  4.650000    0.01685782374983  
  4.660000    0.01669714910084  
  4.670000    0.01653807413813  
  4.680000    0.01638059045073  
  4.690000    0.01622468880472  
  4.700000    0.01607035909856  
  4.710000    0.01591759032867  
  4.720000    0.01576637056553  
  4.730000    0.01561668694045  
  4.740000    0.01546852564289  
  4.750000    0.01532187192852  
  4.760000    0.01517671013746  
  4.770000    0.01503302372274  
  4.780000    0.01489079528844  
  4.790000    0.01475000663706  
  4.800000    0.01461063882559  
  4.810000    0.01447267222967  
  4.820000    0.01433608661509  
  4.830000    0.01420086121585  
  4.840000    0.01406697481810  
  4.850000    0.01393440584888  
  4.860000    0.01380313246892  
  4.870000    0.01367313266844  
  4.880000    0.01354438436511  
  4.890000    0.01341686550305  
  4.900000    0.01329055415204  
  4.910000    0.01316542860585  
  4.920000    0.01304146747884  
  4.930000    0.01291864979979  
  4.940000    0.01279695510215  
  4.950000    0.01267636350983  
  4.960000    0.01255685581776  
  4.970000    0.01243841356634  
  4.980000    0.01232101910933  
  4.990000    0.01220465567429  
  5.000000    0.01208930741531  
  5.010000    0.01197495945733  
  5.020000    0.01186159793184  
  5.030000    0.01174921000360  
  5.040000    0.01163778388818  
  5.050000    0.01152730886021  
  5.060000    0.01141777525239  
  5.070000    0.01130917444523  
  5.080000    0.01120149884767  
  5.090000    0.01109474186899  
  5.100000    0.01098889788211  
  5.110000    0.01088396217886  
  5.120000    0.01077993091762  
  5.130000    0.01067680106388  
  5.140000    0.01057457032441  
  5.150000    0.01047323707558  
  5.160000    0.01037280028667  
  5.170000    0.01027325943894  
  5.180000    0.01017461444115  
  5.190000    0.01007686554245  
  5.200000    0.00998001324350  
  5.210000    0.00988405820663  
  5.220000    0.00978900116594  
  5.230000    0.00969484283815  
  5.240000    0.00960158383514  
  5.250000    0.00950922457892  
  5.260000    0.00941776521981  
  5.270000    0.00932720555872  
  5.280000    0.00923754497408  
  5.290000    0.00914878235416  
  5.300000    0.00906091603545  
  5.310000    0.00897394374749  
  5.320000    0.00888786256482  
  5.330000    0.00880266886625  
  5.340000    0.00871835830201  
  5.350000    0.00863492576880  
  5.360000    0.00855236539313  
  5.370000    0.00847067052295  
  5.380000    0.00838983372751  
  5.390000    0.00830984680557  
  5.400000    0.00823070080167  
  5.410000    0.00815238603032  
  5.420000    0.00807489210773  
  5.430000    0.00799820799085  
  5.440000    0.00792232202316  
  5.450000    0.00784722198679  
  5.460000    0.00777289516039  
  5.470000    0.00769932838213  
  5.480000    0.00762650811725  
  5.490000    0.00755442052939  
  5.500000    0.00748305155500  
  5.510000    0.00741238698014  
  5.520000    0.00734241251882  
  5.530000    0.00727311389215  
  5.540000    0.00720447690757  
  5.550000    0.00713648753727  
  5.560000    0.00706913199513  
  5.570000    0.00700239681147  
  5.580000    0.00693626890470  
  5.590000    0.00687073564952  
  5.600000    0.00680578494064  
  5.610000    0.00674140525176  
  5.620000    0.00667758568906  
  5.630000    0.00661431603872  
  5.640000    0.00655158680822  
  5.650000    0.00648938926079  
  5.660000    0.00642771544287  
  5.670000    0.00636655820439  
  5.680000    0.00630591121155  
  5.690000    0.00624576895215  
  5.700000    0.00618612673337  
  5.710000    0.00612698067217  
  5.720000    0.00606832767829  
  5.730000    0.00601016543018  
  5.740000    0.00595249234400  
  5.750000    0.00589530753624  
  5.760000    0.00583861078004  
  5.770000    0.00578240245596  
  5.780000    0.00572668349750  
  5.790000    0.00567145533204  
  5.800000    0.00561671981772  
  5.810000    0.00556247917692  
  5.820000    0.00550873592698  
  5.830000    0.00545549280883  
  5.840000    0.00540275271433  
  5.850000    0.00535051861281  
  5.860000    0.00529879347773  
  5.870000    0.00524758021410  
  5.880000    0.00519688158723  
  5.890000    0.00514670015370  
  5.900000    0.00509703819500  
  5.910000    0.00504789765465  
  5.920000    0.00499928007917  
  5.930000    0.00495118656363  
  5.940000    0.00490361770223  
  5.950000    0.00485657354424  
  5.960000    0.00481005355590  
  5.970000    0.00476405658842  
  5.980000    0.00471858085245  
  5.990000    0.00467362389924  
  6.000000    0.00462918260858  
  6.010000    0.00458525318362  
  6.020000    0.00454183115260  
  6.030000    0.00449891137740  
  6.040000    0.00445648806881  
  6.050000    0.00441455480834  
  6.060000    0.00437310457632  
  6.070000    0.00433212978594  
  6.080000    0.00429162232293  
  6.090000    0.00425157359045  
  6.100000    0.00421197455872  
  6.110000    0.00417281581880  
  6.120000    0.00413408764022  
  6.130000    0.00409578003151  
  6.140000    0.00405788280344  
  6.150000    0.00402038563401  
  6.160000    0.00398327813471  
  6.170000    0.00394654991741  
  6.180000    0.00391019066113  
  6.190000    0.00387419017821  
  6.200000    0.00383853847895  
  6.210000    0.00380322583454  
  6.220000    0.00376824283718  
  6.230000    0.00373358045724  
  6.240000    0.00369923009665  
  6.250000    0.00366518363817  
  6.260000    0.00363143349002  
  6.270000    0.00359797262542  
  6.280000    0.00356479461681  
  6.290000    0.00353189366429  
  6.300000    0.00349926461816  
  6.310000    0.00346690299523  
  6.320000    0.00343480498895  
  6.330000    0.00340296747312  
  6.340000    0.00337138799926  
  6.350000    0.00334006478766  
  6.360000    0.00330899671226  
  6.370000    0.00327818327951  
  6.380000    0.00324762460138  
  6.390000    0.00321732136297  
  6.400000    0.00318727478483  
  6.410000    0.00315748658057  
  6.420000    0.00312795891012  
  6.430000    0.00309869432900  
  6.440000    0.00306969573434  
  6.450000    0.00304096630793  
  6.460000    0.00301250945706  
  6.470000    0.00298432875362  
  6.480000    0.00295642787200  
  6.490000    0.00292881052664  
  6.500000    0.00290148040946  
  6.510000    0.00287444112815  
  6.520000    0.00284769614559  
  6.530000    0.00282124872119  
  6.540000    0.00279510185465  
  6.550000    0.00276925823254  
  6.560000    0.00274372017844  
  6.570000    0.00271848960688  
  6.580000    0.00269356798165  
  6.590000    0.00266895627871  
  6.600000    0.00264465495429  
  6.610000    0.00262066391812  
  6.620000    0.00259698251233  
  6.630000    0.00257360949601  
  6.640000    0.00255054303562  
  6.650000    0.00252778070132  
  6.660000    0.00250531946917  
  6.670000    0.00248315572923  
  6.680000    0.00246128529937  
  6.690000    0.00243970344477  
  6.700000    0.00241840490261  
  6.710000    0.00239738391211  
  6.720000    0.00237663424917  
  6.730000    0.00235614926553  
  6.740000    0.00233592193204  
  6.750000    0.00231594488539  
  6.760000    0.00229621047812  
  6.770000    0.00227671083116  
  6.780000    0.00225743788856  
  6.790000    0.00223838347381  
  6.800000    0.00221953934710  
  6.810000    0.00220089726319  
  6.820000    0.00218244902904  
  6.830000    0.00216418656094  
  6.840000    0.00214610194037  
  6.850000    0.00212818746809  
  6.860000    0.00211043571613  
  6.870000    0.00209283957688  
  6.880000    0.00207539230911  
  6.890000    0.00205808758031  
  6.900000    0.00204091950499  
  6.910000    0.00202388267866  
  6.920000    0.00200697220714  
  6.930000    0.00199018373081  
  6.940000    0.00197351344390  
  6.950000    0.00195695810826  
  6.960000    0.00194051506189  
  6.970000    0.00192418222182  
  6.980000    0.00190795808164  
  6.990000    0.00189184170353  
  7.000000    0.00187583270494  
  7.010000    0.00185993124010  
  7.020000    0.00184413797662  
  7.030000    0.00182845406725  
  7.040000    0.00181288111727  
  7.050000    0.00179742114776  
  7.060000    0.00178207655519  
  7.070000    0.00176685006762  
  7.080000    0.00175174469811  
  7.090000    0.00173676369562  
  7.100000    0.00172191049412  
  7.110000    0.00170718866015  
  7.120000    0.00169260183957  
  7.130000    0.00167815370387  
  7.140000    0.00166384789669  
  7.150000    0.00164968798094  
  7.160000    0.00163567738710  
  7.170000    0.00162181936329  
  7.180000    0.00160811692732  
  7.190000    0.00159457282155  
  7.200000    0.00158118947064  
  7.210000    0.00156796894280  
  7.220000    0.00155491291487  
  7.230000    0.00154202264148  
  7.240000    0.00152929892870  
  7.250000    0.00151674211224  
  7.260000    0.00150435204060  
  7.270000    0.00149212806319  
  7.280000    0.00148006902351  
  7.290000    0.00146817325752  
  7.300000    0.00145643859716  
  7.310000    0.00144486237890  
  7.320000    0.00143344145733  
  7.330000    0.00142217222358  
  7.340000    0.00141105062836  
  7.350000    0.00140007220944  
  7.360000    0.00138923212322  
  7.370000    0.00137852518011  
  7.380000    0.00136794588332  
  7.390000    0.00135748847080  
  7.400000    0.00134714695964  
  7.410000    0.00133691519287  
  7.420000    0.00132678688779  
  7.430000    0.00131675568569  
  7.440000    0.00130681520229  
  7.450000    0.00129695907842  
  7.460000    0.00128718103050  
  7.470000    0.00127747490030  
  7.480000    0.00126783470350  
  7.490000    0.00125825467659  
  7.500000    0.00124872932160  
  7.510000    0.00123925344834  
  7.520000    0.00122982221362  
  7.530000    0.00122043115721  
  7.540000    0.00121107623401  
  7.550000    0.00120175384241  
  7.560000    0.00119246084821  
  7.570000    0.00118319460425  
  7.580000    0.00117395296528  
  7.590000    0.00116473429808  
  7.600000    0.00115553748672  
  7.610000    0.00114636193294  
  7.620000    0.00113720755156  
  7.630000    0.00112807476110  
  7.640000    0.00111896446964  
  7.650000    0.00110987805611  
  7.660000    0.00110081734713  
  7.670000    0.00109178458971  
  7.680000    0.00108278242006  
  7.690000    0.00107381382882  
  7.700000    0.00106488212302  
  7.710000    0.00105599088517  
  7.720000    0.00104714392998  
  7.730000    0.00103834525889  
  7.740000    0.00102959901312  
  7.750000    0.00102090942556  
  7.760000    0.00101228077194  
  7.770000    0.00100371732185  
  7.780000    0.00099522329002  
  7.790000    0.00098680278833  
  7.800000    0.00097845977904  
  7.810000    0.00097019802967  
  7.820000    0.00096202106995  
  7.830000    0.00095393215128  
  7.840000    0.00094593420905  
  7.850000    0.00093802982820  
  7.860000    0.00093022121236  
  7.870000    0.00092251015678  
  7.880000    0.00091489802539  
  7.890000    0.00090738573220  
  7.900000    0.00089997372709  
  7.910000    0.00089266198627  
  7.920000    0.00088545000738  
  7.930000    0.00087833680932  
  7.940000    0.00087132093676  
  7.950000    0.00086440046935  
  7.960000    0.00085757303538  
  7.970000    0.00085083582990  
  7.980000    0.00084418563708  
  7.990000    0.00083761885647  
  8.000000    0.00083113153300  
  8.010000    0.00082471939050  
  8.020000    0.00081837786813  
  8.030000    0.00081210215968  
  8.040000    0.00080588725513  
  8.050000    0.00079972798413  
  8.060000    0.00079361906107  
  8.070000    0.00078755513107  
  8.080000    0.00078153081672  
  8.090000    0.00077554076485  
  8.100000    0.00076957969311  
  8.110000    0.00076364243575  
  8.120000    0.00075772398821  
  8.130000    0.00075181955009  
  8.140000    0.00074592456614  
  8.150000    0.00074003476471  
  8.160000    0.00073414619358  
  8.170000    0.00072825525249  
  8.180000    0.00072235872232  
  8.190000    0.00071645379057  
  8.200000    0.00071053807286  
  8.210000    0.00070460963022  
  8.220000    0.00069866698222  
  8.230000    0.00069270911553  
  8.240000    0.00068673548805  
  8.250000    0.00068074602852  
  8.260000    0.00067474113158  
  8.270000    0.00066872164840  
  8.280000    0.00066268887298  
  8.290000    0.00065664452416  
  8.300000    0.00065059072372  
  8.310000    0.00064452997056  
  8.320000    0.00063846511143  
  8.330000    0.00063239930835  
  8.340000    0.00062633600314  
  8.350000    0.00062027887931  
  8.360000    0.00061423182187  
  8.370000    0.00060819887520  
  8.380000    0.00060218419960  
  8.390000    0.00059619202689  
  8.400000    0.00059022661546  
  8.410000    0.00058429220517  
  8.420000    0.00057839297271  
  8.430000    0.00057253298764  
  8.440000    0.00056671616972  
  8.450000    0.00056094624776  
  8.460000    0.00055522672060  
  8.470000    0.00054956082044  
  8.480000    0.00054395147884  
  8.490000    0.00053840129596  
  8.500000    0.00053291251302  
  8.510000    0.00052748698846  
  8.520000    0.00052212617795  
  8.530000    0.00051683111844  
  8.540000    0.00051160241644  
  8.550000    0.00050644024053  
  8.560000    0.00050134431832  
  8.570000    0.00049631393777  
  8.580000    0.00049134795287  
  8.590000    0.00048644479364  
  8.600000    0.00048160248042  
  8.610000    0.00047681864205  
  8.620000    0.00047209053814  
  8.630000    0.00046741508483  
  8.640000    0.00046278888407  
  8.650000    0.00045820825597  
  8.660000    0.00045366927393  
  8.670000    0.00044916780224  
  8.680000    0.00044469953581  
  8.690000    0.00044026004152  
  8.700000    0.00043584480088  
  8.710000    0.00043144925358  
  8.720000    0.00042706884149  
  8.730000    0.00042269905266  
  8.740000    0.00041833546487  
  8.750000    0.00041397378847  
  8.760000    0.00040960990777  
  8.770000    0.00040523992100  
  8.780000    0.00040086017801  
  8.790000    0.00039646731573  
  8.800000    0.00039205829078  
  8.810000    0.00038763040901  
  8.820000    0.00038318135174  
  8.830000    0.00037870919833  
  8.840000    0.00037421244493  
  8.850000    0.00036969001928  
  8.860000    0.00036514129121  
  8.870000    0.00036056607908  
  8.880000    0.00035596465170  
  8.890000    0.00035133772607  
  8.900000    0.00034668646069  
  8.910000    0.00034201244474  
  8.920000    0.00033731768297  
  8.930000    0.00033260457671  
  8.940000    0.00032787590102  
  8.950000    0.00032313477825  
  8.960000    0.00031838464824  
  8.970000    0.00031362923553  
  8.980000    0.00030887251378  
  8.990000    0.00030411866782  
  9.000000    0.00029937205375  
  9.010000    0.00029463715725  
  9.020000    0.00028991855086  
  9.030000    0.00028522085025  
  9.040000    0.00028054867027  
  9.050000    0.00027590658090  
  9.060000    0.00027129906375  
  9.070000    0.00026673046936  
  9.080000    0.00026220497588  
  9.090000    0.00025772654941  
  9.100000    0.00025329890636  
  9.110000    0.00024892547836  
  9.120000    0.00024460937989  
  9.130000    0.00024035337900  
  9.140000    0.00023615987147  
  9.150000    0.00023203085854  
  9.160000    0.00022796792855  
  9.170000    0.00022397224257  
  9.180000    0.00022004452424  
  9.190000    0.00021618505387  
  9.200000    0.00021239366684  
  9.210000    0.00020866975643  
  9.220000    0.00020501228093  
  9.230000    0.00020141977500  
  9.240000    0.00019789036524  
  9.250000    0.00019442178972  
  9.260000    0.00019101142137  
  9.270000    0.00018765629498  
  9.280000    0.00018435313750  
  9.290000    0.00018109840145  
  9.300000    0.00017788830106  
  9.310000    0.00017471885073  
  9.320000    0.00017158590565  
  9.330000    0.00016848520390  
  9.340000    0.00016541240991  
  9.350000    0.00016236315862  
  9.360000    0.00015933310012  
  9.370000    0.00015631794413  
  9.380000    0.00015331350412  
  9.390000    0.00015031574041  
  9.400000    0.00014732080200  
  9.410000    0.00014432506662  
  9.420000    0.00014132517865  
  9.430000    0.00013831808443  
  9.440000    0.00013530106474  
  9.450000    0.00013227176392  
  9.460000    0.00012922821538  
  9.470000    0.00012616886313  
  9.480000    0.00012309257898  
  9.490000    0.00011999867503  
  9.500000    0.00011688691120  
  9.510000    0.00011375749718  
  9.520000    0.00011061108868  
  9.530000    0.00010744877725  
  9.540000    0.00010427207333  
  9.550000    0.00010108288194  
  9.560000    0.00009788347050  
  9.570000    0.00009467642834  
  9.580000    0.00009146461757  
  9.590000    0.00008825111512  
  9.600000    0.00008503914649  
  9.610000    0.00008183201171  
  9.620000    0.00007863300543  
  9.630000    0.00007544533349  
  9.640000    0.00007227202965  
  9.650000    0.00006911587736  
  9.660000    0.00006597934255  
  9.670000    0.00006286452480  
  9.680000    0.00005977313442  
  9.690000    0.00005670650395  
  9.700000    0.00005366564119  
  9.710000    0.00005065133006  
  9.720000    0.00004766428235  
  9.730000    0.00004470534008  
  9.740000    0.00004177572305  
  9.750000    0.00003887731091  
  9.760000    0.00003601294295  
  9.770000    0.00003318671370  
  9.780000    0.00003040423767  
  9.790000    0.00002767285426  
  9.800000    0.00002500174354  
  9.810000    0.00002240192659  
  9.820000    0.00001988612992  
  9.830000    0.00001746850258  
  9.840000    0.00001516418536  
  9.850000    0.00001298874434  
  9.860000    0.00001095749339  
  9.870000    0.00000908474121  
  9.880000    0.00000738300733  
  9.890000    0.00000586225576  
  9.900000    0.00000452919581  
  9.910000    0.00000338669526  
  9.920000    0.00000243334316  
  9.930000    0.00000166318886  
  9.940000    0.00000106567139  
  9.950000    0.00000062574076  
  9.960000    0.00000032416160  
  9.970000    0.00000013798061  
  9.980000    0.00000004113282  
  9.990000    0.00000000515836  
 10.000000    0.00000000000000  
