0	0.0038654302781100445
1	0.0033995648364980114
2	0.0030986837628558324
3	0.0028462243236829676
4	0.002612712072715656
5	0.0024023554822012573
6	0.002220366869788295
7	0.002066568779733104
8	0.0019373808788726128
9	0.0018280191736922563
10	0.0017337998157152248
11	0.0016507937878169497
12	0.001576016315448445
13	0.001507316675034757
14	0.0014431719372246777
15	0.0013825048877941473
16	0.001324549285638722
17	0.0012687739588080353
18	0.0012148636622731474
19	0.001162714342795582
20	0.0011124027028532998
21	0.0010641303546496672
22	0.0010181600315998611
23	0.0009747556852534249
24	0.0009341330221432524
25	0.000896429523705636
26	0.0008616994375516888
27	0.000829925938795968
28	0.0008010377431133218
29	0.0007749248547483542
30	0.00075145273154634
31	0.0007304720609789912
32	0.0007118214322757245
33	0.0006953249843951799
34	0.000680791149526685
35	0.0006680176024787977
36	0.000656802050874095
37	0.000646952954761926
38	0.0006382933290833982
39	0.0006306555774096584
40	0.000623872182525479
41	0.0006177706669297029
42	0.000612178450088442
43	0.0006069356341706348
44	0.0006019082551424285
45	0.0005969965982407207
46	0.0005921393301231483
47	0.0005873170053907094
48	0.0005825551596737095
49	0.0005779221839724567
50	0.0005735174519987268
51	0.0005694512020639515
52	0.0005658230533833891
53	0.0005627054731460941
54	0.0005601338711883996
55	0.0005581020429934314
56	0.0005565618627050514
57	0.0005554276687237583
58	0.000554586893957503
59	0.000553917311660548
60	0.0005533079407156798
61	0.0005526776851722959
62	0.0005519853069030121
63	0.0005512270925747561
64	0.0005504242490769055
65	0.0005496072518100511
66	0.0005488043669651336
67	0.0005480365513604928
68	0.0005473164725796413
69	0.000546649322414771
70	0.0005460350821356573
71	0.0005454720210335292
72	0.0005449597316823563
73	0.0005444998465602704
74	0.0005440942260436694
75	0.0005437418906687348
76	0.0005434364776144195
77	0.0005431660398195724
78	0.0005429160594665781
79	0.0005426741672565162
80	0.0005424334765681899
81	0.0005421929492087388
82	0.0005419559577855503
83	0.0005417286867635101
84	0.0005415184500677328
85	0.000541331461672942
86	0.0005411707494542754
87	0.0005410354752405738
88	0.0005409218755842263
89	0.000540824891061551
90	0.0005407395454483214
91	0.0005406617304507076
92	0.0005405884565792484
93	0.0005405178146058652
94	0.0005404488984850134
95	0.0005403816859069545
96	0.0005403166897413492
97	0.0005402544504946426
98	0.0005401952547103587
99	0.0005401392525324833
100	0.0005400866807368053
101	0.0005400378789051892
102	0.0005399931651379372
103	0.0005399527776740325
104	0.0005399168744773628
105	0.0005398854692164771
106	0.0005398583195742574
107	0.0005398348822066252
108	0.0005398143823032342
109	0.0005397959649656247
110	0.0005397788621764205
111	0.0005397624923269466
112	0.000539746459314688
113	0.0005397305216726363
114	0.000539714605454524
115	0.0005396988257925206
116	0.000539683447549044
117	0.0005396687998784285
118	0.0005396552005442232
119	0.0005396428964433578
120	0.0005396320084499561
121	0.0005396225053805297
122	0.0005396142296685745
123	0.0005396069534004364
124	0.0005396004323084959
125	0.0005395944452777902
126	0.0005395888148694909
127	0.0005395834090517279
128	0.0005395781370686959
129	0.0005395729481083732
130	0.0005395678260222983
131	0.0005395627785654321
132	0.0005395578321348816
133	0.0005395530329053245
134	0.0005395484428013574
135	0.0005395441277420435
136	0.0005395401449185029
137	0.000539536530249048
138	0.0005395332861858799
139	0.000539530378103478
140	0.0005395277448120605
141	0.0005395253170064016
142	0.0005395230344307097
143	0.0005395208567231467
144	0.0005395187654937137
145	0.0005395167586772396
146	0.0005395148421302751
147	0.0005395130221256206
148	0.0005395112997658733
149	0.0005395096691971255
150	0.0005395081206385321
151	0.0005395066449561622
152	0.0005395052361128309
153	0.0005395038916871778
154	0.0005395026123932474
155	0.0005395014001274462
156	0.0005395002551998166
157	0.0005394991748663762
158	0.0005394981540005596
159	0.0005394971871129305
160	0.0005394962703965309
161	0.000539495402380619
162	0.0005394945827918625
163	0.0005394938107401049
164	0.0005394930834020632
165	0.0005394923954829681
166	0.0005394917397990015
167	0.0005394911091422699
168	0.0005394904984125054
169	0.0005394899056842296
170	0.0005394893319218236
171	0.000539488779780067
172	0.0005394882520785906
173	0.0005394877505533831
174	0.0005394872753388047
175	0.0005394868251216068
176	0.0005394863977041343
177	0.0005394859906966402
178	0.0005394856019615004
179	0.0005394852296938644
180	0.0005394848723818093
181	0.0005394845287674368
182	0.0005394841977936803
183	0.0005394838786179295
184	0.0005394835706883368
185	0.0005394832737770898
186	0.0005394829878902382
187	0.0005394827131143954
188	0.0005394824494114214
189	0.0005394821964731541
190	0.0005394819536980508
191	0.0005394817202957459
192	0.0005394814954374699
193	0.0005394812783912199
194	0.0005394810685914686
195	0.0005394808656350234
196	0.0005394806692480021
197	0.0005394804792413794
198	0.0005394802954660224
199	0.0005394801177608726
200	0.0005394799459382829
201	0.0005394797797758624
202	0.0005394796190091774
203	0.0005394794633520224
204	0.0005394793125233583
205	0.0005394791662608787
206	0.0005394790243354499
207	0.0005394788865463418
208	0.0005394787527337894
209	0.0005394786227609638
210	0.0005394784965125721
211	0.0005394783738719092
212	0.0005394782547137847
213	0.0005394781389081771
214	0.0005394780263187023
215	0.0005394779168132174
216	0.0005394778102574832
217	0.0005394777065284729
218	0.0005394776055153714
219	0.0005394775071205463
220	0.0005394774112532327
221	0.0005394773178353445
222	0.0005394772267982951
223	0.000539477138075243
224	0.0005394770515958737
225	0.0005394769672941857
226	0.0005394768851008042
227	0.0005394768049444102
228	0.0005394767267561584
229	0.0005394766504723202
230	0.0005394765760283889
231	0.0005394765033725881
232	0.0005394764324540113
233	0.0005394763632271174
234	0.0005394762956450074
235	0.0005394762296684021
236	0.000539476165252669
237	0.0005394761023573082
238	0.0005394760409434784
239	0.000539475980971145
240	0.0005394759224056747
241	0.0005394758652072204
242	0.0005394758093424471
243	0.0005394757547766949
244	0.0005394757014774787
245	0.0005394756494131465
246	0.0005394755985565643
247	0.0005394755488779027
248	0.0005394755003501411
249	0.0005394754529473344
250	0.000539475406640404
251	0.0005394753614057064
252	0.0005394753172190808
253	0.0005394752740526256
254	0.0005394752318867211
255	0.000539475190698449
256	0.0005394751504669226
257	0.0005394751111695427
258	0.0005394750727871514
259	0.0005394750352963407
260	0.0005394749986798088
261	0.0005394749629169647
262	0.0005394749279907715
263	0.0005394748938821592
264	0.0005394748605725661
265	0.000539474828044336
266	0.0005394747962829191
267	0.0005394747652684859
268	0.0005394747349863192
269	0.0005394747054201615
270	0.000539474676553065
271	0.0005394746483732798
272	0.0005394746208634769
273	0.000539474594011034
274	0.0005394745677996949
275	0.000539474542216335
276	0.0005394745172468278
277	0.0005394744928780518
278	0.0005394744690975426
279	0.0005394744458913059
280	0.000539474423248447
281	0.0005394744011560516
282	0.0005394743795991999
283	0.0005394743585706129
284	0.0005394743380555807
285	0.0005394743180447289
286	0.0005394742985268241
287	0.0005394742794883797
288	0.0005394742609213603
289	0.0005394742428145779
290	0.0005394742251570515
291	0.0005394742079396133
292	0.0005394741911531885
293	0.0005394741747859239
294	0.0005394741588289139
295	0.0005394741432746726
296	0.0005394741281116355
297	0.0005394741133343628
298	0.0005394740989297086
299	0.0005394740848926183
300	0.000539474071212344
301	0.0005394740578825634
302	0.0005394740448942944
303	0.0005394740322386859
304	0.0005394740199104156
305	0.0005394740078989913
306	0.0005394739962002704
307	0.0005394739848035522
308	0.0005394739737047202
309	0.0005394739628947089
310	0.0005394739523672856
311	0.0005394739421168459
312	0.0005394739321334965
313	0.0005394739224154367
314	0.0005394739129538234
315	0.0005394739037426923
316	0.0005394738947749296
317	0.0005394738860465779
318	0.0005394738775532368
319	0.0005394738692855435
320	0.0005394738612395675
321	0.0005394738534094519
322	0.0005394738457916104
323	0.0005394738383783764
324	0.0005394738311666479
325	0.0005394738241514606
326	0.0005394738173252069
327	0.0005394738106875902
328	0.0005394738042294437
329	0.00053947379795027
330	0.0005394737918430253
331	0.0005394737859030717
332	0.0005394737801281924
333	0.0005394737745132062
334	0.0005394737690538873
335	0.0005394737637465456
336	0.0005394737585865889
337	0.0005394737535718952
338	0.0005394737486974078
339	0.0005394737439605051
340	0.0005394737393557086
341	0.0005394737348817511
342	0.0005394737305337285
343	0.0005394737263104205
344	0.0005394737222045678
345	0.0005394737182174514
346	0.0005394737143432034
347	0.000539473710580969
348	0.0005394737069274213
349	0.0005394737033764213
350	0.0005394736999300174
351	0.0005394736965814648
352	0.0005394736933307713
353	0.0005394736901747957
354	0.00053947368711049
355	0.0005394736841346592
356	0.0005394736812463621
357	0.0005394736784418727
358	0.0005394736757213273
359	0.0005394736730799193
360	0.0005394736705156949
361	0.0005394736680283568
362	0.0005394736656144709
363	0.0005394736632719293
364	0.0005394736609987348
365	0.0005394736587934814
366	0.0005394736566548524
367	0.0005394736545786455
368	0.0005394736525669086
369	0.0005394736506143104
370	0.0005394736487210719
371	0.0005394736468851116
372	0.000539473645103989
373	0.0005394736433779408
374	0.0005394736417038446
375	0.0005394736400799372
376	0.000539473638507425
377	0.0005394736369815246
378	0.0005394736355032065
379	0.0005394736340696283
380	0.0005394736326812817
381	0.0005394736313349402
382	0.0005394736300307574
383	0.0005394736287668003
384	0.00053947362754174
385	0.0005394736263553237
386	0.0005394736252058504
387	0.000539473624092727
388	0.0005394736230132664
389	0.0005394736219686179
390	0.0005394736209569092
391	0.0005394736199756489
392	0.000539473619027145
393	0.0005394736181082723
394	0.0005394736172187094
395	0.0005394736163568143
396	0.0005394736155232117
397	0.0005394736147149722
398	0.0005394736139334367
399	0.0005394736131763442
400	0.0005394736124435147
401	0.0005394736117353479
402	0.000539473611049489
403	0.0005394736103859675
404	0.0005394736097436624
405	0.0005394736091220218
406	0.0005394736085210742
407	0.0005394736079391643
408	0.0005394736073767917
409	0.0005394736068324102
410	0.0005394736063053845
411	0.0005394736057969411
412	0.0005394736053042832
413	0.000539473604827993
414	0.0005394736043673695
415	0.0005394736039230496
416	0.000539473603492975
417	0.0005394736030757126
418	0.0005394736026748238
419	0.0005394736022858556
420	0.0005394736019097375
421	0.0005394736015465191
422	0.0005394736011959299
423	0.000539473600856316
424	0.0005394736005288667
425	0.0005394736002121728
426	0.0005394735999061267
427	0.0005394735996106237
428	0.0005394735993250243
429	0.0005394735990489026
430	0.0005394735987833164
431	0.0005394735985247908
432	0.0005394735982770434
433	0.0005394735980374811
434	0.0005394735978051068
435	0.0005394735975814333
436	0.0005394735973654067
437	0.0005394735971565751
438	0.00053947359695581
439	0.0005394735967604713
440	0.0005394735965737699
441	0.0005394735963924123
442	0.0005394735962176101
443	0.0005394735960495286
444	0.0005394735958858932
445	0.0005394735957293811
446	0.000539473595578408
447	0.0005394735954312369
448	0.0005394735952906006
449	0.0005394735951544969
450	0.0005394735950227638
451	0.000539473594896772
452	0.0005394735947744872
453	0.0005394735946567639
454	0.0005394735945432029
455	0.0005394735944329248
456	0.0005394735943282141
457	0.000539473594226748
458	0.00053947359412831
459	0.000539473594033623
460	0.0005394735939429124
461	0.0005394735938544129
462	0.0005394735937696048
463	0.0005394735936881263
464	0.0005394735936097491
465	0.0005394735935342036
466	0.0005394735934611544
467	0.0005394735933914316
468	0.0005394735933227593
469	0.0005394735932580464
470	0.0005394735931949175
471	0.0005394735931347286
472	0.0005394735930760964
473	0.0005394735930193416
474	0.0005394735929653841
475	0.0005394735929134593
476	0.0005394735928640539
477	0.0005394735928155431
478	0.0005394735927681187
479	0.0005394735927231732
480	0.0005394735926813514
481	0.0005394735926392173
482	0.0005394735926001904
483	0.0005394735925616581
484	0.0005394735925233675
485	0.0005394735924876125
486	0.0005394735924545278
487	0.0005394735924220083
488	0.0005394735923890434
489	0.0005394735923590721
490	0.0005394735923307136
491	0.000539473592302155
492	0.000539473592274555
493	0.0005394735922488261
494	0.0005394735922233816
495	0.0005394735921996083
496	0.0005394735921770651
497	0.0005394735921542535
498	0.0005394735921329912
499	0.0005394735921123456
500	0.0005394735920924769
501	0.0005394735920738228
502	0.0005394735920547224
503	0.0005394735920376595
504	0.0005394735920201095
505	0.0005394735920048331
506	0.000539473591989498
507	0.0005394735919742997
508	0.0005394735919604323
509	0.0005394735919465496
510	0.0005394735919322345
511	0.000539473591919661
512	0.0005394735919077182
513	0.0005394735918958042
514	0.0005394735918849641
515	0.0005394735918738958
516	0.0005394735918620865
517	0.0005394735918527072
518	0.0005394735918427953
519	0.0005394735918338341
520	0.0005394735918259304
521	0.0005394735918169951
522	0.000539473591809667
523	0.0005394735918011443
524	0.0005394735917933534
525	0.000539473591786165
526	0.0005394735917792301
527	0.0005394735917729731
528	0.0005394735917659105
529	0.0005394735917600119
530	0.0005394735917543
531	0.0005394735917491916
532	0.0005394735917433539
533	0.0005394735917373842
534	0.000539473591732624
535	0.0005394735917284426
536	0.0005394735917235504
537	0.0005394735917195352
538	0.0005394735917156572
539	0.0005394735917114192
540	0.0005394735917068444
541	0.0005394735917039099
542	0.0005394735916998898
543	0.0005394735916978069
544	0.0005394735916938219
545	0.0005394735916908107
546	0.0005394735916874165
547	0.0005394735916846502
548	0.0005394735916832165
549	0.0005394735916793714
550	0.0005394735916760961
551	0.0005394735916743376
552	0.000539473591672577
553	0.0005394735916705383
554	0.0005394735916682048
555	0.0005394735916659671
556	0.0005394735916641091
557	0.0005394735916622156
558	0.0005394735916601969
559	0.0005394735916599847
560	0.0005394735916564935
561	0.0005394735916561213
562	0.0005394735916539622
563	0.0005394735916522757
564	0.0005394735916516976
565	0.0005394735916505142
566	0.0005394735916496537
567	0.0005394735916485601
568	0.0005394735916469796
569	0.0005394735916455849
570	0.0005394735916439444
571	0.0005394735916436807
572	0.0005394735916433836
573	0.000539473591641171
574	0.0005394735916403181
575	0.0005394735916403619
576	0.0005394735916386636
577	0.0005394735916390907
578	0.0005394735916372332
579	0.0005394735916364163
580	0.0005394735916361642
581	0.0005394735916359982
582	0.0005394735916352788
583	0.0005394735916341521
584	0.000539473591633413
585	0.0005394735916339102
586	0.0005394735916331126
587	0.0005394735916321204
588	0.0005394735916316649
589	0.0005394735916311678
590	0.0005394735916307598
591	0.0005394735916301253
592	0.0005394735916306643
593	0.0005394735916292654
594	0.000539473591629343
595	0.0005394735916287482
596	0.0005394735916289846
597	0.0005394735916286916
598	0.0005394735916282392
599	0.0005394735916282367
600	0.0005394735916274074
601	0.0005394735916271677
602	0.0005394735916280252
603	0.000539473591627322
604	0.0005394735916273678
605	0.0005394735916258698
606	0.000539473591626344
607	0.0005394735916260481
608	0.0005394735916265065
609	0.0005394735916259098
610	0.0005394735916253395
611	0.000539473591625376
612	0.0005394735916251888
613	0.0005394735916252739
614	0.0005394735916250845
615	0.0005394735916250355
616	0.0005394735916246028
617	0.0005394735916245956
618	0.0005394735916249817
619	0.0005394735916247409
620	0.0005394735916243672
621	0.0005394735916245859
622	0.000539473591624958
623	0.0005394735916242707
624	0.000539473591624327
625	0.0005394735916238055
626	0.0005394735916237561
627	0.0005394735916228901
628	0.0005394735916236948
629	0.0005394735916238808
630	0.000539473591623581
631	0.0005394735916236633
632	0.0005394735916242206
633	0.0005394735916237329
634	0.000539473591623738
635	0.0005394735916225452
636	0.0005394735916235923
637	0.0005394735916237025
638	0.0005394735916234895
639	0.0005394735916230556
640	0.0005394735916227294
641	0.0005394735916232967
642	0.000539473591623107
643	0.0005394735916231728
644	0.0005394735916235417
645	0.0005394735916238804
646	0.0005394735916224168
647	0.0005394735916229605
648	0.0005394735916230191
649	0.0005394735916232137
650	0.0005394735916231479
651	0.000539473591623615
652	0.0005394735916223776
653	0.0005394735916227221
654	0.0005394735916229156
655	0.0005394735916226316
656	0.0005394735916228787
657	0.0005394735916235966
658	0.0005394735916230893
659	0.000539473591622117
660	0.0005394735916226168
661	0.0005394735916227029
662	0.0005394735916221255
663	0.0005394735916222541
664	0.0005394735916223932
665	0.0005394735916219973
666	0.0005394735916225625
667	0.0005394735916225607
668	0.0005394735916226863
669	0.0005394735916223367
670	0.0005394735916219668
671	0.0005394735916218868
672	0.0005394735916225604
673	0.0005394735916226319
674	0.0005394735916227763
675	0.0005394735916224528
676	0.0005394735916222329
677	0.0005394735916225639
678	0.0005394735916221197
679	0.0005394735916221698
680	0.0005394735916223851
681	0.0005394735916226184
682	0.0005394735916219743
683	0.0005394735916228818
684	0.0005394735916227059
685	0.0005394735916221905
686	0.000539473591622689
687	0.0005394735916220668
688	0.0005394735916229262
689	0.0005394735916220051
690	0.0005394735916227325
691	0.0005394735916228778
692	0.0005394735916224201
693	0.0005394735916228343
694	0.0005394735916219595
695	0.0005394735916231032
696	0.0005394735916226336
697	0.0005394735916224415
698	0.0005394735916215833
699	0.0005394735916225625
700	0.0005394735916223036
701	0.0005394735916224417
702	0.0005394735916227963
703	0.0005394735916229497
704	0.0005394735916228604
705	0.0005394735916224304
706	0.0005394735916229931
707	0.0005394735916222133
708	0.0005394735916228378
709	0.0005394735916216457
710	0.0005394735916224317
711	0.0005394735916223802
712	0.0005394735916216858
713	0.0005394735916224485
714	0.0005394735916226893
715	0.0005394735916221642
716	0.0005394735916229058
717	0.000539473591622711
718	0.0005394735916222429
719	0.0005394735916227231
720	0.0005394735916225588
721	0.0005394735916223737
722	0.0005394735916224916
723	0.0005394735916236258
724	0.0005394735916231487
725	0.0005394735916222556
726	0.0005394735916219859
727	0.0005394735916222836
728	0.0005394735916224701
729	0.0005394735916218863
730	0.0005394735916234091
731	0.0005394735916224598
732	0.0005394735916220107
733	0.0005394735916223448
734	0.0005394735916224226
735	0.0005394735916218768
736	0.0005394735916217317
737	0.0005394735916225572
738	0.0005394735916227631
739	0.0005394735916226572
740	0.0005394735916223117
741	0.0005394735916213604
742	0.0005394735916217391
743	0.0005394735916220007
744	0.0005394735916229371
745	0.0005394735916229068
746	0.0005394735916230403
747	0.00053947359162239
748	0.0005394735916224343
749	0.0005394735916223125
750	0.0005394735916222228
751	0.0005394735916227138
752	0.0005394735916219656
753	0.0005394735916224121
754	0.0005394735916223624
755	0.0005394735916228936
756	0.0005394735916215928
757	0.0005394735916221261
758	0.0005394735916227643
759	0.0005394735916224824
760	0.0005394735916232161
761	0.0005394735916224569
762	0.0005394735916225976
763	0.00053947359162266
764	0.0005394735916214237
765	0.0005394735916222821
766	0.0005394735916230173
767	0.0005394735916232021
768	0.0005394735916235691
769	0.000539473591622556
770	0.0005394735916223989
771	0.0005394735916230673
772	0.0005394735916224844
773	0.0005394735916223616
774	0.0005394735916227005
775	0.0005394735916218343
776	0.0005394735916225109
777	0.0005394735916224141
778	0.0005394735916215822
779	0.0005394735916223664
780	0.0005394735916234062
781	0.0005394735916227247
782	0.000539473591622692
783	0.0005394735916224634
784	0.0005394735916222684
785	0.000539473591623032
786	0.0005394735916234863
787	0.0005394735916228366
788	0.0005394735916221631
789	0.0005394735916220455
790	0.0005394735916229327
791	0.0005394735916235168
792	0.0005394735916226086
