0	0.09911530562611456
1	0.08158869854395608
2	0.06945200602146809
3	0.05965208558045723
4	0.05117220002610602
5	0.04369118812717312
6	0.037137172977214944
7	0.03149239633794334
8	0.0266985219164313
9	0.02265360294966522
10	0.019236877776464465
11	0.016334266354133438
12	0.013852934347459158
13	0.011724235876795707
14	0.009899743711977377
15	0.00834440381462259
16	0.0070299608559586625
17	0.005930634695739248
18	0.005021591335914711
19	0.004279404064781822
20	0.003682895293299762
21	0.0032130885414130427
22	0.002852147704070955
23	0.002582326153306783
24	0.0023860851283358277
25	0.002247192958719521
26	0.002151436230477224
27	0.0020863128906133542
28	0.0020406248654561555
29	0.002005026128414964
30	0.001973102347665706
31	0.0019415527787391732
32	0.001909045408720294
33	0.001874938777383186
34	0.0018390155762108226
35	0.001801775055195348
36	0.0017641710831477098
37	0.0017268835683048936
38	0.0016901236804921498
39	0.0016541420537687162
40	0.0016195256605112123
41	0.0015868222468728667
42	0.0015561670438932016
43	0.0015275106276275115
44	0.0015009995714943699
45	0.0014768700385674033
46	0.00145510328952197
47	0.0014354482675350295
48	0.0014177247735263957
49	0.0014018779567312948
50	0.0013877615661684439
51	0.0013750868653243937
52	0.001363615439019025
53	0.0013532374603826066
54	0.0013438290102335045
55	0.0013351796697256449
56	0.0013271127168816696
57	0.001319564143115565
58	0.001312488715842868
59	0.0013057749442510064
60	0.0012993030293916145
61	0.0012930144840291402
62	0.0012868726674317458
63	0.0012808094310777264
64	0.0012747608319504727
65	0.0012687167934562875
66	0.0012626923862274128
67	0.0012566805593425927
68	0.0012506703596608805
69	0.0012446831422859208
70	0.0012387515915354265
71	0.0012328817603810152
72	0.001227066491860822
73	0.0012213154031885365
74	0.0012156423380648542
75	0.0012100457977678122
76	0.0012045307324605899
77	0.0011991285423676664
78	0.0011938759191865963
79	0.0011888031252455336
80	0.0011839563847443066
81	0.0011793967933333093
82	0.0011751744130168841
83	0.0011713348373192085
84	0.0011679275126081127
85	0.001164976861995634
86	0.001162476982488411
87	0.0011604086728038512
88	0.0011587231376085996
89	0.0011573453971754602
90	0.0011561986096186607
91	0.0011551946400076307
92	0.0011542505372536683
93	0.0011533083673142424
94	0.0011523223081955447
95	0.0011512750452271525
96	0.0011501713951886804
97	0.0011490279016678352
98	0.0011478790317705893
99	0.0011467548547166187
100	0.0011456864795150658
101	0.0011446971137518594
102	0.001143799070326052
103	0.0011429988717046276
104	0.0011422902472466884
105	0.0011416658102287908
106	0.0011411106987294097
107	0.0011406106768667758
108	0.0011401504431203
109	0.0011397165735681331
110	0.0011392993836700283
111	0.0011388905011111158
112	0.0011384868458148166
113	0.001138086563903484
114	0.0011376923787881346
115	0.0011373074141635279
116	0.001136936726761316
117	0.0011365851698466975
118	0.0011362571984669168
119	0.0011359567007320555
120	0.0011356856473684468
121	0.0011354453319067646
122	0.0011352348148903394
123	0.0011350526037455725
124	0.0011348955186116113
125	0.00113476009515784
126	0.0011346421703862337
127	0.001134537729826909
128	0.0011344431146996703
129	0.0011343551778606868
130	0.0011342717146748732
131	0.001134191089233141
132	0.0011341126893568043
133	0.0011340362673726108
134	0.0011339622679511756
135	0.0011338911563553657
136	0.0011338236752199019
137	0.001133760321590679
138	0.0011337015507930069
139	0.001133647472993732
140	0.0011335980515399357
141	0.0011335529633264277
142	0.0011335117672433297
143	0.0011334738775515823
144	0.0011334387067368059
145	0.001133405663762695
146	0.0011333742454398663
147	0.0011333440331358882
148	0.0011333147508359577
149	0.0011332862251326285
150	0.0011332584053888514
151	0.001133231298727747
152	0.0011332049891571465
153	0.0011331795589877428
154	0.0011331551128179736
155	0.0011331317035536109
156	0.0011331093778486469
157	0.0011330881167939618
158	0.0011330678899807481
159	0.0011330486168359619
160	0.0011330302173587685
161	0.001133012591103545
162	0.0011329956470093278
163	0.0011329793020394606
164	0.001132963484649604
165	0.0011329481461555308
166	0.0011329332463769115
167	0.0011329187725287965
168	0.0011329047168572026
169	0.0011328910870093932
170	0.0011328778924455756
171	0.0011328651426450243
172	0.0011328528461599604
173	0.0011328410007161636
174	0.0011328296023594916
175	0.0011328186371868507
176	0.0011328080878376977
177	0.0011327979348887721
178	0.00113278815563384
179	0.0011327787305695255
180	0.0011327696401179522
181	0.0011327608685678385
182	0.0011327524034931127
183	0.0011327442333727699
184	0.001132736350354449
185	0.0011327287468044594
186	0.001132721415540254
187	0.0011327143505306834
188	0.0011327075444793912
189	0.0011327009901740798
190	0.0011326946800574759
191	0.0011326886053348076
192	0.0011326827572197135
193	0.0011326771264374424
194	0.0011326717034671951
195	0.0011326664794668337
196	0.0011326614458464002
197	0.001132656594683696
198	0.0011326519191339742
199	0.0011326474129545792
200	0.0011326430706694005
201	0.0011326388875521807
202	0.0011326348590986694
203	0.0011326309810175833
204	0.0011326272491507352
205	0.0011326236591214774
206	0.001132620206389189
207	0.0011326168863431312
208	0.0011326136942021753
209	0.0011326106250950903
210	0.0011326076742405862
211	0.0011326048369741395
212	0.0011326021087814807
213	0.0011325994854327042
214	0.0011325969629984937
215	0.0011325945377664022
216	0.0011325922062647798
217	0.0011325899652642685
218	0.0011325878116635758
219	0.0011325857424626707
220	0.0011325837547836043
221	0.001132581845806968
222	0.0011325800127364347
223	0.0011325782528222982
224	0.0011325765633632642
225	0.0011325749417088588
226	0.0011325733852667937
227	0.0011325718915249276
228	0.0011325704580771052
229	0.0011325690826101448
230	0.0011325677629096748
231	0.001132566496873777
232	0.0011325652824978841
233	0.0011325641178619758
234	0.0011325630011172678
235	0.001132561930476731
236	0.0011325609042122202
237	0.0011325599206432574
238	0.0011325589781335534
239	0.0011325580750951763
240	0.0011325572099882997
241	0.0011325563813222774
242	0.0011325555876545016
243	0.0011325548275926752
244	0.001132554099799111
245	0.0011325534029894898
246	0.001132552735931649
247	0.001132552097443559
248	0.001132551486387941
249	0.001132550901673921
250	0.0011325503422494599
251	0.0011325498071011178
252	0.0011325492952493738
253	0.001132548805747894
254	0.0011325483376834846
255	0.0011325478901753746
256	0.0011325474623743903
257	0.0011325470534641845
258	0.0011325466626603956
259	0.0011325462892087393
260	0.0011325459323857342
261	0.0011325455914972466
262	0.00113254526587673
263	0.0011325449548840953
264	0.0011325446579046408
265	0.0011325443743472076
266	0.0011325441036435697
267	0.001132543845246824
268	0.0011325435986312474
269	0.00113254336329196
270	0.001132543138742878
271	0.0011325429245179629
272	0.0011325427201694155
273	0.0011325425252679115
274	0.0011325423394014345
275	0.0011325421621762241
276	0.0011325419932130033
277	0.001132541832149444
278	0.0011325416786377887
279	0.0011325415323450378
280	0.0011325413929510302
281	0.0011325412601490474
282	0.0011325411336454566
283	0.0011325410131586473
284	0.001132540898417264
285	0.0011325407891629728
286	0.001132540685147992
287	0.0011325405861344997
288	0.0011325404918956195
289	0.0011325404022138246
290	0.0011325403168804529
291	0.0011325402356968763
292	0.001132540158472517
293	0.0011325400850258085
294	0.0011325400151819187
295	0.0011325399487773272
296	0.0011325398856547547
297	0.0011325398256715558
298	0.0011325397686982937
299	0.001132539714637071
300	0.0011325396634425601
301	0.0011325396151936479
302	0.00113253957023959
303	0.0011325395295821228
304	0.001132539495781464
305	0.0011325394752548625
306	0.001132539484065433
307	0.0011325395628370536
308	0.0011325398158816813
309	0.0011325405141375958
310	0.0011325423761261548
311	0.001132547318703629
312	0.0011325606023755812
313	0.0011325965411690146
314	0.0011326958379707923
315	0.0011329684285340345
316	0.0011337323432512715
317	0.00113571795466399
318	0.001140614630622911
319	0.001147847707806465
320	0.001151611218224404
321	0.0011390139927646952
322	0.0011331178401913292
323	0.0011410491262143943
324	0.0011368977230792165
325	0.0011335095635737285
326	0.0011384239990749122
327	0.0011334631057399688
328	0.0011355159742511738
329	0.0011353758113597113
330	0.0011332873862117396
331	0.0011358370713218163
332	0.0011328536508861168
333	0.0011349356735231057
334	0.0011333219023162413
335	0.0011338428683448163
336	0.0011338403613266317
337	0.0011330804943054783
338	0.0011340045609936624
339	0.0011327498948960912
340	0.0011338164423993992
341	0.001132760579708699
342	0.0011334805623781825
343	0.0011329192617773975
344	0.001133116090447151
345	0.0011330630723037903
346	0.001132833715899234
347	0.0011331235710692687
348	0.0011326830795511747
349	0.0011330812280457823
350	0.0011326498359431416
351	0.0011329528251262315
352	0.0011326942358744331
353	0.0011328000052101426
354	0.0011327598460326097
355	0.001132674485217197
356	0.0011327929859603048
