<Coefficient>
	 2 Total number of radial orbitals.
	Type	L	Zeta-Orbital
	  S 	0	    1
	  -0.60330512934784
	   0.15301346891378
	   0.08545257399064
	   0.04961964645609
	  -0.00996043748121
	  -0.00958586313511
	  -0.02770947151967
	  -0.01145721146878
	  -0.02862322867746
	  -0.00445478930294
	  -0.01992615644369
	   0.00786543976464
	  -0.01635015589818
	   0.01586854982495
	  -0.01762451947343
	   0.02053803457277
	  -0.02228487581444
	   0.02488432363015
	  -0.02872037387491
	   0.03218967233697
	  -0.04026078084477
	   0.06599036150655
	Type	L	Zeta-Orbital
	  S 	1	    1
	   0.46211825674745
	   0.85202038184737
	   0.75535612211196
	   0.52008234920922
	   0.32287032620793
	   0.16687693731558
	   0.06768740752592
	   0.00488031878735
	  -0.02380868332308
	  -0.03476557792896
	  -0.02633243926371
	  -0.02201247238351
	  -0.01031980389293
	  -0.00772340444565
	   0.00031501888818
	  -0.00253093970502
	   0.00273618717066
	  -0.00283822700759
	   0.00306924215047
	  -0.00399474181530
	   0.00453141980060
	  -0.01362115098946
</Coefficient>
<Mkb>
Left spillage = 1.0650659325e+00
</Mkb>
