<Coefficient>
	 14 Total number of radial orbitals.
	Type	L	Zeta-Orbital
	  Mn 	0	    1
	  -0.11663660184064
	  -0.10478029296558
	   0.02677193064198
	   0.10708888928466
	   0.14764554623616
	   0.15792370950545
	   0.15172340657182
	   0.13437823073900
	   0.11160788340495
	   0.08620255227222
	   0.06165268761223
	   0.03960715490212
	   0.02094950834073
	   0.00640716519557
	  -0.00406149069093
	  -0.01063421892252
	  -0.01490913734877
	  -0.01640715285761
	  -0.01647542993229
	  -0.01444869974997
	  -0.01248311114819
	  -0.00951797191594
	  -0.00757138066368
	  -0.00479057691409
	  -0.00351746103221
	  -0.00139171802605
	  -0.00106753967660
	   0.00037830088737
	  -0.00012665759296
	   0.00098346146082
	  -0.00015032852035
	Type	L	Zeta-Orbital
	  Mn 	0	    2
	   0.10327876820202
	   0.14290182902575
	   0.10954294111542
	   0.11153879658233
	   0.12236265954384
	   0.13186065702764
	   0.12908735103378
	   0.11779541827527
	   0.09838142987610
	   0.07705842958215
	   0.05497537228903
	   0.03556630676119
	   0.01858488831476
	   0.00555125878942
	  -0.00440444555307
	  -0.01069645965744
	  -0.01374762956374
	  -0.01433792793881
	  -0.01340952959145
	  -0.01176315708152
	  -0.00933324683667
	  -0.00702289462442
	  -0.00448310316108
	  -0.00280881640590
	  -0.00110825402359
	  -0.00051105593510
	   0.00034986132026
	   0.00014545154167
	   0.00054600702528
	  -0.00013134364544
	   0.00024332805990
	Type	L	Zeta-Orbital
	  Mn 	0	    3
	   0.11629553168291
	   0.02882746600941
	  -0.10787607190746
	  -0.08710413044115
	  -0.00737764689190
	   0.19174210549336
	   0.23970447499806
	   0.27190894712317
	   0.20720170558428
	   0.16216540314281
	   0.08392370890139
	   0.05731394079500
	   0.01332227786441
	   0.00755550547536
	  -0.01512004856324
	  -0.01449468891015
	  -0.03189231592944
	  -0.02693703537618
	  -0.03408165362979
	  -0.01953081008128
	  -0.01933992322287
	  -0.00438688483929
	  -0.00632955051038
	   0.00427779428142
	  -0.00120717769891
	   0.00647446376410
	  -0.00171442916032
	   0.00509703715579
	  -0.00408846605252
	   0.00379765132938
	  -0.00614088731488
	Type	L	Zeta-Orbital
	  Mn 	0	    4
	  -0.08604881743830
	   0.04908863024857
	   0.25789367903846
	  -0.10216053556162
	  -0.23104980305266
	  -0.19561903429398
	  -0.12469601017933
	  -0.07480961613810
	  -0.04777782510884
	  -0.04513604211836
	  -0.04506171444787
	  -0.03514563845976
	  -0.02481510901589
	  -0.01469237878472
	  -0.00102220484901
	   0.00842848150426
	   0.01032873696884
	   0.00798431913061
	   0.01174237146718
	   0.01835171041048
	   0.02573878682093
	   0.02628136297734
	   0.02733833762626
	   0.02224410245286
	   0.02055481083148
	   0.01339103262796
	   0.01065021546142
	   0.00239361701350
	   0.00155612593709
	  -0.00527124268157
	  -0.00337434277401
	Type	L	Zeta-Orbital
	  Mn 	0	    5
	   0.15371629463121
	  -0.01613010913292
	  -0.20545599302456
	  -0.09079267330453
	  -0.05811186269120
	  -0.28361353456012
	  -0.31969913036923
	  -0.05214821148584
	   0.23958646619336
	   0.49409804506005
	   0.59473918873759
	   0.46418489016659
	   0.22737649905296
	   0.06939368303274
	   0.00265930418951
	   0.01290140895114
	   0.03473540356905
	   0.04202923617421
	   0.03572802053052
	  -0.00202041109151
	  -0.04222436959232
	  -0.06235026277438
	  -0.06766488202795
	  -0.05553474725138
	  -0.03243234154713
	  -0.02275379945807
	  -0.01683385263178
	  -0.01473613600322
	  -0.01121996081848
	  -0.00602613900753
	   0.00348499148608
	Type	L	Zeta-Orbital
	  Mn 	0	    6
	   0.42778590644744
	  -0.41754473672441
	   0.30948406213289
	  -0.03409155814698
	   0.26828337070871
	   0.03041331379634
	   0.16059152976093
	  -0.04667903192405
	   0.00694996830480
	  -0.08639841337322
	   0.05500735780685
	  -0.01521145886970
	   0.06541234879372
	  -0.01309120323210
	   0.04860027473782
	  -0.01338006528640
	   0.04115136326154
	  -0.04771414218002
	   0.00902166856367
	  -0.05929070399268
	   0.00226065118572
	  -0.06481285001037
	   0.00740890048761
	  -0.06202473278288
	   0.02157944540375
	  -0.05520911833744
	   0.03555080180015
	  -0.05148299617212
	   0.05225260678920
	  -0.05093595341681
	   0.06993566577220
	Type	L	Zeta-Orbital
	  Mn 	1	    1
	   0.01228776477540
	   0.05394081619882
	   0.12088636464764
	   0.20049140418768
	   0.27612373145983
	   0.33703467664583
	   0.37765201734613
	   0.39746242553397
	   0.39831633682185
	   0.38450377726123
	   0.36007825115803
	   0.32840034357690
	   0.29270047450696
	   0.25571340189000
	   0.21837321323179
	   0.18304291873495
	   0.15039412536444
	   0.12128987524411
	   0.09588184562809
	   0.07406653996545
	   0.05581458844242
	   0.04111462800505
	   0.02935832389151
	   0.02035522379294
	   0.01348250470716
	   0.00861988946623
	   0.00507388055373
	   0.00285538078015
	   0.00131810554961
	   0.00059993965392
	   0.00002671008859
	Type	L	Zeta-Orbital
	  Mn 	1	    2
	   0.15097448089337
	   0.19584751958467
	   0.15312328103317
	   0.04918406412796
	  -0.00850641810143
	  -0.06265303426289
	  -0.08907150137566
	  -0.10960793795195
	  -0.10712765291910
	  -0.10649585318079
	  -0.09377310935650
	  -0.08758348446819
	  -0.07494951222371
	  -0.06842691341701
	  -0.05529224902124
	  -0.04912846701253
	  -0.03701152025814
	  -0.03163077761730
	  -0.02183268534268
	  -0.01976618100667
	  -0.01200874210861
	  -0.01213233873772
	  -0.00543365631472
	  -0.00698639067224
	  -0.00084296427143
	  -0.00408648604615
	   0.00165180993970
	  -0.00300775868686
	   0.00304125042222
	  -0.00375441292916
	   0.00584161276780
	Type	L	Zeta-Orbital
	  Mn 	1	    3
	   0.65471724360443
	  -0.19488409270877
	  -0.65171910127283
	  -0.65165307718015
	  -0.38143553206420
	  -0.08809527951555
	   0.17666293473590
	   0.31599721644030
	   0.36311442697616
	   0.31136802924321
	   0.25551984267670
	   0.20315269363008
	   0.18636036868454
	   0.16261496940820
	   0.16330400039290
	   0.13788409935649
	   0.12040204499071
	   0.07733675144074
	   0.07028149071043
	   0.03433336121827
	   0.03847170176745
	   0.00743047177587
	   0.02342747569954
	  -0.00285831593616
	   0.01499993037637
	  -0.01741329535934
	   0.00695213822730
	  -0.02863832026846
	   0.01100344698455
	  -0.02877726737994
	   0.03599407790604
	Type	L	Zeta-Orbital
	  Mn 	2	    1
	  -0.04624543474286
	  -0.10695024966379
	  -0.17004566735552
	  -0.22219846391255
	  -0.26994198285955
	  -0.30471388519417
	  -0.33455968388847
	  -0.35249624640853
	  -0.36688207822246
	  -0.37191305056959
	  -0.37451652295766
	  -0.36821318901471
	  -0.35864004945198
	  -0.34062865909628
	  -0.32012783817353
	  -0.29316054992785
	  -0.26504131141664
	  -0.23209850001239
	  -0.20055642852934
	  -0.16657795877526
	  -0.13662344785846
	  -0.10620578378177
	  -0.08178555875380
	  -0.05801621140298
	  -0.04143207684089
	  -0.02552228713754
	  -0.01678664454934
	  -0.00748316724980
	  -0.00501043025353
	   0.00027044472085
	  -0.00411900905120
	Type	L	Zeta-Orbital
	  Mn 	2	    2
	   0.19375527094943
	   0.21774288509949
	   0.17501975608924
	   0.06818562986679
	   0.01503023265933
	  -0.06055043509277
	  -0.09538162979514
	  -0.15537220940207
	  -0.16760339375721
	  -0.19270296737060
	  -0.17236433102774
	  -0.17236766636503
	  -0.15220532087777
	  -0.15787227647829
	  -0.14024607251409
	  -0.14043126982763
	  -0.11576666710623
	  -0.11295639392466
	  -0.08442370814889
	  -0.07796871320766
	  -0.05031764270730
	  -0.04867048990754
	  -0.02450639657816
	  -0.02783433120088
	  -0.00593668229206
	  -0.01466677417197
	   0.00606470945680
	  -0.00878293251616
	   0.01220773040064
	  -0.01014204035251
	   0.03789095892057
	Type	L	Zeta-Orbital
	  Mn 	2	    3
	  -0.36907528002195
	  -0.32804344793355
	   0.10178882093313
	   0.39413364614100
	   0.56440604189511
	   0.61978653741970
	   0.52873143779123
	   0.22506776365051
	  -0.10016261804245
	  -0.39451946124205
	  -0.63216418987223
	  -0.78214692787534
	  -0.80609513836595
	  -0.81572532325615
	  -0.81703582926775
	  -0.81287878003813
	  -0.80747385995579
	  -0.79087689546082
	  -0.75163629774864
	  -0.70408679193930
	  -0.63263261788759
	  -0.54965170218514
	  -0.46953164241091
	  -0.38262401063721
	  -0.30711477402890
	  -0.23479601820685
	  -0.16302736952911
	  -0.10389581489644
	  -0.05864705248899
	  -0.01598043366786
	  -0.00599020861990
	Type	L	Zeta-Orbital
	  Mn 	3	    1
	  -0.04064324205391
	  -0.13834626286028
	  -0.23474175607175
	  -0.30642248982745
	  -0.32763612582790
	  -0.37113438715641
	  -0.38682501281838
	  -0.38914099022078
	  -0.36818617529966
	  -0.32692653119971
	  -0.26463754734601
	  -0.20369394574583
	  -0.14868895190133
	  -0.11861399220118
	  -0.09780777316427
	  -0.08721154473214
	  -0.07603605810414
	  -0.06919504941139
	  -0.05805404347861
	  -0.05157181258110
	  -0.03716574039133
	  -0.02974772983955
	  -0.01823506315838
	  -0.01592840648167
	  -0.00976511036925
	  -0.01125133810453
	  -0.00584300032035
	  -0.00805226223718
	  -0.00176216257363
	  -0.00463077489627
	   0.01821723485211
	Type	L	Zeta-Orbital
	  Mn 	3	    2
	  -1.00724419686591
	  -1.07094680820888
	  -0.91301920641580
	  -0.59504977228355
	  -0.27839312280605
	  -0.01744516842651
	   0.22910128559589
	   0.51323395471775
	   0.69912790737538
	   0.84124437377803
	   0.59935439396412
	   0.40702119923101
	   0.21402824850810
	   0.20051644439695
	   0.16461646321591
	   0.19668908429088
	   0.14334371981225
	   0.17195528210050
	   0.08808690161178
	   0.10636066005838
	   0.02739858187961
	   0.06430445753082
	   0.01161504153227
	   0.05990618627765
	  -0.01205826425924
	   0.04470819934120
	  -0.03386582412984
	   0.04336465151800
	  -0.04215440209612
	   0.04057450253839
	  -0.29244799107611
</Coefficient>
<Mkb>
Left spillage = 2.4449250728e-04
</Mkb>
