<Coefficient>
	 7 Total number of radial orbitals.
	Type	L	Zeta-Orbital
	  Tl 	0	    1
	  -0.15974024821490
	  -0.21088571802563
	  -0.07176777270400
	   0.06330902656203
	   0.11994082790537
	   0.11544489644786
	   0.07727800092119
	   0.03492554451772
	   0.00147349673970
	  -0.01556689946810
	  -0.01970837623063
	  -0.01341317602948
	  -0.00468025021097
	   0.00466776102157
	   0.00931829833335
	   0.01186894752429
	   0.00949792360926
	   0.00765379162807
	   0.00320464131857
	   0.00204797099361
	  -0.00092316438507
	   0.00024436303792
	  -0.00153606416941
	   0.00097772280604
	  -0.00160137457685
	Type	L	Zeta-Orbital
	  Tl 	0	    2
	   0.58317167973881
	  -0.38516703999009
	  -0.27324326340149
	   0.33158961134455
	   0.63889431636571
	   0.58056477274717
	   0.36451646281006
	   0.14674551303322
	  -0.02255681538774
	  -0.09916183675014
	  -0.09875053553956
	  -0.07165457869858
	  -0.00925004858560
	   0.02336063311603
	   0.06006283837688
	   0.05272213550565
	   0.06274628970074
	   0.02596360524250
	   0.03152603537733
	  -0.00914331733599
	   0.01406372860384
	  -0.02240038791630
	   0.01933161183093
	  -0.02365332273426
	   0.03653925703988
	Type	L	Zeta-Orbital
	  Tl 	1	    1
	  -0.25771599254862
	  -0.20396383331514
	  -0.09863223203950
	  -0.01016811849701
	   0.02238417834264
	   0.03058962113963
	   0.01363986265843
	   0.00319747095858
	  -0.01043051704961
	  -0.00732743271896
	  -0.00804665906902
	   0.00332645516385
	   0.00228277557371
	   0.01005270503675
	   0.00245893405553
	   0.00723430213017
	  -0.00283981457840
	   0.00422947504980
	  -0.00541796355726
	   0.00501075600699
	  -0.00584192563450
	   0.00684216561295
	  -0.00759078364498
	   0.00971831928898
	  -0.02258773390923
	Type	L	Zeta-Orbital
	  Tl 	1	    2
	   0.47796878531102
	  -0.31962189930343
	  -0.81326754341484
	   0.00978237112822
	   0.08628990200369
	   0.25476720559273
	   0.02199382326235
	  -0.00127394486276
	  -0.13912031211996
	  -0.06302863548913
	  -0.07542748048799
	   0.03805245792085
	   0.02762259844447
	   0.08762721770005
	   0.03167996756011
	   0.05363898781085
	  -0.00859383536505
	   0.02069222448690
	  -0.02724655416122
	   0.01997978905760
	  -0.02404434232300
	   0.02828352617250
	  -0.02736581169807
	   0.03604868788549
	  -0.07669209326192
	Type	L	Zeta-Orbital
	  Tl 	2	    1
	   0.05602025527204
	   0.17927253831576
	   0.31494099525237
	   0.42235163710474
	   0.48369125916722
	   0.50117846564088
	   0.48124741140607
	   0.43537774429194
	   0.37204479531828
	   0.30161422796398
	   0.23095131144000
	   0.16638351567858
	   0.11163004541566
	   0.06879487856167
	   0.03789202109408
	   0.01781292310167
	   0.00637171256690
	   0.00112372254185
	  -0.00054672909421
	  -0.00038177384735
	   0.00007412982082
	   0.00042587497126
	   0.00030131430271
	   0.00009080647547
	  -0.00035423321928
	Type	L	Zeta-Orbital
	  Tl 	2	    2
	  -0.29919286934545
	  -1.19372143794966
	  -0.61377402714553
	   0.03577165216588
	   0.56686927519213
	   0.65389680359214
	   0.68762449903790
	   0.61457633365399
	   0.57574798075320
	   0.44461539732128
	   0.37197930003551
	   0.25090197270829
	   0.20900618245920
	   0.11268170456395
	   0.10276752212544
	   0.02459182675590
	   0.03908329590210
	  -0.02470627108036
	   0.02620945302472
	  -0.03031422016848
	   0.03747077728377
	  -0.03262650777494
	   0.04202361229911
	  -0.04274012648504
	   0.25097526947483
	Type	L	Zeta-Orbital
	  Tl 	3	    1
	   0.23367460336822
	   1.01120572424755
	   0.96570155448494
	   1.04952846259744
	   0.70283823549336
	   0.52279488591156
	   0.25552558865279
	   0.24374455584733
	   0.10009942363212
	   0.11483876241712
	   0.00746064144770
	   0.04557266212775
	  -0.03087029018882
	   0.03939137758873
	  -0.03906266892700
	   0.04651573198153
	  -0.03869198994708
	   0.04956177146838
	  -0.05036305328801
	   0.05207029003026
	  -0.04975544344475
	   0.06346471591268
	  -0.04997812442355
	  -0.07828959305691
	  -0.94610174971845
</Coefficient>
<Mkb>
Left spillage = 3.4825986839e-03
</Mkb>
