<Coefficient>
	 2 Total number of radial orbitals.
	Type	L	Zeta-Orbital
	  S 	0	    1
	   0.22363887057352
	   0.55436092451775
	   0.63677575080575
	   0.46810803393807
	   0.21209421319779
	  -0.02281881005724
	  -0.18267682857922
	  -0.26910452032073
	  -0.29553928578452
	  -0.28275377399562
	  -0.24610699540253
	  -0.19880545604761
	  -0.14915570046626
	  -0.10422072942924
	  -0.06711358680183
	  -0.03943373135271
	  -0.01962663944135
	  -0.00767071837495
	  -0.00060227845497
	   0.00177381957694
	   0.00257708691093
	   0.00128810452558
	   0.00062566345017
	  -0.00090846521084
	  -0.00089386615202
	  -0.00166762049187
	  -0.00066593686310
	  -0.00107086595900
	Type	L	Zeta-Orbital
	  S 	1	    1
	  -0.23704408096450
	  -0.55201133982594
	  -0.68567796115143
	  -0.64651937406288
	  -0.52504106112092
	  -0.37787495809677
	  -0.24880170340345
	  -0.14352961156103
	  -0.06991614727093
	  -0.01900339108224
	   0.01059316164491
	   0.02752846449007
	   0.03111349876781
	   0.02948735556960
	   0.02280807729512
	   0.01735627085355
	   0.01030667671677
	   0.00672938574961
	   0.00228488267112
	   0.00166841585878
	  -0.00058832769838
	   0.00065133415520
	  -0.00083991973399
	   0.00105107896750
	  -0.00073748953212
	   0.00138295810373
	  -0.00129508780562
	   0.00257046632588
</Coefficient>
<Mkb>
Left spillage = 2.4127525818e-02
</Mkb>
