  0.000000   -1.32999408409057   -0.49750848871151    0.00000000000000    0.00000000000000  
  0.010000   -1.32995414894913   -0.49749212290430   -0.01455123961767   -0.00012448038636  
  0.020000   -1.32983433162077   -0.49744300638141   -0.02910040137232   -0.00049774463008  
  0.030000   -1.32963459643262   -0.49736108190692   -0.04364539932804   -0.00111926256724  
  0.040000   -1.32935488406018   -0.49724625431343   -0.05818413144284   -0.00198815252844  
  0.050000   -1.32899511172262   -0.49709839083944   -0.07271447161466   -0.00310318423138  
  0.060000   -1.32855517345541   -0.49691732159907   -0.08723426184564   -0.00446278280455  
  0.070000   -1.32803494045980   -0.49670284018149   -0.10174130456311   -0.00606503391638  
  0.080000   -1.32743426152834   -0.49645470437677   -0.11623335513516   -0.00790768997714  
  0.090000   -1.32675296354543   -0.49617263702417   -0.13070811461735   -0.00998817737417  
  0.100000   -1.32599085206171   -0.49585632697816   -0.14516322276626   -0.01230360469489  
  0.110000   -1.32514771194105   -0.49550543018702   -0.15959625135405   -0.01485077188554  
  0.120000   -1.32422330807856   -0.49511957087800   -0.17400469781688   -0.01762618028857  
  0.130000   -1.32321738618803   -0.49469834284290   -0.18838597926817   -0.02062604349609  
  0.140000   -1.32212967365693   -0.49424131081697   -0.20273742690608   -0.02384629895227  
  0.150000   -1.32095988046704   -0.49374801194402   -0.21705628084256   -0.02728262023373  
  0.160000   -1.31970770017860   -0.49321795731996   -0.23133968537927   -0.03093042993302  
  0.170000   -1.31837281097565   -0.49265063360685   -0.24558468475349   -0.03478491306802  
  0.180000   -1.31695487677027   -0.49204550470916   -0.25978821937486   -0.03884103093717  
  0.190000   -1.31545354836301   -0.49140201350381   -0.27394712257157   -0.04309353533941  
  0.200000   -1.31386846465708   -0.49071958361545   -0.28805811786192   -0.04753698307624  
  0.210000   -1.31219925392330   -0.48999762122819   -0.30211781676493   -0.05216575065340  
  0.220000   -1.31044553511308   -0.48923551692536   -0.31612271716120   -0.05697404909975  
  0.230000   -1.30860691921627   -0.48843264754835   -0.33006920221224   -0.06195593882200  
  0.240000   -1.30668301066097   -0.48758837806638   -0.34395353984456   -0.06710534441549  
  0.250000   -1.30467340875196   -0.48670206344867   -0.35777188280173   -0.07241606935364  
  0.260000   -1.30257770914452   -0.48577305053091   -0.37152026926532   -0.07788181048119  
  0.270000   -1.30039550535031   -0.48480067986846   -0.38519462404299   -0.08349617224003  
  0.280000   -1.29812639027190   -0.48378428756855   -0.39879076031978   -0.08925268056022  
  0.290000   -1.29576995776249   -0.48272320709463   -0.41230438196577   -0.09514479635308  
  0.300000   -1.29332580420723   -0.48161677103620   -0.42573108639154   -0.10116592854832  
  0.310000   -1.29079353012264   -0.48046431283799   -0.43906636793992   -0.10730944662229  
  0.320000   -1.28817274177056   -0.47926516848287   -0.45230562180106   -0.11356869256999  
  0.330000   -1.28546305278298   -0.47801867812346   -0.46544414843512   -0.11993699227954  
  0.340000   -1.28266408579409   -0.47672418765806   -0.47847715848542   -0.12640766627392  
  0.350000   -1.27977547407597   -0.47538105024687   -0.49139977816270   -0.13297403979107  
  0.360000   -1.27679686317433   -0.47398862776539   -0.50420705507984   -0.13962945218000  
  0.370000   -1.27372791254056   -0.47254629219239   -0.51689396451424   -0.14636726559715  
  0.380000   -1.27056829715661   -0.47105342693046   -0.52945541607429   -0.15318087299375  
  0.390000   -1.26731770914914   -0.46950942805787   -0.54188626074456   -0.16006370539149  
  0.400000   -1.26397585938931   -0.46791370551100   -0.55418129828341   -0.16700923845034  
  0.410000   -1.26054247907487   -0.46626568419736   -0.56633528494584   -0.17401099833840  
  0.420000   -1.25701732129109   -0.46456480503975   -0.57834294150334   -0.18106256692016  
  0.430000   -1.25340016254713   -0.46281052595272   -0.59019896153206   -0.18815758628475  
  0.440000   -1.24969080428466   -0.46100232275304   -0.60189801993982   -0.19528976264196  
  0.450000   -1.24588907435550   -0.45913969000645   -0.61343478170245   -0.20245286961821  
  0.460000   -1.24199482846511   -0.45722214181353   -0.62480391077944   -0.20964075099004  
  0.470000   -1.23800795157910   -0.45524921253774   -0.63600007917892   -0.21684732289640  
  0.480000   -1.23392835928968   -0.45322045747951   -0.64701797614213   -0.22406657557528  
  0.490000   -1.22975599913929   -0.45113545350014   -0.65785231741748   -0.23129257467313  
  0.500000   -1.22549085189888   -0.44899379960014   -0.66849785459493   -0.23851946217850  
  0.510000   -1.22113293279808   -0.44679511745631   -0.67894938447179   -0.24574145703353  
  0.520000   -1.21668229270494   -0.44453905192268   -0.68920175842123   -0.25295285547822  
  0.530000   -1.21213901925304   -0.44222527150004   -0.69924989173624   -0.26014803118393  
  0.540000   -1.20750323791360   -0.43985346877938   -0.70908877292156   -0.26732143523261  
  0.550000   -1.20277511301076   -0.43742336086423   -0.71871347290793   -0.27446759599823  
  0.560000   -1.19795484867816   -0.43493468977703   -0.72811915416313   -0.28158111898626  
  0.570000   -1.19304268975497   -0.43238722285475   -0.73730107967584   -0.28865668668550  
  0.580000   -1.18803892261996   -0.42978075313845   -0.74625462178908   -0.29568905848513  
  0.590000   -1.18294387596217   -0.42711509976179   -0.75497527086135   -0.30267307070690  
  0.600000   -1.17775792148689   -0.42439010834276   -0.76345864373451   -0.30960363679997  
  0.610000   -1.17248147455590   -0.42160565138318   -0.77170049198874   -0.31647574774238  
  0.620000   -1.16711499476110   -0.41876162867950   -0.77969670996629   -0.32328447268919  
  0.630000   -1.16165898643064   -0.41585796774886   -0.78744334254656   -0.33002495990335  
  0.640000   -1.15611399906711   -0.41289462427313   -0.79493659265669   -0.33669243800067  
  0.650000   -1.15048062771722   -0.40987158256394   -0.80217282850272   -0.34328221753539  
  0.660000   -1.14475951327276   -0.40678885605060   -0.80914859050794   -0.34978969294780  
  0.670000   -1.13895134270273   -0.40364648779280   -0.81586059794587   -0.35621034488992  
  0.680000   -1.13305684921663   -0.40044455101907   -0.82230575525672   -0.36253974293978  
  0.690000   -1.12707681235913   -0.39718314969167   -0.82848115803726   -0.36877354870931  
  0.700000   -1.12101205803647   -0.39386241909788   -0.83438409869513   -0.37490751934505  
  0.710000   -1.11486345847507   -0.39048252646703   -0.84001207175956   -0.38093751141540  
  0.720000   -1.10863193211300   -0.38704367161238   -0.84536277884167   -0.38685948517235  
  0.730000   -1.10231844342501   -0.38354608759578   -0.85043413323828   -0.39266950917046  
  0.740000   -1.09592400268222   -0.37999004141310   -0.85522426417425   -0.39836376522012  
  0.750000   -1.08944966564723   -0.37637583469741   -0.85973152067903   -0.40393855364749  
  0.760000   -1.08289653320609   -0.37270380443662   -0.86395447509408   -0.40939029882841  
  0.770000   -1.07626575093824   -0.36897432370163   -0.86789192620831   -0.41471555495904  
  0.780000   -1.06955850862586   -0.36518780238058   -0.87154290201970   -0.41991101202221  
  0.790000   -1.06277603970415   -0.36134468791452   -0.87490666212163   -0.42497350190414  
  0.800000   -1.05591962065416   -0.35744546602902   -0.87798269971295   -0.42990000461342  
  0.810000   -1.04899057033975   -0.35349066145628   -0.88077074323184   -0.43468765455092  
  0.820000   -1.04199024929068   -0.34948083864174   -0.88327075761317   -0.43933374677715  
  0.830000   -1.03492005893337   -0.34541660242896   -0.88548294517044   -0.44383574322160  
  0.840000   -1.02778144077161   -0.34129859871626   -0.88740774610287   -0.44819127877743  
  0.850000   -1.02057587551894   -0.33712751507865   -0.88904583862924   -0.45239816722393  
  0.860000   -1.01330488218482   -0.33290408134811   -0.89039813875007   -0.45645440691921  
  0.870000   -1.00597001711678   -0.32862907014553   -0.89146579964001   -0.46035818620563  
  0.880000   -0.99857287300052   -0.32430329735747   -0.89225021067278   -0.46410788847172  
  0.890000   -0.99111507782025   -0.31992762255098   -0.89275299608105   -0.46770209681544  
  0.900000   -0.98359829378143   -0.31550294931979   -0.89297601325401   -0.47113959825586  
  0.910000   -0.97602421619795   -0.31103022555545   -0.89292135067555   -0.47441938744284  
  0.920000   -0.96839457234633   -0.30651044363715   -0.89259132550627   -0.47754066981707  
  0.930000   -0.96071112028865   -0.30194464053421   -0.89198848081280   -0.48050286417656  
  0.940000   -0.95297564766694   -0.29733389781570   -0.89111558244789   -0.48330560460938  
  0.950000   -0.94518997047076   -0.29267934156182   -0.88997561558558   -0.48594874175690  
  0.960000   -0.93735593178045   -0.28798214217236   -0.88857178091530   -0.48843234337624  
  0.970000   -0.92947540048810   -0.28324351406779   -0.88690749049972   -0.49075669417589  
  0.980000   -0.92155026999829   -0.27846471527930   -0.88498636330110   -0.49292229490357  
  0.990000   -0.91358245691077   -0.27364704692443   -0.88281222038135   -0.49492986067079  
  1.000000   -0.90557389968705   -0.26879185256579   -0.88038907978160   -0.49678031850454  
  1.010000   -0.89752655730293   -0.26390051745063   -0.87772115108714   -0.49847480412208  
  1.020000   -0.88944240788889   -0.25897446763011   -0.87481282968449   -0.50001465793070  
  1.030000   -0.88132344736011   -0.25401516895747   -0.87166869071747   -0.50140142026046  
  1.040000   -0.87317168803816   -0.24902412596503   -0.86829348275006   -0.50263682584344  
  1.050000   -0.86498915726585   -0.24400288062077   -0.86469212114404   -0.50372279755918  
  1.060000   -0.85677789601710   -0.23895301096586   -0.86086968116045   -0.50466143947131  
  1.070000   -0.84853995750336   -0.23387612963507   -0.85683139079417   -0.50545502918616  
  1.080000   -0.84027740577815   -0.22877388226307   -0.85258262335182   -0.50610600956917  
  1.090000   -0.83199231434115   -0.22364794577974   -0.84812888978401   -0.50661697986003  
  1.100000   -0.82368676474328   -0.21850002659884   -0.84347583078337   -0.50699068623199  
  1.110000   -0.81536284519406   -0.21333185870458   -0.83862920866097   -0.50723001184525  
  1.120000   -0.80702264917247   -0.20814520164160   -0.83359489901418   -0.50733796644812  
  1.130000   -0.79866827404260   -0.20294183841411   -0.82837888220013   -0.50731767558301  
  1.140000   -0.79030181967493   -0.19772357330075   -0.82298723462947   -0.50717236945760  
  1.150000   -0.78192538707465   -0.19249222959219   -0.81742611989615   -0.50690537154375  
  1.160000   -0.77354107701754   -0.18724964725877   -0.81170177975970   -0.50652008696880  
  1.170000   -0.76515098869474   -0.18199768055610   -0.80582052499710   -0.50601999076558  
  1.180000   -0.75675721836680   -0.17673819557691   -0.79978872614253   -0.50540861604806  
  1.190000   -0.74836185802824   -0.17147306775755   -0.79361280413350   -0.50468954218025  
  1.200000   -0.73996699408284   -0.16620417934798   -0.78729922088314   -0.50386638300571  
  1.210000   -0.73157470603077   -0.16093341685434   -0.78085446979865   -0.50294277520427  
  1.220000   -0.72318706516782   -0.15566266846303   -0.77428506626678   -0.50192236684150  
  1.230000   -0.71480613329749   -0.15039382145582   -0.76759753812785   -0.50080880617458  
  1.240000   -0.70643396145641   -0.14512875962499   -0.76079841616010   -0.49960573077606  
  1.250000   -0.69807258865350   -0.13986936069785   -0.75389422459682   -0.49831675703425  
  1.260000   -0.68972404062345   -0.13461749377994   -0.74689147169900   -0.49694547008576  
  1.270000   -0.68139032859484   -0.12937501682553   -0.73979664040653   -0.49549541423210  
  1.280000   -0.67307344807336   -0.12414377414477   -0.73261617909124   -0.49397008388838  
  1.290000   -0.66477537764052   -0.11892559395554   -0.72535649243513   -0.49237291510743  
  1.300000   -0.65649807776818   -0.11372228598864   -0.71802393245715   -0.49070727771848  
  1.310000   -0.64824348964935   -0.10853563915410   -0.71062478971187   -0.48897646811406  
  1.320000   -0.64001353404556   -0.10336741927609   -0.70316528468319   -0.48718370271400  
  1.330000   -0.63181011015120   -0.09821936690362   -0.69565155939584   -0.48533211212975  
  1.340000   -0.62363509447527   -0.09309319520360   -0.68808966926711   -0.48342473604684  
  1.350000   -0.61549033974085   -0.08799058794241   -0.68048557522084   -0.48146451883777  
  1.360000   -0.60737767380277   -0.08291319756143   -0.67284513608480   -0.47945430591182  
  1.370000   -0.59929889858387   -0.07786264335176   -0.66517410129206   -0.47739684080263  
  1.380000   -0.59125578903039   -0.07284050973230   -0.65747810390616   -0.47529476298902  
  1.390000   -0.58325009208688   -0.06784834463518   -0.64976265398872   -0.47315060643889  
  1.400000   -0.57528352569125   -0.06288765800170   -0.64203313232729   -0.47096679886063  
  1.410000   -0.56735777779050   -0.05795992039131   -0.63429478453994   -0.46874566164153  
  1.420000   -0.55947450537759   -0.05306656170567   -0.62655271557189   -0.46648941044781  
  1.430000   -0.55163533355040   -0.04820897002899   -0.61881188459829   -0.46420015645592  
  1.440000   -0.54384185459302   -0.04338849058549   -0.61107710034543   -0.46187990818107  
  1.450000   -0.53609562708056   -0.03860642481403   -0.60335301684171   -0.45953057386443  
  1.460000   -0.52839817500779   -0.03386402955934   -0.59564412960756   -0.45715396437715  
  1.470000   -0.52075098694275   -0.02916251637894   -0.58795477229236   -0.45475179659637  
  1.480000   -0.51315551520600   -0.02450305096399   -0.58028911376440   -0.45232569720521  
  1.490000   -0.50561317507639   -0.01988675267197   -0.57265115565817   -0.44987720686700  
  1.500000   -0.49812534402434   -0.01531469416863   -0.56504473038187   -0.44740778472170  
  1.510000   -0.49069336097353   -0.01078790117594   -0.55747349958566   -0.44491881315161  
  1.520000   -0.48331852559196   -0.00630735232275   -0.54994095308992   -0.44241160276227  
  1.530000   -0.47600209761348   -0.00187397909396   -0.54245040827048   -0.43988739752428  
  1.540000   -0.46874529619071    0.00251133412576   -0.53500500989649   -0.43734738002189  
  1.550000   -0.46154929928055    0.00684774991852   -0.52760773041412   -0.43479267675467  
  1.560000   -0.45441524306320    0.01113447761464   -0.52026137066830   -0.43222436343987  
  1.570000   -0.44734422139598    0.01537077299428   -0.51296856105227   -0.42964347026447  
  1.580000   -0.44033728530283    0.01955593791411   -0.50573176307349   -0.42705098703768  
  1.590000   -0.43339544250074    0.02368931986478   -0.49855327132259   -0.42444786819747  
  1.600000   -0.42651965696422    0.02777031146431   -0.49143521583056   -0.42183503762689  
  1.610000   -0.41971084852874    0.03179834989304   -0.48437956479799   -0.41921339323948  
  1.620000   -0.41296989253442    0.03577291627552   -0.47738812767846   -0.41658381129613  
  1.630000   -0.40629761951087    0.03969353501488   -0.47046255859728   -0.41394715041963  
  1.640000   -0.39969481490420    0.04355977308483   -0.46360436008530   -0.41130425527701  
  1.650000   -0.39316221884732    0.04737123928478   -0.45681488710650   -0.40865595990381  
  1.660000   -0.38670052597426    0.05112758346286   -0.45009535135707   -0.40600309064882  
  1.670000   -0.38031038527963    0.05482849571190   -0.44344682581292   -0.40334646872230  
  1.680000   -0.37399240002377    0.05847370554297   -0.43687024950166   -0.40068691233478  
  1.690000   -0.36774712768467    0.06206298104089   -0.43036643247473   -0.39802523841872  
  1.700000   -0.36157507995704    0.06559612800574   -0.42393606095468   -0.39536226392915  
  1.710000   -0.35547672279942    0.06907298908438   -0.41757970263227   -0.39269880672430  
  1.720000   -0.34945247652961    0.07249344289536   -0.41129781208821   -0.39003568603152  
  1.730000   -0.34350271596906    0.07585740315051   -0.40509073631376   -0.38737372250788  
  1.740000   -0.33762777063645    0.07916481777595   -0.39895872030495   -0.38471373790905  
  1.750000   -0.33182792499070    0.08241566803524   -0.39290191270527   -0.38205655438399  
  1.760000   -0.32610341872360    0.08560996765661   -0.38692037147178   -0.37940299341634  
  1.770000   -0.32045444710202    0.08874776196629   -0.38101406954061   -0.37675387443699  
  1.780000   -0.31488116135960    0.09182912702929   -0.37518290046789   -0.37411001313540  
  1.790000   -0.30938366913778    0.09485416879895   -0.36942668402314   -0.37147221949960  
  1.800000   -0.30396203497572    0.09782302227583   -0.36374517171312   -0.36884129561773  
  1.810000   -0.29861628084871    0.10073585067672   -0.35813805221477   -0.36621803327541  
  1.820000   -0.29334638675448    0.10359284461388   -0.35260495669721   -0.36360321138540  
  1.830000   -0.28815229134658    0.10639422128437   -0.34714546401391   -0.36099759328676  
  1.840000   -0.28303389261417    0.10914022366936   -0.34175910574710   -0.35840192395204  
  1.850000   -0.27799104860698    0.11183111974266   -0.33644537108827   -0.35581692714096  
  1.860000   -0.27302357820458    0.11446720168792   -0.33120371153950   -0.35324330253959  
  1.870000   -0.26813126192850    0.11704878512340   -0.32603354542230   -0.35068172292320  
  1.880000   -0.26331384279593    0.11957620833339   -0.32093426218172   -0.34813283138063  
  1.890000   -0.25857102721354    0.12204983150493   -0.31590522647523   -0.34559723863658  
  1.900000   -0.25390248590967    0.12447003596861   -0.31094578203744   -0.34307552050687  
  1.910000   -0.24930785490325    0.12683722344209   -0.30605525531327   -0.34056821551988  
  1.920000   -0.24478673650760    0.12915181527489   -0.30123295885368   -0.33807582273533  
  1.930000   -0.24033870036709    0.13141425169314   -0.29647819446983   -0.33559879978882  
  1.940000   -0.23596328452463    0.13362499104277   -0.29179025614288   -0.33313756118819  
  1.950000   -0.23165999651784    0.13578450902994   -0.28716843268847   -0.33069247688459  
  1.960000   -0.22742831450165    0.13789329795739   -0.28261201017608   -0.32826387113804  
  1.970000   -0.22326768839497    0.13995186595559   -0.27812027410528   -0.32585202169398  
  1.980000   -0.21917754104904    0.14196073620765   -0.27369251134198   -0.32345715928380  
  1.990000   -0.21515726943499    0.14392044616711   -0.26932801181937   -0.32107946745873  
  2.000000   -0.21120624584813    0.14583154676797   -0.26502607000942   -0.31871908276299  
  2.010000   -0.20732381912625    0.14769460162633   -0.26078598617199   -0.31637609524824  
  2.020000   -0.20350931587951    0.14951018623346   -0.25660706738977   -0.31405054932784  
  2.030000   -0.19976204172906    0.15127888714004   -0.25248862839827   -0.31174244496591  
  2.040000   -0.19608128255191    0.15300130113181   -0.24842999222108   -0.30945173919234  
  2.050000   -0.19246630572928    0.15467803439694   -0.24443049062131   -0.30717834793191  
  2.060000   -0.18891636139570    0.15630970168566   -0.24048946438103   -0.30492214813206  
  2.070000   -0.18543068368636    0.15789692546302   -0.23660626342103   -0.30268298017100  
  2.080000   -0.18200849197987    0.15944033505573   -0.23278024677382   -0.30046065052492  
  2.090000   -0.17864899213399    0.16094056579452   -0.22901078242314   -0.29825493467024  
  2.100000   -0.17535137771153    0.16239825815326   -0.22529724702362   -0.29606558019494  
  2.110000   -0.17211483119421    0.16381405688685   -0.22163902551429   -0.29389231009031  
  2.120000   -0.16893852518172    0.16518861016943   -0.21803551064004   -0.29173482619315  
  2.130000   -0.16582162357366    0.16652256873534   -0.21448610239463   -0.28959281274681  
  2.140000   -0.16276328273222    0.16781658502476   -0.21099020739919   -0.28746594004825  
  2.150000   -0.15976265262307    0.16907131233665   -0.20754723822972   -0.28535386814762  
  2.160000   -0.15681887793256    0.17028740399140   -0.20415661270671   -0.28325625056635  
  2.170000   -0.15393109915907    0.17146551250581   -0.20081775315978   -0.28117273799963  
  2.180000   -0.15109845367661    0.17260628878313   -0.19753008567964   -0.27910298196934  
  2.190000   -0.14832007676888    0.17371038132087   -0.19429303936917   -0.27704663839426  
  2.200000   -0.14559510263205    0.17477843543922   -0.19110604560464   -0.27500337104495  
  2.210000   -0.14292266534476    0.17581109253275   -0.18796853731761   -0.27297285485239  
  2.220000   -0.14030189980384    0.17680898934828   -0.18487994830707   -0.27095477904041  
  2.230000   -0.13773194262451    0.17777275729146   -0.18183971259074   -0.26894885005443  
  2.240000   -0.13521193300388    0.17870302176482   -0.17884726380350   -0.26695479426054  
  2.250000   -0.13274101354673    0.17960040153968   -0.17590203464995   -0.26497236039161  
  2.260000   -0.13031833105271    0.18046550816440   -0.17300345641752   -0.26300132171962  
  2.270000   -0.12794303726426    0.18129894541111   -0.17015095855510   -0.26104147793619  
  2.280000   -0.12561428957466    0.18210130876301   -0.16734396832176   -0.25909265672592  
  2.290000   -0.12333125169572    0.18287318494401   -0.16458191050869   -0.25715471502084  
  2.300000   -0.12109309428496    0.18361515149247   -0.16186420723701   -0.25522753992663  
  2.310000   -0.11889899553200    0.18432777638019   -0.15919027783277   -0.25331104931519  
  2.320000   -0.11674814170426    0.18501161767805   -0.15655953877976   -0.25140519208105  
  2.330000   -0.11463972765209    0.18566722326889   -0.15397140374996   -0.24950994806246  
  2.340000   -0.11257295727357    0.18629513060836   -0.15142528371031   -0.24762532763128  
  2.350000   -0.11054704393947    0.18689586653395   -0.14892058710399   -0.24575137095903  
  2.360000   -0.10856121087877    0.18746994712227   -0.14645672010347   -0.24388814696951  
  2.370000   -0.10661469152560    0.18801787759409   -0.14403308693190   -0.24203575199136  
  2.380000   -0.10470672982818    0.18854015226674   -0.14164909024883   -0.24019430812692  
  2.390000   -0.10283658052078    0.18903725455282   -0.13930413159548   -0.23836396135620  
  2.400000   -0.10100350935961    0.18950965700399   -0.13699761189462   -0.23654487939747  
  2.410000   -0.09920679332379    0.18995782139845   -0.13472893199910   -0.23473724934802  
  2.420000   -0.09744572078250    0.19038219887029   -0.13249749328331   -0.23294127513077  
  2.430000   -0.09571959162962    0.19078323007861   -0.13030269827093   -0.23115717477411  
  2.440000   -0.09402771738721    0.19116134541426   -0.12814395129259   -0.22938517755369  
  2.450000   -0.09236942127912    0.19151696524150   -0.12602065916646   -0.22762552102629  
  2.460000   -0.09074403827632    0.19185050017205   -0.12393223189502   -0.22587844798653  
  2.470000   -0.08915091511528    0.19216235136844   -0.12187808337097   -0.22414420337776  
  2.480000   -0.08758941029115    0.19245291087365   -0.11985763208541   -0.22242303118888  
  2.490000   -0.08605889402707    0.19272256196384   -0.11787030183145   -0.22071517136855  
  2.500000   -0.08455874822140    0.19297167952065   -0.11591552239667   -0.21902085678798  
  2.510000   -0.08308836637437    0.19320063041984   -0.11399273023791   -0.21734031028281  
  2.520000   -0.08164715349575    0.19340977393260   -0.11210136913228   -0.21567374180356  
  2.530000   -0.08023452599521    0.19359946213605   -0.11024089079863   -0.21402134570280  
  2.540000   -0.07884991155698    0.19377004032938   -0.10841075548396   -0.21238329818579  
  2.550000   -0.07749274900024    0.19392184745204   -0.10661043250979   -0.21075975494952  
  2.560000   -0.07616248812700    0.19405521650058   -0.10483940077402   -0.20915084903280  
  2.570000   -0.07485858955887    0.19417047494068   -0.10309714920411   -0.20755668889820  
  2.580000   -0.07358052456420    0.19426794511112   -0.10138317715831   -0.20597735676393  
  2.590000   -0.07232777487709    0.19434794461642   -0.09969699477161   -0.20441290720114  
  2.600000   -0.07109983250964    0.19441078670530   -0.09803812324445   -0.20286336600959  
  2.610000   -0.06989619955875    0.19445678063201   -0.09640609507208   -0.20132872938163  
  2.620000   -0.06871638800875    0.19448623199792   -0.09480045421348   -0.19980896336144  
  2.630000   -0.06755991953109    0.19449944307107   -0.09322075619922   -0.19830400360370  
  2.640000   -0.06642632528228    0.19449671308133   -0.09166656817815   -0.19681375543264  
  2.650000   -0.06531514570099    0.19447833848948   -0.09013746890352   -0.19533809419965  
  2.660000   -0.06422593030550    0.19444461322838   -0.08863304865958   -0.19387686593434  
  2.670000   -0.06315823749233    0.19439582891511   -0.08715290913025   -0.19242988828145  
  2.680000   -0.06211163433683    0.19433227503271   -0.08569666321208   -0.19099695171283  
  2.690000   -0.06108569639667    0.19425423908108   -0.08426393477395   -0.18957782100133  
  2.700000   -0.06008000751874    0.19416200669637   -0.08285435836680   -0.18817223694061  
  2.710000   -0.05909415965016    0.19405586173873   -0.08146757888655   -0.18677991829284  
  2.720000   -0.05812775265396    0.19393608634868   -0.08010325119437   -0.18540056394387  
  2.730000   -0.05718039412977    0.19380296097232   -0.07876103969819   -0.18403385524351  
  2.740000   -0.05625169924001    0.19365676435633   -0.07744061790003   -0.18267945850692  
  2.750000   -0.05534129054185    0.19349777351359   -0.07614166791378   -0.18133702765168  
  2.760000   -0.05444879782511    0.19332626366073   -0.07486387995834   -0.18000620694363  
  2.770000   -0.05357385795637    0.19314250812920   -0.07360695183097   -0.17868663382403  
  2.780000   -0.05271611472931    0.19294677825148   -0.07237058836614   -0.17737794178960  
  2.790000   -0.05187521872133    0.19273934322451   -0.07115450088475   -0.17607976329669  
  2.800000   -0.05105082715644    0.19252046995240   -0.06995840663907   -0.17479173266102  
  2.810000   -0.05024260377437    0.19229042287086   -0.06878202825822   -0.17351348892407  
  2.820000   -0.04945021870568    0.19204946375575   -0.06762509319925   -0.17224467865834  
  2.830000   -0.04867334835280    0.19179785151840   -0.06648733320857   -0.17098495868390  
  2.840000   -0.04791167527669    0.19153584199040   -0.06536848379832   -0.16973399867001  
  2.850000   -0.04716488808900    0.19126368770061   -0.06426828374197   -0.16849148359670  
  2.860000   -0.04643268134924    0.19098163764734   -0.06318647459328   -0.16725711605286  
  2.870000   -0.04571475546684    0.19068993706833   -0.06212280023247   -0.16603061834897  
  2.880000   -0.04501081660768    0.19038882721160   -0.06107700644281   -0.16481173442473  
  2.890000   -0.04432057660469    0.19007854510985   -0.06004884052095   -0.16360023153378  
  2.900000   -0.04364375287224    0.18975932336119   -0.05903805092351   -0.16239590169031  
  2.910000   -0.04298006832391    0.18943138991878   -0.05804438695230   -0.16119856286441  
  2.920000   -0.04232925129320    0.18909496789213   -0.05706759847998   -0.16000805991593  
  2.930000   -0.04169103545686    0.18875027536221   -0.05610743571767   -0.15882426525911  
  2.940000   -0.04106515976045    0.18839752521283   -0.05516364902537   -0.15764707925281  
  2.950000   -0.04045136834575    0.18803692498031   -0.05423598876599   -0.15647643031429  
  2.960000   -0.03984941047961    0.18766867672328   -0.05332420520283   -0.15531227475682  
  2.970000   -0.03925904048393    0.18729297691432   -0.05242804844048   -0.15415459635451  
  2.980000   -0.03868001766653    0.18691001635492   -0.05154726840828   -0.15300340564013  
  2.990000   -0.03811210625233    0.18651998011490   -0.05068161488522   -0.15185873894447  
  3.000000   -0.03755507531488    0.18612304749733   -0.04983083756488   -0.15072065718839  
  3.010000   -0.03700869870773    0.18571939202957   -0.04899468615846   -0.14958924444083  
  3.020000   -0.03647275499545    0.18530918148093   -0.04817291053370   -0.14846460625861  
  3.030000   -0.03594702738423    0.18489257790711   -0.04736526088725   -0.14734686782568  
  3.040000   -0.03543130365158    0.18446973772138   -0.04657148794764   -0.14623617191154  
  3.050000   -0.03492537607535    0.18404081179204   -0.04579134320574   -0.14513267667015  
  3.060000   -0.03442904136159    0.18360594556570   -0.04502457916965   -0.14403655330220  
  3.070000   -0.03394210057136    0.18316527921538   -0.04427094964031   -0.14294798360466  
  3.080000   -0.03346435904639    0.18271894781256   -0.04353021000445   -0.14186715743281  
  3.090000   -0.03299562633353    0.18226708152151   -0.04280211754115   -0.14079427010041  
  3.100000   -0.03253571610793    0.18180980581477   -0.04208643173815   -0.13972951974432  
  3.110000   -0.03208444609511    0.18134724170771   -0.04138291461417   -0.13867310467991  
  3.120000   -0.03164163799183    0.18087950601046   -0.04069133104358   -0.13762522077387  
  3.130000   -0.03120711738587    0.18040671159503   -0.04001144907940   -0.13658605886028  
  3.140000   -0.03078071367491    0.17992896767550   -0.03934304027126   -0.13555580222558  
  3.150000   -0.03036225998447    0.17944638009879   -0.03868587997456   -0.13453462418716  
  3.160000   -0.02995159308514    0.17895905164376   -0.03803974764751   -0.13352268578909  
  3.170000   -0.02954855330931    0.17846708232596   -0.03740442713282   -0.13252013363736  
  3.180000   -0.02915298446742    0.17797056970564   -0.03677970692104   -0.13152709789550  
  3.190000   -0.02876473376408    0.17746960919631   -0.03616538039268   -0.13054369045964  
  3.200000   -0.02838365171408    0.17696429437135   -0.03556124603665   -0.12957000333020  
  3.210000   -0.02800959205873    0.17645471726606   -0.03496710764277   -0.12860610719554  
  3.220000   -0.02764241168247    0.17594096867269   -0.03438277446637   -0.12765205024026  
  3.230000   -0.02728197053016    0.17542313842609   -0.03380806136330   -0.12670785718910  
  3.240000   -0.02692813152524    0.17490131567741   -0.03324278889406   -0.12577352859459  
  3.250000   -0.02658076048884    0.17437558915394   -0.03268678339609   -0.12484904037414  
  3.260000   -0.02623972606025    0.17384604740281   -0.03213987702347   -0.12393434360003  
  3.270000   -0.02590489961877    0.17331277901667   -0.03160190775376   -0.12302936454289  
  3.280000   -0.02557615520729    0.17277587283961   -0.03107271936197   -0.12213400496687  
  3.290000   -0.02525336945764    0.17223541815189   -0.03055216136206   -0.12124814267230  
  3.300000   -0.02493642151804    0.17169150483184   -0.03004008891649   -0.12037163227900  
  3.310000   -0.02462519298270    0.17114422349417   -0.02953636271493   -0.11950430624109  
  3.320000   -0.02431956782371    0.17059366560341   -0.02904084882332   -0.11864597608202  
  3.330000   -0.02401943232547    0.17003992356216   -0.02855341850488   -0.11779643383625  
  3.340000   -0.02372467502161    0.16948309077343   -0.02807394801481   -0.11695545368204  
  3.350000   -0.02343518663465    0.16892326167707   -0.02760231837075   -0.11612279374802  
  3.360000   -0.02315086001836    0.16836053176023   -0.02713841510138   -0.11529819807461  
  3.370000   -0.02287159010290    0.16779499754226   -0.02668212797531   -0.11448139870976  
  3.380000   -0.02259727384289    0.16722675653444   -0.02623335071331   -0.11367211791740  
  3.390000   -0.02232781016817    0.16665590717542   -0.02579198068622   -0.11287007047592  
  3.400000   -0.02206309993755    0.16608254874339   -0.02535791860166   -0.11207496604309  
  3.410000   -0.02180304589531    0.16550678124598   -0.02493106818238   -0.11128651156365  
  3.420000   -0.02154755263048    0.16492870528958   -0.02451133583926   -0.11050441369491  
  3.430000   -0.02129652653882    0.16434842192943   -0.02409863034193   -0.10972838122636  
  3.440000   -0.02104987578747    0.16376603250238   -0.02369286249008   -0.10895812746870  
  3.450000   -0.02080751028207    0.16318163844419   -0.02329394478828   -0.10819337258893  
  3.460000   -0.02056934163637    0.16259534109339   -0.02290179112733   -0.10743384586806  
  3.470000   -0.02033528314404    0.16200724148399   -0.02251631647480   -0.10667928785937  
  3.480000   -0.02010524975271    0.16141744012907   -0.02213743657756   -0.10592945242619  
  3.490000   -0.01987915803997    0.16082603679789   -0.02176506767860   -0.10518410863916  
  3.500000   -0.01965692619115    0.16023313028853   -0.02139912625072   -0.10444304251500  
  3.510000   -0.01943847397883    0.15963881819887   -0.02103952874906   -0.10370605857984  
  3.520000   -0.01922372274380    0.15904319669792   -0.02068619138446   -0.10297298124259  
  3.530000   -0.01901259537726    0.15844636030024   -0.02033902991944   -0.10224365596542  
  3.540000   -0.01880501630422    0.15784840164554   -0.01999795948810   -0.10151795022069  
  3.550000   -0.01860091146774    0.15724941128585   -0.01966289444133   -0.10079575422573  
  3.560000   -0.01840020831389    0.15664947748251   -0.01933374821819   -0.10007698144936  
  3.570000   -0.01820283577735    0.15604868601495   -0.01901043324418   -0.09936156888609  
  3.580000   -0.01800872426719    0.15544712000328   -0.01869286085679   -0.09864947709647  
  3.590000   -0.01781780565302    0.15484485974659   -0.01838094125850   -0.09794069001433  
  3.600000   -0.01763001325102    0.15424198257843   -0.01807458349716   -0.09723521452404  
  3.610000   -0.01744528180983    0.15363856274116   -0.01777369547322   -0.09653307981311  
  3.620000   -0.01726354749619    0.15303467128037   -0.01747818397333   -0.09583433650779  
  3.630000   -0.01708474788009    0.15243037596041   -0.01718795472929   -0.09513905560141  
  3.640000   -0.01690882191931    0.15182574120200   -0.01690291250131   -0.09444732718722  
  3.650000   -0.01673570994335    0.15122082804262   -0.01662296118413   -0.09375925900937  
  3.660000   -0.01656535363647    0.15061569411993   -0.01634800393454   -0.09307497484762  
  3.670000   -0.01639769601993    0.15001039367874   -0.01607794331850   -0.09239461275258  
  3.680000   -0.01623268143319    0.14940497760116   -0.01581268147594   -0.09171832315013  
  3.690000   -0.01607025551417    0.14879949346004   -0.01555212030113   -0.09104626683462  
  3.700000   -0.01591036517841    0.14819398559495   -0.01529616163660   -0.09037861287145  
  3.710000   -0.01575295859719    0.14758849521024   -0.01504470747803   -0.08971553643077  
  3.720000   -0.01559798517451    0.14698306049412   -0.01479766018803   -0.08905721657409  
  3.730000   -0.01544539552306    0.14637771675778   -0.01455492271618   -0.08840383401658  
  3.740000   -0.01529514143909    0.14577249659321   -0.01431639882286   -0.08775556888739  
  3.750000   -0.01514717587626    0.14516743004829   -0.01408199330465   -0.08711259851067  
  3.760000   -0.01500145291855    0.14456254481748   -0.01385161221846   -0.08647509522946  
  3.770000   -0.01485792775224    0.14395786644643   -0.01362516310234   -0.08584322429409  
  3.780000   -0.01471655663715    0.14335341854849   -0.01340255519042   -0.08521714183604  
  3.790000   -0.01457729687700    0.14274922303121   -0.01318369961980   -0.08459699294719  
  3.800000   -0.01444010678928    0.14214530033068   -0.01296850962719   -0.08398290988332  
  3.810000   -0.01430494567457    0.14154166965159   -0.01275690073339   -0.08337501040929  
  3.820000   -0.01417177378536    0.14093834921073   -0.01254879091363   -0.08277339630197  
  3.830000   -0.01404055229474    0.14033535648168   -0.01234410075209   -0.08217815202508  
  3.840000   -0.01391124326481    0.13973270843854   -0.01214275357915   -0.08158934358861  
  3.850000   -0.01378380961519    0.13913042179633   -0.01194467558994   -0.08100701760339  
  3.860000   -0.01365821509155    0.13852851324597   -0.01174979594307   -0.08043120053932  
  3.870000   -0.01353442423447    0.13792699968161   -0.01155804683871   -0.07986189819395  
  3.880000   -0.01341240234867    0.13732589841830   -0.01136936357520   -0.07929909537558  
  3.890000   -0.01329211547279    0.13672522739806   -0.01118368458380   -0.07874275580328  
  3.900000   -0.01317353034981    0.13612500538236   -0.01100095144128   -0.07819282222363  
  3.910000   -0.01305661439825    0.13552525212955   -0.01082110886034   -0.07764921674212  
  3.920000   -0.01294133568437    0.13492598855535   -0.01064410465806   -0.07711184136487  
  3.930000   -0.01282766289532    0.13432723687531   -0.01046988970273   -0.07658057874421  
  3.940000   -0.01271556531341    0.13372902072779   -0.01029841783984   -0.07605529311965  
  3.950000   -0.01260501279174    0.13313136527654   -0.01012964579788   -0.07553583144390  
  3.960000   -0.01249597573099    0.13253429729199   -0.00996353307505   -0.07502202468177  
  3.970000   -0.01238842505775    0.13193784521068   -0.00980004180817   -0.07451368926789  
  3.980000   -0.01228233220427    0.13134203917232   -0.00963913662490   -0.07401062870807  
  3.990000   -0.01217766908969    0.13074691103431   -0.00948078448120   -0.07351263530730  
  4.000000   -0.01207440810292    0.13015249436378   -0.00932495448519   -0.07301949200640  
  4.010000   -0.01197252208701    0.12955882440728   -0.00917161770968   -0.07253097430839  
  4.020000   -0.01187198432524    0.12896593803862   -0.00902074699481   -0.07204685227463  
  4.030000   -0.01177276852876    0.12837387368547   -0.00887231674304   -0.07156689257022  
  4.040000   -0.01167484882579    0.12778267123556   -0.00872630270840   -0.07109086053794  
  4.050000   -0.01157819975250    0.12719237192353   -0.00858268178196   -0.07061852227938  
  4.060000   -0.01148279624534    0.12660301819967   -0.00844143177580   -0.07014964672249  
  4.070000   -0.01138861363491    0.12601465358182   -0.00830253120723   -0.06968400765440  
  4.080000   -0.01129562764122    0.12542732249212   -0.00816595908562   -0.06922138569934  
  4.090000   -0.01120381437040    0.12484107008018   -0.00803169470361   -0.06876157022165  
  4.100000   -0.01111315031255    0.12425594203454   -0.00789971743467   -0.06830436113518  
  4.110000   -0.01102361234088    0.12367198438426   -0.00777000653892   -0.06784957060094  
  4.120000   -0.01093517771194    0.12308924329272   -0.00764254097891   -0.06739702459638  
  4.130000   -0.01084782406675    0.12250776484560   -0.00751729924701   -0.06694656434089  
  4.140000   -0.01076152943290    0.12192759483529   -0.00739425920586   -0.06649804756369  
  4.150000   -0.01067627222729    0.12134877854366   -0.00727339794331   -0.06605134960189  
  4.160000   -0.01059203125960    0.12077136052563   -0.00715469164301   -0.06560636431822  
  4.170000   -0.01050878573617    0.12019538439534   -0.00703811547165   -0.06516300482986  
  4.180000   -0.01042651526433    0.11962089261733   -0.00692364348384   -0.06472120404179  
  4.190000   -0.01034519985687    0.11904792630461   -0.00681124854511   -0.06428091497979  
  4.200000   -0.01026481993675    0.11847652502555   -0.00670090227371   -0.06384211092074  
  4.210000   -0.01018535634168    0.11790672662171   -0.00659257500136   -0.06340478531934  
  4.220000   -0.01010679032865    0.11733856703804   -0.00648623575317   -0.06296895153303  
  4.230000   -0.01002910357812    0.11677208016749   -0.00638185224660   -0.06253464234839  
  4.240000   -0.00995227819795    0.11620729771118   -0.00627939090916   -0.06210190931463  
  4.250000   -0.00987629672670    0.11564424905570   -0.00617881691448   -0.06167082189161  
  4.260000   -0.00980114213654    0.11508296116865   -0.00608009423605   -0.06124146642152  
  4.270000   -0.00972679783530    0.11452345851347   -0.00598318571784   -0.06081394493542  
  4.280000   -0.00965324766787    0.11396576298429   -0.00588805316095   -0.06038837380708  
  4.290000   -0.00958047591674    0.11340989386148   -0.00579465742493   -0.05996488226840  
  4.300000   -0.00950846730167    0.11285586778838   -0.00570295854289   -0.05954361080174  
  4.310000   -0.00943720697834    0.11230369876924   -0.00561291584867   -0.05912470942598  
  4.320000   -0.00936668053606    0.11175339818862   -0.00552448811490   -0.05870833589373  
  4.330000   -0.00929687399442    0.11120497485187   -0.00543763370018   -0.05829465381843  
  4.340000   -0.00922777379894    0.11065843504634   -0.00535231070380   -0.05788383075034  
  4.350000   -0.00915936681560    0.11011378262282   -0.00526847712641   -0.05747603622098  
  4.360000   -0.00909164032434    0.10957101909623   -0.00518609103475   -0.05707143977590  
  4.370000   -0.00902458201149    0.10903014376480   -0.00510511072868   -0.05667020901570  
  4.380000   -0.00895817996127    0.10849115384643   -0.00502549490893   -0.05627250766484  
  4.390000   -0.00889242264617    0.10795404463101   -0.00494720284357   -0.05587849368784  
  4.400000   -0.00882729891650    0.10741880964720   -0.00487019453161   -0.05548831747149  
  4.410000   -0.00876279798897    0.10688544084207   -0.00479443086204   -0.05510212009126  
  4.420000   -0.00869890943456    0.10635392877192   -0.00471987376665   -0.05472003167910  
  4.430000   -0.00863562316550    0.10582426280249   -0.00464648636513   -0.05434216990866  
  4.440000   -0.00857292942169    0.10529643131647   -0.00457423310089   -0.05396863861286  
  4.450000   -0.00851081875650    0.10477042192662   -0.00450307986648   -0.05359952654714  
  4.460000   -0.00844928202204    0.10424622169230   -0.00443299411711   -0.05323490631057  
  4.470000   -0.00838831035411    0.10372381733732   -0.00436394497136   -0.05287483343494  
  4.480000   -0.00832789515678    0.10320319546729   -0.00429590329813   -0.05251934565045  
  4.490000   -0.00826802808683    0.10268434278413   -0.00422884178881   -0.05216846233496  
  4.500000   -0.00820870103809    0.10216724629592   -0.00416273501432   -0.05182218415145  
  4.510000   -0.00814990612573    0.10165189352017   -0.00409755946622   -0.05148049287689  
  4.520000   -0.00809163567084    0.10113827267836   -0.00403329358182   -0.05114335142347  
  4.530000   -0.00803388218501    0.10062637288023   -0.00396991775292   -0.05081070405140  
  4.540000   -0.00797663835546    0.10011618429595   -0.00390741431829   -0.05048247677033  
  4.550000   -0.00791989703042    0.09960769831464   -0.00384576753994   -0.05015857792482  
  4.560000   -0.00786365120513    0.09910090768776   -0.00378496356371   -0.04983889895729  
  4.570000   -0.00780789400842    0.09859580665614   -0.00372499036436   -0.04952331534009  
  4.580000   -0.00775261868998    0.09809239105943   -0.00366583767601   -0.04921168766677  
  4.590000   -0.00769781860837    0.09759065842703   -0.00360749690863   -0.04890386289097  
  4.600000   -0.00764348721989    0.09709060804978   -0.00354996105147   -0.04859967569993  
  4.610000   -0.00758961806836    0.09659224103166   -0.00349322456440   -0.04829895000837  
  4.620000   -0.00753620477581    0.09609556032128   -0.00343728325843   -0.04800150055711  
  4.630000   -0.00748324103415    0.09560057072278   -0.00338213416649   -0.04770713460021  
  4.640000   -0.00743072059789    0.09510727888627   -0.00332777540596   -0.04741565366301  
  4.650000   -0.00737863727788    0.09461569327788   -0.00327420603413   -0.04712685535337  
  4.660000   -0.00732698493614    0.09412582412988   -0.00322142589824   -0.04684053520752  
  4.670000   -0.00727575748169    0.09363768337136   -0.00316943548156   -0.04655648855179  
  4.680000   -0.00722494886747    0.09315128454038   -0.00311823574684   -0.04627451236148  
  4.690000   -0.00717455308833    0.09266664267831   -0.00306782797899   -0.04599440709806  
  4.700000   -0.00712456417997    0.09218377420764   -0.00301821362824   -0.04571597850627  
  4.710000   -0.00707497621886    0.09170269679448   -0.00296939415545   -0.04543903935315  
  4.720000   -0.00702578332317    0.09122342919707   -0.00292137088101   -0.04516341109163  
  4.730000   -0.00697697965453    0.09074599110194   -0.00287414483874   -0.04488892543220  
  4.740000   -0.00692855942058    0.09027040294933   -0.00282771663624   -0.04461542580706  
  4.750000   -0.00688051687836    0.08979668574964   -0.00278208632289   -0.04434276871241  
  4.760000   -0.00683284633833    0.08932486089266   -0.00273725326676   -0.04407082491576  
  4.770000   -0.00678554216906    0.08885494995167   -0.00269321604163   -0.04379948051643  
  4.780000   -0.00673859880233    0.08838697448416   -0.00264997232493   -0.04352863784915  
  4.790000   -0.00669201073884    0.08792095583118   -0.00260751880769   -0.04325821622222  
  4.800000   -0.00664577255412    0.08745691491749   -0.00256585111715   -0.04298815248312  
  4.810000   -0.00659987890479    0.08699487205419   -0.00252496375265   -0.04271840140672  
  4.820000   -0.00655432453499    0.08653484674600   -0.00248485003541   -0.04244893590253  
  4.830000   -0.00650910428282    0.08607685750502   -0.00244550207243   -0.04217974703974  
  4.840000   -0.00646421308684    0.08562092167272   -0.00240691073474   -0.04191084389016  
  4.850000   -0.00641964599244    0.08516705525200   -0.00236906565017   -0.04164225319149  
  4.860000   -0.00637539815796    0.08471527275099   -0.00233195521041   -0.04137401883476  
  4.870000   -0.00633146486066    0.08426558703995   -0.00229556659226   -0.04110620118181  
  4.880000   -0.00628784150220    0.08381800922291   -0.00225988579266   -0.04083887622014  
  4.890000   -0.00624452361374    0.08337254852503   -0.00222489767695   -0.04057213456440  
  4.900000   -0.00620150686058    0.08292921219702   -0.00219058603994   -0.04030608031493  
  4.910000   -0.00615878704614    0.08248800543746   -0.00215693367876   -0.04004082978541  
  4.920000   -0.00611636011538    0.08204893133366   -0.00212392247688   -0.03977651011299  
  4.930000   -0.00607422215754    0.08161199082185   -0.00209153349822   -0.03951325776522  
  4.940000   -0.00603236940812    0.08117718266691   -0.00205974709036   -0.03925121695920  
  4.950000   -0.00599079825017    0.08074450346194   -0.00202854299563   -0.03899053800937  
  4.960000   -0.00594950521473    0.08031394764759   -0.00199790046899   -0.03873137562057  
  4.970000   -0.00590848698056    0.07988550755108   -0.00196779840138   -0.03847388714418  
  4.980000   -0.00586774037298    0.07945917344436   -0.00193821544727   -0.03821823081470  
  4.990000   -0.00582726236197    0.07903493362107   -0.00190913015497   -0.03796456398493  
  5.000000   -0.00578705005946    0.07861277449129   -0.00188052109856   -0.03771304137743  
  5.010000   -0.00574710071583    0.07819268069339   -0.00185236700986   -0.03746381337001  
  5.020000   -0.00570741171569    0.07777463522182   -0.00182464690926   -0.03721702433230  
  5.030000   -0.00566798057288    0.07735861956952   -0.00179734023395   -0.03697281103022  
  5.040000   -0.00562880492488    0.07694461388373   -0.00177042696246   -0.03673130111414  
  5.050000   -0.00558988252654    0.07653259713354   -0.00174388773400   -0.03649261170579  
  5.060000   -0.00555121124323    0.07612254728771   -0.00171770396171   -0.03625684809787  
  5.070000   -0.00551278904353    0.07571444150090   -0.00169185793847   -0.03602410257918  
  5.080000   -0.00547461399141    0.07530825630666   -0.00166633293445   -0.03579445339668  
  5.090000   -0.00543668423806    0.07490396781518   -0.00164111328529   -0.03556796386460  
  5.100000   -0.00539899801347    0.07450155191405   -0.00161618447021   -0.03534468162909  
  5.110000   -0.00536155361768    0.07410098446991   -0.00159153317929   -0.03512463809538  
  5.120000   -0.00532434941200    0.07370224152925   -0.00156714736921   -0.03490784802265  
  5.130000   -0.00528738381008    0.07330529951629   -0.00154301630719   -0.03469430929032  
  5.140000   -0.00525065526904    0.07291013542612   -0.00151913060249   -0.03448400283738  
  5.150000   -0.00521416228071    0.07251672701118   -0.00149548222539   -0.03427689277497  
  5.160000   -0.00517790336301    0.07212505295938   -0.00147206451361   -0.03407292667047  
  5.170000   -0.00514187705164    0.07173509306205   -0.00144887216591   -0.03387203599959  
  5.180000   -0.00510608189204    0.07134682837023   -0.00142590122330   -0.03367413676151  
  5.190000   -0.00507051643184    0.07096024133774   -0.00140314903795   -0.03347913025017  
  5.200000   -0.00503517921372    0.07057531594963   -0.00138061423027   -0.03328690397350  
  5.210000   -0.00500006876883    0.07019203783489   -0.00135829663463   -0.03309733271069  
  5.220000   -0.00496518361080    0.06981039436229   -0.00133619723425   -0.03291027969652  
  5.230000   -0.00493052223042    0.06943037471846   -0.00131431808618   -0.03272559792020  
  5.240000   -0.00489608309100    0.06905196996741   -0.00129266223698   -0.03254313152523  
  5.250000   -0.00486186462444    0.06867517309111   -0.00127123363003   -0.03236271729582  
  5.260000   -0.00482786522811    0.06829997901054   -0.00125003700557   -0.03218418621444  
  5.270000   -0.00479408326248    0.06792638458722   -0.00122907779438   -0.03200736507460  
  5.280000   -0.00476051704952    0.06755438860508   -0.00120836200617   -0.03183207813215  
  5.290000   -0.00472716487204    0.06718399173295   -0.00118789611399   -0.03165814877846  
  5.300000   -0.00469402497363    0.06681519646809   -0.00116768693566   -0.03148540121815  
  5.310000   -0.00466109555962    0.06644800706114   -0.00114774151346   -0.03131366213462  
  5.320000   -0.00462837479862    0.06608242942351   -0.00112806699333   -0.03114276232626  
  5.330000   -0.00459586082499    0.06571847101788   -0.00110867050473   -0.03097253829694  
  5.340000   -0.00456355174189    0.06535614073301   -0.00108955904236   -0.03080283378474  
  5.350000   -0.00453144562512    0.06499544874410   -0.00107073935086   -0.03063350121359  
  5.360000   -0.00449954052755    0.06463640635995   -0.00105221781368   -0.03046440305320  
  5.370000   -0.00446783448410    0.06427902585856   -0.00103400034715   -0.03029541307386  
  5.380000   -0.00443632551735    0.06392332031271   -0.00101609230066   -0.03012641748356  
  5.390000   -0.00440501164351    0.06356930340715   -0.00099849836411   -0.02995731593628  
  5.400000   -0.00437389087884    0.06321698924932   -0.00098122248327   -0.02978802240146  
  5.410000   -0.00434296124638    0.06286639217533   -0.00096426778396   -0.02961846588634  
  5.420000   -0.00431222078290    0.06251752655314   -0.00094763650569   -0.02944859100410  
  5.430000   -0.00428166754610    0.06217040658484   -0.00093132994532   -0.02927835838252  
  5.440000   -0.00425129962180    0.06182504610996   -0.00091534841129   -0.02910774490938  
  5.450000   -0.00422111513121    0.06148145841174   -0.00089969118866   -0.02893674381268  
  5.460000   -0.00419111223809    0.06113965602818   -0.00088435651541   -0.02876536457505  
  5.470000   -0.00416128915581    0.06079965056977   -0.00086934156992   -0.02859363268393  
  5.480000   -0.00413164415410    0.06046145254567   -0.00085464246991   -0.02842158922029  
  5.490000   -0.00410217556561    0.06012507120000   -0.00084025428249   -0.02824929029060  
  5.500000   -0.00407288179198    0.05979051435982   -0.00082617104536   -0.02807680630816  
  5.510000   -0.00404376130955    0.05945778829640   -0.00081238579877   -0.02790422113153  
  5.520000   -0.00401481267452    0.05912689760092   -0.00079889062772   -0.02773163106910  
  5.530000   -0.00398603452757    0.05879784507602   -0.00078567671412   -0.02755914376041  
  5.540000   -0.00395742559778    0.05847063164419   -0.00077273439813   -0.02738687694567  
  5.550000   -0.00392898470604    0.05814525627380   -0.00076005324804   -0.02721495713647  
  5.560000   -0.00390071076758    0.05782171592369   -0.00074762213795   -0.02704351820135  
  5.570000   -0.00387260279384    0.05750000550667   -0.00073542933235   -0.02687269988077  
  5.580000   -0.00384465989360    0.05718011787253   -0.00072346257679   -0.02670264624683  
  5.590000   -0.00381688127324    0.05686204381042   -0.00071170919354   -0.02653350412346  
  5.600000   -0.00378926623628    0.05654577207099   -0.00070015618136   -0.02636542148331  
  5.610000   -0.00376181418205    0.05623128940775   -0.00068879031832   -0.02619854583756  
  5.620000   -0.00373452460364    0.05591858063742   -0.00067759826651   -0.02603302263519  
  5.630000   -0.00370739708499    0.05560762871880   -0.00066656667777   -0.02586899368781  
  5.640000   -0.00368043129727    0.05529841484918   -0.00065568229908   -0.02570659563608  
  5.650000   -0.00365362699451    0.05499091857762   -0.00064493207690   -0.02554595847326  
  5.660000   -0.00362698400853    0.05468511793386   -0.00063430325906   -0.02538720414058  
  5.670000   -0.00360050224322    0.05438098957176   -0.00062378349348   -0.02523044520871  
  5.680000   -0.00357418166821    0.05407850892582   -0.00061336092254   -0.02507578365855  
  5.690000   -0.00354802231201    0.05377765037929   -0.00060302427230   -0.02492330977326  
  5.700000   -0.00352202425461    0.05347838744242   -0.00059276293565   -0.02477310115288  
  5.710000   -0.00349618761972    0.05318069293888   -0.00058256704864   -0.02462522186102  
  5.720000   -0.00347051256664    0.05288453919890   -0.00057242755918   -0.02447972171207  
  5.730000   -0.00344499928178    0.05258989825698   -0.00056233628758   -0.02433663570596  
  5.740000   -0.00341964797012    0.05229674205253   -0.00055228597828   -0.02419598361568  
  5.750000   -0.00339445884638    0.05200504263135   -0.00054227034235   -0.02405776973164  
  5.760000   -0.00336943212631    0.05171477234619   -0.00053228409041   -0.02392198276497  
  5.770000   -0.00334456801789    0.05142590405429   -0.00052232295570   -0.02378859591044  
  5.780000   -0.00331986671268    0.05113841131020   -0.00051238370703   -0.02365756706807  
  5.790000   -0.00329532837747    0.05085226855192   -0.00050246415170   -0.02352883922072  
  5.800000   -0.00327095314600    0.05056745127862   -0.00049256312840   -0.02340234096358  
  5.810000   -0.00324674111129    0.05028393621825   -0.00048268049006   -0.02327798717985  
  5.820000   -0.00322269231812    0.05000170148342   -0.00047281707709   -0.02315567985538  
  5.830000   -0.00319880675625    0.04972072671414   -0.00046297468133   -0.02303530902370  
  5.840000   -0.00317508435404    0.04944099320590   -0.00045315600090   -0.02291675383170  
  5.850000   -0.00315152497272    0.04916248402206   -0.00044336458684   -0.02279988371456  
  5.860000   -0.00312812840135    0.04888518408931   -0.00043360478172   -0.02268455966819  
  5.870000   -0.00310489435250    0.04860908027546   -0.00042388165130   -0.02257063560564  
  5.880000   -0.00308182245865    0.04833416144860   -0.00041420090957   -0.02245795978378  
  5.890000   -0.00305891226938    0.04806041851731   -0.00040456883836   -0.02234637628549  
  5.900000   -0.00303616324941    0.04778784445140   -0.00039499220198   -0.02223572654225  
  5.910000   -0.00301357477744    0.04751643428296   -0.00038547815818   -0.02212585088144  
  5.920000   -0.00299114614580    0.04724618508786   -0.00037603416595   -0.02201659008277  
  5.930000   -0.00296887656101    0.04697709594771   -0.00036666789141   -0.02190778692779  
  5.940000   -0.00294676514512    0.04670916789280   -0.00035738711267   -0.02179928772690  
  5.950000   -0.00292481093790    0.04644240382645   -0.00034819962449   -0.02169094380827  
  5.960000   -0.00290301289979    0.04617680843164   -0.00033911314391   -0.02158261295369  
  5.970000   -0.00288136991566    0.04591238806065   -0.00033013521763   -0.02147416076677  
  5.980000   -0.00285988079928    0.04564915060891   -0.00032127313216   -0.02136546195980  
  5.990000   -0.00283854429849    0.04538710537428   -0.00031253382761   -0.02125640154623  
  6.000000   -0.00281735910100    0.04512626290297   -0.00030392381585   -0.02114687592690  
  6.010000   -0.00279632384074    0.04486663482375   -0.00029544910405   -0.02103679385922  
  6.020000   -0.00277543710479    0.04460823367198   -0.00028711512416   -0.02092607729947  
  6.030000   -0.00275469744075    0.04435107270514   -0.00027892666905   -0.02081466211014  
  6.040000   -0.00273410336442    0.04409516571164   -0.00027088783598   -0.02070249862512  
  6.050000   -0.00271365336788    0.04384052681479   -0.00026300197776   -0.02058955206746  
  6.060000   -0.00269334592774    0.04358717027381   -0.00025527166224   -0.02047580281558  
  6.070000   -0.00267317951358    0.04333511028373   -0.00024769864035   -0.02036124651548  
  6.080000   -0.00265315259641    0.04308436077621   -0.00024028382303   -0.02024589403823  
  6.090000   -0.00263326365718    0.04283493522312   -0.00023302726707   -0.02012977128327  
  6.100000   -0.00261351119511    0.04258684644485   -0.00022592817027   -0.02001291882989  
  6.110000   -0.00259389373593    0.04234010642510   -0.00021898487548   -0.01989539144059  
  6.120000   -0.00257440983984    0.04209472613403   -0.00021219488383   -0.01977725742181  
  6.130000   -0.00255505810909    0.04185071536145   -0.00020555487664   -0.01965859784855  
  6.140000   -0.00253583719522    0.04160808256163   -0.00019906074595   -0.01953950566112  
  6.150000   -0.00251674580582    0.04136683471125   -0.00019270763314   -0.01942008464335  
  6.160000   -0.00249778271071    0.04112697718194   -0.00018648997532   -0.01930044829295  
  6.170000   -0.00247894674756    0.04088851362844   -0.00018040155893   -0.01918071859549  
  6.180000   -0.00246023682686    0.04065144589378   -0.00017443557990   -0.01906102471482  
  6.190000   -0.00244165193617    0.04041577393205   -0.00016858470982   -0.01894150161320  
  6.200000   -0.00242319114364    0.04018149574982   -0.00016284116732   -0.01882228861540  
  6.210000   -0.00240485360080    0.03994860736657   -0.00015719679399   -0.01870352793142  
  6.220000   -0.00238663854445    0.03971710279465   -0.00015164313388   -0.01858536315281  
  6.230000   -0.00236854529785    0.03948697403893   -0.00014617151602   -0.01846793773808  
  6.240000   -0.00235057327103    0.03925821111609   -0.00014077313877   -0.01835139350244  
  6.250000   -0.00233272196021    0.03903080209354   -0.00013543915542   -0.01823586912736  
  6.260000   -0.00231499094653    0.03880473314739   -0.00013016075996   -0.01812149870489  
  6.270000   -0.00229737989384    0.03857998863919   -0.00012492927228   -0.01800841033167  
  6.280000   -0.00227988854576    0.03835655121036   -0.00011973622181   -0.01789672476665  
  6.290000   -0.00226251672198    0.03813440189382   -0.00011457342885   -0.01778655416617  
  6.300000   -0.00224526431381    0.03791352024138   -0.00010943308277   -0.01767800090916  
  6.310000   -0.00222813127902    0.03769388446595   -0.00010430781622   -0.01757115652408  
  6.320000   -0.00221111763615    0.03747547159703   -0.00009919077467   -0.01746610072860  
  6.330000   -0.00219422345810    0.03725825764808   -0.00009407568059   -0.01736290059138  
  6.340000   -0.00217744886529    0.03704221779417   -0.00008895689167   -0.01726160982438  
  6.350000   -0.00216079401835    0.03682732655809   -0.00008382945241   -0.01716226821274  
  6.360000   -0.00214425911039    0.03661355800333   -0.00007868913872   -0.01706490118770  
  6.370000   -0.00212784435902    0.03640088593183   -0.00007353249501   -0.01696951954679  
  6.380000   -0.00211154999806    0.03618928408486   -0.00006835686346   -0.01687611932381  
  6.390000   -0.00209537626918    0.03597872634481   -0.00006316040523   -0.01678468180981  
  6.400000   -0.00207932341338    0.03576918693622   -0.00005794211338   -0.01669517372457  
  6.410000   -0.00206339166253    0.03556064062385   -0.00005270181744   -0.01660754753663  
  6.420000   -0.00204758123097    0.03535306290610   -0.00004744017961   -0.01652174192837  
  6.430000   -0.00203189230731    0.03514643020178   -0.00004215868264   -0.01643768240127  
  6.440000   -0.00201632504640    0.03494072002837   -0.00003685960962   -0.01635528201494  
  6.450000   -0.00200087956172    0.03473591117019   -0.00003154601581   -0.01627444225227  
  6.460000   -0.00198555591808    0.03453198383476   -0.00002622169294   -0.01619505400166  
  6.470000   -0.00197035412481    0.03432891979579   -0.00002089112622   -0.01611699864624  
  6.480000   -0.00195527412950    0.03412670252144   -0.00001555944476   -0.01604014924883  
  6.490000   -0.00194031581224    0.03392531728663   -0.00001023236562   -0.01596437182049  
  6.500000   -0.00192547898066    0.03372475126822   -0.00000491613242   -0.01588952665961  
  6.510000   -0.00191076336544    0.03352499362217    0.00000038255121   -0.01581546974787  
  6.520000   -0.00189616861675    0.03332603554189    0.00000565659230   -0.01574205418880  
  6.530000   -0.00188169430133    0.03312787029717    0.00001089858287   -0.01566913167419  
  6.540000   -0.00186733990038    0.03293049325331    0.00001610087704   -0.01559655396351  
  6.550000   -0.00185310480828    0.03273390187025    0.00002125567012   -0.01552417436125  
  6.560000   -0.00183898833210    0.03253809568166    0.00002635507896   -0.01545184917705  
  6.570000   -0.00182498969199    0.03234307625409    0.00003139122261   -0.01537943915402  
  6.580000   -0.00181110802226    0.03214884712667    0.00003635630268   -0.01530681085051  
  6.590000   -0.00179734237344    0.03195541373185    0.00004124268243   -0.01523383796161  
  6.600000   -0.00178369171497    0.03176278329786    0.00004604296383   -0.01516040256670  
  6.610000   -0.00177015493871    0.03157096473387    0.00005075006192   -0.01508639629081  
  6.620000   -0.00175673086323    0.03137996849894    0.00005535727563   -0.01501172136781  
  6.630000   -0.00174341823863    0.03118980645588    0.00005985835444   -0.01493629159485  
  6.640000   -0.00173021575216    0.03100049171152    0.00006424756021   -0.01486003316847  
  6.650000   -0.00171712203433    0.03081203844493    0.00006851972353   -0.01478288539400  
  6.660000   -0.00170413566552    0.03062446172502    0.00007267029419   -0.01470480126126  
  6.670000   -0.00169125518310    0.03043777731952    0.00007669538510   -0.01462574788067  
  6.680000   -0.00167847908891    0.03025200149693    0.00008059180950   -0.01454570677571  
  6.690000   -0.00166580585707    0.03006715082357    0.00008435711083   -0.01446467402883  
  6.700000   -0.00165323394197    0.02988324195740    0.00008798958525   -0.01438266027944  
  6.710000   -0.00164076178651    0.02970029144086    0.00009148829652   -0.01429969057425  
  6.720000   -0.00162838783034    0.02951831549453    0.00009485308304   -0.01421580407156  
  6.730000   -0.00161611051815    0.02933732981366    0.00009808455725   -0.01413105360274  
  6.740000   -0.00160392830786    0.02915734936959    0.00010118409716   -0.01404550509552  
  6.750000   -0.00159183967864    0.02897838821786    0.00010415383040   -0.01395923686491  
  6.760000   -0.00157984313874    0.02880045931505    0.00010699661073   -0.01387233877944  
  6.770000   -0.00156793723297    0.02862357434586    0.00010971598754   -0.01378491131097  
  6.780000   -0.00155612054979    0.02844774356241    0.00011231616851   -0.01369706447806  
  6.790000   -0.00154439172797    0.02827297563716    0.00011480197583   -0.01360891669376  
  6.800000   -0.00153274946277    0.02809927753089    0.00011717879668   -0.01352059352945  
  6.810000   -0.00152119251146    0.02792665437713    0.00011945252814   -0.01343222640756  
  6.820000   -0.00150971969828    0.02775510938408    0.00012162951745   -0.01334395123650  
  6.830000   -0.00149832991872    0.02758464375517    0.00012371649806   -0.01325590700160  
  6.840000   -0.00148702214306    0.02741525662879    0.00012572052217   -0.01316823432659  
  6.850000   -0.00147579541921    0.02724694503815    0.00012764889050   -0.01308107402018  
  6.860000   -0.00146464887469    0.02707970389137    0.00012950907993   -0.01299456562255  
  6.870000   -0.00145358171791    0.02691352597235    0.00013130866987   -0.01290884596652  
  6.880000   -0.00144259323861    0.02674840196214    0.00013305526797   -0.01282404776800  
  6.890000   -0.00143168280746    0.02658432048098    0.00013475643610   -0.01274029826003  
  6.900000   -0.00142084987494    0.02642126815036    0.00013641961710   -0.01265771788428  
  6.910000   -0.00141009396933    0.02625922967474    0.00013805206330   -0.01257641905318  
  6.920000   -0.00139941469401    0.02609818794214    0.00013966076737   -0.01249650499527  
  6.930000   -0.00138881172398    0.02593812414268    0.00014125239613   -0.01241806869544  
  6.940000   -0.00137828480170    0.02577901790393    0.00014283322818   -0.01234119194061  
  6.950000   -0.00136783373221    0.02562084744186    0.00014440909581   -0.01226594448064  
  6.960000   -0.00135745837772    0.02546358972604    0.00014598533171   -0.01219238331274  
  6.970000   -0.00134715865153    0.02530722065737    0.00014756672116   -0.01212055209668  
  6.980000   -0.00133693451158    0.02515171525685    0.00014915746005   -0.01205048070648  
  6.990000   -0.00132678595341    0.02499704786345    0.00015076111910   -0.01198218492312  
  7.000000   -0.00131671300289    0.02484319233940    0.00015238061469   -0.01191566627124  
  7.010000   -0.00130671570855    0.02469012228066    0.00015401818655   -0.01185091200136  
  7.020000   -0.00129679413375    0.02453781123094    0.00015567538241   -0.01178789521764  
  7.030000   -0.00128694834870    0.02438623289681    0.00015735304985   -0.01172657514983  
  7.040000   -0.00127717842238    0.02423536136224    0.00015905133536   -0.01166689756643  
  7.050000   -0.00126748441451    0.02408517130023    0.00016076969049   -0.01160879532480  
  7.060000   -0.00125786636761    0.02393563817960    0.00016250688520   -0.01155218905248  
  7.070000   -0.00124832429921    0.02378673846496    0.00016426102797   -0.01149698795264  
  7.080000   -0.00123885819437    0.02363844980793    0.00016602959273   -0.01144309072548  
  7.090000   -0.00122946799846    0.02349075122765    0.00016780945200   -0.01139038659593  
  7.100000   -0.00122015361035    0.02334362327900    0.00016959691614   -0.01133875643723  
  7.110000   -0.00121091487613    0.02319704820672    0.00017138777810   -0.01128807397890  
  7.120000   -0.00120175158328    0.02305101008399    0.00017317736330   -0.01123820708657  
  7.130000   -0.00119266345547    0.02290549493417    0.00017496058407   -0.01118901910074  
  7.140000   -0.00118365014798    0.02276049083433    0.00017673199798   -0.01114037022076  
  7.150000   -0.00117471124384    0.02261598799964    0.00017848586969   -0.01109211891982  
  7.160000   -0.00116584625067    0.02247197884774    0.00018021623543   -0.01104412337658  
  7.170000   -0.00115705459827    0.02232845804244    0.00018191696953   -0.01099624290886  
  7.180000   -0.00114833563703    0.02218542251620    0.00018358185239   -0.01094833939472  
  7.190000   -0.00113968863713    0.02204287147119    0.00018520463910   -0.01090027866647  
  7.200000   -0.00113111278853    0.02190080635879    0.00018677912799   -0.01085193186344  
  7.210000   -0.00112260720179    0.02175923083779    0.00018829922852   -0.01080317672975  
  7.220000   -0.00111417090976    0.02161815071146    0.00018975902776   -0.01075389884383  
  7.230000   -0.00110580286991    0.02147757384415    0.00019115285470   -0.01070399276727  
  7.240000   -0.00109750196765    0.02133751005813    0.00019247534199   -0.01065336310126  
  7.250000   -0.00108926702020    0.02119797101156    0.00019372148417   -0.01060192543990  
  7.260000   -0.00108109678126    0.02105897005881    0.00019488669211   -0.01054960721080  
  7.270000   -0.00107298994637    0.02092052209424    0.00019596684292   -0.01049634839426  
  7.280000   -0.00106494515881    0.02078264338105    0.00019695832492   -0.01044210211403  
  7.290000   -0.00105696101615    0.02064535136669    0.00019785807727   -0.01038683509332  
  7.300000   -0.00104903607719    0.02050866448659    0.00019866362373   -0.01033052797184  
  7.310000   -0.00104116886943    0.02037260195811    0.00019937310043   -0.01027317548033  
  7.320000   -0.00103335789684    0.02023718356645    0.00019998527728   -0.01021478647117  
  7.330000   -0.00102560164794    0.02010242944483    0.00020049957273   -0.01015538380453  
  7.340000   -0.00101789860412    0.01996835985076    0.00020091606200   -0.01009500409142  
  7.350000   -0.00101024724798    0.01983499494068    0.00020123547853   -0.01003369729631  
  7.360000   -0.00100264607187    0.01970235454508    0.00020145920863   -0.00997152620327  
  7.370000   -0.00099509358624    0.01957045794619    0.00020158927966   -0.00990856575124  
  7.380000   -0.00098758832803    0.01943932366050    0.00020162834155   -0.00984490224521  
  7.390000   -0.00098012886872    0.01930896922804    0.00020157964214   -0.00978063245126  
  7.400000   -0.00097271382218    0.01917941101061    0.00020144699647   -0.00971586258493  
  7.410000   -0.00096534185220    0.01905066400076    0.00020123475041   -0.00965070720300  
  7.420000   -0.00095801167947    0.01892274164350    0.00020094773899   -0.00958528801021  
  7.430000   -0.00095072208822    0.01879565567249    0.00020059123990   -0.00951973259290  
  7.440000   -0.00094347193219    0.01866941596213    0.00020017092259   -0.00945417309274  
  7.450000   -0.00093626014000    0.01854403039730    0.00019969279364   -0.00938874483377  
  7.460000   -0.00092908571989    0.01841950476176    0.00019916313875   -0.00932358491703  
  7.470000   -0.00092194776370    0.01829584264660    0.00019858846218   -0.00925883079694  
  7.480000   -0.00091484545010    0.01817304537946    0.00019797542410   -0.00919461885404  
  7.490000   -0.00090777804703    0.01805111197538    0.00019733077656   -0.00913108297858  
  7.500000   -0.00090074491330    0.01793003910978    0.00019666129873   -0.00906835317948  
  7.510000   -0.00089374549941    0.01780982111397    0.00019597373206   -0.00900655423271  
  7.520000   -0.00088677934743    0.01769044999314    0.00019527471603   -0.00894580438314  
  7.530000   -0.00087984609013    0.01757191546695    0.00019457072507   -0.00888621411272  
  7.540000   -0.00087294544921    0.01745420503218    0.00019386800747   -0.00882788498800  
  7.550000   -0.00086607723271    0.01733730404715    0.00019317252662   -0.00877090859833  
  7.560000   -0.00085924133161    0.01722119583698    0.00019248990543   -0.00871536559593  
  7.570000   -0.00085243771573    0.01710586181881    0.00019182537431   -0.00866132484743  
  7.580000   -0.00084566642878    0.01699128164595    0.00019118372326   -0.00860884270563  
  7.590000   -0.00083892758279    0.01687743336951    0.00019056925866   -0.00855796240893  
  7.600000   -0.00083222135192    0.01676429361608    0.00018998576496   -0.00850871361459  
  7.610000   -0.00082554796564    0.01665183777983    0.00018943647185   -0.00846111207057  
  7.620000   -0.00081890770145    0.01654004022729    0.00018892402712   -0.00841515942946  
  7.630000   -0.00081230087711    0.01642887451273    0.00018845047549   -0.00837084320626  
  7.640000   -0.00080572784254    0.01631831360234    0.00018801724354   -0.00832813688067  
  7.650000   -0.00079918897140    0.01620833010490    0.00018762513104   -0.00828700014279  
  7.660000   -0.00079268465248    0.01609889650693    0.00018727430853   -0.00824737927980  
  7.670000   -0.00078621528098    0.01598998540991    0.00018696432135   -0.00820920769977  
  7.680000   -0.00077978124969    0.01588156976748    0.00018669409987   -0.00817240658727  
  7.690000   -0.00077338294030    0.01577362312025    0.00018646197596   -0.00813688568422  
  7.700000   -0.00076702071475    0.01566611982597    0.00018626570545   -0.00810254418795  
  7.710000   -0.00076069490688    0.01555903528287    0.00018610249627   -0.00806927175757  
  7.720000   -0.00075440581432    0.01545234614400    0.00018596904203   -0.00803694961826  
  7.730000   -0.00074815369077    0.01534603052047    0.00018586156075   -0.00800545175234  
  7.740000   -0.00074193873876    0.01524006817160    0.00018577583811   -0.00797464616509  
  7.750000   -0.00073576110293    0.01513444068018    0.00018570727502   -0.00794439621233  
  7.760000   -0.00072962086387    0.01502913161090    0.00018565093887   -0.00791456197641  
  7.770000   -0.00072351803264    0.01492412665067    0.00018560161790   -0.00788500167646  
  7.780000   -0.00071745254606    0.01481941372915    0.00018555387824   -0.00785557309864  
  7.790000   -0.00071142426269    0.01471498311830    0.00018550212299   -0.00782613503188  
  7.800000   -0.00070543295961    0.01461082751009    0.00018544065263   -0.00779654869426  
  7.810000   -0.00069947833014    0.01450694207129    0.00018536372630   -0.00776667913576  
  7.820000   -0.00069355998230    0.01440332447482    0.00018526562325   -0.00773639660283  
  7.830000   -0.00068767743828    0.01429997490731    0.00018514070380   -0.00770557785099  
  7.840000   -0.00068183013472    0.01419689605261    0.00018498346927   -0.00767410739195  
  7.850000   -0.00067601742391    0.01409409305126    0.00018478862018   -0.00764187866257  
  7.860000   -0.00067023857592    0.01399157343637    0.00018455111225   -0.00760879510357  
  7.870000   -0.00066449278156    0.01388934704617    0.00018426620955   -0.00757477113702  
  7.880000   -0.00065877915621    0.01378742591419    0.00018392953427   -0.00753973303250  
  7.890000   -0.00065309674451    0.01368582413780    0.00018353711267   -0.00750361965303  
  7.900000   -0.00064744452571    0.01358455772645    0.00018308541668   -0.00746638307302  
  7.910000   -0.00064182141992    0.01348364443083    0.00018257140088   -0.00742798906185  
  7.920000   -0.00063622629488    0.01338310355446    0.00018199253424   -0.00738841742805  
  7.930000   -0.00063065797346    0.01328295574964    0.00018134682665   -0.00734766222033  
  7.940000   -0.00062511524159    0.01318322279927    0.00018063284968   -0.00730573178338  
  7.950000   -0.00061959685680    0.01308392738692    0.00017984975156   -0.00726264866768  
  7.960000   -0.00061410155702    0.01298509285701    0.00017899726617   -0.00721844939402  
  7.970000   -0.00060862806978    0.01288674296744    0.00017807571605   -0.00717318407507  
  7.980000   -0.00060317512155    0.01278890163701    0.00017708600922   -0.00712691589762  
  7.990000   -0.00059774144732    0.01269159268995    0.00017602963017   -0.00707972047069  
  8.000000   -0.00059232580011    0.01259483959997    0.00017490862477   -0.00703168504585  
  8.010000   -0.00058692696051    0.01249866523636    0.00017372557962   -0.00698290761772  
  8.020000   -0.00058154374606    0.01240309161442    0.00017248359581   -0.00693349591356  
  8.030000   -0.00057617502036    0.01230813965278    0.00017118625745   -0.00688356628208  
  8.040000   -0.00057081970190    0.01221382893975    0.00016983759541   -0.00683324249277  
  8.050000   -0.00056547677251    0.01212017751122    0.00016844204646   -0.00678265445782  
  8.060000   -0.00056014528522    0.01202720164202    0.00016700440842   -0.00673193688947  
  8.070000   -0.00055482437168    0.01193491565305    0.00016552979167   -0.00668122790652  
  8.080000   -0.00054951324882    0.01184333173586    0.00016402356763   -0.00663066760404  
  8.090000   -0.00054421122492    0.01175245979666    0.00016249131455   -0.00658039660077  
  8.100000   -0.00053891770477    0.01166230732120    0.00016093876147   -0.00653055457914  
  8.110000   -0.00053363219413    0.01157287926193    0.00015937173062   -0.00648127883254  
  8.120000   -0.00052835430326    0.01148417794880    0.00015779607906   -0.00643270283486  
  8.130000   -0.00052308374952    0.01139620302441    0.00015621764012   -0.00638495484675  
  8.140000   -0.00051782035911    0.01130895140457    0.00015464216507   -0.00633815657297  
  8.150000   -0.00051256406774    0.01122241726452    0.00015307526595   -0.00629242188456  
  8.160000   -0.00050731492039    0.01113659205128    0.00015152235977   -0.00624785561885  
  8.170000   -0.00050207307011    0.01105146452210    0.00014998861495   -0.00620455246989  
  8.180000   -0.00049683877580    0.01096702080878    0.00014847890031   -0.00616259598043  
  8.190000   -0.00049161239904    0.01088324450744    0.00014699773734   -0.00612205764627  
  8.200000   -0.00048639440001    0.01080011679306    0.00014554925600   -0.00608299614194  
  8.210000   -0.00048118533254    0.01071761655786    0.00014413715475   -0.00604545667610  
  8.220000   -0.00047598583821    0.01063572057223    0.00014276466497   -0.00600947048325  
  8.230000   -0.00047079663972    0.01055440366708    0.00014143452026   -0.00597505445736  
  8.240000   -0.00046561853354    0.01047363893576    0.00014014893095   -0.00594221093119  
  8.250000   -0.00046045238176    0.01039339795397    0.00013890956393   -0.00591092760414  
  8.260000   -0.00045529910348    0.01031365101553    0.00013771752816   -0.00588117761931  
  8.270000   -0.00045015966555    0.01023436738206    0.00013657336587   -0.00585291978959  
  8.280000   -0.00044503507295    0.01015551554411    0.00013547704961   -0.00582609897051  
  8.290000   -0.00043992635876    0.01007706349153    0.00013442798512   -0.00580064657661  
  8.300000   -0.00043483457389    0.00999897899047    0.00013342502004   -0.00577648123616  
  8.310000   -0.00042976077667    0.00992122986452    0.00013246645826   -0.00575350957797  
  8.320000   -0.00042470602231    0.00984378427727    0.00013155007988   -0.00573162714261  
  8.330000   -0.00041967135248    0.00976661101376    0.00013067316652   -0.00571071940884  
  8.340000   -0.00041465778492    0.00968967975808    0.00012983253158   -0.00569066292534  
  8.350000   -0.00040966630336    0.00961296136452    0.00012902455543   -0.00567132653623  
  8.360000   -0.00040469784776    0.00953642811959    0.00012824522483   -0.00565257268822  
  8.370000   -0.00039975330492    0.00946005399256    0.00012749017646   -0.00563425880631  
  8.380000   -0.00039483349966    0.00938381487185    0.00012675474387   -0.00561623872413  
  8.390000   -0.00038993918659    0.00930768878519    0.00012603400755   -0.00559836415452  
  8.400000   -0.00038507104254    0.00923165610119    0.00012532284752   -0.00558048618558  
  8.410000   -0.00038022965981    0.00915569971033    0.00012461599790   -0.00556245678684  
  8.420000   -0.00037541554014    0.00907980518363    0.00012390810292   -0.00554413031050  
  8.430000   -0.00037062908970    0.00900396090720    0.00012319377381   -0.00552536497220  
  8.440000   -0.00036587061493    0.00892815819135    0.00012246764597   -0.00550602429641  
  8.450000   -0.00036114031943    0.00885239135300    0.00012172443579   -0.00548597851151  
  8.460000   -0.00035643830182    0.00877665777040    0.00012095899672   -0.00546510588034  
  8.470000   -0.00035176455473    0.00870095790954    0.00012016637372   -0.00544329395240  
  8.480000   -0.00034711896477    0.00862529532163    0.00011934185588   -0.00542044072483  
  8.490000   -0.00034250131362    0.00854967661165    0.00011848102640   -0.00539645570009  
  8.500000   -0.00033791128024    0.00847411137787    0.00011757980957   -0.00537126082919  
  8.510000   -0.00033334844406    0.00839861212285    0.00011663451424   -0.00534479133074  
  8.520000   -0.00032881228923    0.00832319413631    0.00011564187333   -0.00531699637688  
  8.530000   -0.00032430220992    0.00824787535105    0.00011459907902   -0.00528783963892  
  8.540000   -0.00031981751650    0.00817267617277    0.00011350381320   -0.00525729968655  
  8.550000   -0.00031535744270    0.00809761928530    0.00011235427298   -0.00522537023621  
  8.560000   -0.00031092115356    0.00802272943294    0.00011114919081   -0.00519206024551  
  8.570000   -0.00030650775421    0.00794803318158    0.00010988784935   -0.00515739385235  
  8.580000   -0.00030211629929    0.00787355866079    0.00010857009051   -0.00512141015869  
  8.590000   -0.00029774580301    0.00779933528904    0.00010719631900   -0.00508416286082  
  8.600000   -0.00029339524975    0.00772539348462    0.00010576749999   -0.00504571972916  
  8.610000   -0.00028906360504    0.00765176436455    0.00010428515124   -0.00500616194248  
  8.620000   -0.00028474982692    0.00757847943455    0.00010275132947   -0.00496558328273  
  8.630000   -0.00028045287745    0.00750557027249    0.00010116861140   -0.00492408919812  
  8.640000   -0.00027617173438    0.00743306820850    0.00009954006944   -0.00488179574349  
  8.650000   -0.00027190540284    0.00736100400456    0.00009786924241   -0.00483882840827  
  8.660000   -0.00026765292681    0.00728940753646    0.00009616010154   -0.00479532084343  
  8.670000   -0.00026341340053    0.00721830748127    0.00009441701211   -0.00475141349997  
  8.680000   -0.00025918597940    0.00714773101310    0.00009264469110   -0.00470725219243  
  8.690000   -0.00025496989061    0.00707770351008    0.00009084816137   -0.00466298660155  
  8.700000   -0.00025076444312    0.00700824827547    0.00008903270270   -0.00461876873110  
  8.710000   -0.00024656903701    0.00693938627537    0.00008720380030   -0.00457475133435  
  8.720000   -0.00024238317215    0.00687113589585    0.00008536709132   -0.00453108632575  
  8.730000   -0.00023820645600    0.00680351272173    0.00008352830977   -0.00448792319414  
  8.740000   -0.00023403861049    0.00673652933930    0.00008169323059   -0.00444540743323  
  8.750000   -0.00022987947798    0.00667019516502    0.00007986761334   -0.00440367900550  
  8.760000   -0.00022572902614    0.00660451630201    0.00007805714607   -0.00436287085510  
  8.770000   -0.00022158735169    0.00653949542585    0.00007626738996   -0.00432310748497  
  8.780000   -0.00021745468311    0.00647513170107    0.00007450372538   -0.00428450361289  
  8.790000   -0.00021333138206    0.00641142072932    0.00007277129973   -0.00424716292027  
  8.800000   -0.00020921794363    0.00634835453010    0.00007107497778   -0.00421117690690  
  8.810000   -0.00020511499540    0.00628592155429    0.00006941929489   -0.00417662386351  
  8.820000   -0.00020102329525    0.00622410673098    0.00006780841363   -0.00414356797318  
  8.830000   -0.00019694372796    0.00616289154723    0.00006624608426   -0.00411205855124  
  8.840000   -0.00019287730065    0.00610225416045    0.00006473560940   -0.00408212943190  
  8.850000   -0.00018882513700    0.00604216954270    0.00006327981333   -0.00405379850868  
  8.860000   -0.00018478847042    0.00598260965583    0.00006188101617   -0.00402706743379  
  8.870000   -0.00018076863608    0.00592354365631    0.00006054101327   -0.00400192148054  
  8.880000   -0.00017676706205    0.00586493812790    0.00005926105986   -0.00397832957073  
  8.890000   -0.00017278525939    0.00580675734069    0.00005804186138   -0.00395624446781  
  8.900000   -0.00016882481150    0.00574896353413    0.00005688356930   -0.00393560313463  
  8.910000   -0.00016488736263    0.00569151722178    0.00005578578266   -0.00391632725307  
  8.920000   -0.00016097460581    0.00563437751541    0.00005474755530   -0.00389832390114  
  8.930000   -0.00015708827019    0.00557750246546    0.00005376740855   -0.00388148638185  
  8.940000   -0.00015323010797    0.00552084941518    0.00005284334950   -0.00386569519602  
  8.950000   -0.00014940188099    0.00546437536522    0.00005197289441   -0.00385081915039  
  8.960000   -0.00014560534714    0.00540803734567    0.00005115309719   -0.00383671659055  
  8.970000   -0.00014184224670    0.00535179279208    0.00005038058264   -0.00382323674716  
  8.980000   -0.00013811428871    0.00529559992237    0.00004965158401   -0.00381022118250  
  8.990000   -0.00013442313758    0.00523941811104    0.00004896198463   -0.00379750532368  
  9.000000   -0.00013077039993    0.00518320825744    0.00004830736307   -0.00378492006766  
  9.010000   -0.00012715761192    0.00512693314473    0.00004768304148   -0.00377229344238  
  9.020000   -0.00012358622711    0.00507055778620    0.00004708413655   -0.00375945230795  
  9.030000   -0.00012005760502    0.00501404975576    0.00004650561252   -0.00374622408118  
  9.040000   -0.00011657300042    0.00495737949955    0.00004594233587   -0.00373243846633  
  9.050000   -0.00011313355359    0.00490052062557    0.00004538913095   -0.00371792917505  
  9.060000   -0.00010974028154    0.00484345016872    0.00004484083610   -0.00370253561832  
  9.070000   -0.00010639407025    0.00478614882855    0.00004429235960   -0.00368610455335  
  9.080000   -0.00010309566822    0.00472860117726    0.00004373873502   -0.00366849166898  
  9.090000   -0.00009984568112    0.00467079583603    0.00004317517518   -0.00364956309340  
  9.100000   -0.00009664456785    0.00461272561758    0.00004259712444   -0.00362919680869  
  9.110000   -0.00009349263791    0.00455438763348    0.00004200030849   -0.00360728395781  
  9.120000   -0.00009039005013    0.00449578336486    0.00004138078145   -0.00358373003021  
  9.130000   -0.00008733681294    0.00443691869557    0.00004073496947   -0.00355845591365  
  9.140000   -0.00008433278592    0.00437780390696    0.00004005971064   -0.00353139880100  
  9.150000   -0.00008137768296    0.00431845363422    0.00003935229063   -0.00350251294207  
  9.160000   -0.00007847107668    0.00425888678389    0.00003861047380   -0.00347177023199  
  9.170000   -0.00007561240441    0.00419912641320    0.00003783252936   -0.00343916062931  
  9.180000   -0.00007280097542    0.00413919957166    0.00003701725237   -0.00340469239857  
  9.190000   -0.00007003597954    0.00407913710600    0.00003616397935   -0.00336839217353  
  9.200000   -0.00006731649702    0.00401897342967    0.00003527259827   -0.00333030483953  
  9.210000   -0.00006464150951    0.00395874625870    0.00003434355287   -0.00329049323447  
  9.220000   -0.00006200991225    0.00389849631565    0.00003337784122   -0.00324903767038  
  9.230000   -0.00005942052715    0.00383826700399    0.00003237700855   -0.00320603527870  
  9.240000   -0.00005687211684    0.00377810405538    0.00003134313434   -0.00316159918454  
  9.250000   -0.00005436339943    0.00371805515259    0.00003027881384   -0.00311585751665  
  9.260000   -0.00005189306396    0.00365816953102    0.00002918713422   -0.00306895226153  
  9.270000   -0.00004945978637    0.00359849756207    0.00002807164547   -0.00302103797159  
  9.280000   -0.00004706224583    0.00353909032164    0.00002693632642   -0.00297228033898  
  9.290000   -0.00004469914132    0.00347999914732    0.00002578554618   -0.00292285464761  
  9.300000   -0.00004236920828    0.00342127518800    0.00002462402132   -0.00287294411768  
  9.310000   -0.00004007123525    0.00336296894944    0.00002345676935   -0.00282273815766  
  9.320000   -0.00003780408020    0.00330512983980    0.00002228905872   -0.00277243054004  
  9.330000   -0.00003556668664    0.00324780571885    0.00002112635612   -0.00272221751762  
  9.340000   -0.00003335809904    0.00319104245473    0.00001997427131   -0.00267229589810  
  9.350000   -0.00003117747776    0.00313488349203    0.00001883850024   -0.00262286109506  
  9.360000   -0.00002902411306    0.00307936943495    0.00001772476690   -0.00257410517373  
  9.370000   -0.00002689743819    0.00302453764901    0.00001663876453   -0.00252621491024  
  9.380000   -0.00002479704144    0.00297042188504    0.00001558609675   -0.00247936988275  
  9.390000   -0.00002272267694    0.00291705192844    0.00001457221918   -0.00243374061303  
  9.400000   -0.00002067427414    0.00286445327692    0.00001360238221   -0.00238948677623  
  9.410000   -0.00001865194593    0.00281264684954    0.00001268157536   -0.00234675549625  
  9.420000   -0.00001665599513    0.00276164872933    0.00001181447390   -0.00230567974337  
  9.430000   -0.00001468691947    0.00271146994163    0.00001100538824   -0.00226637684943  
  9.440000   -0.00001274541486    0.00266211626973    0.00001025821651   -0.00222894715518  
  9.450000   -0.00001083237688    0.00261358810861    0.00000957640100   -0.00219347280244  
  9.460000   -0.00000894890059    0.00256588035703    0.00000896288863   -0.00216001668235  
  9.470000   -0.00000709627852    0.00251898234720    0.00000842009615   -0.00212862154873  
  9.480000   -0.00000527599684    0.00247287781002    0.00000794988015   -0.00209930930332  
  9.490000   -0.00000348972986    0.00242754487231    0.00000755351234   -0.00207208045661  
  9.500000   -0.00000173933288    0.00238295608075    0.00000723166029   -0.00204691376482  
  9.510000   -0.00000002683339    0.00233907844473    0.00000698437380   -0.00202376603923  
  9.520000    0.00000164557891    0.00229587348738    0.00000681107694   -0.00200257211936  
  9.530000    0.00000327556329    0.00225329729094    0.00000671056583   -0.00198324499578  
  9.540000    0.00000486063981    0.00221130051826    0.00000668101199   -0.00196567606122  
  9.550000    0.00000639820139    0.00216982838833    0.00000671997113   -0.00194973546123  
  9.560000    0.00000788552540    0.00212882057892    0.00000682439675   -0.00193527250661  
  9.570000    0.00000931978410    0.00208821102531    0.00000699065837   -0.00192211610059  
  9.580000    0.00001069805272    0.00204792758090    0.00000721456326   -0.00191007512449  
  9.590000    0.00001201731427    0.00200789150387    0.00000749138097   -0.00189893871725  
  9.600000    0.00001327445957    0.00196801673580    0.00000781586935   -0.00188847637877  
  9.610000    0.00001446628123    0.00192820894455    0.00000818230075   -0.00187843782620  
  9.620000    0.00001558946022    0.00188836431598    0.00000858448677   -0.00186855253916  
  9.630000    0.00001664054400    0.00184836810020    0.00000901580011   -0.00185852894763  
  9.640000    0.00001761591553    0.00180809294830    0.00000946919200   -0.00184805324896  
  9.650000    0.00001851175362    0.00176739711735    0.00000993720403   -0.00183678789089  
  9.660000    0.00001932398592    0.00172612267423    0.00001041197421   -0.00182436982956  
  9.670000    0.00002004823792    0.00168409389217    0.00001088523765   -0.00181040876559  
  9.680000    0.00002067978316    0.00164111610424    0.00001134832428   -0.00179448567679  
  9.690000    0.00002121350238    0.00159697535061    0.00001179215768   -0.00177615209729  
  9.700000    0.00002164386184    0.00155143922217    0.00001220726155   -0.00175493073004  
  9.710000    0.00002196492370    0.00150425935305    0.00001258378278   -0.00173031810730  
  9.720000    0.00002217040300    0.00145517603356    0.00001291154270   -0.00170179011030  
  9.730000    0.00002225378704    0.00140392539107    0.00001318012989   -0.00166881119885  
  9.740000    0.00002220853226    0.00135024950347    0.00001337904894   -0.00163084815558  
  9.750000    0.00002202835128    0.00129390965802    0.00001349793912   -0.00158738898839  
  9.760000    0.00002170759748    0.00123470273978    0.00001352687403   -0.00153796733677  
  9.770000    0.00002124174726    0.00117248043048    0.00001345674853   -0.00148219227953  
  9.780000    0.00002062796933    0.00110717053110    0.00001327975091   -0.00141978284818  
  9.790000    0.00001986575818    0.00103879931353    0.00001298990824   -0.00135060583819  
  9.800000    0.00001895759515    0.00096751339357    0.00001258368014   -0.00127471473174  
  9.810000    0.00001790958686    0.00089359924673    0.00001206056286   -0.00119238677824  
  9.820000    0.00001673201920    0.00081749821436    0.00001142365276   -0.00110415462202  
  9.830000    0.00001543975715    0.00073981472754    0.00001068010795   -0.00101082843497  
  9.840000    0.00001405241871    0.00066131556321    0.00000984144128   -0.00091350441680  
  9.850000    0.00001259425699    0.00058291827809    0.00000892357832   -0.00081355586584  
  9.860000    0.00001109369812    0.00050566756022    0.00000794662330   -0.00071260385914  
  9.870000    0.00000958250600    0.00043069908058    0.00000693429319   -0.00061246592189  
  9.880000    0.00000809457508    0.00035919147345    0.00000591300618   -0.00051508285580  
  9.890000    0.00000666438852    0.00029230824338    0.00000491064365   -0.00042242600632  
  9.900000    0.00000532521723    0.00023113257746    0.00000395504080   -0.00033638948553  
  9.910000    0.00000410717161    0.00017659910669    0.00000307229768   -0.00025867398468  
  9.920000    0.00000303524712    0.00012942747076    0.00000228503341   -0.00019067053913  
  9.930000    0.00000212752334    0.00009006297548    0.00000161072867   -0.00013335368877  
  9.940000    0.00000139368028    0.00005862959521    0.00000106030959   -0.00008719369720  
  9.950000    0.00000083398244    0.00003490001578    0.00000063711869   -0.00005209672676  
  9.960000    0.00000043885151    0.00001828634565    0.00000033639373   -0.00002738009858  
  9.970000    0.00000018910377    0.00000785361524    0.00000014533519   -0.00001178710767  
  9.980000    0.00000005687194    0.00000235636398    0.00000004379080   -0.00000354254656  
  9.990000    0.00000000717014    0.00000029665933    0.00000000552714   -0.00000044644977  
 10.000000    0.00000000000000    0.00000000000000   -0.00000000000000    0.00000000000000  
