  0.000000    2.30472850852297    0.68394634915257    0.00000000000000    0.00000000000000  
  0.010000    2.30451913508108    0.68386042878919   -0.03111862186345   -0.00028246551603  
  0.020000    2.30389113061976    0.68360270589524   -0.06221694269861   -0.00112942806220  
  0.030000    2.30284484263027    0.68317329505221   -0.09327468418048   -0.00253958660288  
  0.040000    2.30138084992527    0.68257238720551   -0.12427161335275   -0.00451077597574  
  0.050000    2.29949996213002    0.68180024962814   -0.15518756521747   -0.00703997172512  
  0.060000    2.29720321897072    0.68085722586855   -0.18600246521156   -0.01012329684457  
  0.070000    2.29449188936062    0.67974373568115   -0.21669635153250   -0.01375603040452  
  0.080000    2.29136747028469    0.67846027493808   -0.24724939727661   -0.01793261803427  
  0.090000    2.28783168548398    0.67700741551980   -0.27764193235301   -0.02264668422125  
  0.100000    2.28388648394082    0.67538580518257   -0.30785446513752   -0.02789104638405  
  0.110000    2.27953403816621    0.67359616739981   -0.33786770383104   -0.03365773066975  
  0.120000    2.27477674229111    0.67163930117463   -0.36766257748765   -0.03993798942023  
  0.130000    2.26961720996331    0.66951608082030   -0.39722025667873   -0.04672232024690  
  0.140000    2.26405827205191    0.66722745570536   -0.42652217375985   -0.05400048664787  
  0.150000    2.25810297416158    0.66477444995981   -0.45555004270846   -0.06176154009696  
  0.160000    2.25175457395898    0.66215816213872   -0.48428587850133   -0.06999384352948  
  0.170000    2.24501653831387    0.65937976483973   -0.51271201600160   -0.07868509614583  
  0.180000    2.23789254025774    0.65644050427037   -0.54081112832672   -0.08782235945001  
  0.190000    2.23038645576288    0.65334169976176   -0.56856624466950   -0.09739208443751  
  0.200000    2.22250236034514    0.65008474322472   -0.59596076754603   -0.10738013984378  
  0.210000    2.21424452549369    0.64667109854494   -0.62297848944524   -0.11777184136248  
  0.220000    2.20561741493139    0.64310230091338   -0.64960360885661   -0.12855198174099  
  0.230000    2.19662568070958    0.63937995608892   -0.67582074565355   -0.13970486165889  
  0.240000    2.18727415914128    0.63550573958995   -0.70161495581184   -0.15121432129470  
  0.250000    2.17756786657702    0.63148139581213   -0.72697174544364   -0.16306377248529  
  0.260000    2.16751199502763    0.62730873706976   -0.75187708412951   -0.17523623138268  
  0.270000    2.15711190763872    0.62298964255853   -0.77631741753198   -0.18771435151322  
  0.280000    2.14637313402159    0.61852605723785   -0.80027967927628   -0.20048045714503  
  0.290000    2.13530136544558    0.61391999063120   -0.82375130208511   -0.21351657687083  
  0.300000    2.12390244989710    0.60917351554358   -0.84672022815593   -0.22680447731510  
  0.310000    2.11218238701073    0.60428876669536   -0.86917491877130   -0.24032569687632  
  0.320000    2.10014732287799    0.59926793927246   -0.89110436313383   -0.25406157941766  
  0.330000    2.08780354473954    0.59411328739326   -0.91249808641938   -0.26799330782213  
  0.340000    2.07515747556676    0.58882712249300   -0.93334615704368   -0.28210193733110  
  0.350000    2.06221566853892    0.58341181162707   -0.95363919313895   -0.29636842858878  
  0.360000    2.04898480142208    0.57786977569513   -0.97336836823903   -0.31077368031833  
  0.370000    2.03547167085638    0.57220348758826   -0.99252541617287   -0.32529856155944  
  0.380000    2.02168318655816    0.56641547026222   -1.01110263516788   -0.33992394340101  
  0.390000    2.00762636544368    0.56050829474004   -1.02909289116612   -0.35463073014671  
  0.400000    1.99330832568150    0.55448457804789   -1.04648962035804   -0.36939988985538  
  0.410000    1.97873628068027    0.54834698108843   -1.06328683093941   -0.38421248420279  
  0.420000    1.96391753301920    0.54209820645654   -1.07947910409928   -0.39904969761543  
  0.430000    1.94885946832849    0.53574099620248   -1.09506159424743   -0.41389286563152  
  0.440000    1.93356954912685    0.52927812954808   -1.11003002849156   -0.42872350244907  
  0.450000    1.91805530862366    0.52271242056186   -1.12438070537569   -0.44352332762478  
  0.460000    1.90232434449310    0.51604671579928   -1.13811049289231   -0.45827429189244  
  0.470000    1.88638431262787    0.50928389191470   -1.15121682578218   -0.47295860207334  
  0.480000    1.87024292087997    0.50242685325161   -1.16369770213662   -0.48755874505553  
  0.490000    1.85390792279602    0.49547852941823   -1.17555167931835   -0.50205751082285  
  0.500000    1.83738711135491    0.48844187285537   -1.18677786921784   -0.51643801451833  
  0.510000    1.82068831271508    0.48131985640384   -1.19737593286304   -0.53068371753028  
  0.520000    1.80381937997913    0.47411547087850   -1.20734607440123   -0.54477844759309  
  0.530000    1.78678818698320    0.46683172265618   -1.21668903447261   -0.55870641789770  
  0.540000    1.76960262211856    0.45947163128459   -1.22540608299583   -0.57245224520991  
  0.550000    1.75227058219284    0.45203822711919   -1.23349901138639   -0.58600096699759  
  0.560000    1.73479996633798    0.44453454899498   -1.24097012422952   -0.59933805757012  
  0.570000    1.71719866997243    0.43696364193974   -1.24782223042929   -0.61244944323605  
  0.580000    1.69947457882431    0.42932855493518   -1.25405863385682   -0.62532151648674  
  0.590000    1.68163556302267    0.42163233873208   -1.25968312352001   -0.63794114921560  
  0.600000    1.66368947126363    0.41387804372512   -1.26469996327822   -0.65029570498413  
  0.610000    1.64564412505788    0.40606871789277   -1.26911388112520   -0.66237305034726  
  0.620000    1.62750731306621    0.39820740480722   -1.27293005806382   -0.67416156525125  
  0.630000    1.60928678552906    0.39029714171864   -1.27615411659624   -0.68565015251868  
  0.640000    1.59099024879644    0.38234095771791   -1.27879210885338   -0.69682824643506  
  0.650000    1.57262535996381    0.37434187198111   -1.28085050438723   -0.70768582045232  
  0.660000    1.55419972161968    0.36630289209876   -1.28233617764978   -0.71821339402446  
  0.670000    1.53572087671026    0.35822701249192   -1.28325639518204   -0.72840203859044  
  0.680000    1.51719630352626    0.35011721291718   -1.28361880253643   -0.73824338271943  
  0.690000    1.49863341081679    0.34197645706127   -1.28343141095585   -0.74772961643280  
  0.700000    1.48003953303487    0.33380769122614   -1.28270258383206   -0.75685349471706  
  0.710000    1.46142192571891    0.32561384310420   -1.28144102296598   -0.76560834024110  
  0.720000    1.44278776101421    0.31739782064306   -1.27965575465224   -0.77398804529042  
  0.730000    1.42414412333828    0.30916251099848   -1.27735611560943   -0.78198707293015  
  0.740000    1.40549800519329    0.30091077957367   -1.27455173877776   -0.78960045740801  
  0.750000    1.38685630312904    0.29264546914238   -1.27125253900480   -0.79682380380729  
  0.760000    1.36822581385905    0.28436939905281   -1.26746869863974   -0.80365328695901  
  0.770000    1.34961323053257    0.27608536450886   -1.26321065305622   -0.81008564962183  
  0.780000    1.33102513916461    0.26779613592455   -1.25848907612289   -0.81611819993696  
  0.790000    1.31246801522598    0.25950445834729   -1.25331486564075   -0.82174880816516  
  0.800000    1.29394822039502    0.25121305094492   -1.24769912876541   -0.82697590271147  
  0.810000    1.27547199947226    0.24292460655133   -1.24165316743203   -0.83179846544345  
  0.820000    1.25704547745923    0.23464179126496   -1.23518846380014   -0.83621602630752  
  0.830000    1.23867465680196    0.22636724409436   -1.22831666573482   -0.84022865724807  
  0.840000    1.22036541479976    0.21810357664441   -1.22104957234030   -0.84383696543355  
  0.850000    1.20212350117940    0.20985337283719   -1.21339911956143   -0.84704208579367  
  0.860000    1.18395453583461    0.20161918866060   -1.20537736586782   -0.84984567287181  
  0.870000    1.16586400673044    0.19340355193851   -1.19699647803498   -0.85224989199725  
  0.880000    1.14785726797192    0.18520896211554   -1.18826871703632   -0.85425740978179  
  0.890000    1.12993953803602    0.17703789005008   -1.17920642405904   -0.85587138394620  
  0.900000    1.11211589816585    0.16889277780890   -1.16982200665683   -0.85709545248266  
  0.910000    1.09439129092562    0.16077603845699   -1.16012792505146   -0.85793372216003  
  0.920000    1.07677051891477    0.15269005583654   -1.15013667859507   -0.85839075638021  
  0.930000    1.05925824363940    0.14463718432895   -1.13986079240427   -0.85847156239486  
  0.940000    1.04185898453904    0.13661974859423   -1.12931280417712   -0.85818157789328  
  0.950000    1.02457711816640    0.12864004328253   -1.11850525120312   -0.85752665697378  
  0.960000    1.00741687751771    0.12070033271277   -1.10745065757641   -0.85651305551271  
  0.970000    0.99038235151109    0.11280285051371   -1.09616152162161   -0.85514741594698  
  0.980000    0.97347748461018    0.10494979922363   -1.08465030354170   -0.85343675148807  
  0.990000    0.95670607659004    0.09714334984477   -1.07292941329680   -0.85138842978750  
  1.000000    0.94007178244240    0.08938564134956   -1.06101119872244   -0.84901015607592  
  1.010000    0.92357811241702    0.08167878013615   -1.04890793389557   -0.84630995580021  
  1.020000    0.90722843219590    0.07402483943118   -1.03663180775651   -0.84329615678536  
  1.030000    0.89102596319692    0.06642585863856   -1.02419491299435   -0.83997737094999  
  1.040000    0.87497378300362    0.05888384263330   -1.01160923520365   -0.83636247560697  
  1.050000    0.85907482591730    0.05140076100054   -0.99888664231936   -0.83246059438280  
  1.060000    0.84333188362812    0.04397854721989   -0.98603887433743   -0.82828107779153  
  1.070000    0.82774760600134    0.03661909779646   -0.97307753332772   -0.82383348350160  
  1.080000    0.81232450197519    0.02932427134013   -0.96001407374607   -0.81912755633577  
  1.090000    0.79706494056638    0.02209588759533   -0.94685979305195   -0.81417320804654  
  1.100000    0.78197115197986    0.01493572642427   -0.93362582263814   -0.80898049691149  
  1.110000    0.76704522881866    0.00784552674701   -0.92032311907854   -0.80355960719448  
  1.120000    0.75228912739044    0.00082698544239   -0.90696245570010   -0.79792082852068  
  1.130000    0.73770466910662   -0.00611824378580   -0.89355441448473   -0.79207453521443  
  1.140000    0.72329354197067   -0.01298855157236   -0.88010937830694   -0.78603116565076  
  1.150000    0.70905730215155   -0.01978237407851   -0.86663752351246   -0.77980120167178  
  1.160000    0.69499737563878   -0.02649819419833   -0.85314881284340   -0.77339514812070  
  1.170000    0.68111505997535   -0.03313454277751   -0.83965298871476   -0.76682351254628  
  1.180000    0.66741152606493   -0.03968999983805   -0.82615956684747   -0.76009678513128  
  1.190000    0.65388782004966   -0.04616319580203   -0.81267783026231   -0.75322541889823  
  1.200000    0.64054486525508   -0.05255281270767   -0.79921682363940   -0.74621981024605  
  1.210000    0.62738346419865   -0.05885758541040   -0.78578534804714   -0.73909027987033  
  1.220000    0.61440430065837   -0.06507630276173   -0.77239195604476   -0.73184705411943  
  1.230000    0.60160794179815   -0.07120780875870   -0.75904494716174   -0.72450024683785  
  1.240000    0.58899484034665   -0.07725100365653   -0.74575236375764   -0.71705984174657  
  1.250000    0.57656533682613   -0.08320484503719   -0.73252198726500   -0.70953567540909  
  1.260000    0.56431966182827   -0.08906834882684   -0.71936133481794   -0.70193742082970  
  1.270000    0.55225793833369   -0.09484059025498   -0.70627765626860   -0.69427457172872  
  1.280000    0.54038018407214   -0.10052070474868   -0.69327793159301   -0.68655642753697  
  1.290000    0.52868631392027   -0.10610788875512   -0.68036886868777   -0.67879207914940  
  1.300000    0.51717614233395   -0.11160140048644   -0.66755690155812   -0.67099039547484  
  1.310000    0.50584938581234   -0.11700056058078   -0.65484818889789   -0.66316001081608  
  1.320000    0.49470566539080   -0.12230475267409   -0.64224861306076   -0.65530931311112  
  1.330000    0.48374450915970   -0.12751342387765   -0.62976377942229   -0.64744643306323  
  1.340000    0.47296535480658   -0.13262608515652   -0.61739901613108   -0.63957923418394  
  1.350000    0.46236755217882   -0.13764231160498   -0.60515937424716   -0.63171530376939  
  1.360000    0.45195036586419   -0.14256174261516   -0.59304962826493   -0.62386194482675  
  1.370000    0.44171297778671   -0.14738408193600   -0.58107427701732   -0.61602616896357  
  1.380000    0.43165448981526   -0.15210909761975   -0.56923754495736   -0.60821469024908  
  1.390000    0.42177392638233   -0.15673662185446   -0.55754338381225   -0.60043392005221  
  1.400000    0.41207023711062   -0.16126655068083   -0.54599547460500   -0.59268996285764  
  1.410000    0.40254229944493   -0.16569884359287   -0.53459723003723   -0.58498861305650  
  1.420000    0.39318892128692   -0.17003352302229   -0.52335179722666   -0.57733535270502  
  1.430000    0.38400884363055   -0.17427067370700   -0.51226206079176   -0.56973535024018  
  1.440000    0.37500074319571   -0.17841044194493   -0.50133064627535   -0.56219346013747  
  1.450000    0.36616323505789   -0.18245303473490   -0.49055992389843   -0.55471422349250  
  1.460000    0.35749487527152   -0.18639871880662   -0.47995201263444   -0.54730186950409  
  1.470000    0.34899416348487   -0.19024781954299   -0.46950878459391   -0.53996031783345  
  1.480000    0.34065954554432   -0.19400071979767   -0.45923186970835   -0.53269318181024  
  1.490000    0.33248941608568   -0.19765785861222   -0.44912266070183   -0.52550377245361  
  1.500000    0.32448212111072   -0.20121972983686   -0.43918231833797   -0.51839510327297  
  1.510000    0.31663596054655   -0.20468688065986   -0.42941177692933   -0.51136989581070  
  1.520000    0.30894919078593   -0.20805991005076   -0.41981175009580   -0.50443058588644  
  1.530000    0.30142002720644   -0.21133946712303   -0.41038273675778   -0.49757933050031  
  1.540000    0.29404664666654   -0.21452624942215   -0.40112502734953   -0.49081801535034  
  1.550000    0.28682718997649   -0.21762100114544   -0.39203871023762   -0.48414826291771  
  1.560000    0.27975976434222   -0.22062451130002   -0.38312367832870   -0.47757144107175  
  1.570000    0.27284244578035   -0.22353761180585   -0.37437963585072   -0.47108867214565  
  1.580000    0.26607328150227   -0.22636117555061   -0.36580610529104   -0.46470084243265  
  1.590000    0.25945029226575   -0.22909611440349   -0.35740243447469   -0.45840861205194  
  1.600000    0.25297147469207   -0.23174337719507   -0.34916780376584   -0.45221242513315  
  1.610000    0.24663480354701   -0.23430394767036   -0.34110123337504   -0.44611252026806  
  1.620000    0.24043823398406   -0.23677884242222   -0.33320159075484   -0.44010894117856  
  1.630000    0.23437970374814   -0.23916910881216   -0.32546759806628   -0.43420154755002  
  1.640000    0.22845713533825   -0.24147582288560   -0.31789783969844   -0.42839002598037  
  1.650000    0.22266843812761   -0.24370008728836   -0.31049076982357   -0.42267390099562  
  1.660000    0.21701151043961   -0.24584302919112   -0.30324471996998   -0.41705254608423  
  1.670000    0.21148424157844   -0.24790579822824   -0.29615790659535   -0.41152519470398  
  1.680000    0.20608451381274   -0.24988956445725   -0.28922843864311   -0.40609095121652  
  1.690000    0.20081020431121   -0.25179551634486   -0.28245432506463   -0.40074880170688  
  1.700000    0.19565918702894   -0.25362485878507   -0.27583348229050   -0.39549762464709  
  1.710000    0.19062933454316   -0.25537881115479   -0.26936374163445   -0.39033620136539  
  1.720000    0.18571851983755   -0.25705860541185   -0.26304285661368   -0.38526322628476  
  1.730000    0.18092461803398   -0.25866548423979   -0.25686851017005   -0.38027731689706  
  1.740000    0.17624550807082   -0.26020069924384   -0.25083832177696   -0.37537702344181  
  1.750000    0.17167907432703   -0.26166550920159   -0.24494985441737   -0.37056083826103  
  1.760000    0.16722320819122   -0.26306117837176   -0.23920062141892   -0.36582720480470  
  1.770000    0.16287580957514   -0.26438897486403   -0.23358809313284   -0.36117452626403  
  1.780000    0.15863478837087   -0.26565016907219   -0.22810970344412   -0.35660117381267  
  1.790000    0.15449806585147   -0.26684603217282   -0.22276285610088   -0.35210549443883  
  1.800000    0.15046357601448   -0.26797783469104   -0.21754493085192   -0.34768581835439  
  1.810000    0.14652926686813   -0.26904684513441   -0.21245328938214   -0.34334046596946  
  1.820000    0.14269310166011   -0.27005432869594   -0.20748528103630   -0.33906775442438  
  1.830000    0.13895306004864   -0.27100154602644   -0.20263824832255   -0.33486600367322  
  1.840000    0.13530713921598   -0.27188975207613   -0.19790953218790   -0.33073354211606  
  1.850000    0.13175335492444   -0.27272019500541   -0.19329647705899   -0.32666871177961  
  1.860000    0.12828974251505   -0.27349411516373   -0.18879643564209   -0.32266987304843  
  1.870000    0.12491435784927   -0.27421274413575   -0.18440677347730   -0.31873540895135  
  1.880000    0.12162527819393   -0.27487730385336   -0.18012487324316   -0.31486372900982  
  1.890000    0.11842060305006   -0.27548900577194   -0.17594813880826   -0.31105327265723  
  1.900000    0.11529845492609   -0.27604905010895   -0.17187399902780   -0.30730251224010  
  1.910000    0.11225698005601   -0.27655862514292   -0.16789991128386   -0.30360995561393  
  1.920000    0.10929434906332   -0.27701890657035   -0.16402336476900   -0.29997414834789  
  1.930000    0.10640875757142   -0.27743105691827   -0.16024188351362   -0.29639367555445  
  1.940000    0.10359842676156   -0.27779622500976   -0.15655302915877   -0.29286716336098  
  1.950000    0.10086160387907   -0.27811554547983   -0.15295440347639   -0.28939328004154  
  1.960000    0.09819656268904   -0.27839013833890   -0.14944365064028   -0.28597073682826  
  1.970000    0.09560160388250   -0.27862110858107   -0.14601845925160   -0.28259828842213  
  1.980000    0.09307505543433   -0.27880954583434   -0.14267656412364   -0.27927473322398  
  1.990000    0.09061527291400   -0.27895652405010   -0.13941574783114   -0.27599891330644  
  2.000000    0.08822063975052   -0.27906310122897   -0.13623384203037   -0.27276971414852  
  2.010000    0.08588956745292   -0.27913031918034   -0.13312872855647   -0.26958606415377  
  2.020000    0.08362049578756   -0.27915920331304   -0.13009834030568   -0.26644693397375  
  2.030000    0.08141189291380   -0.27915076245448   -0.12714066190995   -0.26335133565762  
  2.040000    0.07926225547936   -0.27910598869599   -0.12425373021259   -0.26029832164884  
  2.050000    0.07717010867698   -0.27902585726196   -0.12143563455365   -0.25728698364915  
  2.060000    0.07513400626378   -0.27891132640070   -0.11868451687426   -0.25431645136958  
  2.070000    0.07315253054490   -0.27876333729509   -0.11599857164943   -0.25138589118754  
  2.080000    0.07122429232304   -0.27858281399113   -0.11337604565933   -0.24849450472806  
  2.090000    0.06934793081533   -0.27837066334287   -0.11081523760900   -0.24564152738660  
  2.100000    0.06752211353922   -0.27812777497222   -0.10831449760685   -0.24282622680975  
  2.110000    0.06574553616885   -0.27785502124240   -0.10587222651230   -0.24004790134897  
  2.120000    0.06401692236366   -0.27755325724399   -0.10348687516319   -0.23730587850184  
  2.130000    0.06233502357057   -0.27722332079263   -0.10115694349340   -0.23459951335370  
  2.140000    0.06069861880148   -0.27686603243786   -0.09888097955116   -0.23192818703162  
  2.150000    0.05910651438752   -0.27648219548224   -0.09665757842861   -0.22929130518168  
  2.160000    0.05755754371170   -0.27607259601078   -0.09448538111290   -0.22668829647880  
  2.170000    0.05605056692125   -0.27563800293022   -0.09236307326887   -0.22411861117785  
  2.180000    0.05458447062145   -0.27517916801813   -0.09028938396348   -0.22158171971306  
  2.190000    0.05315816755200   -0.27469682598207   -0.08826308434156   -0.21907711135192  
  2.200000    0.05177059624779   -0.27419169452881   -0.08628298626229   -0.21660429290864  
  2.210000    0.05042072068504   -0.27366447444408   -0.08434794090569   -0.21416278752090  
  2.220000    0.04910752991451   -0.27311584968312   -0.08245683735757   -0.21175213349309  
  2.230000    0.04783003768281   -0.27254648747255   -0.08060860118167   -0.20937188320771  
  2.240000    0.04658728204329   -0.27195703842410   -0.07880219298658   -0.20702160210625  
  2.250000    0.04537832495760   -0.27134813666069   -0.07703660699520   -0.20470086773952  
  2.260000    0.04420225188916   -0.27072039995549   -0.07531086962375   -0.20240926888712  
  2.270000    0.04305817138969   -0.27007442988453   -0.07362403807678   -0.20014640474460  
  2.280000    0.04194521467982   -0.26941081199335   -0.07197519896445   -0.19791188417659  
  2.290000    0.04086253522489   -0.26873011597836   -0.07036346694753   -0.19570532503344  
  2.300000    0.03980930830694   -0.26803289588318   -0.06878798341528   -0.19352635352849  
  2.310000    0.03878473059372   -0.26731969031061   -0.06724791520079   -0.19137460367276  
  2.320000    0.03778801970577   -0.26659102265040   -0.06574245333772   -0.18924971676343  
  2.330000    0.03681841378233   -0.26584740132306   -0.06427081186213   -0.18715134092235  
  2.340000    0.03587517104685   -0.26508932004001   -0.06283222666232   -0.18507913068055  
  2.350000    0.03495756937294   -0.26431725807989   -0.06142595437933   -0.18303274660478  
  2.360000    0.03406490585142   -0.26353168058112   -0.06005127135995   -0.18101185496181  
  2.370000    0.03319649635904   -0.26273303885032   -0.05870747266409   -0.17901612741662  
  2.380000    0.03235167512971   -0.26192177068641   -0.05739387112730   -0.17704524076026  
  2.390000    0.03152979432846   -0.26109830071969   -0.05610979647935   -0.17509887666371  
  2.400000    0.03073022362907   -0.26026304076545   -0.05485459451902   -0.17317672145405  
  2.410000    0.02995234979547   -0.25941639019122   -0.05362762634488   -0.17127846590929  
  2.420000    0.02919557626756   -0.25855873629674   -0.05242826764158   -0.16940380506900  
  2.430000    0.02845932275188   -0.25769045470572   -0.05125590802079   -0.16755243805753  
  2.440000    0.02774302481731   -0.25681190976795   -0.05010995041543   -0.16572406791742  
  2.450000    0.02704613349632   -0.25592345497081   -0.04898981052579   -0.16391840145068  
  2.460000    0.02636811489195   -0.25502543335837   -0.04789491631571   -0.16213514906598  
  2.470000    0.02570844979084   -0.25411817795690   -0.04682470755668   -0.16037402463017  
  2.480000    0.02506663328250   -0.25320201220484   -0.04577863541776   -0.15863474532302  
  2.490000    0.02444217438508   -0.25227725038586   -0.04475616209872   -0.15691703149404  
  2.500000    0.02383459567772   -0.25134419806289   -0.04375676050385   -0.15522060652105  
  2.510000    0.02324343293975   -0.25040315251157   -0.04277991395378   -0.15354519667008  
  2.520000    0.02266823479680   -0.24945440315108   -0.04182511593231   -0.15189053095671  
  2.530000    0.02210856237386   -0.24849823197057   -0.04089186986552   -0.15025634100911  
  2.540000    0.02156398895554   -0.24753491394914   -0.03997968893004   -0.14864236093340  
  2.550000    0.02103409965344   -0.24656471746770   -0.03908809588763   -0.14704832718207  
  2.560000    0.02051849108074   -0.24558790471062   -0.03821662294311   -0.14547397842632  
  2.570000    0.02001677103402   -0.24460473205554   -0.03736481162255   -0.14391905543361  
  2.580000    0.01952855818238   -0.24361545044945   -0.03653221266901   -0.14238330095153  
  2.590000    0.01905348176374   -0.24262030576942   -0.03571838595296   -0.14086645959928  
  2.600000    0.01859118128846   -0.24161953916646   -0.03492290039461   -0.13936827776822  
  2.610000    0.01814130625015   -0.24061338739086   -0.03414533389560   -0.13788850353274  
  2.620000    0.01770351584359   -0.23960208309785   -0.03338527327760   -0.13642688657296  
  2.630000    0.01727747868992   -0.23858585513220   -0.03264231422536   -0.13498317811034  
  2.640000    0.01686287256879   -0.23756492879082   -0.03191606123218   -0.13355713085769  
  2.650000    0.01645938415762   -0.23653952606231   -0.03120612754562   -0.13214849898434  
  2.660000    0.01606670877773   -0.23550986584288   -0.03051213511178   -0.13075703809781  
  2.670000    0.01568455014739   -0.23447616412784   -0.02983371451629   -0.12938250524239  
  2.680000    0.01531262014169   -0.23343863417851   -0.02917050492066   -0.12802465891556  
  2.690000    0.01495063855900   -0.23239748666422   -0.02852215399267   -0.12668325910238  
  2.700000    0.01459833289419   -0.23135292977929   -0.02788831782962   -0.12535806732824  
  2.710000    0.01425543811822   -0.23030516933538   -0.02726866087362   -0.12404884672978  
  2.720000    0.01392169646421   -0.22925440882942   -0.02666285581814   -0.12275536214370  
  2.730000    0.01359685721980   -0.22820084948762   -0.02607058350526   -0.12147738021305  
  2.740000    0.01328067652568   -0.22714469028649   -0.02549153281327   -0.12021466951001  
  2.750000    0.01297291718019   -0.22608612795152   -0.02492540053441   -0.11896700067434  
  2.760000    0.01267334844990   -0.22502535693479   -0.02437189124278   -0.11773414656614  
  2.770000    0.01238174588600   -0.22396256937268   -0.02383071715240   -0.11651588243151  
  2.780000    0.01209789114637   -0.22289795502496   -0.02330159796589   -0.11531198607939  
  2.790000    0.01182157182331   -0.22183170119696   -0.02278426071398   -0.11412223806774  
  2.800000    0.01155258127662   -0.22076399264631   -0.02227843958651   -0.11294642189702  
  2.810000    0.01129071847207   -0.21969501147606   -0.02178387575556   -0.11178432420882  
  2.820000    0.01103578782501   -0.21862493701605   -0.02130031719130   -0.11063573498730  
  2.830000    0.01078759904907   -0.21755394569433   -0.02082751847165   -0.10950044776105  
  2.840000    0.01054596700970   -0.21648221090085   -0.02036524058640   -0.10837825980294  
  2.850000    0.01031071158249   -0.21540990284515   -0.01991325073690   -0.10726897232538  
  2.860000    0.01008165751620   -0.21433718841030   -0.01947132213229   -0.10617239066863  
  2.870000    0.00985863430011   -0.21326423100517   -0.01903923378332   -0.10508832447949  
  2.880000    0.00964147603586   -0.21219119041685   -0.01861677029479   -0.10401658787803  
  2.890000    0.00943002131333   -0.21111822266554   -0.01820372165771   -0.10295699961009  
  2.900000    0.00922411309070   -0.21004547986362   -0.01779988304227   -0.10190938318317  
  2.910000    0.00902359857828   -0.20897311008094   -0.01740505459262   -0.10087356698364  
  2.920000    0.00882832912615   -0.20790125721821   -0.01701904122450   -0.09984938437348  
  2.930000    0.00863816011540   -0.20683006088996   -0.01664165242673   -0.09883667376468  
  2.940000    0.00845295085279   -0.20575965631907   -0.01627270206742   -0.09783527866975  
  2.950000    0.00827256446875   -0.20469017424393   -0.01591200820593   -0.09684504772730  
  2.960000    0.00809686781850   -0.20362174083999   -0.01555939291122   -0.09586583470130  
  2.970000    0.00792573138624   -0.20255447765656   -0.01521468208744   -0.09489749845368  
  2.980000    0.00775902919220   -0.20148850157011   -0.01487770530743   -0.09393990288940  
  2.990000    0.00759663870242   -0.20042392475482   -0.01454829565464   -0.09299291687412  
  3.000000    0.00743844074116   -0.19936085467120   -0.01422628957410   -0.09205641412437  
  3.010000    0.00728431940579   -0.19829939407311   -0.01391152673269   -0.09113027307080  
  3.020000    0.00713416198402   -0.19723964103366   -0.01360384988913   -0.09021437669505  
  3.030000    0.00698785887337   -0.19618168899007   -0.01330310477397   -0.08930861234143  
  3.040000    0.00684530350271   -0.19512562680738   -0.01300913997955   -0.08841287150445  
  3.050000    0.00670639225589   -0.19407153886094   -0.01272180686008   -0.08752704959404  
  3.060000    0.00657102439713   -0.19301950513704   -0.01244095944187   -0.08665104568005  
  3.070000    0.00643910199827   -0.19196960135129   -0.01216645434339   -0.08578476221813  
  3.080000    0.00631052986774   -0.19092189908381   -0.01189815070508   -0.08492810475940  
  3.090000    0.00618521548100   -0.18987646593048   -0.01163591012861   -0.08408098164618  
  3.100000    0.00606306891259   -0.18883336566894   -0.01137959662514   -0.08324330369656  
  3.110000    0.00594400276955   -0.18779265843837   -0.01112907657225   -0.08241498388051  
  3.120000    0.00582793212626   -0.18675440093149   -0.01088421867894   -0.08159593699052  
  3.130000    0.00571477446043   -0.18571864659740   -0.01064489395821   -0.08078607930968  
  3.140000    0.00560444959045   -0.18468544585369   -0.01041097570661   -0.07998532828021  
  3.150000    0.00549687961386   -0.18365484630615   -0.01018233949006   -0.07919360217569  
  3.160000    0.00539198884688   -0.18262689297430   -0.00995886313538   -0.07841081977970  
  3.170000    0.00528970376509   -0.18160162852105   -0.00974042672659   -0.07763690007422  
  3.180000    0.00518995294516   -0.18057909348461   -0.00952691260558   -0.07687176194052  
  3.190000    0.00509266700750   -0.17955932651085   -0.00931820537614   -0.07611532387535  
  3.200000    0.00499777856001   -0.17854236458415   -0.00911419191067   -0.07536750372522  
  3.210000    0.00490522214272   -0.17752824325517   -0.00891476135894   -0.07462821844117  
  3.220000    0.00481493417343   -0.17651699686348   -0.00871980515809   -0.07389738385642  
  3.230000    0.00472685289430   -0.17550865875347   -0.00852921704307   -0.07317491448892  
  3.240000    0.00464091831933   -0.17450326148182   -0.00834289305709   -0.07246072337076  
  3.250000    0.00455707218292   -0.17350083701501   -0.00816073156110   -0.07175472190589  
  3.260000    0.00447525788922   -0.17250141691519   -0.00798263324193   -0.07105681975755  
  3.270000    0.00439542046259   -0.17150503251332   -0.00780850111848   -0.07036692476635  
  3.280000    0.00431750649893   -0.17051171506806   -0.00763824054520   -0.06968494289985  
  3.290000    0.00424146411810   -0.16952149590942   -0.00747175921276   -0.06901077823370  
  3.300000    0.00416724291726   -0.16853440656617   -0.00730896714514   -0.06834433296483  
  3.310000    0.00409479392531   -0.16755047887624   -0.00714977669292   -0.06768550745599  
  3.320000    0.00402406955833   -0.16656974507933   -0.00699410252250   -0.06703420031141  
  3.330000    0.00395502357613   -0.16559223789134   -0.00684186160089   -0.06639030848246  
  3.340000    0.00388761103984   -0.16461799056032   -0.00669297317595   -0.06575372740218  
  3.350000    0.00382178827070   -0.16364703690364   -0.00654735875189   -0.06512435114713  
  3.360000    0.00375751280989   -0.16267941132662   -0.00640494206011   -0.06450207262483  
  3.370000    0.00369474337958   -0.16171514882262   -0.00626564902512   -0.06388678378475  
  3.380000    0.00363343984510   -0.16075428495515   -0.00612940772587   -0.06327837585041  
  3.390000    0.00357356317834   -0.15979685582237   -0.00599614835241   -0.06267673957029  
  3.400000    0.00351507542235   -0.15884289800477   -0.00586580315810   -0.06208176548466  
  3.410000    0.00345793965709   -0.15789244849690   -0.00573830640764   -0.06149334420563  
  3.420000    0.00340211996650   -0.15694554462408   -0.00561359432107   -0.06091136670725  
  3.430000    0.00334758140670   -0.15600222394525   -0.00549160501417   -0.06033572462265  
  3.440000    0.00329428997545   -0.15506252414331   -0.00537227843554   -0.05976631054508  
  3.450000    0.00324221258288   -0.15412648290409   -0.00525555630075   -0.05920301832942  
  3.460000    0.00319131702336   -0.15319413778572   -0.00514138202397   -0.05864574339128  
  3.470000    0.00314157194861   -0.15226552607967   -0.00502970064755   -0.05809438300010  
  3.480000    0.00309294684204   -0.15134068466523   -0.00492045876999   -0.05754883656340  
  3.490000    0.00304541199418   -0.15041964985913   -0.00481360447278   -0.05700900589908  
  3.500000    0.00299893847935   -0.14950245726183   -0.00470908724652   -0.05647479549264  
  3.510000    0.00295349813339   -0.14858914160244   -0.00460685791701   -0.05594611273690  
  3.520000    0.00290906353254   -0.14767973658376   -0.00450686857155   -0.05542286815134  
  3.530000    0.00286560797331   -0.14677427472938   -0.00440907248608   -0.05490497557882  
  3.540000    0.00282310545346   -0.14587278723440   -0.00431342405362   -0.05439235235755  
  3.550000    0.00278153065390   -0.14497530382136   -0.00421987871442   -0.05388491946639  
  3.560000    0.00274085892155   -0.14408185260314   -0.00412839288829   -0.05338260164186  
  3.570000    0.00270106625310   -0.14319245995419   -0.00403892390949   -0.05288532746561  
  3.580000    0.00266212927958   -0.14230715039151   -0.00395142996458   -0.05239302942128  
  3.590000    0.00262402525179   -0.14142594646681   -0.00386587003362   -0.05190564392014  
  3.600000    0.00258673202639   -0.14054886867088   -0.00378220383493   -0.05142311129499  
  3.610000    0.00255022805270   -0.13967593535134   -0.00370039177381   -0.05094537576253  
  3.620000    0.00251449236016   -0.13880716264478   -0.00362039489534   -0.05047238535422  
  3.630000    0.00247950454632   -0.13794256442382   -0.00354217484160   -0.05000409181646  
  3.640000    0.00244524476536   -0.13708215226004   -0.00346569381326   -0.04954045048084  
  3.650000    0.00241169371705   -0.13622593540301   -0.00339091453589   -0.04908142010591  
  3.660000    0.00237883263617   -0.13537392077589   -0.00331780023085   -0.04862696269181  
  3.670000    0.00234664328214   -0.13452611298768   -0.00324631459088   -0.04817704326963  
  3.680000    0.00231510792914   -0.13368251436210   -0.00317642176036   -0.04773162966769  
  3.690000    0.00228420935625   -0.13284312498303   -0.00310808632012   -0.04729069225687  
  3.700000    0.00225393083797   -0.13200794275600   -0.00304127327680   -0.04685420367767  
  3.710000    0.00222425613474   -0.13117696348536   -0.00297594805646   -0.04642213855159  
  3.720000    0.00219516948364   -0.13035018096650   -0.00291207650235   -0.04599447317983  
  3.730000    0.00216665558911   -0.12952758709219   -0.00284962487668   -0.04557118523220  
  3.740000    0.00213869961366   -0.12870917197219   -0.00278855986588   -0.04515225342945  
  3.750000    0.00211128716864   -0.12789492406517   -0.00272884858946   -0.04473765722208  
  3.760000    0.00208440430488   -0.12708483032151   -0.00267045861169   -0.04432737646892  
  3.770000    0.00205803750324   -0.12627887633593   -0.00261335795624   -0.04392139111868  
  3.780000    0.00203217366516   -0.12547704650844   -0.00255751512300   -0.04351968089757  
  3.790000    0.00200680010300   -0.12467932421219   -0.00250289910704   -0.04312222500621  
  3.800000    0.00198190453024   -0.12388569196666   -0.00244947941910   -0.04272900182871  
  3.810000    0.00195747505159   -0.12309613161470   -0.00239722610738   -0.04233998865699  
  3.820000    0.00193350015290   -0.12231062450167   -0.00234610978009   -0.04195516143282  
  3.830000    0.00190996869097   -0.12152915165517   -0.00229610162855   -0.04157449451036  
  3.840000    0.00188686988310   -0.12075169396363   -0.00224717345025   -0.04119796044137  
  3.850000    0.00186419329664   -0.11997823235222   -0.00219929767162   -0.04082552978530  
  3.860000    0.00184192883827   -0.11920874795439   -0.00215244737013   -0.04045717094596  
  3.870000    0.00182006674324   -0.11844322227757   -0.00210659629533   -0.04009285003648  
  3.880000    0.00179859756444   -0.11768163736144   -0.00206171888848   -0.03973253077375  
  3.890000    0.00177751216149   -0.11692397592743   -0.00201779030053   -0.03937617440333  
  3.900000    0.00175680168962   -0.11617022151805   -0.00197478640807   -0.03902373965547  
  3.910000    0.00173645758864   -0.11542035862482   -0.00193268382711   -0.03867518273260  
  3.920000    0.00171647157181   -0.11467437280367   -0.00189145992424   -0.03833045732831  
  3.930000    0.00169683561483   -0.11393225077681   -0.00185109282529   -0.03798951467746  
  3.940000    0.00167754194474   -0.11319398052012   -0.00181156142096   -0.03765230363691  
  3.950000    0.00165858302905   -0.11245955133543   -0.00177284536958   -0.03731877079570  
  3.960000    0.00163995156491   -0.11172895390695   -0.00173492509673   -0.03698886061379  
  3.970000    0.00162164046842   -0.11100218034152   -0.00169778179171   -0.03666251558745  
  3.980000    0.00160364286418   -0.11027922419231   -0.00166139740077   -0.03633967643980  
  3.990000    0.00158595207501   -0.10956008046585   -0.00162575461726   -0.03602028233423  
  4.000000    0.00156856161197   -0.10884474561243   -0.00159083686853   -0.03570427110862  
  4.010000    0.00155146516460   -0.10813321750000   -0.00155662829977   -0.03539157952762  
  4.020000    0.00153465659153   -0.10742549537197   -0.00152311375490   -0.03508214355054  
  4.030000    0.00151812991144   -0.10672157978930   -0.00149027875458   -0.03477589861186  
  4.040000    0.00150187929434   -0.10602147255760   -0.00145810947159   -0.03447277991148  
  4.050000    0.00148589905327   -0.10532517664000   -0.00142659270361   -0.03417272271164  
  4.060000    0.00147018363647   -0.10463269605662   -0.00139571584387   -0.03387566263735  
  4.070000    0.00145472761986   -0.10394403577176   -0.00136546684963   -0.03358153597727  
  4.080000    0.00143952570016   -0.10325920156990   -0.00133583420892   -0.03329027998182  
  4.090000    0.00142457268829   -0.10257819992178   -0.00130680690578   -0.03300183315540  
  4.100000    0.00140986350337   -0.10190103784192   -0.00127837438424   -0.03271613553975  
  4.110000    0.00139539316717   -0.10122772273892   -0.00125052651137   -0.03243312898541  
  4.120000    0.00138115679906   -0.10055826226010   -0.00122325353972   -0.03215275740851  
  4.130000    0.00136714961140   -0.09989266413201   -0.00119654606940   -0.03187496703020  
  4.140000    0.00135336690550   -0.09923093599829   -0.00117039501019   -0.03159970659626  
  4.150000    0.00133980406800   -0.09857308525655   -0.00114479154390   -0.03132692757452  
  4.160000    0.00132645656771   -0.09791911889590   -0.00111972708731   -0.03105658432821  
  4.170000    0.00131331995298   -0.09726904333655   -0.00109519325609   -0.03078863426323  
  4.180000    0.00130038984939   -0.09662286427319   -0.00107118182974   -0.03052303794806  
  4.190000    0.00128766195801   -0.09598058652366   -0.00104768471809   -0.03025975920478  
  4.200000    0.00127513205391   -0.09534221388425   -0.00102469392945   -0.02999876517054  
  4.210000    0.00126279598514   -0.09470774899317   -0.00100220154064   -0.02974002632860  
  4.220000    0.00125064967203   -0.09407719320341   -0.00098019966923   -0.02948351650886  
  4.230000    0.00123868910679   -0.09345054646629   -0.00095868044803   -0.02922921285754  
  4.240000    0.00122691035339   -0.09282780722671   -0.00093763600214   -0.02897709577670  
  4.250000    0.00121530954776   -0.09220897233119   -0.00091705842857   -0.02872714883387  
  4.260000    0.00120388289811   -0.09159403694960   -0.00089693977869   -0.02847935864293  
  4.270000    0.00119262668548   -0.09098299451122   -0.00087727204343   -0.02823371471736  
  4.280000    0.00118153726450   -0.09037583665578   -0.00085804714140   -0.02799020929735  
  4.290000    0.00117061106412   -0.08977255320002   -0.00083925690999   -0.02774883715260  
  4.300000    0.00115984458856   -0.08917313211996   -0.00082089309932   -0.02750959536275  
  4.310000    0.00114923441825   -0.08857755954913   -0.00080294736912   -0.02727248307765  
  4.320000    0.00113877721073   -0.08798581979269   -0.00078541128849   -0.02703750126003  
  4.330000    0.00112846970157   -0.08739789535741   -0.00076827633837   -0.02680465241303  
  4.340000    0.00111830870528   -0.08681376699708   -0.00075153391674   -0.02657394029550  
  4.350000    0.00110829111603   -0.08623341377300   -0.00073517534629   -0.02634536962785  
  4.360000    0.00109841390834   -0.08565681312896   -0.00071919188451   -0.02611894579143  
  4.370000    0.00108867413757   -0.08508394097996   -0.00070357473603   -0.02589467452463  
  4.380000    0.00107906894027   -0.08451477181377   -0.00068831506688   -0.02567256161854  
  4.390000    0.00106959553435   -0.08394927880453   -0.00067340402066   -0.02545261261546  
  4.400000    0.00106025121901   -0.08338743393709   -0.00065883273626   -0.02523483251315  
  4.410000    0.00105103337448   -0.08282920814107   -0.00064459236694   -0.02501922547785  
  4.420000    0.00104193946151   -0.08227457143327   -0.00063067410049   -0.02480579456900  
  4.430000    0.00103296702059   -0.08172349306717   -0.00061706918037   -0.02459454147830  
  4.440000    0.00102411367096   -0.08117594168797   -0.00060376892728   -0.02438546628583  
  4.450000    0.00101537710933   -0.08063188549190   -0.00059076476125   -0.02417856723565  
  4.460000    0.00100675510832   -0.08009129238806   -0.00057804822369   -0.02397384053298  
  4.470000    0.00099824551472   -0.07955413016153   -0.00056561099939   -0.02377128016519  
  4.480000    0.00098984624741   -0.07902036663595   -0.00055344493799   -0.02357087774813  
  4.490000    0.00098155529509   -0.07848996983436   -0.00054154207492   -0.02337262239941  
  4.500000    0.00097337071378   -0.07796290813648   -0.00052989465141   -0.02317650063995  
  4.510000    0.00096529062403   -0.07743915043117   -0.00051849513334   -0.02298249632447  
  4.520000    0.00095731320805   -0.07691866626267   -0.00050733622891   -0.02279059060181  
  4.530000    0.00094943670653   -0.07640142596913   -0.00049641090474   -0.02260076190530  
  4.540000    0.00094165941539   -0.07588740081229   -0.00048571240031   -0.02241298597315  
  4.550000    0.00093397968234   -0.07537656309708   -0.00047523424065   -0.02222723589872  
  4.560000    0.00092639590332   -0.07486888628003   -0.00046497024705   -0.02204348220997  
  4.570000    0.00091890651892   -0.07436434506559   -0.00045491454572   -0.02186169297721  
  4.580000    0.00091151001060   -0.07386291548946   -0.00044506157433   -0.02168183394810  
  4.590000    0.00090420489703   -0.07336457498817   -0.00043540608640   -0.02150386870826  
  4.600000    0.00089698973031   -0.07286930245439   -0.00042594315336   -0.02132775886599  
  4.610000    0.00088986309223   -0.07237707827751   -0.00041666816449   -0.02115346425900  
  4.620000    0.00088282359066   -0.07188788436912   -0.00040757682448   -0.02098094318113  
  4.630000    0.00087586985585   -0.07140170417323   -0.00039866514887   -0.02081015262649  
  4.640000    0.00086900053702   -0.07091852266133   -0.00038992945735   -0.02064104854872  
  4.650000    0.00086221429897   -0.07043832631224   -0.00038136636487   -0.02047358613251  
  4.660000    0.00085550981882   -0.06996110307718   -0.00037297277085   -0.02030772007464  
  4.670000    0.00084888578304   -0.06948684233036   -0.00036474584650   -0.02014340487165  
  4.680000    0.00084234088459   -0.06901553480571   -0.00035668302035   -0.01998059511114  
  4.690000    0.00083587382032   -0.06854717252044   -0.00034878196222   -0.01981924576375  
  4.700000    0.00082948328857   -0.06808174868617   -0.00034104056576   -0.01965931247280  
  4.710000    0.00082316798710   -0.06761925760866   -0.00033345692969   -0.01950075183860  
  4.720000    0.00081692661121   -0.06715969457706   -0.00032602933800   -0.01934352169465  
  4.730000    0.00081075785221   -0.06670305574394   -0.00031875623928   -0.01918758137274  
  4.740000    0.00080466039613   -0.06624933799718   -0.00031163622532   -0.01903289195434  
  4.750000    0.00079863292274   -0.06579853882517   -0.00030466800933   -0.01887941650581  
  4.760000    0.00079267410491   -0.06535065617651   -0.00029785040378   -0.01872712029488  
  4.770000    0.00078678260821   -0.06490568831576   -0.00029118229833   -0.01857597098628  
  4.780000    0.00078095709081   -0.06446363367659   -0.00028466263779   -0.01842593881471  
  4.790000    0.00077519620378   -0.06402449071381   -0.00027829040058   -0.01827699673306  
  4.800000    0.00076949859150   -0.06358825775579   -0.00027206457759   -0.01812912053480  
  4.810000    0.00076386289254   -0.06315493285869   -0.00026598415196   -0.01798228894902  
  4.820000    0.00075828774062   -0.06272451366390   -0.00026004807972   -0.01783648370736  
  4.830000    0.00075277176597   -0.06229699726019   -0.00025425527149   -0.01769168958207  
  4.840000    0.00074731359681   -0.06187238005189   -0.00024860457560   -0.01754789439496  
  4.850000    0.00074191186115   -0.06145065763433   -0.00024309476244   -0.01740508899714  
  4.860000    0.00073656518866   -0.06103182467784   -0.00023772451053   -0.01726326721973  
  4.870000    0.00073127221283   -0.06061587482143   -0.00023249239407   -0.01712242579616  
  4.880000    0.00072603157317   -0.06020280057714   -0.00022739687240   -0.01698256425690  
  4.890000    0.00072084191766   -0.05979259324603   -0.00022243628117   -0.01684368479767  
  4.900000    0.00071570190511   -0.05938524284668   -0.00021760882544   -0.01670579212248  
  4.910000    0.00071061020779   -0.05898073805672   -0.00021291257472   -0.01656889326327  
  4.920000    0.00070556551398   -0.05857906616820   -0.00020834545987   -0.01643299737781  
  4.930000    0.00070056653054   -0.05818021305698   -0.00020390527202   -0.01629811552815  
  4.940000    0.00069561198551   -0.05778416316663   -0.00019958966336   -0.01616426044168  
  4.950000    0.00069070063065   -0.05739089950690   -0.00019539614986   -0.01603144625749  
  4.960000    0.00068583124395   -0.05700040366671   -0.00019132211567   -0.01589968826037  
  4.970000    0.00068100263195   -0.05661265584167   -0.00018736481949   -0.01576900260538  
  4.980000    0.00067621363208   -0.05622763487576   -0.00018352140235   -0.01563940603558  
  4.990000    0.00067146311474   -0.05584531831673   -0.00017978889712   -0.01551091559605  
  5.000000    0.00066674998535   -0.05546568248478   -0.00017616423933   -0.01538354834680  
  5.010000    0.00066207318608   -0.05508870255373   -0.00017264427935   -0.01525732107776  
  5.020000    0.00065743169751   -0.05471435264396   -0.00016922579565   -0.01513225002844  
  5.030000    0.00065282454000   -0.05434260592619   -0.00016590550910   -0.01500835061541  
  5.040000    0.00064825077486   -0.05397343473510   -0.00016268009804   -0.01488563716998  
  5.050000    0.00064370950532   -0.05360681069158   -0.00015954621406   -0.01476412268903  
  5.060000    0.00063919987719   -0.05324270483263   -0.00015650049818   -0.01464381860123  
  5.070000    0.00063472107933   -0.05288108774744   -0.00015353959742   -0.01452473455120  
  5.080000    0.00063027234383   -0.05252192971836   -0.00015066018138   -0.01440687820347  
  5.090000    0.00062585294595   -0.05216520086556   -0.00014785895887   -0.01429025506851  
  5.100000    0.00062146220381   -0.05181087129371   -0.00014513269417   -0.01417486835221  
  5.110000    0.00061709947781   -0.05145891123949   -0.00014247822303   -0.01406071883053  
  5.120000    0.00061276416983   -0.05110929121837   -0.00013989246795   -0.01394780475034  
  5.130000    0.00060845572221   -0.05076198216925   -0.00013737245284   -0.01383612175750  
  5.140000    0.00060417361644   -0.05041695559557   -0.00013491531667   -0.01372566285271  
  5.150000    0.00059991737170   -0.05007418370161   -0.00013251832625   -0.01361641837571  
  5.160000    0.00059568654319   -0.04973363952249   -0.00013017888767   -0.01350837601765  
  5.170000    0.00059148072029   -0.04939529704675   -0.00012789455666   -0.01340152086161  
  5.180000    0.00058729952450   -0.04905913133027   -0.00012566304741   -0.01329583545069  
  5.190000    0.00058314260732   -0.04872511860048   -0.00012348224006   -0.01319129988296  
  5.200000    0.00057900964796   -0.04839323634975   -0.00012135018658   -0.01308789193211  
  5.210000    0.00057490035097   -0.04806346341720   -0.00011926511511   -0.01298558719265  
  5.220000    0.00057081444378   -0.04773578005803   -0.00011722543266   -0.01288435924797  
  5.230000    0.00056675167418   -0.04741016799978   -0.00011522972621   -0.01278417985955  
  5.240000    0.00056271180784   -0.04708661048491   -0.00011327676205   -0.01268501917532  
  5.250000    0.00055869462572   -0.04676509229939   -0.00011136548364   -0.01258684595494  
  5.260000    0.00055469992158   -0.04644559978692   -0.00010949500776   -0.01248962780973  
  5.270000    0.00055072749951   -0.04612812084877   -0.00010766461910   -0.01239333145464  
  5.280000    0.00054677717152   -0.04581264492913   -0.00010587376341   -0.01229792296975  
  5.290000    0.00054284875522   -0.04549916298617   -0.00010412203917   -0.01220336806855  
  5.300000    0.00053894207161   -0.04518766744918   -0.00010240918794   -0.01210963237022  
  5.310000    0.00053505694301   -0.04487815216206   -0.00010073508348   -0.01201668167308  
  5.320000    0.00053119319112   -0.04457061231379   -0.00009909971970   -0.01192448222653  
  5.330000    0.00052735063528   -0.04426504435663   -0.00009750319773   -0.01183300099847  
  5.340000    0.00052352909087   -0.04396144591267   -0.00009594571195   -0.01174220593573  
  5.350000    0.00051972836790   -0.04365981566983   -0.00009442753545   -0.01165206621458  
  5.360000    0.00051594826988   -0.04336015326824   -0.00009294900484   -0.01156255247898  
  5.370000    0.00051218859280   -0.04306245917803   -0.00009151050460   -0.01147363706402  
  5.380000    0.00050844912443   -0.04276673456986   -0.00009011245124   -0.01138529420237  
  5.390000    0.00050472964375   -0.04247298117936   -0.00008875527731   -0.01129750021158  
  5.400000    0.00050102992071   -0.04218120116680   -0.00008743941542   -0.01121023366038  
  5.410000    0.00049734971615   -0.04189139697341   -0.00008616528248   -0.01112347551229  
  5.420000    0.00049368878198   -0.04160357117562   -0.00008493326434   -0.01103720924514  
  5.430000    0.00049004686156   -0.04131772633876   -0.00008374370082   -0.01095142094533  
  5.440000    0.00048642369033   -0.04103386487164   -0.00008259687152   -0.01086609937576  
  5.450000    0.00048281899666   -0.04075198888324   -0.00008149298227   -0.01078123601702  
  5.460000    0.00047923250281   -0.04047210004312   -0.00008043215257   -0.01069682508123  
  5.470000    0.00047566392621   -0.04019419944679   -0.00007941440403   -0.01061286349856  
  5.480000    0.00047211298080   -0.03991828748730   -0.00007843964993   -0.01052935087662  
  5.490000    0.00046857937862   -0.03964436373443   -0.00007750768600   -0.01044628943307  
  5.500000    0.00046506283147   -0.03937242682250   -0.00007661818250   -0.01036368390233  
  5.510000    0.00046156305271   -0.03910247434794   -0.00007577067767   -0.01028154141718  
  5.520000    0.00045807975919   -0.03883450277770   -0.00007496457264   -0.01019987136678  
  5.530000    0.00045461267327   -0.03856850736917   -0.00007419912777   -0.01011868523231  
  5.540000    0.00045116152482   -0.03830448210265   -0.00007347346044   -0.01003799640214  
  5.550000    0.00044772605337   -0.03804241962673   -0.00007278654447   -0.00995781996840  
  5.560000    0.00044430601021   -0.03778231121739   -0.00007213721091   -0.00987817250695  
  5.570000    0.00044090116047   -0.03752414675098   -0.00007152415039   -0.00979907184321  
  5.580000    0.00043751128527   -0.03726791469146   -0.00007094591686   -0.00972053680615  
  5.590000    0.00043413618368   -0.03701360209201   -0.00007040093280   -0.00964258697291  
  5.600000    0.00043077567478   -0.03676119461091   -0.00006988749572   -0.00956524240687  
  5.610000    0.00042742959944   -0.03651067654164   -0.00006940378593   -0.00948852339161  
  5.620000    0.00042409782218   -0.03626203085682   -0.00006894787556   -0.00941245016370  
  5.630000    0.00042078023275   -0.03601523926559   -0.00006851773856   -0.00933704264687  
  5.640000    0.00041747674768   -0.03577028228385   -0.00006811126180   -0.00926232019044  
  5.650000    0.00041418731158   -0.03552713931672   -0.00006772625696   -0.00918830131445  
  5.660000    0.00041091189833   -0.03528578875231   -0.00006736047325   -0.00911500346437  
  5.670000    0.00040765051206   -0.03504620806602   -0.00006701161063   -0.00904244277757  
  5.680000    0.00040440318794   -0.03480837393426   -0.00006667733370   -0.00897063386415  
  5.690000    0.00040116999273   -0.03457226235647   -0.00006635528575   -0.00889958960419  
  5.700000    0.00039795102521   -0.03433784878433   -0.00006604310318   -0.00882932096357  
  5.710000    0.00039474641627   -0.03410510825680   -0.00006573842994   -0.00875983683013  
  5.720000    0.00039155632888   -0.03387401553976   -0.00006543893187   -0.00869114387176  
  5.730000    0.00038838095781   -0.03364454526882   -0.00006514231092   -0.00862324641807  
  5.740000    0.00038522052909   -0.03341667209395   -0.00006484631898   -0.00855614636643  
  5.750000    0.00038207529934   -0.03319037082449   -0.00006454877127   -0.00848984311364  
  5.760000    0.00037894555484   -0.03296561657311   -0.00006424755913   -0.00842433351370  
  5.770000    0.00037583161036   -0.03274238489739   -0.00006394066212   -0.00835961186209  
  5.780000    0.00037273380790   -0.03252065193750   -0.00006362615930   -0.00829566990671  
  5.790000    0.00036965251518   -0.03230039454877   -0.00006330223961   -0.00823249688526  
  5.800000    0.00036658812394   -0.03208159042777   -0.00006296721122   -0.00817007958874  
  5.810000    0.00036354104819   -0.03186421823069   -0.00006261950981   -0.00810840245021  
  5.820000    0.00036051172218   -0.03164825768280   -0.00006225770571   -0.00804744765803  
  5.830000    0.00035750059840   -0.03143368967803   -0.00006188050981   -0.00798719529225  
  5.840000    0.00035450814533   -0.03122049636759   -0.00006148677820   -0.00792762348277  
  5.850000    0.00035153484525   -0.03100866123675   -0.00006107551560   -0.00786870858767  
  5.860000    0.00034858119184   -0.03079816916910   -0.00006064587738   -0.00781042538967  
  5.870000    0.00034564768786   -0.03058900649757   -0.00006019717037   -0.00775274730890  
  5.880000    0.00034273484272   -0.03038116104171   -0.00005972885226   -0.00769564662964  
  5.890000    0.00033984317008   -0.03017462213091   -0.00005924052983   -0.00763909473871  
  5.900000    0.00033697318547   -0.02996938061320   -0.00005873195585   -0.00758306237308  
  5.910000    0.00033412540390   -0.02976542884965   -0.00005820302480   -0.00752751987408  
  5.920000    0.00033130033760   -0.02956276069433   -0.00005765376742   -0.00747243744578  
  5.930000    0.00032849849375   -0.02936137146000   -0.00005708434421   -0.00741778541456  
  5.940000    0.00032572037233   -0.02916125786990   -0.00005649503788   -0.00736353448760  
  5.950000    0.00032296646411   -0.02896241799605   -0.00005588624492   -0.00730965600732  
  5.960000    0.00032023724870   -0.02876485118461   -0.00005525846630   -0.00725612219937  
  5.970000    0.00031753319277   -0.02856855796911   -0.00005461229747   -0.00720290641159  
  5.980000    0.00031485474842   -0.02837353997221   -0.00005394841771   -0.00714998334140  
  5.990000    0.00031220235171   -0.02817979979713   -0.00005326757905   -0.00709732924952  
  6.000000    0.00030957642130   -0.02798734090961   -0.00005257059466   -0.00704492215768  
  6.010000    0.00030697735738   -0.02779616751165   -0.00005185832715   -0.00699274202832  
  6.020000    0.00030440554066   -0.02760628440814   -0.00005113167655   -0.00694077092465  
  6.030000    0.00030186133163   -0.02741769686784   -0.00005039156836   -0.00688899314920  
  6.040000    0.00029934506996   -0.02723041047980   -0.00004963894167   -0.00683739535964  
  6.050000    0.00029685707414   -0.02704443100682   -0.00004887473753   -0.00678596666076  
  6.060000    0.00029439764122   -0.02685976423729   -0.00004809988752   -0.00673469867146  
  6.070000    0.00029196704686   -0.02667641583686   -0.00004731530294   -0.00668358556639  
  6.080000    0.00028956554543   -0.02649439120128   -0.00004652186439   -0.00663262409166  
  6.090000    0.00028719337035   -0.02631369531205   -0.00004572041207   -0.00658181355452  
  6.100000    0.00028485073462   -0.02613433259613   -0.00004491173681   -0.00653115578724  
  6.110000    0.00028253783143   -0.02595630679103   -0.00004409657189   -0.00648065508545  
  6.120000    0.00028025483497   -0.02577962081686   -0.00004327558578   -0.00643031812178  
  6.130000    0.00027800190136   -0.02560427665626   -0.00004244937584   -0.00638015383549  
  6.140000    0.00027577916966   -0.02543027524367   -0.00004161846300   -0.00633017329953  
  6.150000    0.00027358676304   -0.02525761636485   -0.00004078328753   -0.00628038956612  
  6.160000    0.00027142479001   -0.02508629856781   -0.00003994420593   -0.00623081749271  
  6.170000    0.00026929334568   -0.02491631908584   -0.00003910148885   -0.00618147354995  
  6.180000    0.00026719251317   -0.02474767377364   -0.00003825532020   -0.00613237561375  
  6.190000    0.00026512236494   -0.02458035705701   -0.00003740579739   -0.00608354274357  
  6.200000    0.00026308296422   -0.02441436189671   -0.00003655293262   -0.00603499494918  
  6.210000    0.00026107436644   -0.02424967976689   -0.00003569665532   -0.00598675294829  
  6.220000    0.00025909662057   -0.02408630064833   -0.00003483681563   -0.00593883791764  
  6.230000    0.00025714977051   -0.02392421303649   -0.00003397318883   -0.00589127123993  
  6.240000    0.00025523385641   -0.02376340396450   -0.00003310548082   -0.00584407424940  
  6.250000    0.00025334891588   -0.02360385904079   -0.00003223333443   -0.00579726797844  
  6.260000    0.00025149498516   -0.02344556250109   -0.00003135633654   -0.00575087290799  
  6.270000    0.00024967210022   -0.02328849727429   -0.00003047402598   -0.00570490872417  
  6.280000    0.00024788029766   -0.02313264506163   -0.00002958590203   -0.00565939408377  
  6.290000    0.00024611961562   -0.02297798642841   -0.00002869143355   -0.00561434639072  
  6.300000    0.00024439009445   -0.02282450090750   -0.00002779006843   -0.00556978158616  
  6.310000    0.00024269177727   -0.02267216711355   -0.00002688124357   -0.00552571395396  
  6.320000    0.00024102471046   -0.02252096286689   -0.00002596439498   -0.00548215594378  
  6.330000    0.00023938894387   -0.02237086532601   -0.00002503896805   -0.00543911801347  
  6.340000    0.00023778453099   -0.02222185112726   -0.00002410442786   -0.00539660849240  
  6.350000    0.00023621152890   -0.02207389653060   -0.00002316026946   -0.00535463346703  
  6.360000    0.00023466999804   -0.02192697756987   -0.00002220602784   -0.00531319668995  
  6.370000    0.00023316000193   -0.02178107020624   -0.00002124128776   -0.00527229951325  
  6.380000    0.00023168160659   -0.02163615048335   -0.00002026569305   -0.00523194084689  
  6.390000    0.00023023487993   -0.02149219468272   -0.00001927895552   -0.00519211714251  
  6.400000    0.00022881989091   -0.02134917947784   -0.00001828086325   -0.00515282240270  
  6.410000    0.00022743670864   -0.02120708208553   -0.00001727128821   -0.00511404821579  
  6.420000    0.00022608540126   -0.02106588041318   -0.00001625019308   -0.00507578381560  
  6.430000    0.00022476603479   -0.02092555320028   -0.00001521763740   -0.00503801616569  
  6.440000    0.00022347867179   -0.02078608015305   -0.00001417378264   -0.00500073006707  
  6.450000    0.00022222337003   -0.02064744207077   -0.00001311889648   -0.00496390828831  
  6.460000    0.00022100018095   -0.02050962096262   -0.00001205335604   -0.00492753171680  
  6.470000    0.00021980914816   -0.02037260015386   -0.00001097765013   -0.00489157952941  
  6.480000    0.00021865030583   -0.02023636438038   -0.00000989238036   -0.00485602938090  
  6.490000    0.00021752367707   -0.02010089987060   -0.00000879826135   -0.00482085760817  
  6.500000    0.00021642927228   -0.01996619441396   -0.00000769611973   -0.00478603944818  
  6.510000    0.00021536708750   -0.01983223741536   -0.00000658689212   -0.00475154926728  
  6.520000    0.00021433710279   -0.01969901993484   -0.00000547162216   -0.00471736079974  
  6.530000    0.00021333928057   -0.01956653471230   -0.00000435145637   -0.00468344739286  
  6.540000    0.00021237356414   -0.01943477617683   -0.00000322763914   -0.00464978225627  
  6.550000    0.00021143987612   -0.01930374044058   -0.00000210150675   -0.00461633871282  
  6.560000    0.00021053811705   -0.01917342527718   -0.00000097448048   -0.00458309044857  
  6.570000    0.00020966816407   -0.01904383008488    0.00000015194101   -0.00455001175916  
  6.580000    0.00020882986970   -0.01891495583479    0.00000127619019   -0.00451707779027  
  6.590000    0.00020802306074   -0.01878680500453    0.00000239663973   -0.00448426476955  
  6.600000    0.00020724753730   -0.01865938149804    0.00000351161218   -0.00445155022774  
  6.610000    0.00020650307197   -0.01853269055215    0.00000461939022   -0.00441891320671  
  6.620000    0.00020578940916   -0.01840673863093    0.00000571822723   -0.00438633445232  
  6.630000    0.00020510626456   -0.01828153330859    0.00000680635822   -0.00435379659009  
  6.640000    0.00020445332482   -0.01815708314219    0.00000788201099   -0.00432128428203  
  6.650000    0.00020383024738   -0.01803339753525    0.00000894341738   -0.00428878436286  
  6.660000    0.00020323666043   -0.01791048659356    0.00000998882452   -0.00425628595443  
  6.670000    0.00020267216311   -0.01778836097458    0.00001101650603   -0.00422378055706  
  6.680000    0.00020213632587   -0.01766703173175    0.00001202477300   -0.00419126211696  
  6.690000    0.00020162869098   -0.01754651015529    0.00001301198472   -0.00415872706898  
  6.700000    0.00020114877325   -0.01742680761086    0.00001397655904   -0.00412617435442  
  6.710000    0.00020069606087   -0.01730793537779    0.00001491698215   -0.00409360541354  
  6.720000    0.00020027001647   -0.01718990448818    0.00001583181801   -0.00406102415305  
  6.730000    0.00019987007830   -0.01707272556862    0.00001671971695   -0.00402843688878  
  6.740000    0.00019949566154   -0.01695640868585    0.00001757942370   -0.00399585226427  
  6.750000    0.00019914615980   -0.01684096319799    0.00001840978456   -0.00396328114601  
  6.760000    0.00019882094669   -0.01672639761261    0.00001920975384   -0.00393073649646  
  6.770000    0.00019851937754   -0.01661271945312    0.00001997839930   -0.00389823322625  
  6.780000    0.00019824079118   -0.01649993513472    0.00002071490677   -0.00386578802684  
  6.790000    0.00019798451185   -0.01638804985099    0.00002141858378   -0.00383341918568  
  6.800000    0.00019774985117   -0.01627706747250    0.00002208886219   -0.00380114638550  
  6.810000    0.00019753611011   -0.01616699045804    0.00002272529987   -0.00376899048992  
  6.820000    0.00019734258107   -0.01605781977964    0.00002332758136   -0.00373697331752  
  6.830000    0.00019716854995   -0.01594955486202    0.00002389551753   -0.00370511740678  
  6.840000    0.00019701329826   -0.01584219353696    0.00002442904428   -0.00367344577407  
  6.850000    0.00019687610510   -0.01573573201320    0.00002492822029   -0.00364198166744  
  6.860000    0.00019675624933   -0.01563016486208    0.00002539322381   -0.00361074831851  
  6.870000    0.00019665301147   -0.01552548501915    0.00002582434859   -0.00357976869507  
  6.880000    0.00019656567571   -0.01542168380169    0.00002622199900   -0.00354906525686  
  6.890000    0.00019649353176   -0.01531875094202    0.00002658668427   -0.00351865971712  
  6.900000    0.00019643587665   -0.01521667463634    0.00002691901216   -0.00348857281222  
  6.910000    0.00019639201642   -0.01511544160860    0.00002721968183   -0.00345882408169  
  6.920000    0.00019636126775   -0.01501503718889    0.00002748947621   -0.00342943166103  
  6.930000    0.00019634295936   -0.01491544540548    0.00002772925387   -0.00340041208919  
  6.940000    0.00019633643340   -0.01481664908989    0.00002793994043   -0.00337178013289  
  6.950000    0.00019634104665   -0.01471862999371    0.00002812251969   -0.00334354862934  
  6.960000    0.00019635617157   -0.01462136891638    0.00002827802444   -0.00331572834901  
  6.970000    0.00019638119719   -0.01452484584241    0.00002840752722   -0.00328832787998  
  6.980000    0.00019641552992   -0.01442904008706    0.00002851213088   -0.00326135353474  
  6.990000    0.00019645859411   -0.01433393044883    0.00002859295930   -0.00323480928057  
  7.000000    0.00019650983250   -0.01423949536749    0.00002865114808   -0.00320869669417  
  7.010000    0.00019656870655   -0.01414571308609    0.00002868783557   -0.00318301494081  
  7.020000    0.00019663469651   -0.01405256181535    0.00002870415403   -0.00315776077843  
  7.030000    0.00019670730146   -0.01396001989895    0.00002870122130   -0.00313292858633  
  7.040000    0.00019678603912   -0.01386806597810    0.00002868013273   -0.00310851041845  
  7.050000    0.00019687044558   -0.01377667915379    0.00002864195380   -0.00308449608028  
  7.060000    0.00019696007482   -0.01368583914519    0.00002858771315   -0.00306087322900  
  7.070000    0.00019705449818   -0.01359552644267    0.00002851839630   -0.00303762749544  
  7.080000    0.00019715330369   -0.01350572245394    0.00002843494007   -0.00301474262678  
  7.090000    0.00019725609529   -0.01341640964194    0.00002833822767   -0.00299220064842  
  7.100000    0.00019736249194   -0.01332757165308    0.00002822908457   -0.00296998204346  
  7.110000    0.00019747212669   -0.01323919343459    0.00002810827515   -0.00294806594765  
  7.120000    0.00019758464568   -0.01315126133996    0.00002797650015   -0.00292643035820  
  7.130000    0.00019769970700   -0.01306376322115    0.00002783439492   -0.00290505235384  
  7.140000    0.00019781697965   -0.01297668850697    0.00002768252855   -0.00288390832425  
  7.150000    0.00019793614236   -0.01289002826664    0.00002752140374   -0.00286297420619  
  7.160000    0.00019805688244   -0.01280377525796    0.00002735145748   -0.00284222572413  
  7.170000    0.00019817889461   -0.01271792395953    0.00002717306262   -0.00282163863270  
  7.180000    0.00019830187991   -0.01263247058683    0.00002698652999   -0.00280118895861  
  7.190000    0.00019842554452   -0.01254741309172    0.00002679211145   -0.00278085323945  
  7.200000    0.00019854959874   -0.01246275114555    0.00002659000349   -0.00276060875702  
  7.210000    0.00019867375593   -0.01237848610585    0.00002638035144   -0.00274043376260  
  7.220000    0.00019879773158   -0.01229462096697    0.00002616325434   -0.00272030769213  
  7.230000    0.00019892124242   -0.01221116029507    0.00002593877028   -0.00270021136875  
  7.240000    0.00019904400563   -0.01212811014792    0.00002570692211   -0.00268012719092  
  7.250000    0.00019916573809   -0.01204547798053    0.00002546770367   -0.00266003930402  
  7.260000    0.00019928615583   -0.01196327253715    0.00002522108616   -0.00263993375366  
  7.270000    0.00019940497353   -0.01188150373084    0.00002496702491   -0.00261979861920  
  7.280000    0.00019952190407   -0.01180018251164    0.00002470546612   -0.00259962412611  
  7.290000    0.00019963665836   -0.01171932072466    0.00002443635380   -0.00257940273596  
  7.300000    0.00019974894509   -0.01163893095930    0.00002415963666   -0.00255912921306  
  7.310000    0.00019985847077   -0.01155902639110    0.00002387527494   -0.00253880066732  
  7.320000    0.00019996493981   -0.01147962061768    0.00002358324701   -0.00251841657253  
  7.330000    0.00020006805468   -0.01140072749040    0.00002328355581   -0.00249797876017  
  7.340000    0.00020016751631   -0.01132236094314    0.00002297623496   -0.00247749138867  
  7.350000    0.00020026302448   -0.01124453482015    0.00002266135448   -0.00245696088848  
  7.360000    0.00020035427836   -0.01116726270426    0.00002233902609   -0.00243639588346  
  7.370000    0.00020044097721   -0.01109055774737    0.00002200940798   -0.00241580708949  
  7.380000    0.00020052282107   -0.01101443250470    0.00002167270910   -0.00239520719124  
  7.390000    0.00020059951159   -0.01093889877452    0.00002132919273   -0.00237461069846  
  7.400000    0.00020067075296   -0.01086396744472    0.00002097917954   -0.00235403378322  
  7.410000    0.00020073625287   -0.01078964834790    0.00002062304986   -0.00233349409968  
  7.420000    0.00020079572351   -0.01071595012636    0.00002026124534   -0.00231301058848  
  7.430000    0.00020084888266   -0.01064288010819    0.00001989426979   -0.00229260326751  
  7.440000    0.00020089545480   -0.01057044419582    0.00001952268936   -0.00227229301134  
  7.450000    0.00020093517219   -0.01049864676809    0.00001914713190   -0.00225210132158  
  7.460000    0.00020096777603   -0.01042749059677    0.00001876828566   -0.00223205009043  
  7.470000    0.00020099301753   -0.01035697677852    0.00001838689714   -0.00221216136006  
  7.480000    0.00020101065910   -0.01028710468278    0.00001800376835   -0.00219245707997  
  7.490000    0.00020102047530   -0.01021787191637    0.00001761975325   -0.00217295886523  
  7.500000    0.00020102225398   -0.01014927430502    0.00001723575361   -0.00215368775771  
  7.510000    0.00020101579715   -0.01008130589215    0.00001685271422   -0.00213466399302  
  7.520000    0.00020100092196   -0.01001395895500    0.00001647161745   -0.00211590677548  
  7.530000    0.00020097746147   -0.00994722403790    0.00001609347738   -0.00209743406337  
  7.540000    0.00020094526543   -0.00988109000254    0.00001571933336   -0.00207926236684  
  7.550000    0.00020090420088   -0.00981554409481    0.00001535024319   -0.00206140656038  
  7.560000    0.00020085415272   -0.00975057202752    0.00001498727591   -0.00204387971201  
  7.570000    0.00020079502413   -0.00968615807839    0.00001463150435   -0.00202669293070  
  7.580000    0.00020072673684   -0.00962228520241    0.00001428399740   -0.00200985523393  
  7.590000    0.00020064923135   -0.00955893515750    0.00001394581212   -0.00199337343641  
  7.600000    0.00020056246699   -0.00949608864231    0.00001361798586   -0.00197725206150  
  7.610000    0.00020046642179   -0.00943372544500    0.00001330152826   -0.00196149327591  
  7.620000    0.00020036109237   -0.00937182460148    0.00001299741345   -0.00194609684867  
  7.630000    0.00020024649348   -0.00931036456171    0.00001270657225   -0.00193106013466  
  7.640000    0.00020012265765   -0.00924932336254    0.00001242988470   -0.00191637808296  
  7.650000    0.00019998963453   -0.00918867880535    0.00001216817287   -0.00190204326990  
  7.660000    0.00019984749019   -0.00912840863691    0.00001192219393   -0.00188804595658  
  7.670000    0.00019969630627   -0.00906849073172    0.00001169263380   -0.00187437417034  
  7.680000    0.00019953617905   -0.00900890327407    0.00001148010111   -0.00186101380920  
  7.690000    0.00019936721838   -0.00894962493807    0.00001128512184   -0.00184794876844  
  7.700000    0.00019918954655   -0.00889063506406    0.00001110813448   -0.00183516108788  
  7.710000    0.00019900329701   -0.00883191382944    0.00001094948583   -0.00182263111860  
  7.720000    0.00019880861308   -0.00877344241253    0.00001080942749   -0.00181033770710  
  7.730000    0.00019860564654   -0.00871520314770    0.00001068811307   -0.00179825839545  
  7.740000    0.00019839455620   -0.00865717967035    0.00001058559610   -0.00178636963497  
  7.750000    0.00019817550641   -0.00859935705017    0.00001050182877   -0.00177464701170  
  7.760000    0.00019794866551   -0.00854172191160    0.00001043666135   -0.00176306548100  
  7.770000    0.00019771420431   -0.00848426254002    0.00001038984243   -0.00175159960924  
  7.780000    0.00019747229453   -0.00842696897276    0.00001036101999   -0.00174022381980  
  7.790000    0.00019722310727   -0.00836983307396    0.00001034974315   -0.00172891264116  
  7.800000    0.00019696681142   -0.00831284859249    0.00001035546473   -0.00171764095436  
  7.810000    0.00019670357224   -0.00825601120223    0.00001037754453   -0.00170638423741  
  7.820000    0.00019643354986   -0.00819931852439    0.00001041525334   -0.00169511880411  
  7.830000    0.00019615689787   -0.00814277013145    0.00001046777757   -0.00168382203487  
  7.840000    0.00019587376200   -0.00808636753266    0.00001053422455   -0.00167247259712  
  7.850000    0.00019558427887   -0.00803011414109    0.00001061362843   -0.00166105065315  
  7.860000    0.00019528857478   -0.00797401522260    0.00001070495659   -0.00164953805310  
  7.870000    0.00019498676466   -0.00791807782689    0.00001080711653   -0.00163791851126  
  7.880000    0.00019467895111   -0.00786231070146    0.00001091896317   -0.00162617776380  
  7.890000    0.00019436522346   -0.00780672418904    0.00001103930657   -0.00161430370629  
  7.900000    0.00019404565713   -0.00775133010947    0.00001116691988   -0.00160228650956  
  7.910000    0.00019372031291   -0.00769614162698    0.00001130054751   -0.00159011871282  
  7.920000    0.00019338923651   -0.00764117310426    0.00001143891350   -0.00157779529294  
  7.930000    0.00019305245817   -0.00758643994436    0.00001158072995   -0.00156531370914  
  7.940000    0.00019270999244   -0.00753195842213    0.00001172470545   -0.00155267392273  
  7.950000    0.00019236183804   -0.00747774550658    0.00001186955347   -0.00153987839158  
  7.960000    0.00019200797791   -0.00742381867585    0.00001201400059   -0.00152693203932  
  7.970000    0.00019164837931   -0.00737019572653    0.00001215679460   -0.00151384219967  
  7.980000    0.00019128299417   -0.00731689457911    0.00001229671222   -0.00150061853625  
  7.990000    0.00019091175941   -0.00726393308133    0.00001243256665   -0.00148727293887  
  8.000000    0.00019053459747   -0.00721132881132    0.00001256321457   -0.00147381939718  
  8.010000    0.00019015141695   -0.00715909888249    0.00001268756279   -0.00146027385293  
  8.020000    0.00018976211329   -0.00710725975186    0.00001280457440   -0.00144665403246  
  8.030000    0.00018936656963   -0.00705582703372    0.00001291327435   -0.00143297926093  
  8.040000    0.00018896465765   -0.00700481532058    0.00001301275444   -0.00141927026024  
  8.050000    0.00018855623858   -0.00695423801284    0.00001310217773   -0.00140554893273  
  8.060000    0.00018814116424   -0.00690410715917    0.00001318078224   -0.00139183813270  
  8.070000    0.00018771927810   -0.00685443330884    0.00001324788404   -0.00137816142820  
  8.080000    0.00018729041644   -0.00680522537783    0.00001330287957   -0.00136454285541  
  8.090000    0.00018685440949   -0.00675649052964    0.00001334524732   -0.00135100666819  
  8.100000    0.00018641108266   -0.00670823407247    0.00001337454876   -0.00133757708520  
  8.110000    0.00018596025768   -0.00666045937338    0.00001339042860   -0.00132427803735  
  8.120000    0.00018550175384   -0.00661316779073    0.00001339261427   -0.00131113291798  
  8.130000    0.00018503538914   -0.00656635862535    0.00001338091481   -0.00129816433842  
  8.140000    0.00018456098146   -0.00652002909116    0.00001335521902   -0.00128539389142  
  8.150000    0.00018407834967   -0.00647417430559    0.00001331549298   -0.00127284192478  
  8.160000    0.00018358731471   -0.00642878730004    0.00001326177701   -0.00126052732766  
  8.170000    0.00018308770061   -0.00638385905025    0.00001319418199   -0.00124846733156  
  8.180000    0.00018257933545   -0.00633937852662    0.00001311288517   -0.00123667732826  
  8.190000    0.00018206205225   -0.00629533276398    0.00001301812554   -0.00122517070633  
  8.200000    0.00018153568977   -0.00625170695023    0.00001291019867   -0.00121395870815  
  8.210000    0.00018100009322   -0.00620848453333    0.00001278945129   -0.00120305030876  
  8.220000    0.00018045511496   -0.00616564734542    0.00001265627544   -0.00119245211786  
  8.230000    0.00017990061495   -0.00612317574333    0.00001251110239   -0.00118216830603  
  8.240000    0.00017933646126   -0.00608104876399    0.00001235439641   -0.00117220055586  
  8.250000    0.00017876253041   -0.00603924429349    0.00001218664831   -0.00116254803867  
  8.260000    0.00017817870758   -0.00599773924829    0.00001200836897   -0.00115320741694  
  8.270000    0.00017758488680   -0.00595650976686    0.00001182008281   -0.00114417287256  
  8.280000    0.00017698097098   -0.00591553141004    0.00001162232135   -0.00113543616065  
  8.290000    0.00017636687185   -0.00587477936833    0.00001141561688   -0.00112698668836  
  8.300000    0.00017574250982   -0.00583422867414    0.00001120049623   -0.00111881161801  
  8.310000    0.00017510781378   -0.00579385441702    0.00001097747485   -0.00111089599345  
  8.320000    0.00017446272075   -0.00575363195994    0.00001074705117   -0.00110322288841  
  8.330000    0.00017380717550   -0.00571353715445    0.00001050970123   -0.00109577357539  
  8.340000    0.00017314113008   -0.00567354655282    0.00001026587377   -0.00108852771344  
  8.350000    0.00017246454329   -0.00563363761510    0.00001001598570   -0.00108146355275  
  8.360000    0.00017177738011   -0.00559378890900    0.00000976041808   -0.00107455815427  
  8.370000    0.00017107961104   -0.00555398030089    0.00000949951255   -0.00106778762188  
  8.380000    0.00017037121146   -0.00551419313579    0.00000923356838   -0.00106112734495  
  8.390000    0.00016965216089   -0.00547441040480    0.00000896283998   -0.00105455224870  
  8.400000    0.00016892244231   -0.00543461689821    0.00000868753507   -0.00104803704984  
  8.410000    0.00016818204139   -0.00539479934273    0.00000840781343   -0.00104155651497  
  8.420000    0.00016743094582   -0.00535494652149    0.00000812378620   -0.00103508571897  
  8.430000    0.00016666914451   -0.00531504937553    0.00000783551583   -0.00102860030079  
  8.440000    0.00016589662695   -0.00527510108573    0.00000754301663   -0.00102207671402  
  8.450000    0.00016511338253   -0.00523509713416    0.00000724625592   -0.00101549246966  
  8.460000    0.00016431939988   -0.00519503534432    0.00000694515569   -0.00100882636858  
  8.470000    0.00016351466630   -0.00515491589951    0.00000663959488   -0.00100205872118  
  8.480000    0.00016269916721   -0.00511474133919    0.00000632941218   -0.00099517155210  
  8.490000    0.00016187288573   -0.00507451653307    0.00000601440932   -0.00098814878776  
  8.500000    0.00016103580218   -0.00503424863307    0.00000569435480   -0.00098097642476  
  8.510000    0.00016018789385   -0.00499394700342    0.00000536898808   -0.00097364267738  
  8.520000    0.00015932913466   -0.00495362312933    0.00000503802413   -0.00096613810256  
  8.530000    0.00015845949506   -0.00491329050509    0.00000470115831   -0.00095845570110  
  8.540000    0.00015757894189   -0.00487296450223    0.00000435807157   -0.00095059099390  
  8.550000    0.00015668743841   -0.00483266221903    0.00000400843581   -0.00094254207237  
  8.560000    0.00015578494439   -0.00479240231257    0.00000365191948   -0.00093430962244  
  8.570000    0.00015487141627   -0.00475220481469    0.00000328819326   -0.00092589692185  
  8.580000    0.00015394680745   -0.00471209093355    0.00000291693587   -0.00091730981064  
  8.590000    0.00015301106866   -0.00467208284245    0.00000253783974   -0.00090855663501  
  8.600000    0.00015206414832   -0.00463220345780    0.00000215061682   -0.00089964816506  
  8.610000    0.00015110599316   -0.00459247620823    0.00000175500410   -0.00089059748725  
  8.620000    0.00015013654874   -0.00455292479686    0.00000135076911   -0.00088141987238  
  8.630000    0.00014915576013   -0.00451357295901    0.00000093771509   -0.00087213262051  
  8.640000    0.00014816357265   -0.00447444421738    0.00000051568595   -0.00086275488432  
  8.650000    0.00014715993264   -0.00443556163712    0.00000008457089   -0.00085330747251  
  8.660000    0.00014614478827   -0.00439694758299   -0.00000035569135   -0.00084381263527  
  8.670000    0.00014511809048   -0.00435862348086   -0.00000080510862   -0.00083429383392  
  8.680000    0.00014407979378   -0.00432060958579   -0.00000126363204   -0.00082477549696  
  8.690000    0.00014302985726   -0.00428292475906   -0.00000173115302   -0.00081528276504  
  8.700000    0.00014196824552   -0.00424558625596   -0.00000220750092   -0.00080584122730  
  8.710000    0.00014089492956   -0.00420860952679   -0.00000269244119   -0.00079647665187  
  8.720000    0.00013980988779   -0.00417200803267   -0.00000318567410   -0.00078721471308  
  8.730000    0.00013871310691   -0.00413579307824   -0.00000368683403   -0.00077808071828  
  8.740000    0.00013760458284   -0.00409997366286   -0.00000419548937   -0.00076909933704  
  8.750000    0.00013648432157   -0.00406455635175   -0.00000471114301   -0.00076029433536  
  8.760000    0.00013535233998   -0.00402954516866   -0.00000523323340   -0.00075168831779  
  8.770000    0.00013420866666   -0.00399494151100   -0.00000576113628   -0.00074330248005  
  8.780000    0.00013305334260   -0.00396074408863   -0.00000629416689   -0.00073515637463  
  8.790000    0.00013188642184   -0.00392694888695   -0.00000683158278   -0.00072726769199  
  8.800000    0.00013070797208   -0.00389354915488   -0.00000737258724   -0.00071965205945  
  8.810000    0.00012951807517   -0.00386053541821   -0.00000791633309   -0.00071232286014  
  8.820000    0.00012831682755   -0.00382789551814   -0.00000846192713   -0.00070529107362  
  8.830000    0.00012710434057   -0.00379561467527   -0.00000900843490   -0.00069856514029  
  8.840000    0.00012588074075   -0.00376367557833   -0.00000955488594   -0.00069215085077  
  8.850000    0.00012464616997   -0.00373205849739   -0.00001010027940   -0.00068605126157  
  8.860000    0.00012340078550   -0.00370074142053   -0.00001064358994   -0.00068026663821  
  8.870000    0.00012214475998   -0.00366970021302   -0.00001118377398   -0.00067479442627  
  8.880000    0.00012087828132   -0.00363890879789   -0.00001171977607   -0.00066962925100  
  8.890000    0.00011960155249   -0.00360833935626   -0.00001225053554   -0.00066476294550  
  8.900000    0.00011831479121   -0.00357796254593   -0.00001277499320   -0.00066018460752  
  8.910000    0.00011701822961   -0.00354774773646   -0.00001329209810   -0.00065588068427  
  8.920000    0.00011571211373   -0.00351766325862   -0.00001380081435   -0.00065183508469  
  8.930000    0.00011439670303   -0.00348767666627   -0.00001430012781   -0.00064802931813  
  8.940000    0.00011307226978   -0.00345775500833   -0.00001478905275   -0.00064444265825  
  8.950000    0.00011173909838   -0.00342786510847   -0.00001526663825   -0.00064105233056  
  8.960000    0.00011039748473   -0.00339797385013   -0.00001573197450   -0.00063783372197  
  8.970000    0.00010904773538   -0.00336804846440   -0.00001618419871   -0.00063476061023  
  8.980000    0.00010769016684   -0.00333805681803   -0.00001662250079   -0.00063180541120  
  8.990000    0.00010632510470   -0.00330796769919   -0.00001704612860   -0.00062893944154  
  9.000000    0.00010495288285   -0.00327775109823   -0.00001745439283   -0.00062613319425  
  9.010000    0.00010357384263   -0.00324737848099   -0.00001784667138   -0.00062335662440  
  9.020000    0.00010218833199   -0.00321682305208   -0.00001822241328   -0.00062057944230  
  9.030000    0.00010079670473   -0.00318606000568   -0.00001858114208   -0.00061777141112  
  9.040000    0.00009939931963   -0.00315506676150   -0.00001892245866   -0.00061490264616  
  9.050000    0.00009799653977   -0.00312382318363   -0.00001924604350   -0.00061194391266  
  9.060000    0.00009658873176   -0.00309231178023   -0.00001955165830   -0.00060886691926  
  9.070000    0.00009517626509   -0.00306051788198   -0.00001983914701   -0.00060564460406  
  9.080000    0.00009375951155   -0.00302842979749   -0.00002010843627   -0.00060225141057  
  9.090000    0.00009233884463   -0.00299603894423   -0.00002035953513   -0.00059866355050  
  9.100000    0.00009091463911   -0.00296333995327   -0.00002059253421   -0.00059485925090  
  9.110000    0.00008948727063   -0.00293033074691   -0.00002080760422   -0.00059081898295  
  9.120000    0.00008805711540   -0.00289701258806   -0.00002100499387   -0.00058652567007  
  9.130000    0.00008662454995   -0.00286339010067   -0.00002118502713   -0.00058196487317  
  9.140000    0.00008518995104   -0.00282947126082   -0.00002134809996   -0.00057712495101  
  9.150000    0.00008375369556   -0.00279526735805   -0.00002149467650   -0.00057199719388  
  9.160000    0.00008231616063   -0.00276079292716   -0.00002162528466   -0.00056657592919  
  9.170000    0.00008087772371   -0.00272606565058   -0.00002174051127   -0.00056085859767  
  9.180000    0.00007943876283   -0.00269110623204   -0.00002184099679   -0.00055484579921  
  9.190000    0.00007799965692   -0.00265593824210   -0.00002192742954   -0.00054854130769  
  9.200000    0.00007656078617   -0.00262058793684   -0.00002200053960   -0.00054195205445  
  9.210000    0.00007512253254   -0.00258508405077   -0.00002206109241   -0.00053508808034  
  9.220000    0.00007368528027   -0.00254945756567   -0.00002210988203   -0.00052796245652  
  9.230000    0.00007224941649   -0.00251374145695   -0.00002214772424   -0.00052059117463  
  9.240000    0.00007081533190   -0.00247797041960   -0.00002217544941   -0.00051299300721  
  9.250000    0.00006938342144   -0.00244218057580   -0.00002219389533   -0.00050518933936  
  9.260000    0.00006795408502   -0.00240640916651   -0.00002220389991   -0.00049720397327  
  9.270000    0.00006652772833   -0.00237069422963   -0.00002220629391   -0.00048906290715  
  9.280000    0.00006510476353   -0.00233507426714   -0.00002220189374   -0.00048079409061  
  9.290000    0.00006368561009   -0.00229958790418   -0.00002219149434   -0.00047242715868  
  9.300000    0.00006227069550   -0.00226427354275   -0.00002217586224   -0.00046399314687  
  9.310000    0.00006086045600   -0.00222916901291   -0.00002215572883   -0.00045552418987  
  9.320000    0.00005945533729   -0.00219431122453   -0.00002213178392   -0.00044705320668  
  9.330000    0.00005805579512   -0.00215973582248   -0.00002210466959   -0.00043861357518  
  9.340000    0.00005666229588   -0.00212547684819   -0.00002207497447   -0.00043023879908  
  9.350000    0.00005527531710   -0.00209156641052   -0.00002204322833   -0.00042196217047  
  9.360000    0.00005389534779   -0.00205803436890   -0.00002200989723   -0.00041381643115  
  9.370000    0.00005252288876   -0.00202490803131   -0.00002197537913   -0.00040583343597  
  9.380000    0.00005115845279   -0.00199221186993   -0.00002193999998   -0.00039804382144  
  9.390000    0.00004980256461   -0.00195996725697   -0.00002190401043   -0.00039047668275  
  9.400000    0.00004845576086   -0.00192819222293   -0.00002186758311   -0.00038315926242  
  9.410000    0.00004711858976   -0.00189690123943   -0.00002183081046   -0.00037611665352  
  9.420000    0.00004579161075   -0.00186610502868   -0.00002179370330   -0.00036937152040  
  9.430000    0.00004447539382   -0.00183581040081   -0.00002175618988   -0.00036294383970  
  9.440000    0.00004317051875   -0.00180602012061   -0.00002171811567   -0.00035685066400  
  9.450000    0.00004187757410   -0.00177673280420   -0.00002167924370   -0.00035110591064  
  9.460000    0.00004059715597   -0.00174794284590   -0.00002163925563   -0.00034572017742  
  9.470000    0.00003932986652   -0.00171964037476   -0.00002159775321   -0.00034070058700  
  9.480000    0.00003807631221   -0.00169181123943   -0.00002155426047   -0.00033605066109  
  9.490000    0.00003683710170   -0.00166443701869   -0.00002150822629   -0.00033177022532  
  9.500000    0.00003561284337   -0.00163749505393   -0.00002145902739   -0.00032785534476  
  9.510000    0.00003440414242   -0.00161095849790   -0.00002140597161   -0.00032429828977  
  9.520000    0.00003321159737   -0.00158479637188   -0.00002134830132   -0.00032108753065  
  9.530000    0.00003203579597   -0.00155897362129   -0.00002128519683   -0.00031820775886  
  9.540000    0.00003087731031   -0.00153345115618   -0.00002121577942   -0.00031563993147  
  9.550000    0.00002973669099   -0.00150818586061   -0.00002113911385   -0.00031336133369  
  9.560000    0.00002861446026   -0.00148313055071   -0.00002105420983   -0.00031134565370  
  9.570000    0.00002751110395   -0.00145823385853   -0.00002096002219   -0.00030956306148  
  9.580000    0.00002642706198   -0.00143344001596   -0.00002085544902   -0.00030798028248  
  9.590000    0.00002536271756   -0.00140868851143   -0.00002073932752   -0.00030656065509  
  9.600000    0.00002431838490   -0.00138391359330   -0.00002061042674   -0.00030526415998  
  9.610000    0.00002329429564   -0.00135904359785   -0.00002046743701   -0.00030404740934  
  9.620000    0.00002229058443   -0.00133400008841   -0.00002030895545   -0.00030286358468  
  9.630000    0.00002130727394   -0.00130869680730   -0.00002013346762   -0.00030166231500  
  9.640000    0.00002034426030   -0.00128303846417   -0.00001993932556   -0.00030038949239  
  9.650000    0.00001940130013   -0.00125691941488   -0.00001972472295   -0.00029898703038  
  9.660000    0.00001847800033   -0.00123022232412   -0.00001948766903   -0.00029739258226  
  9.670000    0.00001757381265   -0.00120281695215   -0.00001922596362   -0.00029553925261  
  9.680000    0.00001668803484   -0.00117455925903   -0.00001893717672   -0.00029335535433  
  9.690000    0.00001581982052   -0.00114529107455   -0.00001861863718   -0.00029076428587  
  9.700000    0.00001496819991   -0.00111484063350   -0.00001826743599   -0.00028768462662  
  9.710000    0.00001413211306   -0.00108302431471   -0.00001788045066   -0.00028403057036  
  9.720000    0.00001331045708   -0.00104964994044   -0.00001745439747   -0.00027971283348  
  9.730000    0.00001250214769   -0.00101452197738   -0.00001698591854   -0.00027464018211  
  9.740000    0.00001170619462   -0.00097744892293   -0.00001647170947   -0.00026872171548  
  9.750000    0.00001092178884   -0.00093825304995   -0.00001590869153   -0.00026187001644  
  9.760000    0.00001014839815   -0.00089678251521   -0.00001529422946   -0.00025400523101  
  9.770000    0.00000938586623   -0.00085292561128   -0.00001462639148   -0.00024506006358  
  9.780000    0.00000863450856   -0.00080662666654   -0.00001390424327   -0.00023498557498  
  9.790000    0.00000789519750   -0.00075790279042   -0.00001312816150   -0.00022375755064  
  9.800000    0.00000716942830   -0.00070686034714   -0.00001230014663   -0.00021138307369  
  9.810000    0.00000645935722   -0.00065370975730   -0.00001142410875   -0.00019790680787  
  9.820000    0.00000576780418   -0.00059877701266   -0.00001050609626   -0.00018341638229  
  9.830000    0.00000509821324   -0.00054251019055   -0.00000955443450   -0.00016804619533  
  9.840000    0.00000445456686   -0.00048547930991   -0.00000857974220   -0.00015197893686  
  9.850000    0.00000384125278   -0.00042836811092   -0.00000759479800   -0.00013544418280  
  9.860000    0.00000326288552   -0.00037195677951   -0.00000661423697   -0.00011871355577  
  9.870000    0.00000272408872   -0.00031709526719   -0.00000565406896   -0.00010209217022  
  9.880000    0.00000222924764   -0.00026466764223   -0.00000473102548   -0.00008590638226  
  9.890000    0.00000178224476   -0.00021554879013   -0.00000386175848   -0.00007048822119  
  9.900000    0.00000138619341   -0.00017055567641   -0.00000306193191   -0.00005615725847  
  9.910000    0.00000104318638   -0.00013039619473   -0.00000234526222   -0.00004320102975  
  9.920000    0.00000075407606   -0.00009561924497   -0.00000172257679   -0.00003185541981  
  9.930000    0.00000051830201   -0.00006657002446   -0.00000120096558   -0.00002228660588  
  9.940000    0.00000033377956   -0.00004335449824   -0.00000078310181   -0.00001457619396  
  9.950000    0.00000019685933   -0.00002581660339   -0.00000046679984   -0.00000871105601  
  9.960000    0.00000010236373   -0.00001353094340   -0.00000024486341   -0.00000457907802  
  9.970000    0.00000004370143   -0.00000581259398   -0.00000010525625   -0.00000197158015  
  9.980000    0.00000001305589   -0.00000174426940   -0.00000003160038   -0.00000059260934  
  9.990000    0.00000000163946   -0.00000021961989   -0.00000000397989   -0.00000007468836  
 10.000000    0.00000000000000    0.00000000000000   -0.00000000000000    0.00000000000000  
