0	2.972240264089575
1	2.42913991843598
2	2.030652572481851
3	1.7293427882648382
4	1.4885053961256056
5	1.286390369326516
6	1.1124467648253702
7	0.9612675523449836
8	0.8292609995893875
9	0.713581220254846
10	0.6120878383390993
11	0.5233064985042271
12	0.44619843182627467
13	0.37989585914601953
14	0.3235214913604515
15	0.27612994479459213
16	0.23673634803884452
17	0.2043646821110019
18	0.17807202630917254
19	0.15694788091660003
20	0.14010886060876265
21	0.1267051002306561
22	0.1159418113318254
23	0.10710896158604549
24	0.09960789399086004
25	0.09296594925904028
26	0.08683630301445816
27	0.08098606162869193
28	0.07527815784700774
29	0.06965184158103485
30	0.06410442913754524
31	0.058674995210113885
32	0.05342953132578443
33	0.0484469314701581
34	0.04380586462867566
35	0.0395735767397604
36	0.03579810564537252
37	0.03250484682325842
38	0.029697201586257663
39	0.027359963275457096
40	0.02546373850655845
41	0.02396907750719036
42	0.02282970986216598
43	0.021994929219767968
44	0.021411517199253487
45	0.021025624317952147
46	0.020784841224603
47	0.020640439227644608
48	0.020549548335831013
49	0.020476936622860296
50	0.0203960776246409
51	0.02028932912240785
52	0.020147247540240148
53	0.01996725195002963
54	0.019751961130739088
55	0.01950752645281011
56	0.01924219105891322
57	0.018965171789245342
58	0.01868583990846359
59	0.018413109599946298
60	0.01815494136661363
61	0.01791791402574483
62	0.0177068789584794
63	0.017524748978091538
64	0.017372473229454944
65	0.017249212845114745
66	0.01715268084260307
67	0.01707957030147415
68	0.01702598533054615
69	0.016987811130648803
70	0.01696099813701557
71	0.016941770023795204
72	0.01692678109619667
73	0.016913242821287897
74	0.016899021349396737
75	0.016882692075099685
76	0.016863534067011614
77	0.01684145798258033
78	0.016816878733294047
79	0.016790558328186166
80	0.01676344788577756
81	0.016736550461668737
82	0.0167108136917795
83	0.016687050663237536
84	0.016665883503993232
85	0.016647706578669135
86	0.016632670712427126
87	0.01662069183880319
88	0.016611484787488147
89	0.016604617110851382
90	0.016599572594028517
91	0.016595812644298
92	0.016592826836113125
93	0.01659016945718849
94	0.01658748368117752
95	0.016584516633021396
96	0.01658112705351985
97	0.01657728452352112
98	0.016573057853104745
99	0.016568591679309255
100	0.016564073919066537
101	0.016559700336095044
102	0.016555643862365715
103	0.016552034551808516
104	0.016548952043806943
105	0.016546428257854982
106	0.016544455685352934
107	0.016542996827377962
108	0.016541992319357726
109	0.016541367542971877
110	0.01654103873626156
111	0.01654091941518834
112	0.016540926924474474
113	0.01654098812429211
114	0.01654104321682935
115	0.016541047432388403
116	0.016540971115543715
117	0.016540799069987115
118	0.016540529678612685
119	0.01654017366835125
120	0.01653975198804366
121	0.01653929243492376
122	0.016538825278696448
123	0.016538378748030807
124	0.016537975435815023
125	0.016537630330522694
126	0.01653735053325637
127	0.016537136171611292
128	0.016536981846400057
129	0.016536878139071433
130	0.016536813036479553
131	0.016536773339220448
132	0.01653674610539601
133	0.016536720028036356
134	0.016536686521979427
135	0.016536640316840077
136	0.016536579498009824
137	0.016536505097648296
138	0.0165364204126488
139	0.016536330201032227
140	0.016536239844375043
141	0.016536154534204463
142	0.016536078563157728
143	0.016536014833019565
144	0.016535964672908927
145	0.016535927976041764
146	0.016535903556484804
147	0.01653588956649387
148	0.016535883838450404
149	0.01653588410156664
150	0.016535888110593103
151	0.016535893757131655
152	0.016535899204658807
153	0.01653590303191842
154	0.01653590433404783
155	0.016535902739741388
156	0.0165358983421164
157	0.016535891577113035
158	0.016535883092261297
159	0.01653587363171642
160	0.016535863940801428
161	0.01653585468366917
162	0.016535846374107793
163	0.016535839330019425
164	0.016535833663582997
165	0.016535829308653528
166	0.01653582607304637
167	0.01653582369686961
168	0.016535821902486876
169	0.01653582043162217
170	0.016535819072013545
171	0.016535817676100843
172	0.016535816170416148
173	0.016535814552481137
174	0.016535812874803588
175	0.01653581122074612
176	0.016535809679984536
177	0.016535808329728417
178	0.01653580722347137
179	0.016535806385628488
180	0.016535805810070525
181	0.016535805462317196
182	0.01653580528623672
183	0.016535805215004293
184	0.016535805183683604
185	0.016535805139502226
186	0.01653580504701296
187	0.01653580488809545
188	0.0165358046590197
189	0.016535804367071374
190	0.01653580402784633
191	0.016535803662813466
192	0.016535803296347507
193	0.01653580295217524
194	0.016535802650064175
195	0.016535802403628005
196	0.016535802219489627
197	0.016535802097359505
198	0.016535802030554665
199	0.0165358020069325
200	0.016535802010610424
201	0.01653580202462614
202	0.016535802034056978
203	0.016535802028593085
204	0.01653580200368634
205	0.01653580196005128
206	0.016535801902044754
207	0.016535801835747585
208	0.016535801767405885
209	0.016535801702441257
210	0.016535801644929203
211	0.01653580159738332
212	0.016535801560745512
213	0.016535801534565707
214	0.016535801517323392
215	0.016535801506822274
216	0.016535801500571858
217	0.016535801496142706
218	0.016535801491494122
219	0.016535801485237773
220	0.01653580147678567
221	0.01653580146630858
222	0.01653580145451912
223	0.01653580144237153
224	0.016535801430794472
225	0.01653580142053502
226	0.01653580141210603
227	0.016535801405782355
228	0.01653580140160984
229	0.016535801399405456
230	0.016535801398786378
231	0.01653580139922568
232	0.01653580140014136
233	0.016535801400987028
234	0.016535801401320976
235	0.016535801400853808
236	0.01653580139947518
237	0.01653580139724773
238	0.01653580139438322
239	0.016535801391188307
240	0.01653580138798939
241	0.01653580138507476
242	0.016535801382644495
243	0.016535801380796376
244	0.016535801379532512
245	0.016535801378779295
246	0.016535801378413113
247	0.016535801378291543
248	0.016535801378276423
249	0.01653580137825503
250	0.016535801378151447
251	0.016535801377930204
252	0.016535801377588838
253	0.01653580137715345
254	0.016535801376664952
255	0.01653580137617421
256	0.016535801375724187
257	0.01653580137535313
258	0.01653580137507913
259	0.01653580137490821
260	0.016535801374829344
261	0.016535801374823265
262	0.016535801374863907
263	0.016535801374922405
264	0.016535801374975012
265	0.016535801375001248
266	0.01653580137498893
267	0.01653580137493442
268	0.016535801374840862
269	0.01653580137471762
270	0.016535801374577802
271	0.016535801374435635
272	0.01653580137430457
273	0.016535801374195074
274	0.016535801374113302
275	0.016535801374058696
276	0.016535801374029095
277	0.01653580137401715
278	0.01653580137401658
279	0.01653580137402037
280	0.016535801374024193
281	0.016535801374025196
282	0.01653580137402107
283	0.016535801374012248
284	0.01653580137399969
285	0.016535801373984665
286	0.01653580137396817
287	0.016535801373952972
288	0.01653580137394043
289	0.016535801373930153
290	0.016535801373923343
291	0.016535801373919096
292	0.016535801373916754
293	0.01653580137391584
294	0.016535801373914666
295	0.01653580137391279
296	0.01653580137391087
297	0.016535801373906932
298	0.016535801373902724
299	0.016535801373898144
300	0.016535801373893246
301	0.01653580137388873
302	0.01653580137388443
303	0.016535801373881408
304	0.01653580137387968
305	0.016535801373878323
306	0.016535801373877848
307	0.01653580137387726
308	0.016535801373877917
309	0.016535801373877633
310	0.016535801373877647
311	0.016535801373877033
312	0.016535801373876034
313	0.016535801373875246
314	0.016535801373874767
315	0.016535801373872814
316	0.01653580137387245
317	0.01653580137387139
318	0.01653580137387113
319	0.016535801373870826
320	0.016535801373870635
321	0.0165358013738706
322	0.01653580137387024
323	0.01653580137387053
324	0.016535801373870406
325	0.01653580137387022
326	0.016535801373870188
327	0.01653580137387077
328	0.016535801373870163
329	0.016535801373870118
330	0.016535801373869393
331	0.016535801373869487
332	0.016535801373869258
333	0.016535801373869192
334	0.01653580137386923
335	0.01653580137386901
336	0.016535801373869147
337	0.016535801373868828
338	0.016535801373869
339	0.01653580137386919
340	0.01653580137386897
341	0.016535801373868696
342	0.01653580137386853
343	0.01653580137386891
344	0.016535801373868717
345	0.01653580137386846
346	0.016535801373868324
347	0.016535801373868734
348	0.01653580137386875
349	0.016535801373868685
350	0.016535801373868623
351	0.016535801373868668
352	0.016535801373868852
353	0.016535801373868467
354	0.016535801373868297
355	0.01653580137386859
356	0.01653580137386882
357	0.016535801373868408
358	0.016535801373868737
359	0.016535801373868404
360	0.01653580137386857
361	0.016535801373868522
362	0.016535801373868963
363	0.016535801373868415
364	0.016535801373868526
365	0.016535801373868262
366	0.016535801373868262
367	0.01653580137386878
368	0.01653580137386846
369	0.01653580137386886
370	0.01653580137386859
371	0.016535801373868626
372	0.01653580137386864
373	0.016535801373868415
374	0.016535801373868515
375	0.0165358013738686
376	0.01653580137386818
377	0.01653580137386853
378	0.016535801373868696
379	0.0165358013738684
380	0.016535801373868328
381	0.01653580137386845
382	0.016535801373868578
383	0.016535801373868526
384	0.016535801373868893
385	0.016535801373868474
386	0.016535801373868814
387	0.016535801373868425
388	0.016535801373868578
389	0.016535801373868647
390	0.016535801373868314
391	0.016535801373868727
392	0.016535801373868668
393	0.016535801373868248
394	0.016535801373868824
395	0.016535801373868394
396	0.016535801373868956
397	0.016535801373868262
398	0.016535801373868432
399	0.01653580137386859
400	0.01653580137386831
401	0.016535801373868418
402	0.016535801373868904
403	0.01653580137386824
404	0.016535801373868547
405	0.01653580137386849
406	0.016535801373868512
407	0.01653580137386867
408	0.01653580137386843
409	0.01653580137386858
410	0.016535801373868366
411	0.01653580137386878
412	0.016535801373868505
413	0.01653580137386844
414	0.016535801373868647
415	0.01653580137386867
416	0.016535801373868328
417	0.016535801373868453
418	0.016535801373868373
419	0.01653580137386846
420	0.016535801373868304
421	0.016535801373868418
422	0.01653580137386868
423	0.01653580137386841
424	0.016535801373868505
425	0.016535801373868373
426	0.016535801373868456
427	0.016535801373868356
