<Coefficient>
	 14 Total number of radial orbitals.
	Type	L	Zeta-Orbital
	  Rh 	0	    1
	  -0.10923691681483
	  -0.12465751799505
	  -0.11313357543243
	  -0.11956112557816
	  -0.13101342788349
	  -0.12170137547408
	  -0.10819499909516
	  -0.07883182044178
	  -0.04756534184367
	  -0.01466358307708
	   0.01366571752899
	   0.04031077974504
	   0.05587301734284
	   0.06763205302173
	   0.07127590489664
	   0.07214822917883
	   0.06670943113587
	   0.06129102218005
	   0.05154423872185
	   0.04392498163485
	   0.03365323338011
	   0.02709376051534
	   0.01833611538868
	   0.01431682147535
	   0.00780245850718
	   0.00639807944536
	   0.00189005926064
	   0.00261663188928
	  -0.00079551319300
	   0.00155860131799
	  -0.00180395641634
	Type	L	Zeta-Orbital
	  Rh 	0	    2
	   0.11459925049792
	   0.07526121833669
	  -0.05713480391811
	  -0.14330778291737
	  -0.18545989198908
	  -0.19292387430333
	  -0.17010417873759
	  -0.13245590835563
	  -0.08758407746344
	  -0.04294795719761
	  -0.00337533083223
	   0.02774345023613
	   0.05268704647818
	   0.06809583678949
	   0.07692657060835
	   0.07839596127120
	   0.07620703064503
	   0.06913236054934
	   0.06161241041963
	   0.05142358110460
	   0.04271413528079
	   0.03273325485318
	   0.02577210549672
	   0.01767150080643
	   0.01331381929352
	   0.00761642774522
	   0.00587798904392
	   0.00204591288361
	   0.00233532905806
	  -0.00051555491886
	   0.00129040125728
	Type	L	Zeta-Orbital
	  Rh 	0	    3
	  -0.12518571583800
	   0.11385224588661
	   0.05325891497400
	   0.02236690291325
	  -0.06444761736533
	  -0.03727753805741
	  -0.08110653195453
	  -0.04483047309443
	  -0.05041603485972
	  -0.04176118982451
	  -0.05452089387990
	  -0.02839731822878
	  -0.04414035118281
	  -0.03191887564021
	  -0.03831866146774
	  -0.02298961785565
	  -0.03005619540053
	  -0.01335443869212
	  -0.01981358174154
	  -0.00451332521199
	  -0.01165576401328
	   0.00314882698376
	  -0.00713444971286
	   0.00768169071315
	  -0.00517040003207
	   0.00947355477333
	  -0.00541580518497
	   0.01003647553140
	  -0.00787820774055
	   0.01095745218810
	  -0.01144117160066
	Type	L	Zeta-Orbital
	  Rh 	0	    4
	   0.05352863017471
	   0.08602753276620
	  -0.35521473946919
	  -0.01700442625139
	   0.01822859444890
	   0.14934462412800
	   0.04405404291888
	   0.10449343202362
	   0.05227902360573
	   0.07042801130632
	   0.02696756648263
	   0.06517092835575
	   0.02496253336603
	   0.04277408092290
	   0.01361337327830
	   0.03243825660491
	   0.00249409505677
	   0.02271544720981
	  -0.00380448021849
	   0.01558275647118
	  -0.01070121698590
	   0.01106995362555
	  -0.01527260054902
	   0.01013233387502
	  -0.01676503323446
	   0.01127622494400
	  -0.01754126575548
	   0.01430366001306
	  -0.01888820373472
	   0.01847236721364
	  -0.02271854353636
	Type	L	Zeta-Orbital
	  Rh 	0	    5
	   0.47462343430196
	  -0.71818782214937
	  -0.32424443465964
	   0.35710139951854
	   0.57430897052203
	  -0.22481880680760
	  -0.33206097321848
	  -0.84174006919956
	  -0.67220823331227
	  -0.28412635401692
	   0.10548524801925
	  -0.00834785857724
	   0.19389230657742
	   0.20148246507405
	   0.34682497212318
	   0.30229001749525
	   0.38993704035739
	   0.27961851944985
	   0.31696268878316
	   0.21438149128345
	   0.24596760310426
	   0.12781416411745
	   0.16636538472305
	   0.05576084564441
	   0.10827815682632
	  -0.00318748474874
	   0.06652759118072
	  -0.02957214232927
	   0.06201278989352
	  -0.05473093246894
	   0.06666698923991
	Type	L	Zeta-Orbital
	  Rh 	0	    6
	   0.13920750618614
	  -0.24877883167131
	  -0.43773698122988
	  -0.27586261957302
	  -0.14478999428984
	  -0.02018613176643
	   0.00251621064949
	  -0.01182910974925
	  -0.14909963616005
	  -0.31444101905169
	  -0.46040028015171
	  -0.46225725930385
	  -0.42810148441598
	  -0.40171443316897
	  -0.38945120827428
	  -0.36817310106717
	  -0.34002490148044
	  -0.27305600413998
	  -0.20186362562958
	  -0.14152366840717
	  -0.10139538225120
	  -0.06212040190225
	  -0.03588467895240
	  -0.01559235943844
	   0.00265045849945
	   0.01025957867759
	   0.00856624082209
	   0.01145303433539
	   0.01200493061005
	   0.00429444368548
	   0.00496217319221
	Type	L	Zeta-Orbital
	  Rh 	1	    1
	  -0.12547211908060
	   0.03495512009586
	   0.12551920327120
	   0.22221107834869
	   0.26592577813974
	   0.29833508608402
	   0.29077207850442
	   0.28125724924838
	   0.23684478287624
	   0.20787980999716
	   0.16580149815206
	   0.12826458367657
	   0.08919789512031
	   0.06418926222662
	   0.03380730305500
	   0.01886428831057
	  -0.00029544224386
	  -0.00523371262926
	  -0.01648698216230
	  -0.01361696410043
	  -0.02026279281828
	  -0.01298473038273
	  -0.01721424023146
	  -0.00777564979115
	  -0.01257921925481
	  -0.00208625874697
	  -0.00857097488028
	   0.00249947070794
	  -0.00674522608828
	   0.00617220243776
	  -0.01031139983361
	Type	L	Zeta-Orbital
	  Rh 	1	    2
	  -0.19755584728937
	  -0.04400315891468
	  -0.02769241481399
	  -0.01403808419211
	  -0.05654887518018
	  -0.07831016010252
	  -0.11522873081841
	  -0.11652756917392
	  -0.13699945653247
	  -0.11631527895772
	  -0.10443100153870
	  -0.08309814603008
	  -0.06757546456226
	  -0.03985568967205
	  -0.02919958562158
	  -0.00789065772791
	  -0.00328060229752
	   0.01146556854548
	   0.00875364089023
	   0.01902765242623
	   0.01064501256398
	   0.01817324205768
	   0.00727491214815
	   0.01447660250623
	   0.00152051153896
	   0.01056529363677
	  -0.00337319184992
	   0.00844154189216
	  -0.00720280756550
	   0.00925291077399
	  -0.01473363576604
	Type	L	Zeta-Orbital
	  Rh 	1	    3
	  -0.19167032280907
	  -0.62594415920536
	  -0.62129698516672
	  -0.40436386328314
	  -0.16132318294050
	   0.04905434922998
	   0.18086074198607
	   0.24449780732819
	   0.25199010446178
	   0.22033686545506
	   0.18805065150490
	   0.16541247435709
	   0.13224516187695
	   0.10022331325597
	   0.06883631287465
	   0.04167198995949
	   0.02025169049061
	   0.00326394676154
	  -0.00884658963767
	  -0.01850989895399
	  -0.02151147793635
	  -0.02548880958695
	  -0.02425413745823
	  -0.02383878251831
	  -0.01873482849283
	  -0.01796339780212
	  -0.01155661213967
	  -0.01096965457778
	  -0.00449442164286
	  -0.00610349464826
	   0.00191906378089
	Type	L	Zeta-Orbital
	  Rh 	2	    1
	   0.04621780920505
	   0.12419690122666
	   0.20731568372925
	   0.26975430631467
	   0.31486215327314
	   0.33686637316890
	   0.34619163109435
	   0.33924862371147
	   0.32446662318249
	   0.30093284568064
	   0.27514095107482
	   0.24370954198921
	   0.21357092802466
	   0.18188404052616
	   0.15373163120906
	   0.12655104133251
	   0.10385813117942
	   0.08230017994629
	   0.06543847700150
	   0.04952211780370
	   0.03822630795679
	   0.02733157455105
	   0.02057593040130
	   0.01339396541597
	   0.00995256657525
	   0.00534940079455
	   0.00426310104212
	   0.00118236636278
	   0.00172434186285
	  -0.00086228538155
	   0.00291581450753
	Type	L	Zeta-Orbital
	  Rh 	2	    2
	  -0.20358744880550
	  -0.22337886057097
	  -0.15715288591351
	  -0.03576976559529
	   0.06292348845841
	   0.12474401523241
	   0.13398151580469
	   0.12184754341752
	   0.09265373154101
	   0.08434032759690
	   0.07739349256143
	   0.07611095849241
	   0.06249987915443
	   0.05376741857290
	   0.03807050788207
	   0.03456174542857
	   0.02470324497994
	   0.02343751828216
	   0.01298488169397
	   0.01352283900282
	   0.00481227322418
	   0.00808661995147
	   0.00034757155550
	   0.00512491276990
	  -0.00268259725723
	   0.00415794645699
	  -0.00430078998411
	   0.00426605809257
	  -0.00579609670332
	   0.00607495137403
	  -0.01929629644499
	Type	L	Zeta-Orbital
	  Rh 	2	    3
	   0.47452067427572
	   0.49980159030338
	  -0.23534305271010
	  -0.38450923227920
	  -0.65366076592267
	  -0.17288738009418
	   0.05136462607158
	   0.50349384698792
	   0.63497135066560
	   0.72445073791014
	   0.50782621433597
	   0.55570896631362
	   0.45701132427855
	   0.50460337836943
	   0.39197709675665
	   0.38296970070825
	   0.24048561389631
	   0.25723276628464
	   0.15318497651400
	   0.18084310614907
	   0.08274116066079
	   0.12252356422268
	   0.02561316631554
	   0.08223196706335
	  -0.00432722401462
	   0.06678947848407
	  -0.02695034250748
	   0.05847720465660
	  -0.05037831654462
	   0.07205083865020
	  -0.19057988007710
	Type	L	Zeta-Orbital
	  Rh 	3	    1
	   0.06911863883970
	   0.17422190977998
	   0.20049434411446
	   0.28816853601983
	   0.35030552779738
	   0.41738268289858
	   0.41410227469200
	   0.36119680638604
	   0.26263713136018
	   0.20556903400875
	   0.16756036179876
	   0.15939825454864
	   0.13913002160249
	   0.12489838277276
	   0.09602991815604
	   0.08280954896909
	   0.06114127733145
	   0.05590582435167
	   0.03974144318160
	   0.03650176803626
	   0.02205597964319
	   0.02283767160140
	   0.00956691599650
	   0.01292875488224
	   0.00211698172649
	   0.00847515759003
	  -0.00148410107284
	   0.00773272395986
	  -0.00429635630675
	   0.00443756887893
	  -0.04623852034656
	Type	L	Zeta-Orbital
	  Rh 	3	    2
	  -0.56385699666692
	  -0.63178420856334
	  -0.12679071647399
	   0.02376046208750
	   0.19543435836479
	   0.28886597887550
	   0.35661273981391
	   0.17473598642986
	  -0.00312768527628
	  -0.01075565139880
	   0.03110260319323
	   0.04350819269073
	   0.04491176618238
	   0.02169889853645
	   0.01622907688486
	   0.01008735533275
	   0.01862462093828
	   0.00705897730196
	   0.00386034231117
	  -0.00542922275262
	  -0.00270571606794
	  -0.01112889733938
	  -0.00100122692451
	  -0.00376422426896
	   0.00464884336537
	  -0.00151962720565
	   0.00425585261014
	  -0.00616313882751
	   0.00391691203444
	  -0.00337454363395
	   0.04015266020104
</Coefficient>
<Mkb>
Left spillage = 1.6914736925e-04
</Mkb>
