<Coefficient>
	 2 Total number of radial orbitals.
	Type	L	Zeta-Orbital
	  Xe 	0	    1
	   0.22124927151588
	   0.58856262922741
	   0.70657365481263
	   0.51879069639510
	   0.19895669989133
	  -0.10263860584167
	  -0.30917092510574
	  -0.39853729120593
	  -0.39577630990542
	  -0.33134493287580
	  -0.24074790331081
	  -0.14738774637244
	  -0.06833185890002
	  -0.01178753668949
	   0.02068801762229
	   0.03242987629250
	   0.02894598292269
	   0.01680950250230
	   0.00199309482835
	  -0.01117376636681
	  -0.01995078713402
	  -0.02357570773066
	  -0.02240019835951
	  -0.01808032308240
	  -0.01203157542512
	  -0.00625068793869
	  -0.00142969489302
	   0.00138267612677
	   0.00274242033414
	   0.00240465993451
	   0.00169212311979
	Type	L	Zeta-Orbital
	  Xe 	1	    1
	  -0.22786948939819
	  -0.55745166206560
	  -0.69819151995616
	  -0.63100641461031
	  -0.46391826988928
	  -0.26407914534581
	  -0.09322771314955
	   0.03051841212058
	   0.10142540457138
	   0.13028273463476
	   0.12827133044146
	   0.10910517647957
	   0.08129478009719
	   0.05409038032909
	   0.03036402259513
	   0.01407867656612
	   0.00338815649648
	  -0.00089296044230
	  -0.00249436962667
	  -0.00096370473869
	  -0.00009936020563
	   0.00175302043250
	   0.00140871575985
	   0.00183428889463
	   0.00013326906149
	   0.00009850248111
	  -0.00166546590211
	  -0.00087514841820
	  -0.00196314298142
	   0.00000285028741
	  -0.00135069788158
</Coefficient>
<Mkb>
Left spillage = 9.6277553240e-04
</Mkb>
