<Coefficient>
	 5 Total number of radial orbitals.
	Type	L	Zeta-Orbital
	  F 	0	    1
	   0.18856663145170
	  -0.07495733063529
	  -0.08982735856523
	  -0.08376794742276
	  -0.06168047014060
	  -0.04932584423863
	  -0.03333897272144
	  -0.02471492807490
	  -0.01239226912235
	  -0.00868953221885
	  -0.00003706534527
	  -0.00115780738208
	   0.00493180850852
	   0.00019417935661
	   0.00633817981866
	  -0.00032857708028
	   0.00683296969484
	  -0.00228961931277
	   0.00641875998887
	  -0.00446164966028
	   0.00644558045386
	  -0.00641232337010
	   0.00759252488510
	  -0.00901827348495
	   0.01261138083164
	Type	L	Zeta-Orbital
	  F 	0	    2
	   0.54136266736149
	   0.37633806945732
	   0.61566425033719
	   0.71791234030303
	   0.70761670555022
	   0.59761991083032
	   0.46693010984074
	   0.32376754293815
	   0.21005079637035
	   0.10675615373942
	   0.04328842284391
	  -0.01325843478336
	  -0.03347013414827
	  -0.05810595323395
	  -0.04885419853419
	  -0.05682591818160
	  -0.03272081546612
	  -0.03916502674280
	  -0.01079055075664
	  -0.02288001533408
	   0.00569364916603
	  -0.01503087562901
	   0.01515199138996
	  -0.01665823215158
	   0.02589963844788
	Type	L	Zeta-Orbital
	  F 	1	    1
	   0.09530444470718
	   0.28671009924355
	   0.30449776904941
	   0.32885362305321
	   0.29353035208364
	   0.29116869597025
	   0.25277031601873
	   0.23463703152042
	   0.19909236214164
	   0.18296089123827
	   0.15259809722721
	   0.13688592886400
	   0.10785848110364
	   0.09318057599042
	   0.06613833454583
	   0.05573415479601
	   0.03371301132037
	   0.02965909161790
	   0.01188604357353
	   0.01377110086719
	  -0.00043401840825
	   0.00726077981881
	  -0.00611115953821
	   0.00753205569825
	  -0.01856795934678
	Type	L	Zeta-Orbital
	  F 	1	    2
	   0.32167238784679
	   1.05540732663870
	   0.45147533168972
	   0.17519872305467
	  -0.38041652507278
	  -0.49351513342338
	  -0.79394083046413
	  -0.83181684089562
	  -0.95679605560080
	  -0.86665415657915
	  -0.87092373679411
	  -0.72758250262076
	  -0.69197550477253
	  -0.53132494874547
	  -0.49061576491425
	  -0.32649685425233
	  -0.29529021413137
	  -0.14587879651276
	  -0.15373526410110
	  -0.02849278808615
	  -0.07772620567621
	   0.03513717851708
	  -0.05723719296380
	   0.07076869997795
	  -0.15675374847562
	Type	L	Zeta-Orbital
	  F 	2	    1
	  -0.01211404256523
	   0.18659435149196
	   0.94150160528991
	   1.23443360273070
	   1.25980544507002
	   1.16231132528834
	   1.09837709907567
	   1.00366889646567
	   0.90729583839855
	   0.62486872974601
	   0.41690407347265
	   0.25856368800894
	   0.20912653473383
	   0.15259398751787
	   0.13818272687109
	   0.05964257771156
	   0.04227609046727
	  -0.01769637056815
	   0.00518704646876
	  -0.01833795497929
	   0.02555819643566
	   0.00187894075963
	   0.04827753690398
	   0.00560509792224
	   0.16240055733237
</Coefficient>
<Mkb>
Left spillage = 6.9533895801e-04
</Mkb>
