<Coefficient>
	 14 Total number of radial orbitals.
	Type	L	Zeta-Orbital
	  W 	0	    1
	  -0.01952320742270
	  -0.09448040293971
	  -0.19386670603533
	  -0.27586355478921
	  -0.30897991426007
	  -0.29282941771814
	  -0.23604594455481
	  -0.16147244057530
	  -0.08063614265400
	  -0.00895035113115
	   0.04933954214377
	   0.08904644235770
	   0.11206879145977
	   0.11881000721368
	   0.11451969445898
	   0.10130904697618
	   0.08449661432221
	   0.06537746781271
	   0.04786470052032
	   0.03194681685175
	   0.01986671633935
	   0.01042892865836
	   0.00474949238093
	   0.00084856303384
	  -0.00034869998801
	  -0.00111696465604
	  -0.00039496518028
	  -0.00037445314236
	   0.00058582634003
	   0.00028266093077
	   0.00094981175415
	Type	L	Zeta-Orbital
	  W 	0	    2
	  -0.11780130249784
	  -0.14261888027189
	  -0.03327058049541
	   0.03904485621327
	   0.07570813488807
	   0.07918939501737
	   0.06879014696268
	   0.04930796102801
	   0.03152822699324
	   0.01582429016992
	   0.00438399316039
	  -0.00500133732963
	  -0.01099306795871
	  -0.01493881099513
	  -0.01612838036872
	  -0.01578043453142
	  -0.01418058936933
	  -0.01210067943875
	  -0.00974240135541
	  -0.00731078365351
	  -0.00520581763759
	  -0.00325091700183
	  -0.00194000783142
	  -0.00068815953902
	  -0.00018074498201
	   0.00046092377202
	   0.00034527275476
	   0.00063682839639
	   0.00015132185414
	   0.00038353434662
	  -0.00028525259107
	Type	L	Zeta-Orbital
	  W 	0	    3
	  -0.13143430547034
	   0.05129235415439
	   0.11118019385491
	   0.02478758877579
	  -0.03275423392590
	  -0.07355193323001
	  -0.07203298262139
	  -0.05315731822347
	  -0.02177737554066
	   0.00869985528839
	   0.02427044429727
	   0.03157158721538
	   0.03859316099092
	   0.04095043573739
	   0.03748671693175
	   0.03354985339049
	   0.02749669704990
	   0.02152511121061
	   0.01412190757233
	   0.01080719617649
	   0.00481821445813
	   0.00397586850278
	   0.00016969952692
	   0.00119352926600
	  -0.00180464059073
	   0.00108027166189
	  -0.00180549533623
	   0.00192323958191
	  -0.00165392943962
	   0.00246423345732
	  -0.00221308961860
	Type	L	Zeta-Orbital
	  W 	0	    4
	  -0.05956305794262
	   0.22684336750184
	  -0.13842175499515
	  -0.04043466947272
	   0.04898520016573
	   0.04666280824613
	   0.02230473958459
	   0.07317076148190
	   0.10741325015947
	   0.14492154649564
	   0.13274968432358
	   0.12905243456333
	   0.11894525089558
	   0.11965506216516
	   0.09219979932060
	   0.07693886397048
	   0.04871178331044
	   0.03631946117664
	   0.01110178487750
	   0.01026583735938
	  -0.00765375508170
	   0.00020319615101
	  -0.01153030981947
	   0.00242447472452
	  -0.00907710139829
	   0.00806275142645
	  -0.00570302194968
	   0.01229606439411
	  -0.00657863211982
	   0.01322923797178
	  -0.01158651073148
	Type	L	Zeta-Orbital
	  W 	0	    5
	   0.58305684295058
	  -0.26604797241544
	  -0.33086591751080
	   0.51184511571991
	   0.53360837863400
	   0.05762596972374
	  -0.17647146789803
	  -0.55501798053675
	  -0.86507747971404
	  -0.70209938801542
	  -0.04347531680080
	   0.42480321406232
	   0.56913851288138
	   0.55856274916921
	   0.50885714122130
	   0.41396585269505
	   0.33402410030647
	   0.26127765827779
	   0.20719688252127
	   0.12232994086855
	   0.07642996445666
	   0.02893915300522
	   0.02103977519782
	  -0.01086761185761
	   0.00205358300318
	  -0.00890148607283
	   0.01495607451020
	  -0.00647210770515
	   0.01575193301796
	  -0.00975903034241
	   0.01655837426310
	Type	L	Zeta-Orbital
	  W 	0	    6
	  -0.42240604890323
	   0.54066397791148
	  -0.79517822521124
	  -0.00745175270913
	   0.16413428047510
	   0.08424388983250
	  -0.28162246950896
	  -0.32054764381910
	  -0.61217414480556
	  -0.59532848258116
	  -0.58678917580132
	  -0.35450036653802
	  -0.36331278138229
	  -0.27333823588335
	  -0.32464703852837
	  -0.19414418454206
	  -0.18652300362912
	  -0.06526003548751
	  -0.07468216704561
	   0.06170646593562
	   0.01777120975393
	   0.07786691135806
	  -0.01557556896630
	   0.07101446577872
	  -0.01412029334423
	   0.04752728273539
	  -0.08483654389803
	   0.01097660786379
	  -0.08087673062066
	   0.05267042417452
	  -0.08984151229110
	Type	L	Zeta-Orbital
	  W 	1	    1
	   0.04833243826104
	  -0.08356082599136
	  -0.19164988979242
	  -0.29066120780471
	  -0.33464905948983
	  -0.34647321229474
	  -0.31541203746878
	  -0.27477951036786
	  -0.21796859776845
	  -0.16622509819513
	  -0.11140670070545
	  -0.06907489747496
	  -0.03060822194844
	  -0.00686273548593
	   0.01347074379987
	   0.02114930538921
	   0.02818222332351
	   0.02542715838802
	   0.02542341209064
	   0.01800878078048
	   0.01630855409958
	   0.00838320757691
	   0.00800313608808
	   0.00127631175126
	   0.00327396477675
	  -0.00216750372764
	   0.00197847514046
	  -0.00312165242770
	   0.00264809895446
	  -0.00358898897696
	   0.00570011687826
	Type	L	Zeta-Orbital
	  W 	1	    2
	  -0.20080638249730
	  -0.01199611271651
	   0.03441957232023
	   0.05038619755581
	  -0.01017598431741
	  -0.04911326096638
	  -0.10612035174038
	  -0.11200790373389
	  -0.11514638724536
	  -0.08660415706908
	  -0.07192143601775
	  -0.04037332957622
	  -0.02442921320210
	   0.00178135875307
	   0.00830895199584
	   0.02334124282979
	   0.01946397230553
	   0.02687774651007
	   0.01646141423917
	   0.02072651647360
	   0.00770528197681
	   0.01276321955207
	  -0.00032626641614
	   0.00750631708798
	  -0.00512553949500
	   0.00588294673293
	  -0.00711909016038
	   0.00694425930948
	  -0.00822026174396
	   0.01002217733567
	  -0.01497320936736
	Type	L	Zeta-Orbital
	  W 	1	    3
	  -0.72994474338039
	  -1.04493719829680
	  -0.74329232322548
	  -0.22234927135044
	   0.07930863933152
	   0.24475799172062
	   0.29187378409543
	   0.26872695059169
	   0.19306345051905
	   0.11749812932217
	   0.08042185998502
	   0.06639253822078
	   0.04456255455699
	   0.02070952479312
	  -0.00481289977063
	  -0.01622898656865
	  -0.02685866346436
	  -0.02475273647290
	  -0.02839765043205
	  -0.01958676603925
	  -0.02017572181812
	  -0.00955407199744
	  -0.01312199158548
	  -0.00250089014523
	  -0.00706993121468
	   0.00498885955523
	  -0.00441683696517
	   0.00629502132753
	  -0.00569588597023
	   0.00874638474758
	  -0.01206814123716
	Type	L	Zeta-Orbital
	  W 	2	    1
	  -0.06715820468656
	  -0.16860002109903
	  -0.25246987970920
	  -0.29922431584639
	  -0.31341803075830
	  -0.30232298478841
	  -0.27991612836467
	  -0.24736322997426
	  -0.21160061439196
	  -0.17333099710765
	  -0.13804488024958
	  -0.10492971305972
	  -0.07756420459159
	  -0.05372660327175
	  -0.03596785992899
	  -0.02189382831791
	  -0.01291114844979
	  -0.00599842017910
	  -0.00272945169844
	  -0.00002297144656
	   0.00017566727228
	   0.00096193126468
	   0.00001119659321
	   0.00044757936732
	  -0.00061617109968
	   0.00009061353989
	  -0.00083246701513
	   0.00029887329258
	  -0.00069452279964
	   0.00084325225314
	  -0.00201591724133
	Type	L	Zeta-Orbital
	  W 	2	    2
	   0.24887182310024
	   0.07497479572976
	  -0.09955508830090
	  -0.10864591116729
	  -0.13877846993398
	  -0.13813173215553
	  -0.10385694995112
	  -0.07702951231487
	  -0.04836349289316
	  -0.04088506507821
	  -0.03750189500284
	  -0.03011794528985
	  -0.01731456486702
	  -0.01545617431742
	  -0.00658330358453
	  -0.00431761925381
	  -0.00065573786704
	  -0.00375740592525
	   0.00281103376990
	  -0.00235629254444
	   0.00254445852537
	  -0.00255279376907
	   0.00302530193972
	  -0.00395767265930
	   0.00305375610782
	  -0.00434988362297
	   0.00455932616791
	  -0.00474719299381
	   0.00570394706967
	  -0.00681822707729
	   0.02006325465462
	Type	L	Zeta-Orbital
	  W 	2	    3
	   0.44398680656835
	  -0.84190706900108
	  -1.23613117685209
	  -0.47106720915850
	  -0.00296791662378
	   0.48458535593684
	   0.81730678834678
	   0.92263376654379
	   0.74774542698982
	   0.45297880410600
	   0.28567208363551
	   0.25471404132670
	   0.23319298456638
	   0.18195937648548
	   0.13521106576266
	   0.08833030210895
	   0.04030168770344
	   0.01054355703493
	   0.01671616140753
	  -0.00132067800885
	   0.00364576187923
	  -0.00544381933291
	   0.00740790601210
	  -0.00979389747988
	   0.00409470686112
	  -0.01361758479698
	   0.01078206207101
	  -0.00932998120307
	   0.01479408350299
	  -0.01600921381687
	   0.04945589218914
	Type	L	Zeta-Orbital
	  W 	3	    1
	   0.12214499575934
	   0.23931105249079
	   0.24074080752487
	   0.29238639097327
	   0.32459309009676
	   0.31315539451126
	   0.23638369835808
	   0.20785560353052
	   0.18716402557111
	   0.14947291801672
	   0.12873385618998
	   0.12892331783336
	   0.10658186175039
	   0.08652380711795
	   0.05877312062266
	   0.03510355051863
	   0.00793108343919
	  -0.00623689248649
	  -0.02143196798568
	  -0.01849749423984
	  -0.01601903418143
	  -0.00246242030891
	   0.00711122521601
	   0.02179273399425
	   0.02176487896804
	   0.02775279561589
	   0.01875654402384
	   0.01461833285147
	  -0.00130656822539
	  -0.00848526267154
	  -0.03958327711347
	Type	L	Zeta-Orbital
	  W 	3	    2
	  -0.79413079229388
	  -0.93030558549692
	  -0.44999468789349
	  -0.12371678559839
	   0.09854859839508
	   0.32633977341380
	   0.74596043951734
	   0.87096545981999
	   0.65205927735980
	   0.40951564767474
	   0.28294511904318
	   0.20948403210734
	   0.23147655280354
	   0.21902231567723
	   0.17887783879023
	   0.11401749287607
	   0.04936943298652
	  -0.00256647480328
	  -0.02351681420156
	  -0.04492703574414
	  -0.04689320772283
	  -0.03042587261314
	  -0.01332579346237
	   0.00979349614482
	   0.03106510070330
	   0.03487962261476
	   0.02890653811142
	   0.02369047601076
	   0.00450194645605
	  -0.00412299673887
	  -0.00180174090431
</Coefficient>
<Mkb>
Left spillage = 9.1765267055e-04
</Mkb>
