<Coefficient>
	 3 Total number of radial orbitals.
	Type	L	Zeta-Orbital
	  Sn 	0	    1
	   0.19466295409204
	   0.74073389954620
	   0.41363793576932
	   0.13180594198093
	  -0.09365995682981
	  -0.16080731838756
	  -0.20249577038761
	  -0.16433160756999
	  -0.12686852288693
	  -0.07039498966030
	  -0.03717132357748
	  -0.00340912107386
	   0.00553555100148
	   0.01605349598944
	   0.00808300889683
	   0.00803315309074
	  -0.00522686071108
	  -0.00310843795975
	  -0.01245027461901
	  -0.00482239092396
	  -0.01144657279967
	  -0.00003852881639
	  -0.00691781218586
	   0.00500596783504
	  -0.00489677596898
	   0.00686163131585
	  -0.00573332297412
	   0.00734727027517
	  -0.00797142380666
	   0.00820473029167
	  -0.01041156829670
	Type	L	Zeta-Orbital
	  Sn 	1	    1
	   0.38447920748152
	   0.62596689744476
	   0.46524640389978
	   0.28306655510465
	   0.12426041642113
	   0.01327171558588
	  -0.04265214281856
	  -0.05466981305812
	  -0.04724177005159
	  -0.02911780973688
	  -0.01147639895894
	   0.00228664932025
	   0.00818724851564
	   0.00781479527966
	   0.00417407638102
	  -0.00094499879899
	  -0.00478782172570
	  -0.00682317876892
	  -0.00582435741256
	  -0.00465265622955
	  -0.00176529691177
	  -0.00071304534818
	   0.00102381493705
	   0.00032284304977
	   0.00105394149795
	  -0.00062858571512
	   0.00036919853215
	  -0.00096962100032
	   0.00067903128048
	  -0.00111660783369
	   0.00177115805907
	Type	L	Zeta-Orbital
	  Sn 	2	    1
	   0.01845744843627
	   0.09431437234498
	   0.21669142405770
	   0.37635673231482
	   0.53018121844687
	   0.66976214045270
	   0.77553176693849
	   0.85087902831652
	   0.88745326944399
	   0.89595640130511
	   0.87226207052256
	   0.82607787567381
	   0.75779768207698
	   0.67727684147134
	   0.58450672342304
	   0.49134861716799
	   0.39653613192402
	   0.31054496434519
	   0.23086458935823
	   0.16503793400315
	   0.10959748507170
	   0.06949134245311
	   0.03832991086452
	   0.01992914248577
	   0.00665876563548
	   0.00231740281152
	  -0.00160441313855
	   0.00000784715210
	  -0.00148620137331
	   0.00178942520890
	  -0.00326420801100
</Coefficient>
<Mkb>
Left spillage = 1.3955663535e-01
</Mkb>
