  0.000000   -0.49015274389639    0.21532166705133    0.00000000000000    0.00000000000000  
  0.010000   -0.49089664871942    0.21575897756573   -0.03596008891576   -0.00061976082147  
  0.020000   -0.49312615471572    0.21706946267426   -0.07190538608754   -0.00247743669068  
  0.030000   -0.49683464440210    0.21924878853115   -0.10782105931305   -0.00556821344699  
  0.040000   -0.50201111505626    0.22228975022976   -0.14369219584276   -0.00988408621432  
  0.050000   -0.50864021822103    0.22618229897149   -0.17950376302722   -0.01541388740223  
  0.060000   -0.51670231477073    0.23091357993136   -0.21524057006270   -0.02214332573502  
  0.070000   -0.52617354530125    0.23646798065070   -0.25088723118987   -0.03005503613761  
  0.080000   -0.53702591553963    0.24282718974004   -0.28642813069068   -0.03912864025930  
  0.090000   -0.54922739640428    0.24997026562974   -0.32184739001649   -0.04934081737051  
  0.100000   -0.56274203828455    0.25787371506118   -0.35712883736662   -0.06066538532244  
  0.110000   -0.57753009904740    0.26651158096825   -0.39225598002001   -0.07307339121638  
  0.120000   -0.59354818522137    0.27585553935821   -0.42721197970449   -0.08653321138778  
  0.130000   -0.61074940575236    0.28587500476111   -0.46197963126803   -0.10101066027068  
  0.140000   -0.62908353767347    0.29653724378067   -0.49654134489435   -0.11646910767110  
  0.150000   -0.64849720298209    0.30780749624457   -0.53087913208169   -0.13286960394260  
  0.160000   -0.66893405597198    0.31964910342003   -0.56497459557867   -0.15017101252547  
  0.170000   -0.69033498022582    0.33202364273151   -0.59880892344478   -0.16833014928115  
  0.180000   -0.71263829443613    0.34489106839069   -0.63236288737556   -0.18730192802677  
  0.190000   -0.73577996618830    0.35820985732528   -0.66561684540412   -0.20703951165130  
  0.200000   -0.75969383280980    0.37193715977319   -0.69855074906184   -0.22749446817394  
  0.210000   -0.78431182836445    0.38602895389081   -0.73114415505077   -0.24861693108816  
  0.220000   -0.80956421584946    0.40044020371063   -0.76337624145072   -0.27035576332066  
  0.230000   -0.83537982363699    0.41512501977232   -0.79522582845342   -0.29265872412377  
  0.240000   -0.86168628518988    0.43003682174433   -0.82667140358588   -0.31547263821234  
  0.250000   -0.88841028107427    0.44512850234889   -0.85769115135518   -0.33874356645220  
  0.260000   -0.91547778228923    0.46035259190257   -0.88826298721698   -0.36241697740639  
  0.270000   -0.94281429393585    0.47566142278748   -0.91836459574124   -0.38643791904841  
  0.280000   -0.97034509825451    0.49100729317381   -0.94797347281999   -0.41075118995723  
  0.290000   -0.99799549607080    0.50634262932393   -0.97706697173511   -0.43530150931847  
  0.300000   -1.02569104570565    0.52162014582050   -1.00562235287724   -0.46003368506820  
  0.310000   -1.05335779842548    0.53679300307654   -1.03361683688268   -0.48489277953163  
  0.320000   -1.08092252953212    0.55181496150386   -1.06102766093104   -0.50982427192708  
  0.330000   -1.10831296422036    0.56664053173755   -1.08783213792509   -0.53477421712715  
  0.340000   -1.13545799736284    0.58122512033831   -1.11400771825362   -0.55968940009299  
  0.350000   -1.16228790641780    0.59552517042092   -1.13953205382030   -0.58451748542409  
  0.360000   -1.18873455669370    0.60949829668626   -1.16438306400484   -0.60920716149488  
  0.370000   -1.21473159824756    0.62310341436549   -1.18853900320888   -0.63370827868096  
  0.380000   -1.24021465373832    0.63630086161836   -1.21197852962661   -0.65797198121042  
  0.390000   -1.26512149660493    0.64905251496266   -1.23468077487063   -0.68195083221141  
  0.400000   -1.28939221898864    0.66132189734900   -1.25662541407576   -0.70559893156310  
  0.410000   -1.31296938887172    0.67307427853287   -1.27779273609841   -0.72887202619578  
  0.420000   -1.33579819595888    0.68427676743595   -1.29816371342615   -0.75172761252482  
  0.430000   -1.35782658588346    0.69489839622888   -1.31772007141174   -0.77412503074358  
  0.440000   -1.37900538237768    0.70491019590910   -1.33644435644751   -0.79602555074110  
  0.450000   -1.39928839710405    0.71428526318929   -1.35432000270041   -0.81739244945245  
  0.460000   -1.41863252690377    0.72299881855404   -1.37133139703436   -0.83819107949063  
  0.470000   -1.43699783827710    0.73102825538498   -1.38746394175528   -0.85838892895163  
  0.480000   -1.45434763896942    0.73835318009653   -1.40270411482512   -0.87795567232528  
  0.490000   -1.47064853659576    0.74495544326653   -1.41703952720427   -0.89686321248637  
  0.500000   -1.48587048429459    0.75081916178734   -1.43045897699679   -0.91508571378100  
  0.510000   -1.49998681345914    0.75593073210344   -1.44295250008970   -0.93259962626322  
  0.520000   -1.51297425365070    0.76027883464163   -1.45451141699653   -0.94938370117612  
  0.530000   -1.52481293985328    0.76385442957778   -1.46512837563579   -0.96541899780903  
  0.540000   -1.53548640728195    0.76665074412192   -1.47479738979668   -0.98068888189940  
  0.550000   -1.54498157400883    0.76866325153864   -1.48351387306817   -0.99517901578243  
  0.560000   -1.55328871171941    0.76988964215387   -1.49127466803190   -1.00887734052510  
  0.570000   -1.56040140495907    0.77032978663139   -1.49807807054514   -1.02177405031232  
  0.580000   -1.56631649927354    0.76998569183228   -1.50392384896662   -1.03386155938271  
  0.590000   -1.57103403868876    0.76886144959903   -1.50881325820556   -1.04513446183859  
  0.600000   -1.57455719301404    0.76696317883126   -1.51274904850200   -1.05558948467988  
  0.610000   -1.57689217548798    0.76429896124426   -1.51573546887484   -1.06522543443468  
  0.620000   -1.57804815131889    0.76087877122207   -1.51777826520283   -1.07404313777959  
  0.630000   -1.57803713770054    0.75671440019582   -1.51888467293203   -1.08204537656078  
  0.640000   -1.57687389590966    0.75181937599414   -1.51906340443194   -1.08923681764267  
  0.650000   -1.57457581611363    0.74620887762604   -1.51832463105068   -1.09562393802372  
  0.660000   -1.57116279553587    0.73989964596739   -1.51667995994707   -1.10121494566976  
  0.670000   -1.56665711064104    0.73290989083106   -1.51414240580491   -1.10601969652281  
  0.680000   -1.56108328401414    0.72525919490591   -1.51072635756074   -1.11004960814922  
  0.690000   -1.55446794661540    0.71696841505355   -1.50644754030166   -1.11331757049353  
  0.700000   -1.54683969609754    0.70805958145221   -1.50132297251434   -1.11583785420515  
  0.710000   -1.53822895187281    0.69855579507524   -1.49537091888887   -1.11762601700303  
  0.720000   -1.52866780761512    0.68848112398762   -1.48861083890329   -1.11869880853918  
  0.730000   -1.51818988187678    0.67786049893706   -1.48106333143422   -1.11907407421538  
  0.740000   -1.50683016749057    0.66671960870757   -1.47275007565811   -1.11877065839880  
  0.750000   -1.49462488041569    0.65508479569212   -1.46369376852420   -1.11780830747157  
  0.760000   -1.48161130867173    0.64298295212799   -1.45391805909555   -1.11620757313632  
  0.770000   -1.46782766198632    0.63044141742330   -1.44344748006778   -1.11398971638570  
  0.780000   -1.45331292276240    0.61748787698620   -1.43230737678670   -1.11117661252715  
  0.790000   -1.43810669894772    0.60415026294963   -1.42052383409514   -1.10779065763660  
  0.800000   -1.42224907936408    0.59045665716453   -1.40812360134735   -1.10385467679568  
  0.810000   -1.40578049202667    0.57643519681254   -1.39513401593429   -1.09939183444605  
  0.820000   -1.38874156595419    0.56211398296664   -1.38158292566702   -1.09442554717326  
  0.830000   -1.37117299693997    0.54752099240414   -1.36749861036685   -1.08897939920966  
  0.840000   -1.35311541772134    0.53268399295172   -1.35290970301030   -1.08307706092237  
  0.850000   -1.33460927295103    0.51763046261631   -1.33784511077474   -1.07674221052831  
  0.860000   -1.31569469933927    0.50238751272980   -1.32233393632609   -1.06999845925355  
  0.870000   -1.29641141129969    0.48698181530839   -1.30640539968402   -1.06286928012921  
  0.880000   -1.27679859239553    0.47143953480081   -1.29008876099186   -1.05537794059097  
  0.890000   -1.25689479284589    0.45578626437238   -1.27341324450908   -1.04754743902396  
  0.900000   -1.23673783331478    0.44004696684469   -1.25640796413279   -1.03940044536958  
  0.910000   -1.21636471516831    0.42424592038395   -1.23910185074181   -1.03095924588590  
  0.920000   -1.19581153734884    0.40840666900444   -1.22152358164285   -1.02224569212870  
  0.930000   -1.17511341997804    0.39255197792723   -1.20370151238261   -1.01328115419613  
  0.940000   -1.15430443476491    0.37670379380904   -1.18566361117288   -1.00408647825663  
  0.950000   -1.13341754225974    0.36088320983114   -1.16743739615808   -0.99468194835686  
  0.960000   -1.11248453596045    0.34511043561437   -1.14904987573549   -0.98508725248478  
  0.970000   -1.09153599324463    0.32940477190324   -1.13052749211923   -0.97532145284195  
  0.980000   -1.07060123306868    0.31378458994040   -1.11189606831857   -0.96540296025945  
  0.990000   -1.04970828034463    0.29826731543169   -1.09318075868011   -0.95534951267297  
  1.000000   -1.02888383687641    0.28286941698289   -1.07440600312257   -0.94517815755525  
  1.010000   -1.00815325870947    0.26760639887056   -1.05559548517080   -0.93490523818765  
  1.020000   -0.98754053972228    0.25249279799310   -1.03677209387451   -0.92454638363791  
  1.030000   -0.96706830126390    0.23754218483254   -1.01795788967497   -0.91411650229743  
  1.040000   -0.94675778762014    0.22276716824353   -0.99917407426192   -0.90362977881933  
  1.050000   -0.92662886707031    0.20817940387408   -0.98044096444102   -0.89309967428781  
  1.060000   -0.90670003827893    0.19378960601132   -0.96177797001179   -0.88253892943987  
  1.070000   -0.88698844175008    0.17960756263659   -0.94320357563514   -0.87195957075288  
  1.080000   -0.86750987605884    0.16564215346646   -0.92473532664999   -0.86137291920464  
  1.090000   -0.84827881856163    0.15190137074980   -0.90638981877923   -0.85078960150792  
  1.100000   -0.82930845027794    0.13839234258702   -0.88818269164718   -0.84021956361756  
  1.110000   -0.81061068462771    0.12512135853378   -0.87012862601299   -0.82967208630600  
  1.120000   -0.79219619970338    0.11209389725054   -0.85224134460856   -0.81915580260229  
  1.130000   -0.77407447375130    0.09931465595856   -0.83453361645367   -0.80867871688976  
  1.140000   -0.75625382353575    0.08678758146470   -0.81701726450748   -0.79824822545913  
  1.150000   -0.73874144525876    0.07451590251935   -0.79970317650196   -0.78787113831667  
  1.160000   -0.72154345771081    0.06250216327618   -0.78260131879180   -0.77755370205054  
  1.170000   -0.70466494733100    0.05074825762701   -0.76572075304434   -0.76730162356368  
  1.180000   -0.68811001486077    0.03925546419144   -0.74906965558447   -0.75712009448698  
  1.190000   -0.67188182328177    0.02802448174792   -0.73265533920137   -0.74701381609342  
  1.200000   -0.65598264673704    0.01705546490125   -0.71648427721788   -0.73698702454119  
  1.210000   -0.64041392014415    0.00634805979024   -0.70056212961814   -0.72704351628211  
  1.220000   -0.62517628921975   -0.00409856035060   -0.68489377102541   -0.71718667348018  
  1.230000   -0.61026966064715   -0.01428565995128   -0.66948332032001   -0.70741948929484  
  1.240000   -0.59569325213141   -0.02421490635327   -0.65433417168591   -0.69774459289299  
  1.250000   -0.58144564210049   -0.03388833569620   -0.63944902687524   -0.68816427406411  
  1.260000   -0.56752481882538   -0.04330831958564   -0.62482992848112   -0.67868050732330  
  1.270000   -0.55392822874779   -0.05247753267068   -0.61047829401228   -0.66929497539766  
  1.280000   -0.54065282381955   -0.06139892124789   -0.59639495056675   -0.66000909200222  
  1.290000   -0.52769510767434   -0.07007567299513   -0.58258016990678   -0.65082402382249  
  1.300000   -0.51505118046863   -0.07851118792631   -0.56903370374324   -0.64174071163131  
  1.310000   -0.50271678224570   -0.08670905064537   -0.55575481904481   -0.63275989047858  
  1.320000   -0.49068733469322   -0.09467300396534   -0.54274233319480   -0.62388210890279  
  1.330000   -0.47895798118158   -0.10240692394579   -0.52999464882748   -0.61510774712340  
  1.340000   -0.46752362498674   -0.10991479639021   -0.51750978818461   -0.60643703418336  
  1.350000   -0.45637896561786   -0.11720069483276   -0.50528542684347   -0.59787006402035  
  1.360000   -0.44551853318547   -0.12426876003297   -0.49331892667754   -0.58940681045447  
  1.370000   -0.43493672076213   -0.13112318098574   -0.48160736792241   -0.58104714108917  
  1.380000   -0.42462781470192   -0.13776817744379   -0.47014758023064   -0.57279083012985  
  1.390000   -0.41458602289991   -0.14420798394015   -0.45893617261087   -0.56463757013269  
  1.400000   -0.40480550098646   -0.15044683528877   -0.44796956215834   -0.55658698270316  
  1.410000   -0.39528037646413   -0.15648895353312   -0.43724400149581   -0.54863862817019  
  1.420000   -0.38600477080742   -0.16233853630482   -0.42675560485595   -0.54079201426785  
  1.430000   -0.37697281955691   -0.16799974654692   -0.41650037274774   -0.53304660386187  
  1.440000   -0.36817869045013   -0.17347670355049   -0.40647421516170   -0.52540182176263  
  1.450000   -0.35961659964106   -0.17877347524711   -0.39667297327963   -0.51785706067070  
  1.460000   -0.35128082606901   -0.18389407169520   -0.38709243966632   -0.51041168630407  
  1.470000   -0.34316572404577   -0.18884243969373   -0.37772837693112   -0.50306504175914  
  1.480000   -0.33526573413650   -0.19362245845351   -0.36857653485796   -0.49581645115973  
  1.490000   -0.32757539241623   -0.19823793625345   -0.35963266601219   -0.48866522264993  
  1.500000   -0.32008933818869   -0.20269260800721   -0.35089253984227   -0.48161065078753  
  1.510000   -0.31280232025856   -0.20699013366422   -0.34235195530288   -0.47465201839532  
  1.520000   -0.30570920185147   -0.21113409736834   -0.33400675203471   -0.46778859792755  
  1.530000   -0.29880496427836   -0.21512800729771   -0.32585282014335   -0.46101965240803  
  1.540000   -0.29208470944272   -0.21897529610927   -0.31788610862704   -0.45434443599569  
  1.550000   -0.28554366128958   -0.22267932191324   -0.31010263250896   -0.44776219423154  
  1.560000   -0.27917716629540   -0.22624336970403   -0.30249847873549   -0.44127216401971  
  1.570000   -0.27298069309707   -0.22967065317633   -0.29506981090663   -0.43487357339229  
  1.580000   -0.26694983135705   -0.23296431685793   -0.28781287290867   -0.42856564110612  
  1.590000   -0.26108028995913   -0.23612743849340   -0.28072399152293   -0.42234757611596  
  1.600000   -0.25536789462714   -0.23916303161660   -0.27379957808652   -0.41621857696628  
  1.610000   -0.24980858505534   -0.24207404825335   -0.26703612928353   -0.41017783114016  
  1.620000   -0.24439841163578   -0.24486338169953   -0.26043022714576   -0.40422451440063  
  1.630000   -0.23913353186352   -0.24753386932437   -0.25397853834315   -0.39835779015654  
  1.640000   -0.23401020649645   -0.25008829535254   -0.24767781284348   -0.39257680888095  
  1.650000   -0.22902479554134   -0.25252939358365   -0.24152488202077   -0.38688070760713  
  1.660000   -0.22417375413285   -0.25485985001182   -0.23551665628984   -0.38126860952316  
  1.670000   -0.21945362836690   -0.25708230531301   -0.22965012234337   -0.37573962368280  
  1.680000   -0.21486105114443   -0.25919935717201   -0.22392234006484   -0.37029284484684  
  1.690000   -0.21039273807596   -0.26121356242590   -0.21833043918833   -0.36492735346559  
  1.700000   -0.20604548349202   -0.26312743900502   -0.21287161577265   -0.35964221581014  
  1.710000   -0.20181615659865   -0.26494346765682   -0.20754312855397   -0.35443648425661  
  1.720000   -0.19770169781199   -0.26666409344250   -0.20234229523678   -0.34930919772492  
  1.730000   -0.19369911530034   -0.26829172699987   -0.19726648877913   -0.34425938227065  
  1.740000   -0.18980548175699   -0.26982874557018   -0.19231313372357   -0.33928605182619  
  1.750000   -0.18601793142180   -0.27127749378997   -0.18747970262044   -0.33438820908481  
  1.760000   -0.18233365736486   -0.27264028425239   -0.18276371258547   -0.32956484651927  
  1.770000   -0.17874990904071   -0.27391939784565   -0.17816272202892   -0.32481494752497  
  1.780000   -0.17526399011738   -0.27511708387878   -0.17367432758838   -0.32013748767546  
  1.790000   -0.17187325658025   -0.27623556000777   -0.16929616129245   -0.31553143607735  
  1.800000   -0.16857511510716   -0.27727701197691   -0.16502588797794   -0.31099575681012  
  1.810000   -0.16536702170739   -0.27824359319244   -0.16086120297804   -0.30652941043568  
  1.820000   -0.16224648061454   -0.27913742414694   -0.15679983009454   -0.30213135556178  
  1.830000   -0.15921104341993   -0.27996059171414   -0.15283951986267   -0.29780055044307  
  1.840000   -0.15625830843129   -0.28071514833506   -0.14897804811254   -0.29353595460335  
  1.850000   -0.15338592023903   -0.28140311111673   -0.14521321482749   -0.28933653046277  
  1.860000   -0.15059156947091   -0.28202646086519   -0.14154284329550   -0.28520124495375  
  1.870000   -0.14787299271444   -0.28258714107468   -0.13796477954622   -0.28112907111016  
  1.880000   -0.14522797258541   -0.28308705689461   -0.13447689206321   -0.27711898961467  
  1.890000   -0.14265433792005   -0.28352807409547   -0.13107707175760   -0.27316999029021  
  1.900000   -0.14014996406833   -0.28391201805413   -0.12776323218704   -0.26928107352218  
  1.910000   -0.13771277326535   -0.28424067277823   -0.12453331000116   -0.26545125159949  
  1.920000   -0.13534073505844   -0.28451577998811   -0.12138526559316   -0.26167954996326  
  1.930000   -0.13303186676765   -0.28473903827338   -0.11831708393507   -0.25796500835368  
  1.940000   -0.13078423395852   -0.28491210234014   -0.11532677557327   -0.25430668184671  
  1.950000   -0.12859595090644   -0.28503658236285   -0.11241237775946   -0.25070364177365  
  1.960000   -0.12646518103356   -0.28511404345351   -0.10957195569217   -0.24715497651827  
  1.970000   -0.12439013730008   -0.28514600525887   -0.10680360384294   -0.24365979218744  
  1.980000   -0.12236908253372   -0.28513394169458   -0.10410544734178   -0.24021721315272  
  1.990000   -0.12040032968237   -0.28507928082343   -0.10147564339647   -0.23682638246210  
  2.000000   -0.11848224197688   -0.28498340488267   -0.09891238272102   -0.23348646212183  
  2.010000   -0.11661323299265   -0.28484765046384   -0.09641389094921   -0.23019663325056  
  2.020000   -0.11479176660065   -0.28467330884635   -0.09397843001030   -0.22695609610846  
  2.030000   -0.11301635680020   -0.28446162648451   -0.09160429944538   -0.22376407000582  
  2.040000   -0.11128556742797   -0.28421380564555   -0.08928983764395   -0.22061979309644  
  2.050000   -0.10959801173936   -0.28393100519493   -0.08703342298229   -0.21752252206241  
  2.060000   -0.10795235186034   -0.28361434152326   -0.08483347484692   -0.21447153169761  
  2.070000   -0.10634729810971   -0.28326488960776   -0.08268845452801   -0.21146611439835  
  2.080000   -0.10478160819333   -0.28288368419999   -0.08059686597018   -0.20850557956999  
  2.090000   -0.10325408627360   -0.28247172112995   -0.07855725636967   -0.20558925295927  
  2.100000   -0.10176358191904   -0.28202995871593   -0.07656821660936   -0.20271647592238  
  2.110000   -0.10030898894016   -0.28155931926824   -0.07462838152501   -0.19988660463931  
  2.120000   -0.09888924411914   -0.28106069067433   -0.07273642999849   -0.19709900928487  
  2.130000   -0.09750332584211   -0.28053492805201   -0.07089108487566   -0.19435307316760  
  2.140000   -0.09615025264366   -0.27998285545698   -0.06909111270876   -0.19164819184681  
  2.150000   -0.09482908167426   -0.27940526763082   -0.06733532332523   -0.18898377223878  
  2.160000   -0.09353890710183   -0.27880293177496   -0.06562256922677   -0.18635923172231  
  2.170000   -0.09227885845942   -0.27817658933649   -0.06395174482411   -0.18377399725352  
  2.180000   -0.09104809895129   -0.27752695779170   -0.06232178551509   -0.18122750449979  
  2.190000   -0.08984582372984   -0.27685473241347   -0.06073166661470   -0.17871919700149  
  2.200000   -0.08867125815615   -0.27616058800904   -0.05918040214766   -0.17624852537013  
  2.210000   -0.08752365605673   -0.27544518061536   -0.05766704351501   -0.17381494653055  
  2.220000   -0.08640229798879   -0.27470914913977   -0.05619067804756   -0.17141792301405  
  2.230000   -0.08530648952622   -0.27395311693464   -0.05475042745980   -0.16905692230863  
  2.240000   -0.08423555957792   -0.27317769329535   -0.05334544621886   -0.16673141627147  
  2.250000   -0.08318885874948   -0.27238347487217   -0.05197491984342   -0.16444088060823  
  2.260000   -0.08216575775867   -0.27157104698749   -0.05063806314808   -0.16218479442233  
  2.270000   -0.08116564591434   -0.27074098485098   -0.04933411844900   -0.15996263983697  
  2.280000   -0.08018792966752   -0.26989385466656   -0.04806235374632   -0.15777390169133  
  2.290000   -0.07923203124254   -0.26903021462609   -0.04682206089923   -0.15561806731174  
  2.300000   -0.07829738735500   -0.26815061578609   -0.04561255380890   -0.15349462635747  
  2.310000   -0.07738344802244   -0.26725560282491   -0.04443316662428   -0.15140307074025  
  2.320000   -0.07648967547245   -0.26634571467900   -0.04328325198503   -0.14934289461533  
  2.330000   -0.07561554315183   -0.26542148505836   -0.04216217931529   -0.14731359444165  
  2.340000   -0.07476053483934   -0.26448344284221   -0.04106933318099   -0.14531466910748  
  2.350000   -0.07392414386356   -0.26353211235714   -0.04000411172263   -0.14334562011756  
  2.360000   -0.07310587242606   -0.26256801354121   -0.03896592517412   -0.14140595183688  
  2.370000   -0.07230523102937   -0.26159166199844   -0.03795419447749   -0.13949517178599  
  2.380000   -0.07152173800786   -0.26060356894902   -0.03696835000173   -0.13761279098191  
  2.390000   -0.07075491915889   -0.25960424108179   -0.03600783037295   -0.13575832431880  
  2.400000   -0.07000430747061   -0.25859418031585   -0.03507208142167   -0.13393129098167  
  2.410000   -0.06926944294194   -0.25757388347941   -0.03416055525166   -0.13213121488663  
  2.420000   -0.06854987248938   -0.25654384191430   -0.03327270943348   -0.13035762514092  
  2.430000   -0.06784514993483   -0.25550454101513   -0.03240800632450   -0.12861005651567  
  2.440000   -0.06715483606765   -0.25445645971259   -0.03156591251574   -0.12688804992468  
  2.450000   -0.06647849877397   -0.25340006991072   -0.03074589840469   -0.12519115290237  
  2.460000   -0.06581571322558   -0.25233583588802   -0.02994743789194   -0.12351892007430  
  2.470000   -0.06516606212059   -0.25126421367256   -0.02917000819825   -0.12187091361390  
  2.480000   -0.06452913596749   -0.25018565040115   -0.02841308979751   -0.12024670367928  
  2.490000   -0.06390453340449   -0.24910058367259   -0.02767616646010   -0.11864586882440  
  2.500000   -0.06329186154558   -0.24800944090466   -0.02695872539990   -0.11706799637943  
  2.510000   -0.06269073634493   -0.24691263870452   -0.02626025751772   -0.11551268279518  
  2.520000   -0.06210078297148   -0.24581058226133   -0.02558025773265   -0.11397953394758  
  2.530000   -0.06152163618545   -0.24470366476999   -0.02491822539264   -0.11246816539821  
  2.540000   -0.06095294070922   -0.24359226689385   -0.02427366475460   -0.11097820260779  
  2.550000   -0.06039435158489   -0.24247675627382   -0.02364608552417   -0.10950928109997  
  2.560000   -0.05984553451172   -0.24135748709081   -0.02303500344479   -0.10806104657349  
  2.570000   -0.05930616615681   -0.24023479968724   -0.02243994092564   -0.10663315496128  
  2.580000   -0.05877593443307   -0.23910902025302   -0.02186042769764   -0.10522527243589  
  2.590000   -0.05825453873920   -0.23798046058035   -0.02129600148703   -0.10383707536097  
  2.600000   -0.05774169015677   -0.23684941789075   -0.02074620869594   -0.10246825018952  
  2.610000   -0.05723711160048   -0.23571617473721   -0.02021060507969   -0.10111849330986  
  2.620000   -0.05674053791825   -0.23458099898299   -0.01968875641076   -0.09978751084101  
  2.630000   -0.05625171593831   -0.23344414385817   -0.01918023912011   -0.09847501837984  
  2.640000   -0.05577040446164   -0.23230584809388   -0.01868464090659   -0.09718074070249  
  2.650000   -0.05529637419832   -0.23116633613342   -0.01820156130617   -0.09590441142344  
  2.660000   -0.05482940764750   -0.23002581841858   -0.01773061221322   -0.09464577261577  
  2.670000   -0.05436929892112   -0.22888449174878   -0.01727141834686   -0.09340457439655  
  2.680000   -0.05391585351232   -0.22774253970970   -0.01682361765607   -0.09218057448176  
  2.690000   -0.05346888801021   -0.22660013316770   -0.01638686165840   -0.09097353771527  
  2.700000   -0.05302822976308   -0.22545743082523   -0.01596081570762   -0.08978323557670  
  2.710000   -0.05259371649297   -0.22431457983223   -0.01554515918683   -0.08860944567303  
  2.720000   -0.05216519586474   -0.22317171644781   -0.01513958562446   -0.08745195121920  
  2.730000   -0.05174252501378   -0.22202896674601   -0.01474380273131   -0.08631054051264  
  2.740000   -0.05132557003626   -0.22088644735920   -0.01435753235800   -0.08518500640682  
  2.750000   -0.05091420544677   -0.21974426625223   -0.01398051037289   -0.08407514578898  
  2.760000   -0.05050831360830   -0.21860252352018   -0.01361248646160   -0.08298075906682  
  2.770000   -0.05010778413961   -0.21746131220264   -0.01325322384991   -0.08190164966892  
  2.780000   -0.04971251330555   -0.21632071910706   -0.01290249895297   -0.08083762356340  
  2.790000   -0.04932240339578   -0.21518082563387   -0.01256010095413   -0.07978848879910  
  2.800000   -0.04893736209747   -0.21404170859623   -0.01222583131781   -0.07875405507317  
  2.810000   -0.04855730186752   -0.21290344102708   -0.01189950324121   -0.07773413332865  
  2.820000   -0.04818213930996   -0.21176609296683   -0.01158094105037   -0.07672853538539  
  2.830000   -0.04781179456378   -0.21062973222499   -0.01126997954671   -0.07573707360698  
  2.840000   -0.04744619070642   -0.20949442510934   -0.01096646331038   -0.07475956060611  
  2.850000   -0.04708525317808   -0.20836023711708   -0.01067024596743   -0.07379580899040  
  2.860000   -0.04672890923124   -0.20722723358224   -0.01038118942779   -0.07284563115002  
  2.870000   -0.04637708741006   -0.20609548027468   -0.01009916310160   -0.07190883908827  
  2.880000   -0.04602971706346   -0.20496504394620   -0.00982404310118   -0.07098524429558  
  2.890000   -0.04568672789554   -0.20383599282015   -0.00955571143630   -0.07007465766694  
  2.900000   -0.04534804955647   -0.20270839702110   -0.00929405521021   -0.06917688946254  
  2.910000   -0.04501361127649   -0.20158232894247   -0.00903896582373   -0.06829174931064  
  2.920000   -0.04468334154534   -0.20045786354984   -0.00879033819471   -0.06741904625139  
  2.930000   -0.04435716783859   -0.19933507861902   -0.00854806999968   -0.06655858882003  
  2.940000   -0.04403501639221   -0.19821405490825   -0.00831206094422   -0.06571018516731  
  2.950000   -0.04371681202599   -0.19709487626458   -0.00808221206846   -0.06487364321462  
  2.960000   -0.04340247801594   -0.19597762966534   -0.00785842509309   -0.06404877084131  
  2.970000   -0.04309193601526   -0.19486240519592   -0.00764060181140   -0.06323537610083  
  2.980000   -0.04278510602311   -0.19374929596602   -0.00742864353186   -0.06243326746261  
  2.990000   -0.04248190639979   -0.19263839796685   -0.00722245057533   -0.06164225407609  
  3.000000   -0.04218225392648   -0.19152980987239   -0.00702192183027   -0.06086214605311  
  3.010000   -0.04188606390745   -0.19042363278843   -0.00682695436888   -0.06009275476500  
  3.020000   -0.04159325031204   -0.18931996995332   -0.00663744312614   -0.05933389315023  
  3.030000   -0.04130372595335   -0.18821892639505   -0.00645328064326   -0.05858537602882  
  3.040000   -0.04101740270057   -0.18712060854943   -0.00627435687616   -0.05784702041948  
  3.050000   -0.04073419172109   -0.18602512384459   -0.00610055906924   -0.05711864585551  
  3.060000   -0.04045400374879   -0.18493258025706   -0.00593177169368   -0.05640007469564  
  3.070000   -0.04017674937432   -0.18384308584523   -0.00576787644897   -0.05569113242607  
  3.080000   -0.03990233935328   -0.18275674826577   -0.00560875232594   -0.05499164795012  
  3.090000   -0.03963068492806   -0.18167367427881   -0.00545427572868   -0.05430145386212  
  3.100000   -0.03936169815891   -0.18059396924776   -0.00530432065232   -0.05362038670238  
  3.110000   -0.03909529225992   -0.17951773663950   -0.00515875891307   -0.05294828719032  
  3.120000   -0.03883138193574   -0.17844507753061   -0.00501746042659   -0.05228500043319  
  3.130000   -0.03856988371456   -0.17737609012510   -0.00488029353007   -0.05163037610797  
  3.140000   -0.03831071627356   -0.17631086928902   -0.00474712534328   -0.05098426861464  
  3.150000   -0.03805380075263   -0.17524950610694   -0.00461782216338   -0.05034653719895  
  3.160000   -0.03779906105276   -0.17419208746503   -0.00449224988814   -0.04971704604360  
  3.170000   -0.03754642411570   -0.17313869566508   -0.00437027446189   -0.04909566432684  
  3.180000   -0.03729582018141   -0.17208940807357   -0.00425176233859   -0.04848226624784  
  3.190000   -0.03704718302073   -0.17104429680918   -0.00413658095605   -0.04787673101885  
  3.200000   -0.03680045014042   -0.17000342847210   -0.00402459921568   -0.04727894282408  
  3.210000   -0.03655556295847   -0.16896686391747   -0.00391568796182   -0.04668879074604  
  3.220000   -0.03631246694776   -0.16793465807535   -0.00380972045523   -0.04610616866009  
  3.230000   -0.03607111174672   -0.16690685981876   -0.00370657283499   -0.04553097509851  
  3.240000   -0.03583145123568   -0.16588351188090   -0.00360612456389   -0.04496311308545  
  3.250000   -0.03559344357837   -0.16486465082204   -0.00350825885200   -0.04440248994482  
  3.260000   -0.03535705122831   -0.16385030704641   -0.00341286305399   -0.04384901708298  
  3.270000   -0.03512224090003   -0.16284050486830   -0.00331982903592   -0.04330260974867  
  3.280000   -0.03488898350570   -0.16183526262672   -0.00322905350741   -0.04276318677276  
  3.290000   -0.03465725405806   -0.16083459284701   -0.00314043831599   -0.04223067029042  
  3.300000   -0.03442703154076   -0.15983850244748   -0.00305389070054   -0.04170498544872  
  3.310000   -0.03419829874771   -0.15884699298891   -0.00296932350124   -0.04118606010263  
  3.320000   -0.03397104209337   -0.15786006096393   -0.00288665532431   -0.04067382450244  
  3.330000   -0.03374525139605   -0.15687769812333   -0.00280581065983   -0.04016821097589  
  3.340000   -0.03352091963667   -0.15589989183571   -0.00272671995178   -0.03966915360802  
  3.350000   -0.03329804269568   -0.15492662547683   -0.00264931962005   -0.03917658792196  
  3.360000   -0.03307661907102   -0.15395787884447   -0.00257355203432   -0.03869045056386  
  3.370000   -0.03285664958002   -0.15299362859467   -0.00249936544056   -0.03821067899472  
  3.380000   -0.03263813704863   -0.15203384869491   -0.00242671384138   -0.03773721119241  
  3.390000   -0.03242108599101   -0.15107851088975   -0.00235555683158   -0.03726998536625  
  3.400000   -0.03220550228298   -0.15012758517414   -0.00228585939135   -0.03680893968705  
  3.410000   -0.03199139283263   -0.14918104027001   -0.00221759163920   -0.03635401203495  
  3.420000   -0.03177876525140   -0.14823884410138   -0.00215072854789   -0.03590513976717  
  3.430000   -0.03156762752895   -0.14730096426341   -0.00208524962637   -0.03546225950774  
  3.440000   -0.03135798771506   -0.14636736848103   -0.00202113857135   -0.03502530696084  
  3.450000   -0.03114985361163   -0.14543802505290   -0.00195838289239   -0.03459421674933  
  3.460000   -0.03094323247773   -0.14451290327645   -0.00189697351454   -0.03416892227940  
  3.470000   -0.03073813075054   -0.14359197385024   -0.00183690436276   -0.03374935563250  
  3.480000   -0.03053455378468   -0.14267520925013   -0.00177817193257   -0.03333544748490  
  3.490000   -0.03033250561233   -0.14176258407581   -0.00172077485130   -0.03292712705528  
  3.500000   -0.03013198872625   -0.14085407536480   -0.00166471343460   -0.03252432208036  
  3.510000   -0.02993300388753   -0.13994966287134   -0.00160998924254   -0.03212695881820  
  3.520000   -0.02973554995960   -0.13904932930801   -0.00155660463993   -0.03173496207866  
  3.530000   -0.02953962376979   -0.13815306054801   -0.00150456236500   -0.03134825528007  
  3.540000   -0.02934521999943   -0.13726084578699   -0.00145386511088   -0.03096676053122  
  3.550000   -0.02915233110301   -0.13637267766324   -0.00140451512361   -0.03059039873692  
  3.560000   -0.02896094725690   -0.13548855233569   -0.00135651382070   -0.03021908972600  
  3.570000   -0.02877105633748   -0.13460846951960   -0.00130986143366   -0.02985275239953  
  3.580000   -0.02858264392854   -0.13373243248024   -0.00126455667764   -0.02949130489764  
  3.590000   -0.02839569335723   -0.13286044798514   -0.00122059645118   -0.02913466478243  
  3.600000   -0.02821018575774   -0.13199252621608   -0.00117797556864   -0.02878274923501  
  3.610000   -0.02802610016159   -0.13112868064227   -0.00113668652723   -0.02843547526403  
  3.620000   -0.02784341361294   -0.13026892785658   -0.00109671931075   -0.02809275992333  
  3.630000   -0.02766210130748   -0.12941328737689   -0.00105806123111   -0.02775452053607  
  3.640000   -0.02748213675278   -0.12856178141522   -0.00102069680872   -0.02742067492288  
  3.650000   -0.02730349194820   -0.12771443461733   -0.00098460769228   -0.02709114163124  
  3.660000   -0.02712613758194   -0.12687127377581   -0.00094977261797   -0.02676584016374  
  3.670000   -0.02695004324287   -0.12603232752006   -0.00091616740790   -0.02644469120252  
  3.680000   -0.02677517764464   -0.12519762598648   -0.00088376500699   -0.02612761682753  
  3.690000   -0.02660150885934   -0.12436720047259   -0.00085253555714   -0.02581454072629  
  3.700000   -0.02642900455808   -0.12354108307875   -0.00082244650743   -0.02550538839272  
  3.710000   -0.02625763225576   -0.12271930634133   -0.00079346275823   -0.02520008731328  
  3.720000   -0.02608735955715   -0.12190190286117   -0.00076554683725   -0.02489856713820  
  3.730000   -0.02591815440178   -0.12108890493120   -0.00073865910503   -0.02460075983618  
  3.740000   -0.02574998530479   -0.12028034416693   -0.00071275798709   -0.02430659983103  
  3.750000   -0.02558282159113   -0.11947625114374   -0.00068780022975   -0.02401602411890  
  3.760000   -0.02541663362085   -0.11867665504442   -0.00066374117652   -0.02372897236493  
  3.770000   -0.02525139300280   -0.11788158332049   -0.00064053506157   -0.02344538697852  
  3.780000   -0.02508707279474   -0.11709106137066   -0.00061813531689   -0.02316521316651  
  3.790000   -0.02492364768781   -0.11630511223946   -0.00059649488951   -0.02288839896386  
  3.800000   -0.02476109417338   -0.11552375633893   -0.00057556656514   -0.02261489524177  
  3.810000   -0.02459939069082   -0.11474701119589   -0.00055530329457   -0.02234465569318  
  3.820000   -0.02443851775462   -0.11397489122719   -0.00053565851914   -0.02207763679597  
  3.830000   -0.02427845805981   -0.11320740754492   -0.00051658649184   -0.02181379775455  
  3.840000   -0.02411919656468   -0.11244456779315   -0.00049804259038   -0.02155310042045  
  3.850000   -0.02396072055012   -0.11168637601770   -0.00047998361896   -0.02129550919293  
  3.860000   -0.02380301965515   -0.11093283256982   -0.00046236809557   -0.02104099090077  
  3.870000   -0.02364608588863   -0.11018393404448   -0.00044515652181   -0.02078951466671  
  3.880000   -0.02348991361690   -0.10943967325353   -0.00042831163239   -0.02054105175585  
  3.890000   -0.02333449952811   -0.10870003923374   -0.00041179862190   -0.02029557540987  
  3.900000   -0.02317984257349   -0.10796501728921   -0.00039558534656   -0.02005306066878  
  3.910000   -0.02302594388655   -0.10723458906750   -0.00037964249894   -0.01981348418216  
  3.920000   -0.02287280668128   -0.10650873266834   -0.00036394375413   -0.01957682401180  
  3.930000   -0.02272043613045   -0.10578742278358   -0.00034846588594   -0.01934305942798  
  3.940000   -0.02256883922570   -0.10507063086668   -0.00033318885221   -0.01911217070124  
  3.950000   -0.02241802462081   -0.10435832532978   -0.00031809584852   -0.01888413889205  
  3.960000   -0.02226800246016   -0.10365047176609   -0.00030317333016   -0.01865894564033  
  3.970000   -0.02211878419410   -0.10294703319526   -0.00028841100211   -0.01843657295692  
  3.980000   -0.02197038238350   -0.10224797032897   -0.00027380177778   -0.01821700301923  
  3.990000   -0.02182281049542   -0.10155324185404   -0.00025934170692   -0.01800021797287  
  4.000000   -0.02167608269219   -0.10086280472991   -0.00024502987383   -0.01778619974123  
  4.010000   -0.02153021361625   -0.10017661449766   -0.00023086826724   -0.01757492984493  
  4.020000   -0.02138521817279   -0.09949462559721   -0.00021686162345   -0.01736638923266  
  4.030000   -0.02124111131272   -0.09881679168957   -0.00020301724452   -0.01716055812499  
  4.040000   -0.02109790781805   -0.09814306598090   -0.00018934479378   -0.01695741587268  
  4.050000   -0.02095562209193   -0.09747340154522   -0.00017585607089   -0.01675694083050  
  4.060000   -0.02081426795544   -0.09680775164251   -0.00016256476898   -0.01655911024777  
  4.070000   -0.02067385845331   -0.09614607002924   -0.00014948621664   -0.01636390017642  
  4.080000   -0.02053440567020   -0.09548831125820   -0.00013663710749   -0.01617128539726  
  4.090000   -0.02039592055961   -0.09483443096500   -0.00012403522029   -0.01598123936492  
  4.100000   -0.02025841278691   -0.09418438613832   -0.00011169913258   -0.01579373417171  
  4.110000   -0.02012189058797   -0.09353813537163   -0.00009964793085   -0.01560874053059  
  4.120000   -0.01998636064470   -0.09289563909399   -0.00008790092033   -0.01542622777695  
  4.130000   -0.01985182797862   -0.09225685977794   -0.00007647733727   -0.01524616388908  
  4.140000   -0.01971829586326   -0.09162176212263   -0.00006539606685   -0.01506851552660  
  4.150000   -0.01958576575624   -0.09099031321072   -0.00005467536938   -0.01489324808642  
  4.160000   -0.01945423725138   -0.09036248263777   -0.00004433261761   -0.01472032577513  
  4.170000   -0.01932370805113   -0.08973824261314   -0.00003438404779   -0.01454971169697  
  4.180000   -0.01919417395942   -0.08911756803176   -0.00002484452682   -0.01438136795606  
  4.190000   -0.01906562889469   -0.08850043651639   -0.00001572733773   -0.01421525577177  
  4.200000   -0.01893806492282   -0.08788682843023   -0.00000704398557   -0.01405133560564  
  4.210000   -0.01881147230927   -0.08727672686025    0.00000119597464   -0.01388956729834  
  4.220000   -0.01868583958973   -0.08667011757160    0.00000898508621   -0.01372991021520  
  4.230000   -0.01856115365832   -0.08606698893393    0.00001631811417   -0.01357232339841  
  4.240000   -0.01843739987215   -0.08546733182081    0.00002319214280   -0.01341676572437  
  4.250000   -0.01831456217106   -0.08487113948338    0.00002960664639   -0.01326319606418  
  4.260000   -0.01819262321092   -0.08427840739998    0.00003556353306   -0.01311157344578  
  4.270000   -0.01807156450916   -0.08368913310342    0.00004106716127   -0.01296185721571  
  4.280000   -0.01795136660067   -0.08310331598804    0.00004612432933   -0.01281400719887  
  4.290000   -0.01783200920234   -0.08252095709858    0.00005074423822   -0.01266798385455  
  4.300000   -0.01771347138451   -0.08194205890332    0.00005493842849   -0.01252374842710  
  4.310000   -0.01759573174729   -0.08136662505400    0.00005872069213   -0.01238126308958  
  4.320000   -0.01747876859998   -0.08079466013499    0.00006210696069   -0.01224049107907  
  4.330000   -0.01736256014147   -0.08022616940452    0.00006511517104   -0.01210139682206  
  4.340000   -0.01724708463995   -0.07966115853058    0.00006776511046   -0.01196394604889  
  4.350000   -0.01713232060976   -0.07909963332443    0.00007007824286   -0.01182810589589  
  4.360000   -0.01701824698376   -0.07854159947422    0.00007207751828   -0.01169384499445  
  4.370000   -0.01690484327930   -0.07798706228178    0.00007378716768   -0.01156113354601  
  4.380000   -0.01679208975624   -0.07743602640493    0.00007523248552   -0.01142994338237  
  4.390000   -0.01667996756520   -0.07688849560819    0.00007643960245   -0.01130024801090  
  4.400000   -0.01656845888488   -0.07634447252423    0.00007743525052   -0.01117202264406  
  4.410000   -0.01645754704683   -0.07580395842848    0.00007824652370   -0.01104524421332  
  4.420000   -0.01634721664668   -0.07526695302909    0.00007890063598   -0.01091989136732  
  4.430000   -0.01623745364062   -0.07473345427434    0.00007942467985   -0.01079594445437  
  4.440000   -0.01612824542644   -0.07420345817934    0.00007984538760   -0.01067338548983  
  4.450000   -0.01601958090831   -0.07367695867361    0.00008018889785   -0.01055219810857  
  4.460000   -0.01591145054483   -0.07315394747102    0.00008048052983   -0.01043236750337  
  4.470000   -0.01580384637997   -0.07263441396334    0.00008074456767   -0.01031388034988  
  4.480000   -0.01569676205683   -0.07211834513818    0.00008100405674   -0.01019672471913  
  4.490000   -0.01559019281416   -0.07160572552223    0.00008128061425   -0.01008088997856  
  4.500000   -0.01548413546597   -0.07109653715007    0.00008159425576   -0.00996636668272  
  4.510000   -0.01537858836449   -0.07059075955882    0.00008196323945   -0.00985314645497  
  4.520000   -0.01527355134715   -0.07008836980852    0.00008240392937   -0.00974122186129  
  4.530000   -0.01516902566828   -0.06958934252796    0.00008293067919   -0.00963058627787  
  4.540000   -0.01506501391637   -0.06909364998530    0.00008355573719   -0.00952123375361  
  4.550000   -0.01496151991807   -0.06860126218274    0.00008428917350   -0.00941315886932  
  4.560000   -0.01485854862985   -0.06811214697413    0.00008513882996   -0.00930635659489  
  4.570000   -0.01475610601887   -0.06762627020423    0.00008611029301   -0.00920082214608  
  4.580000   -0.01465419893425   -0.06714359586826    0.00008720688968   -0.00909655084235  
  4.590000   -0.01455283497033   -0.06666408628987    0.00008842970635   -0.00899353796727  
  4.600000   -0.01445202232340   -0.06618770231588    0.00008977763002   -0.00889177863291  
  4.610000   -0.01435176964360   -0.06571440352568    0.00009124741143   -0.00879126764962  
  4.620000   -0.01425208588351   -0.06524414845321    0.00009283374899   -0.00869199940247  
  4.630000   -0.01415298014518   -0.06477689481925    0.00009452939269   -0.00859396773569  
  4.640000   -0.01405446152729   -0.06431259977175    0.00009632526650   -0.00849716584607  
  4.650000   -0.01395653897400   -0.06385122013175    0.00009821060790   -0.00840158618657  
  4.660000   -0.01385922112716   -0.06339271264253    0.00010017312297   -0.00830722038087  
  4.670000   -0.01376251618354   -0.06293703421952    0.00010219915512   -0.00821405914981  
  4.680000   -0.01366643175839   -0.06248414219847    0.00010427386578   -0.00812209225029  
  4.690000   -0.01357097475700   -0.06203399457965    0.00010638142479   -0.00803130842719  
  4.700000   -0.01347615125530   -0.06158655026552    0.00010850520868   -0.00794169537874  
  4.710000   -0.01338196639106   -0.06114176928983    0.00011062800455   -0.00785323973548  
  4.720000   -0.01328842426654   -0.06069961303575    0.00011273221734   -0.00776592705311  
  4.730000   -0.01319552786359   -0.06026004444120    0.00011480007846   -0.00767974181894  
  4.740000   -0.01310327897222   -0.05982302818932    0.00011681385343   -0.00759466747198  
  4.750000   -0.01301167813309   -0.05938853088241    0.00011875604649   -0.00751068643621  
  4.760000   -0.01292072459458   -0.05895652119771    0.00012060960001   -0.00742778016660  
  4.770000   -0.01283041628478   -0.05852697002372    0.00012235808675   -0.00734592920735  
  4.780000   -0.01274074979865   -0.05809985057575    0.00012398589296   -0.00726511326155  
  4.790000   -0.01265172040027   -0.05767513848977    0.00012547839062   -0.00718531127154  
  4.800000   -0.01256332204029   -0.05725281189385    0.00012682209695   -0.00710650150890  
  4.810000   -0.01247554738804   -0.05683285145659    0.00012800481994   -0.00702866167322  
  4.820000   -0.01238838787808   -0.05641524041219    0.00012901578820   -0.00695176899841  
  4.830000   -0.01230183377053   -0.05599996456215    0.00012984576422   -0.00687580036542  
  4.840000   -0.01221587422441   -0.05558701225374    0.00013048713984   -0.00680073242016  
  4.850000   -0.01213049738325   -0.05517637433552    0.00013093401321   -0.00672654169535  
  4.860000   -0.01204569047187   -0.05476804409056    0.00013118224661   -0.00665320473488  
  4.870000   -0.01196143990335   -0.05436201714819    0.00013122950471   -0.00658069821949  
  4.880000   -0.01187773139482   -0.05395829137517    0.00013107527305   -0.00650899909245  
  4.890000   -0.01179455009105   -0.05355686674756    0.00013072085682   -0.00643808468373  
  4.900000   -0.01171188069421   -0.05315774520466    0.00013016936009   -0.00636793283156  
  4.910000   -0.01162970759855   -0.05276093048646    0.00012942564589   -0.00629852200012  
  4.920000   -0.01154801502851   -0.05236642795636    0.00012849627786   -0.00622983139193  
  4.930000   -0.01146678717872   -0.05197424441098    0.00012738944414   -0.00616184105408  
  4.940000   -0.01138600835445   -0.05158438787893    0.00012611486458   -0.00609453197701  
  4.950000   -0.01130566311101   -0.05119686741055    0.00012468368234   -0.00602788618498  
  4.960000   -0.01122573639047   -0.05081169286072    0.00012310834123   -0.00596188681722  
  4.970000   -0.01114621365460   -0.05042887466696    0.00012140245016   -0.00589651819907  
  4.980000   -0.01106708101217   -0.05004842362481    0.00011958063637   -0.00583176590229  
  4.990000   -0.01098832533974   -0.04967035066282    0.00011765838891   -0.00576761679416  
  5.000000   -0.01090993439428   -0.04929466661923    0.00011565189431   -0.00570405907462  
  5.010000   -0.01083189691680   -0.04892138202249    0.00011357786612   -0.00564108230149  
  5.020000   -0.01075420272566   -0.04855050687776    0.00011145337021   -0.00557867740320  
  5.030000   -0.01067684279877   -0.04818205046121    0.00010929564774   -0.00551683667916  
  5.040000   -0.01059980934376   -0.04781602112431    0.00010712193761   -0.00545555378785  
  5.050000   -0.01052309585549   -0.04745242610956    0.00010494930043   -0.00539482372257  
  5.060000   -0.01044669716024   -0.04709127137975    0.00010279444561   -0.00533464277546  
  5.070000   -0.01037060944631   -0.04673256146184    0.00010067356362   -0.00527500848990  
  5.080000   -0.01029483028056   -0.04637629930719    0.00009860216498   -0.00521591960205  
  5.090000   -0.01021935861090   -0.04602248616917    0.00009659492762   -0.00515737597203  
  5.100000   -0.01014419475466   -0.04567112149923    0.00009466555431   -0.00509937850554  
  5.110000   -0.01006934037311   -0.04532220286221    0.00009282664133   -0.00504192906670  
  5.120000   -0.00999479843230   -0.04497572587168    0.00009108955988   -0.00498503038306  
  5.130000   -0.00992057315075   -0.04463168414560    0.00008946435128   -0.00492868594372  
  5.140000   -0.00984666993456   -0.04429006928264    0.00008795963688   -0.00487289989167  
  5.150000   -0.00977309530064   -0.04395087085920    0.00008658254370   -0.00481767691138  
  5.160000   -0.00969985678891   -0.04361407644698    0.00008533864624   -0.00476302211278  
  5.170000   -0.00962696286434   -0.04327967165064    0.00008423192505   -0.00470894091284  
  5.180000   -0.00955442281000   -0.04294764016522    0.00008326474238   -0.00465543891591  
  5.190000   -0.00948224661214   -0.04261796385238    0.00008243783490   -0.00460252179395  
  5.200000   -0.00941044483853   -0.04229062283460    0.00008175032364   -0.00455019516793  
  5.210000   -0.00933902851137   -0.04196559560640    0.00008119974062   -0.00449846449144  
  5.220000   -0.00926800897610   -0.04164285916110    0.00008078207205   -0.00444733493773  
  5.230000   -0.00919739776738   -0.04132238913200    0.00008049181732   -0.00439681129118  
  5.240000   -0.00912720647375   -0.04100415994623    0.00008032206306   -0.00434689784431  
  5.250000   -0.00905744660228   -0.04068814498986    0.00008026457148   -0.00429759830121  
  5.260000   -0.00898812944461   -0.04037431678241    0.00008030988181   -0.00424891568838  
  5.270000   -0.00891926594574   -0.04006264715901    0.00008044742376   -0.00420085227365  
  5.280000   -0.00885086657695   -0.03975310745836    0.00008066564171   -0.00415340949411  
  5.290000   -0.00878294121409   -0.03944566871459    0.00008095212823   -0.00410658789343  
  5.300000   -0.00871549902247   -0.03914030185111    0.00008129376538   -0.00406038706933  
  5.310000   -0.00864854834946   -0.03883697787440    0.00008167687246   -0.00401480563150  
  5.320000   -0.00858209662597   -0.03853566806603    0.00008208735837   -0.00396984117026  
  5.330000   -0.00851615027771   -0.03823634417089    0.00008251087709   -0.00392549023626  
  5.340000   -0.00845071464702   -0.03793897857974    0.00008293298463   -0.00388174833126  
  5.350000   -0.00838579392624   -0.03764354450449    0.00008333929571   -0.00383860991000  
  5.360000   -0.00832139110299   -0.03735001614437    0.00008371563868   -0.00379606839295  
  5.370000   -0.00825750791803   -0.03705836884149    0.00008404820686   -0.00375411618981  
  5.380000   -0.00819414483610   -0.03676857922430    0.00008432370500   -0.00371274473339  
  5.390000   -0.00813130102982   -0.03648062533755    0.00008452948913   -0.00367194452335  
  5.400000   -0.00806897437688   -0.03619448675771    0.00008465369860   -0.00363170517940  
  5.410000   -0.00800716147051   -0.03591014469257    0.00008468537882   -0.00359201550316  
  5.420000   -0.00794585764292   -0.03562758206432    0.00008461459359   -0.00355286354819  
  5.430000   -0.00788505700158   -0.03534678357536    0.00008443252590   -0.00351423669713  
  5.440000   -0.00782475247778   -0.03506773575614    0.00008413156627   -0.00347612174542  
  5.450000   -0.00776493588698   -0.03479042699486    0.00008370538770   -0.00343850499041  
  5.460000   -0.00770559800027   -0.03451484754869    0.00008314900672   -0.00340137232507  
  5.470000   -0.00764672862617   -0.03424098953663    0.00008245882984   -0.00336470933528  
  5.480000   -0.00758831670181   -0.03396884691398    0.00008163268513   -0.00332850139964  
  5.490000   -0.00753035039262   -0.03369841542898    0.00008066983875   -0.00329273379088  
  5.500000   -0.00747281719944   -0.03342969256203    0.00007957099622   -0.00325739177760  
  5.510000   -0.00741570407182   -0.03316267744815    0.00007833828869   -0.00322246072567  
  5.520000   -0.00735899752650   -0.03289737078355    0.00007697524441   -0.00318792619786  
  5.530000   -0.00730268376968   -0.03263377471736    0.00007548674581   -0.00315377405106  
  5.540000   -0.00724674882192   -0.03237189272953    0.00007387897272   -0.00311999052989  
  5.550000   -0.00719117864424   -0.03211172949625    0.00007215933253   -0.00308656235595  
  5.560000   -0.00713595926438   -0.03185329074421    0.00007033637798   -0.00305347681173  
  5.570000   -0.00708107690160   -0.03159658309519    0.00006841971364   -0.00302072181845  
  5.580000   -0.00702651808907   -0.03134161390255    0.00006641989215   -0.00298828600708  
  5.590000   -0.00697226979233   -0.03108839108119    0.00006434830123   -0.00295615878193  
  5.600000   -0.00691831952290   -0.03083692293270    0.00006221704292   -0.00292433037610  
  5.610000   -0.00686465544565   -0.03058721796744    0.00006003880622   -0.00289279189851  
  5.620000   -0.00681126647909   -0.03033928472518    0.00005782673455   -0.00286153537194  
  5.630000   -0.00675814238739   -0.03009313159619    0.00005559428952   -0.00283055376183  
  5.640000   -0.00670527386342   -0.02984876664436    0.00005335511229   -0.00279984099573  
  5.650000   -0.00665265260180   -0.02960619743413    0.00005112288418   -0.00276939197310  
  5.660000   -0.00660027136154   -0.02936543086288    0.00004891118789   -0.00273920256566  
  5.670000   -0.00654812401738   -0.02912647300030    0.00004673337072   -0.00270926960819  
  5.680000   -0.00649620559959   -0.02888932893637    0.00004460241131   -0.00267959088009  
  5.690000   -0.00644451232177   -0.02865400263919    0.00004253079126   -0.00265016507795  
  5.700000   -0.00639304159648   -0.02842049682419    0.00004053037277   -0.00262099177937  
  5.710000   -0.00634179203862   -0.02818881283577    0.00003861228375   -0.00259207139872  
  5.720000   -0.00629076345646   -0.02795895054248    0.00003678681139   -0.00256340513507  
  5.730000   -0.00623995683070   -0.02773090824673    0.00003506330528   -0.00253499491315  
  5.740000   -0.00618937428164   -0.02750468260976    0.00003345009103   -0.00250684331780  
  5.750000   -0.00613901902496   -0.02728026859257    0.00003195439520   -0.00247895352280  
  5.760000   -0.00608889531659   -0.02705765941322    0.00003058228221   -0.00245132921474  
  5.770000   -0.00603900838734   -0.02683684652097    0.00002933860386   -0.00242397451273  
  5.780000   -0.00598936436794   -0.02661781958724    0.00002822696180   -0.00239689388497  
  5.790000   -0.00593997020543   -0.02640056651357    0.00002724968332   -0.00237009206279  
  5.800000   -0.00589083357162   -0.02618507345629    0.00002640781061   -0.00234357395334  
  5.810000   -0.00584196276483   -0.02597132486771    0.00002570110338   -0.00231734455159  
  5.820000   -0.00579336660577   -0.02575930355321    0.00002512805491   -0.00229140885266  
  5.830000   -0.00574505432877   -0.02554899074374    0.00002468592108   -0.00226577176536  
  5.840000   -0.00569703546948   -0.02534036618291    0.00002437076203   -0.00224043802774  
  5.850000   -0.00564931975017   -0.02513340822777    0.00002417749601   -0.00221541212557  
  5.860000   -0.00560191696388   -0.02492809396226    0.00002409996462   -0.00219069821450  
  5.870000   -0.00555483685862   -0.02472439932220    0.00002413100876   -0.00216630004663  
  5.880000   -0.00550808902277   -0.02452229923061    0.00002426255441   -0.00214222090226  
  5.890000   -0.00546168277291   -0.02432176774194    0.00002448570722   -0.00211846352744  
  5.900000   -0.00541562704514   -0.02412277819389    0.00002479085492   -0.00209503007784  
  5.910000   -0.00536993029113   -0.02392530336531    0.00002516777633   -0.00207192206952  
  5.920000   -0.00532460037978   -0.02372931563869    0.00002560575591   -0.00204914033708  
  5.930000   -0.00527964450563   -0.02353478716559    0.00002609370246   -0.00202668499933  
  5.940000   -0.00523506910485   -0.02334169003360    0.00002662027082   -0.00200455543307  
  5.950000   -0.00519087977960   -0.02314999643307    0.00002717398518   -0.00198275025491  
  5.960000   -0.00514708123163   -0.02295967882220    0.00002774336278   -0.00196126731132  
  5.970000   -0.00510367720564   -0.02277071008883    0.00002831703661   -0.00194010367704  
  5.980000   -0.00506067044296   -0.02258306370753    0.00002888387593   -0.00191925566162  
  5.990000   -0.00501806264599   -0.02239671389042    0.00002943310327   -0.00189871882404  
  6.000000   -0.00497585445378   -0.02221163573051    0.00002995440678   -0.00187848799518  
  6.010000   -0.00493404542876   -0.02202780533609    0.00003043804675   -0.00185855730780  
  6.020000   -0.00489263405495   -0.02184519995508    0.00003087495524   -0.00183892023370  
  6.030000   -0.00485161774734   -0.02166379808823    0.00003125682775   -0.00181956962759  
  6.040000   -0.00481099287253   -0.02148357959005    0.00003157620623   -0.00180049777715  
  6.050000   -0.00477075478018   -0.02130452575684    0.00003182655235   -0.00178169645867  
  6.060000   -0.00473089784501   -0.02112661940085    0.00003200231051   -0.00176315699783  
  6.070000   -0.00469141551874   -0.02094984491013    0.00003209896001   -0.00174487033462  
  6.080000   -0.00465230039149   -0.02077418829351    0.00003211305572   -0.00172682709210  
  6.090000   -0.00461354426188   -0.02059963721043    0.00003204225719   -0.00170901764787  
  6.100000   -0.00457513821511   -0.02042618098547    0.00003188534569   -0.00169143220782  
  6.110000   -0.00453707270810   -0.02025381060750    0.00003164222928   -0.00167406088112  
  6.120000   -0.00449933766080   -0.02008251871366    0.00003131393587   -0.00165689375585  
  6.130000   -0.00446192255273   -0.01991229955828    0.00003090259441   -0.00163992097437  
  6.140000   -0.00442481652363   -0.01974314896736    0.00003041140446   -0.00162313280779  
  6.150000   -0.00438800847716   -0.01957506427895    0.00002984459469   -0.00160651972858  
  6.160000   -0.00435148718668   -0.01940804427020    0.00002920737056   -0.00159007248080  
  6.170000   -0.00431524140174   -0.01924208907187    0.00002850585211   -0.00157378214707  
  6.180000   -0.00427925995443   -0.01907720007122    0.00002774700224   -0.00155764021180  
  6.190000   -0.00424353186431   -0.01891337980418    0.00002693854661   -0.00154163861987  
  6.200000   -0.00420804644079   -0.01875063183812    0.00002608888586   -0.00152576983028  
  6.210000   -0.00417279338207   -0.01858896064616    0.00002520700114   -0.00151002686436  
  6.220000   -0.00413776286944   -0.01842837147446    0.00002430235405   -0.00149440334784  
  6.230000   -0.00410294565608   -0.01826887020377    0.00002338478204   -0.00147889354666  
  6.240000   -0.00406833314933   -0.01811046320656    0.00002246439037   -0.00146349239603  
  6.250000   -0.00403391748571   -0.01795315720114    0.00002155144180   -0.00144819552256  
  6.260000   -0.00399969159788   -0.01779695910428    0.00002065624522   -0.00143299925923  
  6.270000   -0.00396564927278   -0.01764187588359    0.00001978904431   -0.00141790065322  
  6.280000   -0.00393178520052   -0.01748791441125    0.00001895990747   -0.00140289746644  
  6.290000   -0.00389809501341   -0.01733508132035    0.00001817862008   -0.00138798816890  
  6.300000   -0.00386457531482   -0.01718338286527    0.00001745458035   -0.00137317192498  
  6.310000   -0.00383122369750   -0.01703282478738    0.00001679669962   -0.00135844857284  
  6.320000   -0.00379803875139   -0.01688341218739    0.00001621330830   -0.00134381859727  
  6.330000   -0.00376502006059   -0.01673514940541    0.00001571206831   -0.00132928309616  
  6.340000   -0.00373216818986   -0.01658803990989    0.00001529989292   -0.00131484374120  
  6.350000   -0.00369948466055   -0.01644208619649    0.00001498287476   -0.00130050273307  
  6.360000   -0.00366697191641   -0.01629728969772    0.00001476622272   -0.00128626275171  
  6.370000   -0.00363463327958   -0.01615365070416    0.00001465420834   -0.00127212690221  
  6.380000   -0.00360247289733   -0.01601116829797    0.00001465012224   -0.00125809865695  
  6.390000   -0.00357049568001   -0.01586984029929    0.00001475624082   -0.00124418179450  
  6.400000   -0.00353870723100   -0.01572966322580    0.00001497380371   -0.00123038033608  
  6.410000   -0.00350711376936   -0.01559063226602    0.00001530300206   -0.00121669848013  
  6.420000   -0.00347572204599   -0.01545274126626    0.00001574297766   -0.00120314053580  
  6.430000   -0.00344453925427   -0.01531598273140    0.00001629183292   -0.00118971085593  
  6.440000   -0.00341357293603   -0.01518034783944    0.00001694665155   -0.00117641377031  
  6.450000   -0.00338283088396   -0.01504582646948    0.00001770352953   -0.00116325351994  
  6.460000   -0.00335232104136   -0.01491240724288    0.00001855761616   -0.00115023419278  
  6.470000   -0.00332205140046   -0.01478007757708    0.00001950316455   -0.00113735966192  
  6.480000   -0.00329202990019   -0.01464882375158    0.00002053359107   -0.00112463352657  
  6.490000   -0.00326226432465   -0.01451863098518    0.00002164154301   -0.00111205905661  
  6.500000   -0.00323276220323   -0.01438948352392    0.00002281897375   -0.00109963914113  
  6.510000   -0.00320353071350   -0.01426136473862    0.00002405722459   -0.00108737624162  
  6.520000   -0.00317457658782   -0.01413425723115    0.00002534711234   -0.00107527235018  
  6.530000   -0.00314590602474   -0.01400814294828    0.00002667902173   -0.00106332895308  
  6.540000   -0.00311752460598   -0.01388300330204    0.00002804300167   -0.00105154700029  
  6.550000   -0.00308943722008   -0.01375881929535    0.00002942886429   -0.00103992688092  
  6.560000   -0.00306164799321   -0.01363557165168    0.00003082628576   -0.00102846840509  
  6.570000   -0.00303416022819   -0.01351324094755    0.00003222490780   -0.00101717079218  
  6.580000   -0.00300697635207   -0.01339180774643    0.00003361443886   -0.00100603266572  
  6.590000   -0.00298009787301   -0.01327125273294    0.00003498475388   -0.00099505205481  
  6.600000   -0.00295352534684   -0.01315155684586    0.00003632599160   -0.00098422640212  
  6.610000   -0.00292725835363   -0.01303270140880    0.00003762864848   -0.00097355257830  
  6.620000   -0.00290129548450   -0.01291466825725    0.00003888366828   -0.00096302690267  
  6.630000   -0.00287563433891   -0.01279743986075    0.00004008252626   -0.00095264516994  
  6.640000   -0.00285027153233   -0.01268099943914    0.00004121730740   -0.00094240268265  
  6.650000   -0.00282520271425   -0.01256533107166    0.00004228077763   -0.00093229428897  
  6.660000   -0.00280042259642   -0.01245041979797    0.00004326644761   -0.00092231442553  
  6.670000   -0.00277592499088   -0.01233625171008    0.00004416862816   -0.00091245716466  
  6.680000   -0.00275170285755   -0.01222281403446    0.00004498247722   -0.00090271626576  
  6.690000   -0.00272774836070   -0.01211009520336    0.00004570403745   -0.00089308523005  
  6.700000   -0.00270405293390   -0.01199808491494    0.00004633026462   -0.00088355735828  
  6.710000   -0.00268060735266   -0.01188677418145    0.00004685904612   -0.00087412581072  
  6.720000   -0.00265740181400   -0.01177615536522    0.00004728920981   -0.00086478366881  
  6.730000   -0.00263442602220   -0.01166622220199    0.00004762052305   -0.00085552399796  
  6.740000   -0.00261166927980   -0.01155696981147    0.00004785368196   -0.00084633991059  
  6.750000   -0.00258912058286   -0.01144839469508    0.00004799029112   -0.00083722462911  
  6.760000   -0.00256676871960   -0.01134049472084    0.00004803283416   -0.00082817154789  
  6.770000   -0.00254460237128   -0.01123326909573    0.00004798463526   -0.00081917429381  
  6.780000   -0.00252261021436   -0.01112671832558    0.00004784981245   -0.00081022678459  
  6.790000   -0.00250078102284   -0.01102084416315    0.00004763322294   -0.00080132328458  
  6.800000   -0.00247910376972   -0.01091564954471    0.00004734040123   -0.00079245845707  
  6.810000   -0.00245756772657   -0.01081113851591    0.00004697749085   -0.00078362741302  
  6.820000   -0.00243616256010   -0.01070731614749    0.00004655117017   -0.00077482575535  
  6.830000   -0.00241487842481   -0.01060418844177    0.00004606857345   -0.00076604961860  
  6.840000   -0.00239370605067   -0.01050176223078    0.00004553720777   -0.00075729570348  
  6.850000   -0.00237263682508   -0.01040004506695    0.00004496486687   -0.00074856130595  
  6.860000   -0.00235166286798   -0.01029904510751    0.00004435954275   -0.00073984434053  
  6.870000   -0.00233077709969   -0.01019877099349    0.00004372933605   -0.00073114335775  
  6.880000   -0.00230997330043   -0.01009923172474    0.00004308236616   -0.00072245755538  
  6.890000   -0.00228924616112   -0.01000043653181    0.00004242668199   -0.00071378678347  
  6.900000   -0.00226859132488   -0.00990239474625    0.00004177017430   -0.00070513154312  
  6.910000   -0.00224800541869   -0.00980511567015    0.00004112049066   -0.00069649297895  
  6.920000   -0.00222748607510   -0.00970860844646    0.00004048495378   -0.00068787286547  
  6.930000   -0.00220703194347   -0.00961288193109    0.00003987048409   -0.00067927358734  
  6.940000   -0.00218664269086   -0.00951794456801    0.00003928352742   -0.00067069811383  
  6.950000   -0.00216631899242   -0.00942380426854    0.00003872998847   -0.00066214996771  
  6.960000   -0.00214606251146   -0.00933046829590    0.00003821517074   -0.00065363318889  
  6.970000   -0.00212587586924   -0.00923794315605    0.00003774372358   -0.00064515229308  
  6.980000   -0.00210576260502   -0.00914623449582    0.00003731959674   -0.00063671222609  
  6.990000   -0.00208572712652   -0.00905534700928    0.00003694600305   -0.00062831831394  
  7.000000   -0.00206577465148   -0.00896528435315    0.00003662538940   -0.00061997620957  
  7.010000   -0.00204591114086   -0.00887604907200    0.00003635941645   -0.00061169183639  
  7.020000   -0.00202614322426   -0.00878764253396    0.00003614894700   -0.00060347132944  
  7.030000   -0.00200647811853   -0.00870006487739    0.00003599404341   -0.00059532097464  
  7.040000   -0.00198692354017   -0.00861331496906    0.00003589397375   -0.00058724714670  
  7.050000   -0.00196748761256   -0.00852739037420    0.00003584722671   -0.00057925624635  
  7.060000   -0.00194817876899   -0.00844228733858    0.00003585153505   -0.00057135463742  
  7.070000   -0.00192900565230   -0.00835800078279    0.00003590390730   -0.00056354858453  
  7.080000   -0.00190997701246   -0.00827452430876    0.00003600066729   -0.00055584419175  
  7.090000   -0.00189110160280   -0.00819185021846    0.00003613750102   -0.00054824734301  
  7.100000   -0.00187238807623   -0.00810996954441    0.00003630951043   -0.00054076364479  
  7.110000   -0.00185384488240   -0.00802887209191    0.00003651127338   -0.00053339837153  
  7.120000   -0.00183548016682   -0.00794854649239    0.00003673690916   -0.00052615641442  
  7.130000   -0.00181730167314   -0.00786898026752    0.00003698014888   -0.00051904223391  
  7.140000   -0.00179931664935   -0.00779015990327    0.00003723440985   -0.00051205981652  
  7.150000   -0.00178153175917   -0.00771207093346    0.00003749287322   -0.00050521263618  
  7.160000   -0.00176395299928   -0.00763469803179    0.00003774856405   -0.00049850362066  
  7.170000   -0.00174658562345   -0.00755802511161    0.00003799443278   -0.00049193512315  
  7.180000   -0.00172943407417   -0.00748203543252    0.00003822343751   -0.00048550889946  
  7.190000   -0.00171250192274   -0.00740671171275    0.00003842862585   -0.00047922609092  
  7.200000   -0.00169579181821   -0.00733203624626    0.00003860321582   -0.00047308721307  
  7.210000   -0.00167930544584   -0.00725799102360    0.00003874067461   -0.00046709215040  
  7.220000   -0.00166304349550   -0.00718455785536    0.00003883479468   -0.00046124015694  
  7.230000   -0.00164700564038   -0.00711171849701    0.00003887976607   -0.00045552986286  
  7.240000   -0.00163119052615   -0.00703945477419    0.00003887024450   -0.00044995928683  
  7.250000   -0.00161559577086   -0.00696774870706    0.00003880141424   -0.00044452585412  
  7.260000   -0.00160021797539   -0.00689658263289    0.00003866904529   -0.00043922642014  
  7.270000   -0.00158505274461   -0.00682593932547    0.00003846954422   -0.00043405729924  
  7.280000   -0.00157009471886   -0.00675580211054    0.00003819999812   -0.00042901429837  
  7.290000   -0.00155533761551   -0.00668615497608    0.00003785821129   -0.00042409275539  
  7.300000   -0.00154077428027   -0.00661698267645    0.00003744273418   -0.00041928758146  
  7.310000   -0.00152639674759   -0.00654827082957    0.00003695288440   -0.00041459330725  
  7.320000   -0.00151219630970   -0.00648000600623    0.00003638875955   -0.00041000413238  
  7.330000   -0.00149816359356   -0.00641217581067    0.00003575124183   -0.00040551397765  
  7.340000   -0.00148428864486   -0.00634476895190    0.00003504199418   -0.00040111653950  
  7.350000   -0.00147056101834   -0.00627777530498    0.00003426344836   -0.00039680534623  
  7.360000   -0.00145696987349   -0.00621118596184    0.00003341878476   -0.00039257381533  
  7.370000   -0.00144350407466   -0.00614499327116    0.00003251190446   -0.00038841531145  
  7.380000   -0.00143015229449   -0.00607919086699    0.00003154739364   -0.00038432320434  
  7.390000   -0.00141690311973   -0.00601377368592    0.00003053048087   -0.00038029092632  
  7.400000   -0.00140374515834   -0.00594873797259    0.00002946698767   -0.00037631202860  
  7.410000   -0.00139066714672   -0.00588408127367    0.00002836327291   -0.00037238023601  
  7.420000   -0.00137765805602   -0.00581980242015    0.00002722617164   -0.00036848949949  
  7.430000   -0.00136470719641   -0.00575590149841    0.00002606292895   -0.00036463404604  
  7.440000   -0.00135180431832   -0.00569237981013    0.00002488112970   -0.00036080842540  
  7.450000   -0.00133893970952   -0.00562923982155    0.00002368862465   -0.00035700755323  
  7.460000   -0.00132610428700   -0.00556648510250    0.00002249345401   -0.00035322675031  
  7.470000   -0.00131328968286   -0.00550412025574    0.00002130376898   -0.00034946177733  
  7.480000   -0.00130048832315   -0.00544215083740    0.00002012775226   -0.00034570886509  
  7.490000   -0.00128769349892   -0.00538058326900    0.00001897353836   -0.00034196473972  
  7.500000   -0.00127489942868   -0.00531942474215    0.00001784913434   -0.00033822664275  
  7.510000   -0.00126210131165   -0.00525868311650    0.00001676234206   -0.00033449234586  
  7.520000   -0.00124929537124   -0.00519836681207    0.00001572068258   -0.00033076016015  
  7.530000   -0.00123647888820   -0.00513848469679    0.00001473132350   -0.00032702893994  
  7.540000   -0.00122365022313   -0.00507904597039    0.00001380101005   -0.00032329808098  
  7.550000   -0.00121080882811   -0.00502006004544    0.00001293600052   -0.00031956751330  
  7.560000   -0.00119795524722   -0.00496153642693    0.00001214200677   -0.00031583768852  
  7.570000   -0.00118509110597   -0.00490348459113    0.00001142414040   -0.00031210956205  
  7.580000   -0.00117221908967   -0.00484591386500    0.00001078686508   -0.00030838457021  
  7.590000   -0.00115934291092   -0.00478883330711    0.00001023395554   -0.00030466460257  
  7.600000   -0.00114646726657   -0.00473225159121    0.00000976846354   -0.00030095196980  
  7.610000   -0.00113359778442   -0.00467617689333    0.00000939269131   -0.00029724936740  
  7.620000   -0.00112074096032   -0.00462061678358    0.00000910817250   -0.00029355983561  
  7.630000   -0.00110790408617   -0.00456557812339    0.00000891566095   -0.00028988671604  
  7.640000   -0.00109509516952   -0.00451106696924    0.00000881512728   -0.00028623360532  
  7.650000   -0.00108232284560   -0.00445708848365    0.00000880576336   -0.00028260430633  
  7.660000   -0.00106959628261   -0.00440364685417    0.00000888599454   -0.00027900277756  
  7.670000   -0.00105692508122   -0.00435074522116    0.00000905349945   -0.00027543308093  
  7.680000   -0.00104431916925   -0.00429838561492    0.00000930523720   -0.00027189932884  
  7.690000   -0.00103178869259   -0.00424656890262    0.00000963748164   -0.00026840563076  
  7.700000   -0.00101934390349   -0.00419529474576    0.00001004586226   -0.00026495604004  
  7.710000   -0.00100699504727   -0.00414456156816    0.00001052541127   -0.00026155450143  
  7.720000   -0.00099475224864   -0.00409436653505    0.00001107061641   -0.00025820479984  
  7.730000   -0.00098262539875   -0.00404470554331    0.00001167547886   -0.00025491051084  
  7.740000   -0.00097062404417   -0.00399557322288    0.00001233357562   -0.00025167495342  
  7.750000   -0.00095875727885   -0.00394696294952    0.00001303812573   -0.00024850114547  
  7.760000   -0.00094703364022   -0.00389886686855    0.00001378205960   -0.00024539176242  
  7.770000   -0.00093546101052   -0.00385127592966    0.00001455809070   -0.00024234909950  
  7.780000   -0.00092404652434   -0.00380417993218    0.00001535878888   -0.00023937503787  
  7.790000   -0.00091279648331   -0.00375756758069    0.00001617665458   -0.00023647101523  
  7.800000   -0.00090171627894   -0.00371142655037    0.00001700419306   -0.00023363800082  
  7.810000   -0.00089081032431   -0.00366574356157    0.00001783398799   -0.00023087647544  
  7.820000   -0.00088008199543   -0.00362050446289    0.00001865877358   -0.00022818641648  
  7.830000   -0.00086953358288   -0.00357569432224    0.00001947150449   -0.00022556728815  
  7.840000   -0.00085916625426   -0.00353129752498    0.00002026542290   -0.00022301803706  
  7.850000   -0.00084898002790   -0.00348729787834    0.00002103412190   -0.00022053709319  
  7.860000   -0.00083897375817   -0.00344367872128    0.00002177160478   -0.00021812237622  
  7.870000   -0.00082914513257   -0.00340042303888    0.00002247233943   -0.00021577130721  
  7.880000   -0.00081949068077   -0.00335751358022    0.00002313130736   -0.00021348082554  
  7.890000   -0.00081000579541   -0.00331493297895    0.00002374404703   -0.00021124741085  
  7.900000   -0.00080068476473   -0.00327266387530    0.00002430669073   -0.00020906710997  
  7.910000   -0.00079152081668   -0.00323068903876    0.00002481599510   -0.00020693556836  
  7.920000   -0.00078250617403   -0.00318899149030    0.00002526936458   -0.00020484806601  
  7.930000   -0.00077363212024   -0.00314755462309    0.00002566486793   -0.00020279955725  
  7.940000   -0.00076488907521   -0.00310636232078    0.00002600124751   -0.00020078471422  
  7.950000   -0.00075626668047   -0.00306539907244    0.00002627792125   -0.00019879797353  
  7.960000   -0.00074775389290   -0.00302465008301    0.00002649497755   -0.00019683358580  
  7.970000   -0.00073933908601   -0.00298410137861    0.00002665316291   -0.00019488566730  
  7.980000   -0.00073101015805   -0.00294373990560    0.00002675386268   -0.00019294825365  
  7.990000   -0.00072275464573   -0.00290355362281    0.00002679907518   -0.00019101535460  
  8.000000   -0.00071455984252   -0.00286353158599    0.00002679137935   -0.00018908100976  
  8.010000   -0.00070641292037   -0.00282366402396    0.00002673389645   -0.00018713934447  
  8.020000   -0.00069830105372   -0.00278394240565    0.00002663024627   -0.00018518462541  
  8.030000   -0.00069021154455   -0.00274435949772    0.00002648449821   -0.00018321131541  
  8.040000   -0.00068213194717   -0.00270490941207    0.00002630111795   -0.00018121412692  
  8.050000   -0.00067405019170   -0.00266558764297    0.00002608491022   -0.00017918807350  
  8.060000   -0.00066595470477   -0.00262639109347    0.00002584095830   -0.00017712851911  
  8.070000   -0.00065783452649   -0.00258731809089    0.00002557456097   -0.00017503122440  
  8.080000   -0.00064967942227   -0.00254836839122    0.00002529116755   -0.00017289238980  
  8.090000   -0.00064147998856   -0.00250954317244    0.00002499631179   -0.00017070869484  
  8.100000   -0.00063322775125   -0.00247084501674    0.00002469554527   -0.00016847733331  
  8.110000   -0.00062491525589   -0.00243227788177    0.00002439437112   -0.00016619604407  
  8.120000   -0.00061653614861   -0.00239384706128    0.00002409817867   -0.00016386313690  
  8.130000   -0.00060808524704   -0.00235555913514    0.00002381217983   -0.00016147751349  
  8.140000   -0.00059955860033   -0.00231742190951    0.00002354134774   -0.00015903868296  
  8.150000   -0.00059095353771   -0.00227944434727    0.00002329035859   -0.00015654677208  
  8.160000   -0.00058226870496   -0.00224163648942    0.00002306353694   -0.00015400252983  
  8.170000   -0.00057350408841   -0.00220400936804    0.00002286480529   -0.00015140732631  
  8.180000   -0.00056466102604   -0.00216657491145    0.00002269763846   -0.00014876314597  
  8.190000   -0.00055574220559   -0.00212934584216    0.00002256502306   -0.00014607257527  
  8.200000   -0.00054675164958   -0.00209233556870    0.00002246942274   -0.00014333878464  
  8.210000   -0.00053769468714   -0.00205555807181    0.00002241274930   -0.00014056550511  
  8.220000   -0.00052857791305   -0.00201902778601    0.00002239634023   -0.00013775699964  
  8.230000   -0.00051940913414   -0.00198275947751    0.00002242094264   -0.00013491802949  
  8.240000   -0.00051019730344   -0.00194676811920    0.00002248670390   -0.00013205381571  
  8.250000   -0.00050095244273   -0.00191106876381    0.00002259316909   -0.00012916999641  
  8.260000   -0.00049168555409   -0.00187567641612    0.00002273928511   -0.00012627257975  
  8.270000   -0.00048240852117   -0.00184060590518    0.00002292341156   -0.00012336789349  
  8.280000   -0.00047313400110   -0.00180587175752    0.00002314333814   -0.00012046253112  
  8.290000   -0.00046387530795   -0.00177148807224    0.00002339630845   -0.00011756329537  
  8.300000   -0.00045464628884   -0.00173746839898    0.00002367904983   -0.00011467713936  
  8.310000   -0.00044546119376   -0.00170382561957    0.00002398780897   -0.00011181110612  
  8.320000   -0.00043633454030   -0.00167057183435    0.00002431839294   -0.00010897226671  
  8.330000   -0.00042728097454   -0.00163771825389    0.00002466621500   -0.00010616765781  
  8.340000   -0.00041831512938   -0.00160527509692    0.00002502634489   -0.00010340421913  
  8.350000   -0.00040945148163   -0.00157325149531    0.00002539356299   -0.00010068873124  
  8.360000   -0.00040070420910   -0.00154165540659    0.00002576241767   -0.00009802775436  
  8.370000   -0.00039208704926   -0.00151049353479    0.00002612728530   -0.00009542756871  
  8.380000   -0.00038361316044   -0.00147977126018    0.00002648243231   -0.00009289411688  
  8.390000   -0.00037529498727   -0.00144949257810    0.00002682207843   -0.00009043294879  
  8.400000   -0.00036714413128   -0.00141966004768    0.00002714046073   -0.00008804916971  
  8.410000   -0.00035917122816   -0.00139027475036    0.00002743189742   -0.00008574739175  
  8.420000   -0.00035138583265   -0.00136133625861    0.00002769085106   -0.00008353168934  
  8.430000   -0.00034379631222   -0.00133284261473    0.00002791199021   -0.00008140555913  
  8.440000   -0.00033640975046   -0.00130479031969    0.00002809024906   -0.00007937188444  
  8.450000   -0.00032923186106   -0.00127717433156    0.00002822088429   -0.00007743290480  
  8.460000   -0.00032226691311   -0.00124998807291    0.00002829952851   -0.00007559019077  
  8.470000   -0.00031551766811   -0.00122322344622    0.00002832223978   -0.00007384462406  
  8.480000   -0.00030898532911   -0.00119687085574    0.00002828554652   -0.00007219638334  
  8.490000   -0.00030266950197   -0.00117091923387    0.00002818648745   -0.00007064493542  
  8.500000   -0.00029656816840   -0.00114535606922    0.00002802264589   -0.00006918903204  
  8.510000   -0.00029067767021   -0.00112016743261    0.00002779217807   -0.00006782671187  
  8.520000   -0.00028499270354   -0.00109533799620    0.00002749383498   -0.00006655530736  
  8.530000   -0.00027950632144   -0.00107085103952    0.00002712697755   -0.00006537145618  
  8.540000   -0.00027420994245   -0.00104668843484    0.00002669158461   -0.00006427111615  
  8.550000   -0.00026909336236   -0.00102283060233    0.00002618825360   -0.00006324958314  
  8.560000   -0.00026414476505   -0.00099925642430    0.00002561819378   -0.00006230151052  
  8.570000   -0.00025935072829   -0.00097594310601    0.00002498321193   -0.00006142092885  
  8.580000   -0.00025469621906   -0.00095286596983    0.00002428569076   -0.00006060126412  
  8.590000   -0.00025016457284   -0.00092999816952    0.00002352856014   -0.00005983535266  
  8.600000   -0.00024573745103   -0.00090731031274    0.00002271526205   -0.00005911545066  
  8.610000   -0.00024139477116   -0.00088476998341    0.00002184970995   -0.00005843323643  
  8.620000   -0.00023711460585   -0.00086234116162    0.00002093624403   -0.00005777980339  
  8.630000   -0.00023287304877   -0.00083998354838    0.00001997958402   -0.00005714564272  
  8.640000   -0.00022864404963   -0.00081765181563    0.00001898478170   -0.00005652061531  
  8.650000   -0.00022439922579   -0.00079529481995    0.00001795717561   -0.00005589391417  
  8.660000   -0.00022010766525   -0.00077285483964    0.00001690235076   -0.00005525402057  
  8.670000   -0.00021573574478   -0.00075026692049    0.00001582610586   -0.00005458865977  
  8.680000   -0.00021124699752   -0.00072745844210    0.00001473443048   -0.00005388476567  
  8.690000   -0.00020660207602   -0.00070434904387    0.00001363349370   -0.00005312846712  
  8.700000   -0.00020175886758   -0.00068085107205    0.00001252964420   -0.00005230511277  
  8.710000   -0.00019667282860   -0.00065687072442    0.00001142942051   -0.00005139935473  
  8.720000   -0.00019129761053   -0.00063231007062    0.00001033956720   -0.00005039531394  
  8.730000   -0.00018558604984   -0.00060707010956    0.00000926705080   -0.00004927685135  
  8.740000   -0.00017949158660   -0.00058105498562    0.00000821906650   -0.00004802796730  
  8.750000   -0.00017297015687   -0.00055417741842    0.00000720302453   -0.00004663334701  
  8.760000   -0.00016598257391   -0.00052636530643    0.00000622650426   -0.00004507906149  
  8.770000   -0.00015849736938   -0.00049756934264    0.00000529716369   -0.00004335342010  
  8.780000   -0.00015049401073   -0.00046777133784    0.00000442259474   -0.00004144795462  
  8.790000   -0.00014196634759   -0.00043699279325    0.00000361011808   -0.00003935849384  
  8.800000   -0.00013292607249   -0.00040530311325    0.00000286651803   -0.00003708626623  
  8.810000   -0.00012340591766   -0.00037282671939    0.00000219772569   -0.00003463894622  
  8.820000   -0.00011346225859   -0.00033974823917    0.00000160846774   -0.00003203154147  
  8.830000   -0.00010317676514   -0.00030631491703    0.00000110190735   -0.00002928700632  
  8.840000   -0.00009265674330   -0.00027283544918    0.00000067931145   -0.00002643646442  
  8.850000   -0.00008203385060   -0.00023967459023    0.00000033978377   -0.00002351893350  
  8.860000   -0.00007146095202   -0.00020724312168    0.00000008010377   -0.00002058046920  
  8.870000   -0.00006110700833   -0.00017598310273   -0.00000010529252   -0.00001767268337  
  8.880000   -0.00005115005160   -0.00014634872341   -0.00000022416360   -0.00001485064311  
  8.890000   -0.00004176848854   -0.00011878351657   -0.00000028613438   -0.00001217021684  
  8.900000   -0.00003313116631   -0.00009369511821   -0.00000030219653   -0.00000968499696  
  8.910000   -0.00002538681451   -0.00007142914622   -0.00000028406606   -0.00000744298871  
  8.920000   -0.00001865361950   -0.00005224404813   -0.00000024344670   -0.00000548330349  
  8.930000   -0.00001300977045   -0.00003628890511   -0.00000019126420   -0.00000383312499  
  8.940000   -0.00000848582466   -0.00002358614056   -0.00000013694662   -0.00000250522239  
  8.950000   -0.00000505966174   -0.00001402085189   -0.00000008782708   -0.00000149626269  
  8.960000   -0.00000265463317   -0.00000733807032   -0.00000004873743   -0.00000078612347  
  8.970000   -0.00000114127545   -0.00000314868282   -0.00000002184378   -0.00000033833179  
  8.980000   -0.00000034266273   -0.00000094407137   -0.00000000674983   -0.00000010166041  
  8.990000   -0.00000004315645   -0.00000011880176   -0.00000000086458   -0.00000001280944  
  9.000000   -0.00000000000000    0.00000000000000   -0.00000000000000    0.00000000000000  
