  0.000000    0.25906974742089    0.00000000000000  
  0.010000    0.25916531754853    0.02014326148929  
  0.020000    0.25945188973857    0.04026927484345  
  0.030000    0.25992904977843    0.06036081084960  
  0.040000    0.26059610853228    0.08040067821529  
  0.050000    0.26145210376248    0.10037174271726  
  0.060000    0.26249580266690    0.12025694657286  
  0.070000    0.26372570511987    0.14003932810191  
  0.080000    0.26514004760058    0.15970204174206  
  0.090000    0.26673680779003    0.17922837847386  
  0.100000    0.26851370981383    0.19860178670459  
  0.110000    0.27046823010579    0.21780589365095  
  0.120000    0.27259760386378    0.23682452725164  
  0.130000    0.27489883206710    0.25564173862998  
  0.140000    0.27736868902206    0.27424182511599  
  0.150000    0.28000373040010    0.29260935382549  
  0.160000    0.28280030173113    0.31072918578138  
  0.170000    0.28575454731266    0.32858650055005  
  0.180000    0.28886241949416    0.34616682135265  
  0.190000    0.29211968829482    0.36345604059850  
  0.200000    0.29552195131180    0.38044044577471  
  0.210000    0.29906464387578    0.39710674561388  
  0.220000    0.30274304940988    0.41344209644920  
  0.230000    0.30655230994836    0.42943412865484  
  0.240000    0.31048743677141    0.44507097305815  
  0.250000    0.31454332111301    0.46034128720017  
  0.260000    0.31871474489966    0.47523428131125  
  0.270000    0.32299639147850    0.48973974386042  
  0.280000    0.32738285629509    0.50384806652978  
  0.290000    0.33186865748220    0.51755026845908  
  0.300000    0.33644824632284    0.53083801960105  
  0.310000    0.34111601755291    0.54370366302463  
  0.320000    0.34586631947049    0.55614023600138  
  0.330000    0.35069346382162    0.56814148970994  
  0.340000    0.35559173543447    0.57970190739473  
  0.350000    0.36055540157648    0.59081672081752  
  0.360000    0.36557872101191    0.60148192484509  
  0.370000    0.37065595273953    0.61169429002194  
  0.380000    0.37578136439363    0.62145137298431  
  0.390000    0.38094924029377    0.63075152458099  
  0.400000    0.38615388913194    0.63959389557624  
  0.410000    0.39138965128860    0.64797843982253  
  0.420000    0.39665090577166    0.65590591480323  
  0.430000    0.40193207677562    0.66337787946006  
  0.440000    0.40722763986045    0.67039668923525  
  0.450000    0.41253212775251    0.67696548827487  
  0.460000    0.41784013577240    0.68308819875674  
  0.470000    0.42314632689684    0.68876950732456  
  0.480000    0.42844543646387    0.69401484862823  
  0.490000    0.43373227653290    0.69883038598922  
  0.500000    0.43900173991277    0.70322298922934  
  0.510000    0.44424880387274    0.70720020972018  
  0.520000    0.44946853355290    0.71077025273016  
  0.530000    0.45465608509146    0.71394194716491  
  0.540000    0.45980670848783    0.71672471281554  
  0.550000    0.46491575022084    0.71912852524732  
  0.560000    0.46997865564225    0.72116387847910  
  0.570000    0.47499097116600    0.72284174561990  
  0.580000    0.47994834627391    0.72417353764502  
  0.590000    0.48484653535821    0.72517106050854  
  0.600000    0.48968139942136    0.72584647080180  
  0.610000    0.49444890765272    0.72621223017988  
  0.620000    0.49914513890131    0.72628105878787  
  0.630000    0.50376628306271    0.72606588792758  
  0.640000    0.50830864239740    0.72557981221251  
  0.650000    0.51276863279620    0.72483604146385  
  0.660000    0.51714278500759    0.72384785260402  
  0.670000    0.52142774583975    0.72262854180555  
  0.680000    0.52562027934890    0.72119137715311  
  0.690000    0.52971726802343    0.71954955207410  
  0.700000    0.53371571397197    0.71771613978929  
  0.710000    0.53761274012123    0.71570404902899  
  0.720000    0.54140559142784    0.71352598125267  
  0.730000    0.54509163610649    0.71119438960013  
  0.740000    0.54866836687459    0.70872143979160  
  0.750000    0.55213340221188    0.70611897318079  
  0.760000    0.55548448763165    0.70339847215119  
  0.770000    0.55871949695818    0.70057102802953  
  0.780000    0.56183643360351    0.69764731167387  
  0.790000    0.56483343183498    0.69463754687534  
  0.800000    0.56770875802320    0.69155148669327  
  0.810000    0.57046081185915    0.68839839282369  
  0.820000    0.57308812752735    0.68518701808019  
  0.830000    0.57558937482138    0.68192559204497  
  0.840000    0.57796336018664    0.67862180992623  
  0.850000    0.58020902767476    0.67528282463619  
  0.860000    0.58232545979337    0.67191524208213  
  0.870000    0.58431187823438    0.66852511964128  
  0.880000    0.58616764446396    0.66511796776871  
  0.890000    0.58789226015697    0.66169875466668  
  0.900000    0.58948536745911    0.65827191392366  
  0.910000    0.59094674906024    0.65484135501163  
  0.920000    0.59227632806266    0.65141047651196  
  0.930000    0.59347416762923    0.64798218192264  
  0.940000    0.59454047039674    0.64455889788373  
  0.950000    0.59547557764125    0.64114259464294  
  0.960000    0.59627996818302    0.63773480857010  
  0.970000    0.59695425702055    0.63433666651737  
  0.980000    0.59749919368408    0.63094891181238  
  0.990000    0.59791566030106    0.62757193166271  
  1.000000    0.59820466936773    0.62420578574390  
  1.010000    0.59836736122245    0.62085023573837  
  1.020000    0.59840500121891    0.61750477558970  
  1.030000    0.59831897659876    0.61416866223584  
  1.040000    0.59811079306575    0.61084094658554  
  1.050000    0.59778207106491    0.60752050450504  
  1.060000    0.59733454177315    0.60420606758652  
  1.070000    0.59677004280885    0.60089625347593  
  1.080000    0.59609051367077    0.59758959554584  
  1.090000    0.59529799091815    0.59428457170824  
  1.100000    0.59439460310587    0.59097963217336  
  1.110000    0.59338256549059    0.58767322597270  
  1.120000    0.59226417452530    0.58436382607846  
  1.130000    0.59104180216132    0.58104995296587  
  1.140000    0.58971788997862    0.57773019648117  
  1.150000    0.58829494316634    0.57440323589428  
  1.160000    0.58677552437681    0.57106785803287  
  1.170000    0.58516224747736    0.56772297341232  
  1.180000    0.58345777122520    0.56436763029450  
  1.190000    0.58166479289128    0.56100102662691  
  1.200000    0.57978604185949    0.55762251983244  
  1.210000    0.57782427322817    0.55423163443858  
  1.220000    0.57578226144081    0.55082806755342  
  1.230000    0.57366279397279    0.54741169221379  
  1.240000    0.57146866510100    0.54398255864828  
  1.250000    0.56920266978250    0.54054089351495  
  1.260000    0.56686759766784    0.53708709718918  
  1.270000    0.56446622727400    0.53362173919274  
  1.280000    0.56200132034076    0.53014555186854  
  1.290000    0.55947561639327    0.52665942241901  
  1.300000    0.55689182753222    0.52316438343712  
  1.310000    0.55425263347168    0.51966160206988  
  1.320000    0.55156067684301    0.51615236796237  
  1.330000    0.54881855878145    0.51263808013842  
  1.340000    0.54602883481042    0.50912023297933  
  1.350000    0.54319401103644    0.50560040146679  
  1.360000    0.54031654066565    0.50208022585861  
  1.370000    0.53739882085086    0.49856139596728  
  1.380000    0.53444318987599    0.49504563521096  
  1.390000    0.53145192468260    0.49153468460458  
  1.400000    0.52842723874097    0.48803028685538  
  1.410000    0.52537128026629    0.48453417072260  
  1.420000    0.52228613077808    0.48104803579451  
  1.430000    0.51917380399916    0.47757353782887  
  1.440000    0.51603624508822    0.47411227479407  
  1.450000    0.51287533019835    0.47066577373839  
  1.460000    0.50969286635158    0.46723547860414  
  1.470000    0.50649059161825    0.46382273909180  
  1.480000    0.50327017558780    0.46042880066660  
  1.490000    0.50003322011642    0.45705479578723  
  1.500000    0.49678126033536    0.45370173642256  
  1.510000    0.49351576590248    0.45037050790827  
  1.520000    0.49023814247854    0.44706186418116  
  1.530000    0.48694973340858    0.44377642441455  
  1.540000    0.48365182158827    0.44051467106384  
  1.550000    0.48034563149397    0.43727694931708  
  1.560000    0.47703233135531    0.43406346793187  
  1.570000    0.47371303544837    0.43087430142589  
  1.580000    0.47038880648764    0.42770939357616  
  1.590000    0.46706065809487    0.42456856216918  
  1.600000    0.46372955732331    0.42145150493316  
  1.610000    0.46039642721585    0.41835780657259  
  1.620000    0.45706214937652    0.41528694681581  
  1.630000    0.45372756653518    0.41223830937751  
  1.640000    0.45039348508621    0.40921119173055  
  1.650000    0.44706067758286    0.40620481557517  
  1.660000    0.44372988517009    0.40321833788809  
  1.670000    0.44040181993983    0.40025086243034  
  1.680000    0.43707716719391    0.39730145158972  
  1.690000    0.43375658760136    0.39436913843235  
  1.700000    0.43044071923803    0.39145293883742  
  1.710000    0.42713017949818    0.38855186359042  
  1.720000    0.42382556686923    0.38566493031222  
  1.730000    0.42052746256217    0.38279117510474  
  1.740000    0.41723643199222    0.37992966379867  
  1.750000    0.41395302610546    0.37707950269406  
  1.760000    0.41067778254899    0.37423984869128  
  1.770000    0.40741122668377    0.37140991871755  
  1.780000    0.40415387244067    0.36858899836231  
  1.790000    0.40090622302194    0.36577644964410  
  1.800000    0.39766877145146    0.36297171784116  
  1.810000    0.39444200097885    0.36017433732852  
  1.820000    0.39122638534342    0.35738393637489  
  1.830000    0.38802238890532    0.35460024086384  
  1.840000    0.38483046665232    0.35182307691517  
  1.850000    0.38165106409149    0.34905237239352  
  1.860000    0.37848461703597    0.34628815730294  
  1.870000    0.37533155129777    0.34353056307725  
  1.880000    0.37219228229813    0.34077982078711  
  1.890000    0.36906721460729    0.33803625829540  
  1.900000    0.36595674142614    0.33530029640281  
  1.910000    0.36286124402219    0.33257244403522  
  1.920000    0.35978109113236    0.32985329253361  
  1.930000    0.35671663834545    0.32714350911551  
  1.940000    0.35366822747625    0.32444382958474  
  1.950000    0.35063618594377    0.32175505037284  
  1.960000    0.34762082616501    0.31907802000152  
  1.970000    0.34462244497555    0.31641363006014  
  1.980000    0.34164132308743    0.31376280579645  
  1.990000    0.33867772459430    0.31112649642132  
  2.000000    0.33573189653267    0.30850566523031  
  2.010000    0.33280406850756    0.30590127964543  
  2.020000    0.32989445238975    0.30331430128041  
  2.030000    0.32700324209086    0.30074567613126  
  2.040000    0.32413061342141    0.29819632499186  
  2.050000    0.32127672403603    0.29566713419060  
  2.060000    0.31844171346885    0.29315894674037  
  2.070000    0.31562570326094    0.29067255398867  
  2.080000    0.31282879718072    0.28820868784882  
  2.090000    0.31005108153691    0.28576801368667  
  2.100000    0.30729262558287    0.28335112392967  
  2.110000    0.30455348200977    0.28095853245718  
  2.120000    0.30183368752536    0.27859066982260  
  2.130000    0.29913326351387    0.27624787934874  
  2.140000    0.29645221677196    0.27393041412872  
  2.150000    0.29379054031465    0.27163843495527  
  2.160000    0.29114821424443    0.26937200919142  
  2.170000    0.28852520667616    0.26713111058623  
  2.180000    0.28592147470978    0.26491562002924  
  2.190000    0.28333696544234    0.26272532722817  
  2.200000    0.28077161701040    0.26055993328487  
  2.210000    0.27822535965387    0.25841905413585  
  2.220000    0.27569811679173    0.25630222481521  
  2.230000    0.27318980610029    0.25420890448958  
  2.240000    0.27070034058468    0.25213848220766  
  2.250000    0.26822962963407    0.25009028329990  
  2.260000    0.26577758005178    0.24806357635790  
  2.270000    0.26334409705122    0.24605758071783  
  2.280000    0.26092908520954    0.24407147436778  
  2.290000    0.25853244937080    0.24210440219512  
  2.300000    0.25615409549149    0.24015548448740  
  2.310000    0.25379393142156    0.23822382559832  
  2.320000    0.25145186761485    0.23630852268945  
  2.330000    0.24912781776374    0.23440867445832  
  2.340000    0.24682169935328    0.23252338976427  
  2.350000    0.24453343413134    0.23065179606533  
  2.360000    0.24226294849176    0.22879304758204  
  2.370000    0.24001017376864    0.22694633310734  
  2.380000    0.23777504644068    0.22511088338614  
  2.390000    0.23555750824548    0.22328597799307  
  2.400000    0.23335750620448    0.22147095164252  
  2.410000    0.23117499256022    0.21966519987139  
  2.420000    0.22900992462839    0.21786818404181  
  2.430000    0.22686226456799    0.21607943561841  
  2.440000    0.22473197907372    0.21429855968243  
  2.450000    0.22261903899541    0.21252523765293  
  2.460000    0.22052341889009    0.21075922919384  
  2.470000    0.21844509651280    0.20900037329363  
  2.480000    0.21638405225278    0.20724858851347  
  2.490000    0.21434026852246    0.20550387240760  
  2.500000    0.21231372910661    0.20376630012840  
  2.510000    0.21030441847978    0.20203602223688  
  2.520000    0.20831232109999    0.20031326174688  
  2.530000    0.20633742068733    0.19859831043920  
  2.540000    0.20437969949558    0.19689152448889  
  2.550000    0.20243913758546    0.19519331945561  
  2.560000    0.20051571210771    0.19350416469308  
  2.570000    0.19860939660430    0.19182457723916  
  2.580000    0.19672016033545    0.19015511525296  
  2.590000    0.19484796764015    0.18849637106945  
  2.600000    0.19299277733734    0.18684896394558  
  2.610000    0.19115454217430    0.18521353257436  
  2.620000    0.18933320832840    0.18359072744522  
  2.630000    0.18752871496790    0.18198120313023  
  2.640000    0.18574099387637    0.18038561057554  
  2.650000    0.18396996914515    0.17880458947722  
  2.660000    0.18221555693720    0.17723876081900  
  2.670000    0.18047766532497    0.17568871964742  
  2.680000    0.17875619420432    0.17415502815682  
  2.690000    0.17705103528532    0.17263820915316  
  2.700000    0.17536207216058    0.17113873996111  
  2.710000    0.17368918045023    0.16965704683415  
  2.720000    0.17203222802246    0.16819349992176  
  2.730000    0.17039107528747    0.16674840884174  
  2.740000    0.16876557556199    0.16532201889939  
  2.750000    0.16715557550081    0.16391450798823  
  2.760000    0.16556091559111    0.16252598419996  
  2.770000    0.16398143070472    0.16115648416373  
  2.780000    0.16241695070289    0.15980597212761  
  2.790000    0.16086730108762    0.15847433978699  
  2.800000    0.15933230369310    0.15716140685757  
  2.810000    0.15781177741053    0.15586692238255  
  2.820000    0.15630553893919    0.15459056675660  
  2.830000    0.15481340355635    0.15333195444161  
  2.840000    0.15333518589857    0.15209063734275  
  2.850000    0.15187070074672    0.15086610880648  
  2.860000    0.15041976380716    0.14965780819621  
  2.870000    0.14898219248136    0.14846512599573  
  2.880000    0.14755780661679    0.14728740938528  
  2.890000    0.14614642923155    0.14612396823085  
  2.900000    0.14474788720607    0.14497408142330  
  2.910000    0.14336201193516    0.14383700350064  
  2.920000    0.14198863993429    0.14271197148463  
  2.930000    0.14062761339442    0.14159821186058  
  2.940000    0.13927878068023    0.14049494762864  
  2.950000    0.13794199676713    0.13940140535434  
  2.960000    0.13661712361316    0.13831682214641  
  2.970000    0.13530403046256    0.13724045249148  
  2.980000    0.13400259407822    0.13617157487666  
  2.990000    0.13271269890135    0.13510949813379  
  3.000000    0.13143423713708    0.13405356744235  
  3.010000    0.13016710876572    0.13300316993178  
  3.020000    0.12891122147983    0.13195773982828  
  3.030000    0.12766649054836    0.13091676309640  
  3.040000    0.12643283860957    0.12987978153074  
  3.050000    0.12521019539514    0.12884639625925  
  3.060000    0.12399849738884    0.12781627062571  
  3.070000    0.12279768742330    0.12678913242530  
  3.080000    0.12160771421956    0.12576477547423  
  3.090000    0.12042853187408    0.12474306050103  
  3.100000    0.11926009929885    0.12372391535404  
  3.110000    0.11810237962040    0.12270733452688  
  3.120000    0.11695533954407    0.12169337801037  
  3.130000    0.11581894869000    0.12068216948632  
  3.140000    0.11469317890782    0.11967389388515  
  3.150000    0.11357800357699    0.11866879433568  
  3.160000    0.11247339690001    0.11766716854151  
  3.170000    0.11137933319555    0.11666936462411  
  3.180000    0.11029578619879    0.11567577647771  
  3.190000    0.10922272837599    0.11468683868619  
  3.200000    0.10816013026004    0.11370302105610  
  3.210000    0.10710795981384    0.11272482282355  
  3.220000    0.10606618182768    0.11175276659610  
  3.230000    0.10503475735665    0.11078739209257  
  3.240000    0.10401364320358    0.10982924974607  
  3.250000    0.10300279145266    0.10887889423603  
  3.260000    0.10200214905821    0.10793687801585  
  3.270000    0.10101165749254    0.10700374490230  
  3.280000    0.10003125245635    0.10608002379173  
  3.290000    0.09906086365428    0.10516622256679  
  3.300000    0.09810041463782    0.10426282225497  
  3.310000    0.09714982271675    0.10337027149720  
  3.320000    0.09620899894001    0.10248898138184  
  3.330000    0.09527784814582    0.10161932069468  
  3.340000    0.09435626908042    0.10076161163173  
  3.350000    0.09344415458402    0.09991612601619  
  3.360000    0.09254139184193    0.09908308205590  
  3.370000    0.09164786269810    0.09826264167169  
  3.380000    0.09076344402777    0.09745490842133  
  3.390000    0.08988800816540    0.09665992603727  
  3.400000    0.08902142338329    0.09587767759028  
  3.410000    0.08816355441604    0.09510808528451  
  3.420000    0.08731426302554    0.09435101088314  
  3.430000    0.08647340860049    0.09360625675714  
  3.440000    0.08564084878461    0.09287356754362  
  3.450000    0.08481644012699    0.09215263239388  
  3.460000    0.08400003874803    0.09144308778540  
  3.470000    0.08319150101437    0.09074452086646  
  3.480000    0.08239068421586    0.09005647329664  
  3.490000    0.08159744723793    0.08937844554162  
  3.500000    0.08081165122256    0.08870990157634  
  3.510000    0.08003316021125    0.08805027394645  
  3.520000    0.07926184176364    0.08739896913469  
  3.530000    0.07849756754566    0.08675537317587  
  3.540000    0.07774021388131    0.08611885746186  
  3.550000    0.07698966226275    0.08548878467637  
  3.560000    0.07624579981359    0.08486451479822  
  3.570000    0.07550851970091    0.08424541111118  
  3.580000    0.07477772149197    0.08363084615910  
  3.590000    0.07405331145226    0.08302020758532  
  3.600000    0.07333520278186    0.08241290379731  
  3.610000    0.07262331578806    0.08180836939915  
  3.620000    0.07191757799256    0.08120607033728  
  3.630000    0.07121792417226    0.08060550870807  
  3.640000    0.07052429633359    0.08000622717942  
  3.650000    0.06983664362044    0.07940781298266  
  3.660000    0.06915492215705    0.07880990143582  
  3.670000    0.06847909482735    0.07821217896405  
  3.680000    0.06780913099320    0.07761438558837  
  3.690000    0.06714500615437    0.07701631685949  
  3.700000    0.06648670155379    0.07641782521913  
  3.710000    0.06583420373214    0.07581882077737  
  3.720000    0.06518750403625    0.07521927150021  
  3.730000    0.06454659808635    0.07461920280813  
  3.740000    0.06391148520748    0.07401869659181  
  3.750000    0.06328216783083    0.07341788965776  
  3.760000    0.06265865087105    0.07281697162174  
  3.770000    0.06204094108566    0.07221618227404  
  3.780000    0.06142904642306    0.07161580844545  
  3.790000    0.06082297536558    0.07101618040822  
  3.800000    0.06022273627416    0.07041766785049  
  3.810000    0.05962833674109    0.06982067546730  
  3.820000    0.05903978295724    0.06922563821463  
  3.830000    0.05845707910015    0.06863301627661  
  3.840000    0.05788022674875    0.06804328979837  
  3.850000    0.05730922433082    0.06745695343959  
  3.860000    0.05674406660820    0.06687451080504  
  3.870000    0.05618474420523    0.06629646880977  
  3.880000    0.05563124318453    0.06572333203696  
  3.890000    0.05508354467470    0.06515559714614  
  3.900000    0.05454162455313    0.06459374738900  
  3.910000    0.05400545318723    0.06403824728857  
  3.920000    0.05347499523638    0.06348953753566  
  3.930000    0.05295020951646    0.06294803015405  
  3.940000    0.05243104892819    0.06241410398308  
  3.950000    0.05191746044987    0.06188810052262  
  3.960000    0.05140938519440    0.06137032018180  
  3.970000    0.05090675852986    0.06086101896843  
  3.980000    0.05040951026241    0.06036040565147  
  3.990000    0.04991756487944    0.05986863942381  
  4.000000    0.04943084185043    0.05938582808773  
  4.010000    0.04894925598248    0.05891202677945  
  4.020000    0.04847271782672    0.05844723724426  
  4.030000    0.04800113413156    0.05799140766735  
  4.040000    0.04753440833798    0.05754443306033  
  4.050000    0.04707244111203    0.05710615619734  
  4.060000    0.04661513090899    0.05667636908931  
  4.070000    0.04616237456351    0.05625481497921  
  4.080000    0.04571406789979    0.05584119083603  
  4.090000    0.04527010635562    0.05543515032019  
  4.100000    0.04483038561403    0.05503630718812  
  4.110000    0.04439480223617    0.05464423909967  
  4.120000    0.04396325428904    0.05425849178777  
  4.130000    0.04353564196185    0.05387858354622  
  4.140000    0.04311186816470    0.05350400998844  
  4.150000    0.04269183910377    0.05313424902731  
  4.160000    0.04227546482702    0.05276876602420  
  4.170000    0.04186265973519    0.05240701905350  
  4.180000    0.04145334305281    0.05204846422837  
  4.190000    0.04104743925459    0.05169256103242  
  4.200000    0.04064487844294    0.05133877760262  
  4.210000    0.04024559667278    0.05098659590916  
  4.220000    0.03984953622052    0.05063551677912  
  4.230000    0.03945664579434    0.05028506471296  
  4.240000    0.03906688068392    0.04993479244452  
  4.250000    0.03868020284787    0.04958428519867  
  4.260000    0.03829658093812    0.04923316460337  
  4.270000    0.03791599026103    0.04888109221702  
  4.280000    0.03753841267550    0.04852777263576  
  4.290000    0.03716383642923    0.04817295615000  
  4.300000    0.03679225593452    0.04781644092395  
  4.310000    0.03642367148612    0.04745807467713  
  4.320000    0.03605808892363    0.04709775585179  
  4.330000    0.03569551924200    0.04673543425561  
  4.340000    0.03533597815385    0.04637111117457  
  4.350000    0.03497948560800    0.04600483895596  
  4.360000    0.03462606526895    0.04563672006740  
  4.370000    0.03427574396248    0.04526690564285  
  4.380000    0.03392855109278    0.04489559353176  
  4.390000    0.03358451803694    0.04452302587284  
  4.400000    0.03324367752275    0.04414948621844  
  4.410000    0.03290606299599    0.04377529624035  
  4.420000    0.03257170798334    0.04340081205191  
  4.430000    0.03224064545737    0.04302642018518  
  4.440000    0.03191290720975    0.04265253326533  
  4.450000    0.03158852323893    0.04227958542768  
  4.460000    0.03126752115824    0.04190802752486  
  4.470000    0.03094992563041    0.04153832217418  
  4.480000    0.03063575783391    0.04117093869632  
  4.490000    0.03032503496644    0.04080634799780  
  4.500000    0.03001776979053    0.04044501744998  
  4.510000    0.02971397022558    0.04008740581721  
  4.520000    0.02941363899049    0.03973395828644  
  4.530000    0.02911677330027    0.03938510164889  
  4.540000    0.02882336461976    0.03904123968333  
  4.550000    0.02853339847670    0.03870274878790  
  4.560000    0.02824685433609    0.03836997390488  
  4.570000    0.02796370553707    0.03804322477986  
  4.580000    0.02768391929288    0.03772277259299  
  4.590000    0.02740745675380    0.03740884699624  
  4.600000    0.02713427313267    0.03710163358648  
  4.610000    0.02686431789144    0.03680127183927  
  4.620000    0.02659753498709    0.03650785352401  
  4.630000    0.02633386317440    0.03622142161555  
  4.640000    0.02607323636249    0.03594196971273  
  4.650000    0.02581558402175    0.03566944196877  
  4.660000    0.02556083163694    0.03540373353324  
  4.670000    0.02530890120206    0.03514469150025  
  4.680000    0.02505971175207    0.03489211635207  
  4.690000    0.02481317992612    0.03464576388249  
  4.700000    0.02456922055678    0.03440534757923  
  4.710000    0.02432774727934    0.03417054144019  
  4.720000    0.02408867315523    0.03394098319371  
  4.730000    0.02385191130320    0.03371627788902  
  4.740000    0.02361737553220    0.03349600181941  
  4.750000    0.02338498096947    0.03327970673714  
  4.760000    0.02315464467778    0.03306692431617  
  4.770000    0.02292628625550    0.03285717081656  
  4.780000    0.02269982841364    0.03264995190206  
  4.790000    0.02247519752409    0.03244476756120  
  4.800000    0.02225232413355    0.03224111708097  
  4.810000    0.02203114343810    0.03203850402192  
  4.820000    0.02181159571354    0.03183644114346  
  4.830000    0.02159362669732    0.03163445522871  
  4.840000    0.02137718791811    0.03143209175939  
  4.850000    0.02116223696978    0.03122891939293  
  4.860000    0.02094873772696    0.03102453419592  
  4.870000    0.02073666049996    0.03081856359065  
  4.880000    0.02052598212751    0.03061066997460  
  4.890000    0.02031668600632    0.03040055397592  
  4.900000    0.02010876205702    0.03018795731206  
  4.910000    0.01990220662681    0.02997266522231  
  4.920000    0.01969702232973    0.02975450845012  
  4.930000    0.01949321782597    0.02953336475502  
  4.940000    0.01929080754237    0.02930915993928  
  4.950000    0.01908981133688    0.02908186837929  
  4.960000    0.01889025411003    0.02885151305670  
  4.970000    0.01869216536740    0.02861816508955  
  4.980000    0.01849557873726    0.02838194276884  
  4.990000    0.01830053144804    0.02814301011076  
  5.000000    0.01810706377084    0.02790157494022  
  5.010000    0.01791521843235    0.02765788652568  
  5.020000    0.01772504000412    0.02741223279012  
  5.030000    0.01753657427389    0.02716493712726  
  5.040000    0.01734986760550    0.02691635485608  
  5.050000    0.01716496629346    0.02666686935062  
  5.060000    0.01698191591868    0.02641688788488  
  5.070000    0.01680076071168    0.02616683723617  
  5.080000    0.01662154292960    0.02591715909204  
  5.090000    0.01644430225326    0.02566830530845  
  5.100000    0.01626907521014    0.02542073306793  
  5.110000    0.01609589462914    0.02517489998776  
  5.120000    0.01592478913263    0.02493125922850  
  5.130000    0.01575578267061    0.02469025465327  
  5.140000    0.01558889410208    0.02445231608749  
  5.150000    0.01542413682742    0.02421785472794  
  5.160000    0.01526151847591    0.02398725874828  
  5.170000    0.01510104065127    0.02376088914610  
  5.180000    0.01494269873808    0.02353907587428  
  5.190000    0.01478648177103    0.02332211429626  
  5.200000    0.01463237236843    0.02311026200161  
  5.210000    0.01448034673079    0.02290373601460  
  5.220000    0.01433037470468    0.02270271042432  
  5.230000    0.01418241991129    0.02250731446065  
  5.240000    0.01403643993866    0.02231763103583  
  5.250000    0.01389238659586    0.02213369576639  
  5.260000    0.01375020622659    0.02195549648564  
  5.270000    0.01360984007948    0.02178297325145  
  5.280000    0.01347122473140    0.02161601884940  
  5.290000    0.01333429255986    0.02145447978580  
  5.300000    0.01319897225984    0.02129815776074  
  5.310000    0.01306518940023    0.02114681160554  
  5.320000    0.01293286701428    0.02100015966512  
  5.330000    0.01280192621855    0.02085788260042  
  5.340000    0.01267228685422    0.02071962658238  
  5.350000    0.01254386814442    0.02058500684445  
  5.360000    0.01241658936130    0.02045361155720  
  5.370000    0.01229037049621    0.02032500598529  
  5.380000    0.01216513292633    0.02019873688396  
  5.390000    0.01204080007125    0.02007433708997  
  5.400000    0.01191729803296    0.01995133025973  
  5.410000    0.01179455621288    0.01982923570598  
  5.420000    0.01167250789969    0.01970757328320  
  5.430000    0.01155109082228    0.01958586827153  
  5.440000    0.01143024766194    0.01946365620897  
  5.450000    0.01130992651887    0.01934048762204  
  5.460000    0.01119008132806    0.01921593260609  
  5.470000    0.01107067222043    0.01908958520822  
  5.480000    0.01095166582517    0.01896106756732  
  5.490000    0.01083303551050    0.01883003376859  
  5.500000    0.01071476155980    0.01869617337261  
  5.510000    0.01059683128140    0.01855921458229  
  5.520000    0.01047923905065    0.01841892701488  
  5.530000    0.01036198628336    0.01827512405007  
  5.540000    0.01024508134092    0.01812766472953  
  5.550000    0.01012853936737    0.01797645518801  
  5.560000    0.01001238206004    0.01782144960058  
  5.570000    0.00989663737549    0.01766265063574  
  5.580000    0.00978133917344    0.01750010940915  
  5.590000    0.00966652680187    0.01733392493777  
  5.600000    0.00955224462707    0.01716424309923  
  5.610000    0.00943854151301    0.01699125510661  
  5.620000    0.00932547025482    0.01681519551337  
  5.630000    0.00921308697177    0.01663633976835  
  5.640000    0.00910145046538    0.01645500134506  
  5.650000    0.00899062154885    0.01627152847422  
  5.660000    0.00888066235419    0.01608630051224  
  5.670000    0.00877163562357    0.01589972398231  
  5.680000    0.00866360399195    0.01571222832817  
  5.690000    0.00855662926763    0.01552426142352  
  5.700000    0.00845077171802    0.01533628488259  
  5.710000    0.00834608936731    0.01514876921965  
  5.720000    0.00824263731318    0.01496218890672  
  5.730000    0.00814046706909    0.01477701737984  
  5.740000    0.00803962593879    0.01459372204502  
  5.750000    0.00794015642926    0.01441275933501  
  5.760000    0.00784209570797    0.01423456986743  
  5.770000    0.00774547510995    0.01405957375439  
  5.780000    0.00765031969978    0.01388816611160  
  5.790000    0.00755664789298    0.01372071281353  
  5.800000    0.00746447114087    0.01355754653875  
  5.810000    0.00737379368219    0.01339896314640  
  5.820000    0.00728461236447    0.01324521842177  
  5.830000    0.00719691653702    0.01309652522535  
  5.840000    0.00711068801727    0.01295305107526  
  5.850000    0.00702590113102    0.01281491618934  
  5.860000    0.00694252282673    0.01268219200776  
  5.870000    0.00686051286323    0.01255490021307  
  5.880000    0.00677982406945    0.01243301225874  
  5.890000    0.00670040267417    0.01231644941286  
  5.900000    0.00662218870298    0.01220508331801  
  5.910000    0.00654511643921    0.01209873706326  
  5.920000    0.00646911494465    0.01199718675904  
  5.930000    0.00639410863559    0.01190016360053  
  5.940000    0.00632001790895    0.01180735640028  
  5.950000    0.00624675981293    0.01171841456582  
  5.960000    0.00617424875593    0.01163295149367  
  5.970000    0.00610239724737    0.01155054834672  
  5.980000    0.00603111666350    0.01147075817807  
  5.990000    0.00596031803102    0.01139311036076  
  6.000000    0.00588991282132    0.01131711527966  
  6.010000    0.00581981374766    0.01124226923899  
  6.020000    0.00574993555799    0.01116805953659  
  6.030000    0.00568019581556    0.01109396965438  
  6.040000    0.00561051566015    0.01101948451278  
  6.050000    0.00554082054224    0.01094409573653  
  6.060000    0.00547104092335    0.01086730687852  
  6.070000    0.00540111293533    0.01078863854892  
  6.080000    0.00533097899231    0.01070763339744  
  6.090000    0.00526058834915    0.01062386089782  
  6.100000    0.00518989760063    0.01053692188556  
  6.110000    0.00511887111643    0.01044645280212  
  6.120000    0.00504748140709    0.01035212960156  
  6.130000    0.00497570941725    0.01025367127880  
  6.140000    0.00490354474267    0.01015084298237  
  6.150000    0.00483098576847    0.01004345867843  
  6.160000    0.00475803972679    0.00993138333709  
  6.170000    0.00468472267253    0.00981453461702  
  6.180000    0.00461105937686    0.00969288402881  
  6.190000    0.00453708313883    0.00956645756283  
  6.200000    0.00446283551615    0.00943533577277  
  6.210000    0.00438836597702    0.00929965331099  
  6.220000    0.00431373147556    0.00915959791746  
  6.230000    0.00423899595411    0.00901540886961  
  6.240000    0.00416422977660    0.00886737490528  
  6.250000    0.00408950909724    0.00871583163676  
  6.260000    0.00401491517032    0.00856115847861  
  6.270000    0.00394053360641    0.00840377511691  
  6.280000    0.00386645358183    0.00824413755235  
  6.290000    0.00379276700781    0.00808273375362  
  6.300000    0.00371956766684    0.00792007896175  
  6.310000    0.00364695032367    0.00775671068965  
  6.320000    0.00357500981879    0.00759318346393  
  6.330000    0.00350384015258    0.00743006335922  
  6.340000    0.00343353356810    0.00726792237717  
  6.350000    0.00336417964092    0.00710733272406  
  6.360000    0.00329586438423    0.00694886104226  
  6.370000    0.00322866937710    0.00679306265123  
  6.380000    0.00316267092419    0.00664047585413  
  6.390000    0.00309793925428    0.00649161636540  
  6.400000    0.00303453776506    0.00634697191368  
  6.410000    0.00297252232112    0.00620699707306  
  6.420000    0.00291194061143    0.00607210837313  
  6.430000    0.00285283157199    0.00594267973564  
  6.440000    0.00279522487868    0.00581903828225  
  6.450000    0.00273914051428    0.00570146055353  
  6.460000    0.00268458841248    0.00559016917464  
  6.470000    0.00263156818062    0.00548532999734  
  6.480000    0.00258006890093    0.00538704974142  
  6.490000    0.00253006900829    0.00529537415059  
  6.500000    0.00248153624004    0.00521028666880  
  6.510000    0.00243442765045    0.00513170763208  
  6.520000    0.00238868967879    0.00505949395787  
  6.530000    0.00234425825609    0.00499343929884  
  6.540000    0.00230105893041    0.00493327461056  
  6.550000    0.00225900698554    0.00487866906177  
  6.560000    0.00221800752188    0.00482923119377  
  6.570000    0.00217795546313    0.00478451021092  
  6.580000    0.00213873544710    0.00474399725986  
  6.590000    0.00210022155629    0.00470712653338  
  6.600000    0.00206227684363    0.00467327601867  
  6.610000    0.00202475261387    0.00464176770583  
  6.620000    0.00198748743267    0.00461186708666  
  6.630000    0.00195030585664    0.00458278181508  
  6.640000    0.00191301690949    0.00455365947807  
  6.650000    0.00187541237533    0.00452358454941  
  6.660000    0.00183726503929    0.00449157477496  
  6.670000    0.00179832707904    0.00445657747219  
  6.680000    0.00175832889460    0.00441746651526  
  6.690000    0.00171697875299    0.00437304110784  
  6.700000    0.00167396371004    0.00432202779533  
  6.710000    0.00162895234152    0.00426308749710  
  6.720000    0.00158159985405    0.00419482959435  
  6.730000    0.00153155613605    0.00411583522463  
  6.740000    0.00147847723096    0.00402469183531  
  6.750000    0.00142204055444    0.00392004066183  
  6.760000    0.00136196392190    0.00380063806208  
  6.770000    0.00129802810162    0.00366543052120  
  6.780000    0.00123010217196    0.00351364164997  
  6.790000    0.00115817046281    0.00334486769925  
  6.800000    0.00108235934435    0.00315917613279  
  6.810000    0.00100296164598    0.00295719983737  
  6.820000    0.00092045611269    0.00274021785702  
  6.830000    0.00083551910976    0.00251021240711  
  6.840000    0.00074902583687    0.00226989164621  
  6.850000    0.00066203866533    0.00202266851034  
  6.860000    0.00057578089348    0.00177258800732  
  6.870000    0.00049159521846    0.00152419875613  
  6.880000    0.00041088749474    0.00128236909694  
  6.890000    0.00033505779562    0.00105205346760  
  6.900000    0.00026542227742    0.00083802044491  
  6.910000    0.00020313070346    0.00064455925596  
  6.920000    0.00014908554212    0.00047518598399  
  6.930000    0.00010386914890    0.00033237345672  
  6.940000    0.00006768555084    0.00021732937141  
  6.950000    0.00004032270447    0.00012984525206  
  6.960000    0.00002113980179    0.00006823431442  
  6.970000    0.00000908233716    0.00002936951922  
  6.980000    0.00000272538410    0.00000882462491  
  6.990000    0.00000034308641    0.00000111176645  
  7.000000   -0.00000000000000   -0.00000000000000  
