0	4.00833482754948
1	2.8772046353427463
2	2.1159280614010596
3	1.5952452636110888
4	1.2321049511035902
5	0.9740159868228944
6	0.7873517653005968
7	0.6500473368346106
8	0.5472267795603797
9	0.4686751656066131
10	0.4073326675648119
11	0.358321896829023
12	0.3182826620195849
13	0.2849048468601826
14	0.25659152707027966
15	0.23221569622095248
16	0.2109532327709212
17	0.1921781661945863
18	0.17540426587514008
19	0.1602559453273375
20	0.14645306568942512
21	0.13379836707230464
22	0.12216175766861255
23	0.11146094568243006
24	0.10164146885639258
25	0.09266023953463189
26	0.08447547914420343
27	0.0770434182724652
28	0.07031975207647413
29	0.06426266900943019
30	0.05883467672045067
31	0.05400195523767099
32	0.04973166026734794
33	0.045988684669397546
34	0.04273351254215104
35	0.039922095183366826
36	0.03750761597403651
37	0.035443174712668474
38	0.03368420536780461
39	0.032189850668848746
40	0.03092321791523848
41	0.02985100534122149
42	0.02894314556313523
43	0.028172855547077796
44	0.02751703065204252
45	0.02695657742295842
46	0.026476254701445573
47	0.02606387887538157
48	0.025709144694526856
49	0.025402562263586163
50	0.02513496368333456
51	0.024897724723164646
52	0.024683465054674364
53	0.024486756216668647
54	0.024304402637190997
55	0.024135125862661266
56	0.023978807404594387
57	0.023835647330776474
58	0.023705581006142906
59	0.023588105028199323
60	0.02348242902976713
61	0.02338773085884426
62	0.02330330909405252
63	0.023228556708957605
64	0.023162820668669405
65	0.02310527549785628
66	0.023054902111342535
67	0.023010572923356377
68	0.02297117313695001
69	0.022935681696063866
70	0.022903185314034537
71	0.022872857881529943
72	0.022843959176488148
73	0.02281587969117319
74	0.02278820979065796
75	0.022760782238987472
76	0.022733649533573704
77	0.022706999909988985
78	0.02268105493420039
79	0.02265599908512855
80	0.022631965017283574
81	0.022609059645250392
82	0.022587394197516295
83	0.022567088909885798
84	0.02254824995753101
85	0.022530939774516767
86	0.022515165159616327
87	0.022500891224133145
88	0.022488068649984545
89	0.022476653266350222
90	0.022466605442166724
91	0.02245787345048142
92	0.022450376073652262
93	0.02244399786406006
94	0.02243859926337062
95	0.022434033330971083
96	0.022430158834571598
97	0.022426845551883557
98	0.022423975094565066
99	0.0224214428862376
100	0.02241916319213951
101	0.022417073874832747
102	0.022415136116033886
103	0.022413327913081663
104	0.02241163520066511
105	0.02241004625986442
106	0.022408552068540276
107	0.022407150157009996
108	0.022405846770550818
109	0.022404653885432856
110	0.022403582135433392
111	0.022402634090767568
112	0.022401801974626587
113	0.02240107048417062
114	0.022400421948291102
115	0.022399840237502935
116	0.022399311784558017
117	0.02239882469785825
118	0.022398368026415687
119	0.022397932263318033
120	0.022397510487692267
121	0.022397098827948367
122	0.022396695673077633
123	0.022396300320331367
124	0.02239591223331427
125	0.0223955313985748
126	0.02239515916939519
127	0.022394798544578595
128	0.022394453402622937
129	0.022394127183814883
130	0.02239382196845572
131	0.022393538487781344
132	0.022393276791016926
133	0.022393036839654948
134	0.02239281854496863
135	0.022392621375985054
136	0.022392444039008412
137	0.022392284575544458
138	0.02239214077880938
139	0.022392010553310793
140	0.02239189196550999
141	0.022391783075261663
142	0.022391681839788336
143	0.022391586272114426
144	0.02239149476121157
145	0.0223914063022981
146	0.022391320474301982
147	0.022391237220453816
148	0.022391156620339917
149	0.02239107878832541
150	0.022391003882663053
151	0.022390932120203613
152	0.022390863729491436
153	0.022390798870714466
154	0.022390737594231908
155	0.022390679865932947
156	0.022390625618495936
157	0.02239057477019203
158	0.0223905271987402
159	0.022390482710810993
160	0.022390441051868586
161	0.022390401957312997
162	0.022390365204139326
163	0.022390330623970046
164	0.022390298076413854
165	0.02239026741502785
166	0.02239023847678772
167	0.022390211098256785
168	0.022390185138609554
169	0.022390160490662368
170	0.022390137078117885
171	0.022390114849073488
172	0.022390093772762413
173	0.022390073836826604
174	0.0223900550392767
175	0.022390037375512196
176	0.02239002082734491
177	0.02239000536000652
178	0.022389990926064713
179	0.022389977470220982
180	0.022389964930851176
181	0.02238995323961124
182	0.022389942322917127
183	0.022389932106623222
184	0.022389922521434593
185	0.02238991350596564
186	0.022389905007070023
187	0.022389896979439602
188	0.022389889386069516
189	0.022389882198915526
190	0.02238987539807426
191	0.02238986896903518
192	0.022389862899479956
193	0.022389857177342834
194	0.022389851790483816
195	0.02238984672692095
196	0.02238984197462919
197	0.022389837520934045
198	0.022389833352164525
199	0.022389829453827743
200	0.022389825810952294
201	0.022389822408197924
202	0.022389819229892256
203	0.022389816260440894
204	0.022389813485182073
205	0.022389810891139787
206	0.022389808467103697
207	0.022389806203036145
208	0.022389804089381023
209	0.022389802116822854
210	0.022389800276491754
211	0.022389798560212844
212	0.022389796960497046
213	0.02238979547032037
214	0.022389794082949742
215	0.02238979279192315
216	0.022389791591086013
217	0.022389790474575698
218	0.022389789436764305
219	0.022389788472275435
220	0.022389787576071702
221	0.022389786743517055
222	0.0223897859703318
223	0.02238978525246799
224	0.022389784586043317
225	0.02238978396737692
226	0.022389783393068328
227	0.022389782860025548
228	0.022389782365415386
229	0.022389781906600174
230	0.022389781481108605
231	0.022389781086652526
232	0.022389780721123
233	0.022389780382569
234	0.02238978006915696
235	0.02238977977916027
236	0.022389779510967326
237	0.02238977926308965
238	0.02238977903414221
239	0.022389778822829092
240	0.022389778627924652
241	0.022389778448273976
242	0.02238977828279058
243	0.022389778130447874
244	0.02238977799027477
245	0.022389777861358335
246	0.02238977774284371
247	0.022389777633940577
248	0.022389777533908833
249	0.022389777442057716
250	0.022389777357738318
251	0.022389777280352692
252	0.022389777209355047
253	0.022389777144247537
254	0.022389777084574028
255	0.02238977702991065
256	0.022389776979867958
257	0.02238977693408204
258	0.022389776892216908
259	0.02238977685395905
260	0.02238977681901707
261	0.022389776787121514
262	0.02238977675802266
263	0.02238977673148544
264	0.02238977670729386
265	0.022389776685246145
266	0.02238977666516047
267	0.022389776646870335
268	0.022389776630225396
269	0.02238977661508613
270	0.022389776601326142
271	0.022389776588828778
272	0.022389776577488557
273	0.022389776567205616
274	0.022389776557890484
275	0.02238977654945709
276	0.022389776541829144
277	0.022389776534934607
278	0.022389776528708716
279	0.022389776523087854
280	0.022389776518017906
281	0.022389776513447562
282	0.022389776509330453
283	0.022389776505623377
284	0.02238977650228725
285	0.022389776499288055
286	0.022389776496593513
287	0.022389776494174434
288	0.022389776492005773
289	0.022389776490062352
290	0.02238977648832274
291	0.02238977648676726
292	0.022389776485377995
293	0.022389776484138847
294	0.022389776483034217
295	0.022389776482049553
296	0.022389776481173743
297	0.022389776480394682
298	0.02238977647970261
299	0.022389776479088724
300	0.022389776478544492
301	0.022389776478062506
302	0.022389776477636143
303	0.022389776477259857
304	0.022389776476927758
305	0.02238977647663528
306	0.022389776476378753
307	0.022389776476153766
308	0.022389776475956257
309	0.022389776475784138
310	0.022389776475633144
311	0.022389776475501343
312	0.02238977647538793
313	0.022389776475288815
314	0.022389776475202065
315	0.022389776475128145
316	0.022389776475062823
317	0.022389776475007353
318	0.022389776474959745
319	0.022389776474918553
320	0.022389776474882963
321	0.02238977647485368
322	0.022389776474827202
323	0.02238977647480593
324	0.022389776474788056
325	0.022389776474772118
326	0.022389776474759482
327	0.022389776474749046
328	0.022389776474739925
329	0.02238977647473306
330	0.022389776474726925
331	0.02238977647472244
332	0.022389776474718712
333	0.022389776474715198
334	0.022389776474712745
335	0.022389776474710923
336	0.02238977647470964
337	0.0223897764747087
338	0.02238977647470782
339	0.0223897764747069
340	0.02238977647470701
341	0.022389776474706455
342	0.022389776474706875
343	0.02238977647470695
344	0.022389776474706708
345	0.022389776474707142
346	0.02238977647470719
347	0.022389776474708155
348	0.022389776474707752
349	0.02238977647470779
350	0.022389776474708342
351	0.022389776474708026
352	0.022389776474708467
353	0.02238977647470864
354	0.022389776474708814
355	0.02238977647470816
356	0.022389776474708478
357	0.0223897764747085
358	0.02238977647470873
359	0.022389776474709185
360	0.022389776474709053
361	0.02238977647470875
362	0.02238977647470898
363	0.022389776474708162
364	0.02238977647470892
365	0.022389776474708554
366	0.02238977647470855
367	0.02238977647470834
368	0.022389776474708658
369	0.02238977647470842
370	0.022389776474708502
371	0.02238977647470848
372	0.02238977647470831
373	0.02238977647470798
374	0.02238977647470807
375	0.0223897764747075
376	0.02238977647470755
377	0.0223897764747076
378	0.022389776474707596
379	0.02238977647470739
380	0.02238977647470759
381	0.022389776474707662
382	0.022389776474707267
383	0.02238977647470721
384	0.022389776474706982
385	0.02238977647470708
386	0.022389776474707104
387	0.022389776474706954
388	0.022389776474707034
389	0.02238977647470693
390	0.022389776474707263
391	0.02238977647470742
392	0.02238977647470701
