0	3.6133781223284807
1	2.5362973742130417
2	1.9320582772014627
3	1.4995488783111166
4	1.1864182752414352
5	0.9578131802839006
6	0.7908653790481468
7	0.6696858815133587
8	0.5820672084760855
9	0.51808141116837
10	0.46975897776969466
11	0.431157060925234
12	0.398242428286283
13	0.3685201876344911
14	0.34059000866631267
15	0.3137587203770518
16	0.2877533262548617
17	0.26253260295483477
18	0.23817721584938525
19	0.21483246703190492
20	0.19267866015175342
21	0.17191053272530038
22	0.15271660489518313
23	0.1352572555687492
24	0.11964445386803851
25	0.10592685833567976
26	0.09408288715828898
27	0.08402247749537584
28	0.07559645256889377
29	0.06861131893583418
30	0.06284704057655296
31	0.05807555947968782
32	0.05407818483659888
33	0.05066028257981853
34	0.047661974231658175
35	0.04496390732076037
36	0.04248771259663278
37	0.040191532821590034
38	0.038061829058988306
39	0.03610327229482943
40	0.03432869233902084
41	0.0327507272733006
42	0.031376129442150034
43	0.03020290338334035
44	0.029219843840282804
45	0.028407746585319284
46	0.02774155642457756
47	0.027192874352489967
48	0.026732441838785523
49	0.02633237273280641
50	0.025967989812512207
51	0.02561916789203135
52	0.025271125808007493
53	0.024914662085112532
54	0.024545883403965223
55	0.02416551373844017
56	0.023777889753495922
57	0.02338975346958083
58	0.023008959138875778
59	0.022643223172015416
60	0.022299055587731532
61	0.02198100079380918
62	0.021691270556386685
63	0.021429777082523166
64	0.02119449375587114
65	0.02098201662988622
66	0.020788190504659233
67	0.020608694848568965
68	0.020439532613633005
69	0.02027740124987742
70	0.020119936516111242
71	0.019965814103586242
72	0.019814692673088108
73	0.019667001075742988
74	0.019523610581944708
75	0.019385470361885475
76	0.019253297542626766
77	0.01912739090470237
78	0.019007589389120755
79	0.01889334730846143
80	0.018783870703115203
81	0.01867826191486392
82	0.01857564238857447
83	0.018475247958521873
84	0.018376501748885627
85	0.01827906559608257
86	0.018182861384287714
87	0.018088051036824968
88	0.017994973134838367
89	0.01790404998823382
90	0.01781569071984989
91	0.017730215650950728
92	0.017647815466539436
93	0.01756854314781601
94	0.017492326648701522
95	0.01741898994462245
96	0.017348276575535768
97	0.017279876462206096
98	0.017213458407780657
99	0.01714870701665202
100	0.017085357683630384
101	0.017023221315148534
102	0.016962193175912525
103	0.016902245758129993
104	0.016843410327859496
105	0.01678575349420505
106	0.01672935396398339
107	0.016674282476544944
108	0.016620586488789946
109	0.016568280826219833
110	0.016517345360548573
111	0.016467729894567074
112	0.01641936479363465
113	0.01637217433774751
114	0.016326089217645275
115	0.016281055349137208
116	0.016237037735008605
117	0.016194019653857916
118	0.016151998446248317
119	0.01611097951864246
120	0.016070970102396352
121	0.016031973995854803
122	0.015993988074670312
123	0.01595700083751656
124	0.015920992781363812
125	0.015885938115525137
126	0.01585180726865344
127	0.015818569709726716
128	0.015786196639451567
129	0.015754663074372545
130	0.01572394886329239
131	0.015694038393947493
132	0.015664919164940956
133	0.015636579811969784
134	0.015609008332957277
135	0.01558219105492044
136	0.015556112468385206
137	0.015530755689714541
138	0.015506103181594545
139	0.015482137451780342
140	0.015458841605785643
141	0.01543619971609263
142	0.015414196977653725
143	0.015392819625504326
144	0.015372054652641534
145	0.015351889452587796
146	0.015332311538141602
147	0.015313308416095022
148	0.015294867579186114
149	0.015276976508753029
150	0.015259622616495643
151	0.015242793150868275
152	0.015226475161319078
153	0.015210655592769679
154	0.015195321495385562
155	0.015180460256403143
156	0.015166059750981922
157	0.015152108365240377
158	0.015138594915701017
159	0.015125508525857402
160	0.015112838512191067
161	0.015100574303307114
162	0.015088705395248796
163	0.01507722134112703
164	0.015066111773508997
165	0.015055366452850005
166	0.015044975326251873
167	0.015034928577286274
168	0.015025216654091962
169	0.01501583027444572
170	0.015006760414175653
171	0.014997998285462102
172	0.014989535308311203
173	0.014981363077373976
174	0.01497347332899066
175	0.014965857916290199
176	0.014958508799562783
177	0.014951418054354026
178	0.014944577893564468
179	0.01493798069551529
180	0.014931619028919003
181	0.014925485667792919
182	0.014919573593424358
183	0.014913875985312151
184	0.014908386206424347
185	0.014903097788713333
186	0.014898004422363187
187	0.014893099948866407
188	0.01488837835607701
189	0.014883833774007345
190	0.014879460471890413
191	0.014875252857757423
192	0.014871205480629696
193	0.014867313033614778
194	0.014863570355519459
195	0.014859972429634149
196	0.014856514380022043
197	0.014853191466651582
198	0.014849999080468369
199	0.014846932738927981
200	0.014843988082242464
201	0.014841160870702823
202	0.014838446983367903
203	0.014835842417818861
204	0.014833343290086256
205	0.01483094583369322
206	0.014828646397420939
207	0.014826441442055027
208	0.014824327536801848
209	0.014822301355845564
210	0.01482035967517873
211	0.014818499369712206
212	0.014816717410657314
213	0.014815010863310708
214	0.01481337688518594
215	0.014811812724342226
216	0.01481031571767668
217	0.014808883289069171
218	0.014807512947366272
219	0.01480620228425162
220	0.014804948972021512
221	0.014803750761257903
222	0.014802605478462781
223	0.014801511023770773
224	0.014800465368847581
225	0.01479946655499631
226	0.014798512691409672
227	0.014797601953474786
228	0.014796732581048404
229	0.014795902876702842
230	0.014795111203945398
231	0.014794355985437109
232	0.01479363570122504
233	0.014792948886965565
234	0.014792294132171535
235	0.01479167007846633
236	0.014791075417893186
237	0.014790508891329086
238	0.014789969287007479
239	0.014789455439130315
240	0.014788966226530106
241	0.014788500571322256
242	0.014788057437544676
243	0.014787635829773197
244	0.014787234791759765
245	0.014786853405097207
246	0.014786490787914924
247	0.014786146093618748
248	0.014785818509671533
249	0.014785507256425624
250	0.014785211586002272
251	0.014784930781196286
252	0.014784664154416066
253	0.014784411046644859
254	0.014784170826420829
255	0.014783942888848215
256	0.014783726654626253
257	0.014783521569103683
258	0.014783327101359814
259	0.01478314274332114
260	0.014782968008906668
261	0.014782802433198563
262	0.014782645571645853
263	0.014782496999279037
264	0.014782356309961508
265	0.014782223115656227
266	0.014782097045717073
267	0.014781977746204406
268	0.014781864879214658
269	0.014781758122236987
270	0.014781657167531367
271	0.014781561721525551
272	0.014781471504239104
273	0.014781386248720928
274	0.014781305700514278
275	0.014781229617134886
276	0.014781157767569568
277	0.014781089931792724
278	0.014781025900294528
279	0.014780965473633561
280	0.01478090846199766
281	0.014780854684789294
282	0.014780803970217398
283	0.01478075615491714
284	0.014780711083571341
285	0.01478066860855592
286	0.014780628589595318
287	0.014780590893431127
288	0.014780555393501359
289	0.014780521969642402
290	0.014780490507784278
291	0.014780460899679215
292	0.014780433042623772
293	0.014780406839202684
294	0.014780382197043723
295	0.014780359028570882
296	0.014780337250786679
297	0.014780316785044528
298	0.014780297556848381
299	0.014780279495643827
300	0.014780262534631935
301	0.01478024661058457
302	0.014780231663667464
303	0.014780217637274098
304	0.014780204477863882
305	0.014780192134809758
306	0.01478018056025141
307	0.014780169708957059
308	0.014780159538189725
309	0.014780150007579282
310	0.014780141079002492
311	0.014780132716464058
312	0.014780124885991248
313	0.014780117555526136
314	0.014780110694824825
315	0.01478010427536125
316	0.014780098270241918
317	0.014780092654111577
318	0.014780087403076007
319	0.014780082494624515
320	0.014780077907551013
321	0.014780073621887773
322	0.01478006961883556
323	0.014780065880700022
324	0.014780062390832719
325	0.014780059133572835
326	0.014780056094189408
327	0.014780053258833838
328	0.014780050614488775
329	0.014780048148921417
330	0.014780045850638893
331	0.01478004370884587
332	0.014780041713408066
333	0.014780039854809694
334	0.014780038124121533
335	0.01478003651296382
336	0.014780035013479933
337	0.014780033618300064
338	0.01478003232051365
339	0.014780031113646595
340	0.014780029991631116
341	0.014780028948783214
342	0.01478002797978077
343	0.014780027079639112
344	0.014780026243695073
345	0.014780025467583115
346	0.014780024747221288
347	0.014780024078789224
348	0.014780023458717964
349	0.014780022883669582
350	0.014780022350525685
351	0.01478002185637277
352	0.014780021398489484
353	0.014780020974336191
354	0.014780020581541368
355	0.014780020217891683
356	0.014780019881322225
357	0.014780019569909078
358	0.014780019281856288
359	0.014780019015489997
360	0.01478001876925112
361	0.014780018541688247
362	0.014780018331446425
363	0.014780018137268347
364	0.014780017957979978
365	0.014780017792491183
366	0.014780017639785752
367	0.014780017498922141
368	0.01478001736902192
369	0.014780017249269315
370	0.014780017138906924
371	0.0147800170372322
372	0.014780016943589493
373	0.014780016857373195
374	0.014780016778020447
375	0.014780016705009223
376	0.014780016637853513
377	0.014780016576106034
378	0.014780016519350007
379	0.014780016467198875
380	0.014780016419295803
381	0.014780016375310312
382	0.014780016334935841
383	0.014780016297888936
384	0.014780016263908
385	0.014780016232747986
386	0.014780016204188227
387	0.01478001617801886
388	0.014780016154050916
389	0.014780016132104157
390	0.014780016112017813
391	0.014780016093641855
392	0.014780016076834301
393	0.014780016061469135
394	0.014780016047428332
395	0.014780016034601537
396	0.014780016022888687
397	0.014780016012197179
398	0.014780016002442428
399	0.014780015993545562
400	0.014780015985434995
401	0.014780015978044255
402	0.014780015971310923
403	0.014780015965180438
404	0.01478001595960156
405	0.01478001595452667
406	0.014780015949911027
407	0.01478001594571659
408	0.014780015941905646
409	0.014780015938444701
410	0.014780015935303249
411	0.01478001593245322
412	0.014780015929869194
413	0.014780015927526192
414	0.014780015925404483
415	0.014780015923482576
416	0.014780015921743744
417	0.01478001592017053
418	0.014780015918748687
419	0.014780015917462856
420	0.014780015916302515
421	0.014780015915255067
422	0.01478001591430924
423	0.014780015913456923
424	0.014780015912688418
425	0.014780015911996831
426	0.014780015911374867
427	0.014780015910813994
428	0.014780015910310385
429	0.014780015909857891
430	0.014780015909451698
431	0.014780015909087337
432	0.01478001590876063
433	0.014780015908466919
434	0.014780015908204831
435	0.014780015907970075
436	0.014780015907760095
437	0.014780015907572115
438	0.014780015907404864
439	0.014780015907255297
440	0.014780015907121713
441	0.014780015907003874
442	0.014780015906897826
443	0.014780015906803912
444	0.014780015906720106
445	0.01478001590664562
446	0.014780015906579735
447	0.014780015906521211
448	0.014780015906469804
449	0.01478001590642409
450	0.014780015906383922
451	0.014780015906348393
452	0.014780015906316522
453	0.014780015906289544
454	0.01478001590626505
455	0.014780015906243435
456	0.014780015906224159
457	0.014780015906208163
458	0.014780015906193208
459	0.014780015906181046
460	0.014780015906169877
461	0.014780015906160557
462	0.014780015906152123
463	0.014780015906144625
464	0.01478001590613891
465	0.014780015906133119
466	0.014780015906128647
467	0.014780015906124131
468	0.014780015906120521
469	0.014780015906117895
470	0.014780015906114854
471	0.014780015906112795
472	0.014780015906111435
473	0.014780015906109802
474	0.014780015906108064
475	0.01478001590610668
476	0.014780015906105974
477	0.014780015906105622
478	0.014780015906104376
479	0.014780015906103922
480	0.014780015906103552
481	0.014780015906103401
482	0.01478001590610345
483	0.014780015906102338
484	0.014780015906102523
485	0.014780015906101977
486	0.014780015906101947
487	0.014780015906102305
488	0.014780015906101835
489	0.01478001590610215
490	0.01478001590610179
491	0.014780015906101668
492	0.014780015906102024
493	0.014780015906101568
494	0.014780015906102659
495	0.014780015906101458
496	0.014780015906101437
497	0.01478001590610138
498	0.014780015906101701
499	0.014780015906102052
500	0.014780015906101536
501	0.014780015906102012
502	0.014780015906101982
503	0.014780015906101998
504	0.014780015906101732
505	0.014780015906101916
506	0.014780015906102019
507	0.014780015906102171
508	0.01478001590610209
509	0.014780015906101602
510	0.01478001590610231
511	0.01478001590610166
512	0.01478001590610172
513	0.014780015906101961
514	0.014780015906102418
515	0.014780015906101642
516	0.014780015906101491
517	0.014780015906102192
518	0.014780015906101434
519	0.014780015906102013
520	0.014780015906102159
521	0.01478001590610207
522	0.014780015906102196
523	0.014780015906102019
524	0.014780015906102024
525	0.01478001590610195
526	0.014780015906102017
527	0.014780015906102152
528	0.014780015906101692
529	0.014780015906101637
530	0.014780015906102052
531	0.014780015906101923
532	0.01478001590610135
533	0.014780015906101857
534	0.014780015906101621
535	0.014780015906101658
536	0.014780015906102135
537	0.01478001590610184
538	0.014780015906102315
539	0.014780015906101516
540	0.01478001590610133
541	0.014780015906101856
542	0.014780015906101633
543	0.014780015906101741
544	0.014780015906101453
545	0.014780015906101403
546	0.014780015906101458
547	0.014780015906101552
548	0.014780015906101346
549	0.014780015906101781
550	0.014780015906102017
551	0.014780015906101946
552	0.014780015906101947
553	0.014780015906101457
554	0.014780015906102057
555	0.014780015906101817
556	0.014780015906101594
557	0.014780015906101472
558	0.014780015906102072
559	0.014780015906101633
560	0.014780015906101713
561	0.014780015906101847
562	0.014780015906102024
563	0.01478001590610169
564	0.014780015906101224
565	0.014780015906101052
566	0.014780015906101656
567	0.014780015906101583
568	0.014780015906101934
569	0.014780015906101163
570	0.014780015906101953
571	0.014780015906101313
572	0.014780015906101706
573	0.014780015906101797
574	0.014780015906101665
575	0.014780015906101526
576	0.014780015906101585
577	0.014780015906101427
578	0.014780015906101288
579	0.014780015906101635
580	0.014780015906101427
581	0.014780015906101132
582	0.014780015906101346
583	0.014780015906101358
584	0.01478001590610098
585	0.014780015906102142
586	0.01478001590610177
587	0.014780015906101344
588	0.01478001590610128
589	0.01478001590610129
590	0.014780015906101064
591	0.014780015906101543
592	0.014780015906101408
593	0.01478001590610159
594	0.01478001590610156
595	0.014780015906101292
596	0.01478001590610149
597	0.0147800159061017
598	0.014780015906101607
599	0.014780015906101406
600	0.014780015906101328
601	0.01478001590610193
602	0.014780015906101774
603	0.014780015906101571
604	0.014780015906101899
605	0.014780015906101425
606	0.014780015906101472
607	0.014780015906101526
608	0.014780015906101687
609	0.014780015906101451
610	0.014780015906101753
611	0.014780015906101314
612	0.014780015906101424
613	0.014780015906101385
614	0.014780015906101457
615	0.01478001590610112
616	0.014780015906101018
617	0.014780015906101226
618	0.014780015906101313
619	0.014780015906101522
620	0.014780015906101368
621	0.01478001590610143
622	0.014780015906101243
623	0.014780015906101089
624	0.014780015906101108
625	0.014780015906101552
626	0.014780015906100952
627	0.014780015906101413
628	0.014780015906101366
629	0.01478001590610127
630	0.014780015906101323
631	0.014780015906101934
632	0.014780015906101795
633	0.014780015906101993
634	0.014780015906101483
635	0.01478001590610143
636	0.014780015906101526
637	0.014780015906101906
638	0.014780015906101786
639	0.014780015906101512
640	0.01478001590610131
641	0.014780015906101366
642	0.014780015906101606
643	0.014780015906101677
644	0.014780015906101594
645	0.014780015906101493
646	0.014780015906101396
647	0.014780015906101259
648	0.014780015906101545
649	0.014780015906101587
650	0.014780015906101595
651	0.014780015906101472
652	0.014780015906101451
653	0.0147800159061015
654	0.014780015906101503
655	0.014780015906101476
656	0.014780015906101427
657	0.014780015906101666
658	0.014780015906101613
659	0.014780015906101483
660	0.014780015906101604
661	0.014780015906101705
662	0.014780015906101639
663	0.014780015906101784
664	0.014780015906101694
665	0.014780015906101437
666	0.01478001590610165
667	0.014780015906101614
668	0.014780015906101576
669	0.014780015906101757
670	0.014780015906101441
671	0.014780015906101748
672	0.014780015906101713
673	0.014780015906101885
674	0.01478001590610214
675	0.014780015906101803
676	0.014780015906101483
677	0.014780015906101555
