<Coefficient>
	 14 Total number of radial orbitals.
	Type	L	Zeta-Orbital
	  Hf 	0	    1
	  -0.08961977299499
	  -0.15020710341578
	  -0.15016634281853
	  -0.16082238305086
	  -0.15872008625501
	  -0.13928529340061
	  -0.10224603771354
	  -0.05949361082294
	  -0.01540887718212
	   0.02083525756046
	   0.04742367993187
	   0.06199929341715
	   0.06715993270111
	   0.06426851037635
	   0.05664924718867
	   0.04598050661005
	   0.03474728021321
	   0.02408927188237
	   0.01532173349863
	   0.00866515632680
	   0.00398562631668
	   0.00130792305132
	  -0.00012077599755
	  -0.00035680033793
	  -0.00037169071407
	   0.00013723601094
	   0.00019190579076
	   0.00055074712918
	   0.00021245425341
	   0.00035427406523
	  -0.00027234092997
	Type	L	Zeta-Orbital
	  Hf 	0	    2
	   0.11349933318527
	   0.08534022081991
	  -0.06941187166907
	  -0.16121342517972
	  -0.19232221036076
	  -0.17370231300501
	  -0.13200965231027
	  -0.08269864252859
	  -0.03712600728843
	   0.00081702604075
	   0.02849743880960
	   0.04606000785784
	   0.05429145471144
	   0.05484392214078
	   0.05035103457366
	   0.04244101288541
	   0.03372064431392
	   0.02460352304876
	   0.01708725456734
	   0.01032673382296
	   0.00598841792121
	   0.00228326981002
	   0.00088455214073
	  -0.00065781191466
	  -0.00029608577687
	  -0.00091541026110
	   0.00012814335178
	  -0.00045511067608
	   0.00070247043489
	  -0.00025904596288
	   0.00100067682391
	Type	L	Zeta-Orbital
	  Hf 	0	    3
	   0.11467260269804
	  -0.07115095418260
	  -0.17645417209278
	   0.05213676325251
	   0.12520336043973
	   0.14423034109919
	   0.11593583815301
	   0.09835434904724
	   0.05745212973012
	   0.02852947241910
	  -0.00241374315268
	  -0.01198513721836
	  -0.02296665071834
	  -0.02241493906963
	  -0.02624797629993
	  -0.02263257105915
	  -0.02234741440162
	  -0.01604379815011
	  -0.01387443208250
	  -0.00761481683184
	  -0.00615899920601
	  -0.00174222005762
	  -0.00179862798026
	   0.00116186634736
	  -0.00003552764651
	   0.00188682392942
	  -0.00023325534640
	   0.00131412946097
	  -0.00108584640581
	   0.00077252029962
	  -0.00177607019414
	Type	L	Zeta-Orbital
	  Hf 	0	    4
	   0.08492446658566
	  -0.21158721820674
	   0.09296970358847
	  -0.04342558884506
	  -0.02470088257597
	   0.02442288552913
	  -0.00433394773468
	  -0.00742538195327
	  -0.03513668939845
	  -0.04919608302004
	  -0.08325461105965
	  -0.07988551932168
	  -0.07901086111401
	  -0.06090905315140
	  -0.04650523141625
	  -0.03390536712154
	  -0.02392257902905
	  -0.01548426401105
	  -0.00254169973960
	   0.00025753518629
	   0.00581721615033
	   0.00091868819883
	   0.00572695151778
	  -0.00356395269272
	   0.00339274682389
	  -0.00632544773729
	   0.00295660673391
	  -0.00779291278547
	   0.00617552640842
	  -0.00737582201135
	   0.01040473696398
	Type	L	Zeta-Orbital
	  Hf 	0	    5
	   0.45125267077222
	  -0.57467969703012
	   0.60593519145770
	  -0.11223122405438
	   0.02827397129964
	   0.29816235284093
	   0.22341826772311
	   0.29403939338177
	   0.33105919663498
	   0.41202644691317
	   0.38843171990534
	   0.43413294253396
	   0.39087034663769
	   0.33532095966949
	   0.26160232092389
	   0.16916518055786
	   0.06485637304999
	  -0.00569940053484
	  -0.01667742410477
	  -0.04773676948253
	  -0.03482113594504
	  -0.03733914320798
	   0.00639404078497
	  -0.01424382085028
	   0.02667503227869
	  -0.00347119708201
	   0.03573485874709
	  -0.01680036795681
	   0.03086211651003
	  -0.03339108266077
	   0.02548704813492
	Type	L	Zeta-Orbital
	  Hf 	0	    6
	   0.26995019195461
	  -0.48627864453604
	  -0.52529471010420
	   0.57756266385196
	   0.42034115069427
	  -0.27650260924393
	  -0.50525099039755
	  -0.38616908643504
	  -0.06284690353176
	   0.09328068642381
	   0.20409652038950
	   0.21777419698676
	   0.24453386826969
	   0.20251457243356
	   0.20756282086218
	   0.16002401136338
	   0.09799610191013
	   0.01462113494423
	   0.00269313327245
	   0.00015059324416
	   0.00841048619381
	  -0.01371838850417
	  -0.00297538341345
	  -0.00832902087667
	   0.00819582346228
	  -0.00033209049777
	   0.00831992836992
	  -0.00324830873009
	   0.01147945228562
	  -0.00459233346925
	   0.00094061761409
	Type	L	Zeta-Orbital
	  Hf 	1	    1
	  -0.02015562037850
	  -0.10250272035445
	  -0.20197109453275
	  -0.29031265175760
	  -0.34012381619659
	  -0.34737292933583
	  -0.31861350051788
	  -0.26947571089874
	  -0.20944370867926
	  -0.14968616694294
	  -0.09446575731498
	  -0.04929392157616
	  -0.01453761282755
	   0.00826315538853
	   0.02229493384054
	   0.02781846895514
	   0.02850391849981
	   0.02471824609382
	   0.01995351705434
	   0.01391187870586
	   0.00922026530293
	   0.00461531828164
	   0.00217778783899
	  -0.00005253830359
	  -0.00029512987950
	  -0.00097329862871
	  -0.00010817226790
	  -0.00039162240861
	   0.00063279789204
	  -0.00003774028991
	   0.00109049675539
	Type	L	Zeta-Orbital
	  Hf 	1	    2
	   0.17961994695585
	   0.14475923041166
	   0.05961429355657
	  -0.04671707608553
	  -0.09195676640570
	  -0.10906760576737
	  -0.09663876301986
	  -0.08436787955975
	  -0.06375460525669
	  -0.04817089758542
	  -0.02833281159704
	  -0.01682307611906
	  -0.00402276093882
	   0.00059251795151
	   0.00802654713765
	   0.00728386613379
	   0.01052876136855
	   0.00694309563990
	   0.00903602886209
	   0.00377023433164
	   0.00567207539105
	   0.00028838208718
	   0.00347161051796
	  -0.00202612930851
	   0.00235075253429
	  -0.00313917727458
	   0.00261154371659
	  -0.00367763642674
	   0.00353073078437
	  -0.00443125523304
	   0.00706055598765
	Type	L	Zeta-Orbital
	  Hf 	1	    3
	   0.91458176011966
	  -0.60577777984053
	  -0.28542939459057
	  -0.33636503957718
	  -0.00480626241815
	   0.13546527355217
	   0.49162711022041
	   0.43190693923290
	   0.42178365201094
	   0.24246775157648
	   0.23761560852802
	   0.11057455959844
	   0.10432698019165
	  -0.02709628654548
	  -0.01841737567547
	  -0.10045515326794
	  -0.05143973834951
	  -0.12040470845388
	  -0.04484022565436
	  -0.09154820457502
	  -0.00238276835712
	  -0.06145103700037
	   0.03055114257789
	  -0.04588590814626
	   0.04648657684151
	  -0.04679156840922
	   0.05704898778779
	  -0.05651205459503
	   0.06719020365718
	  -0.07719849564877
	   0.12196023851782
	Type	L	Zeta-Orbital
	  Hf 	2	    1
	  -0.10856279756426
	  -0.19955391093350
	  -0.25743517683677
	  -0.26970528362623
	  -0.26713242397273
	  -0.24314145241135
	  -0.21791804769061
	  -0.18200368200401
	  -0.15044127312938
	  -0.11637737123868
	  -0.09002070114421
	  -0.06332759410280
	  -0.04533780720464
	  -0.02786469691311
	  -0.01861956642207
	  -0.00900661225450
	  -0.00604473158472
	  -0.00091037388000
	  -0.00156653401688
	   0.00129847191020
	  -0.00101540393607
	   0.00135666630235
	  -0.00148541343303
	   0.00122301983907
	  -0.00177299326470
	   0.00150821460127
	  -0.00185088494352
	   0.00213156415014
	  -0.00214753416991
	   0.00311527502004
	  -0.00795745642401
	Type	L	Zeta-Orbital
	  Hf 	2	    2
	  -0.22462356872334
	  -0.07564367731047
	  -0.00421791317492
	   0.15587694045228
	   0.21796095341853
	   0.25646717481285
	   0.21310746708622
	   0.20180370872792
	   0.15910916871912
	   0.13701617960566
	   0.09649700297955
	   0.08506838132941
	   0.05423528049024
	   0.04674228204224
	   0.02075304371119
	   0.02019025334541
	   0.00030659222488
	   0.00875634420435
	  -0.00494939094613
	   0.00781265314491
	  -0.00664753303711
	   0.00788361618838
	  -0.00790304396958
	   0.00899138993024
	  -0.00908493760894
	   0.00977369757705
	  -0.01105659424236
	   0.01202463366488
	  -0.01474261794843
	   0.01731380610288
	  -0.04917262804722
	Type	L	Zeta-Orbital
	  Hf 	2	    3
	  -0.95043995764308
	   0.08942335102258
	   0.48557969674098
	   0.63574900780938
	  -0.37643768251211
	  -0.58825908164616
	  -0.61026385742077
	  -0.39227221849343
	  -0.33123644246060
	  -0.15734023259597
	  -0.20027020943924
	  -0.11010924985859
	  -0.16710467556413
	  -0.06854164507060
	  -0.10988965466909
	  -0.01153003102534
	  -0.05392321384075
	   0.03332996250232
	  -0.04151165882860
	   0.04779379937668
	  -0.03838138754286
	   0.04664404011181
	  -0.04769329719056
	   0.05418500140805
	  -0.05572398025091
	   0.05571547850806
	  -0.06626746528810
	   0.07384043950654
	  -0.08174207146594
	   0.10480958415939
	  -0.28907054229738
	Type	L	Zeta-Orbital
	  Hf 	3	    1
	   0.10531386724534
	   0.28494381369623
	   0.24469196637267
	   0.27788100677897
	   0.27284019158294
	   0.26844915211199
	   0.23339693429625
	   0.21560746716575
	   0.17574580770421
	   0.16677432759414
	   0.14322455792019
	   0.12680236333274
	   0.09770319617724
	   0.07542652861687
	   0.03476361363086
	   0.01308266710915
	  -0.01209236246516
	  -0.01295401857819
	  -0.01902051253703
	  -0.00339375817563
	  -0.00547225314095
	   0.00845259288853
	   0.00169260049899
	   0.01045527354735
	  -0.00404381163561
	   0.00484033644529
	  -0.00951512918041
	   0.00249781082562
	  -0.01031775432096
	   0.00456541623793
	  -0.06011468130422
	Type	L	Zeta-Orbital
	  Hf 	3	    2
	   0.01725941866210
	   0.54119845906403
	   0.75400482481988
	   0.54123597925918
	  -0.43655117865005
	  -0.90713240553182
	  -1.11443345163459
	  -1.06510996535439
	  -0.80200594655524
	  -0.64863077024636
	  -0.51583267697728
	  -0.41004252853279
	  -0.35984021420000
	  -0.30289550002590
	  -0.22166923704281
	  -0.11203733575275
	  -0.02962143556563
	   0.02487080047274
	   0.01979263613970
	   0.02565863072527
	   0.00702383170614
	   0.00730356737216
	  -0.02112721288096
	   0.00081271666228
	  -0.01229413849207
	   0.00999107706533
	  -0.00779559187014
	   0.02394848161826
	  -0.01110221308584
	   0.01273157003246
	  -0.11497700622552
</Coefficient>
<Mkb>
Left spillage = 4.1306067972e-04
</Mkb>
