<Coefficient>
	 2 Total number of radial orbitals.
	Type	L	Zeta-Orbital
	  Ne 	0	    1
	  -0.05812097623359
	  -0.19891069902911
	  -0.35534460169136
	  -0.47108861052737
	  -0.52790211822235
	  -0.52710618407884
	  -0.48254958492516
	  -0.41207730662325
	  -0.32712559966111
	  -0.24139046301942
	  -0.16304870339579
	  -0.09846876924927
	  -0.04883563696741
	  -0.01518914292664
	   0.00534620199365
	   0.01481562260556
	   0.01705567798200
	   0.01475348439326
	   0.01096450413888
	   0.00693095870156
	   0.00390079444987
	   0.00176371528082
	   0.00070223915908
	   0.00011721901781
	   0.00003350141190
	  -0.00005225768636
	   0.00003215699694
	  -0.00003642419413
	   0.00002954458158
	  -0.00005089669485
	   0.00003315672022
	Type	L	Zeta-Orbital
	  Ne 	1	    1
	  -0.04706732575699
	  -0.16109243236794
	  -0.30008862149099
	  -0.42715429227914
	  -0.52745382404746
	  -0.59295872062459
	  -0.62495634607429
	  -0.62141224523162
	  -0.58545958182728
	  -0.52224052636608
	  -0.44172414042194
	  -0.35225323754396
	  -0.26460730389974
	  -0.18580604297176
	  -0.12058724682708
	  -0.07134859244010
	  -0.03784556742755
	  -0.01713156341383
	  -0.00631721860893
	  -0.00135893896753
	   0.00000158226267
	   0.00023600614781
	  -0.00010742525390
	  -0.00007409952414
	  -0.00017163134081
	   0.00008723658108
	  -0.00000894650203
	   0.00016638588484
	  -0.00007268855016
	   0.00010164369651
	  -0.00022953919480
</Coefficient>
<Mkb>
Left spillage = 2.4582124931e-04
</Mkb>
