<Coefficient>
	 2 Total number of radial orbitals.
	Type	L	Zeta-Orbital
	  P 	0	    1
	   0.16903698640616
	  -0.60309875659468
	  -0.49489443421331
	  -0.33715034807972
	  -0.11480928586535
	  -0.00167411225945
	   0.08411675332109
	   0.10435822063091
	   0.12034814755651
	   0.10576384518474
	   0.09804707865901
	   0.07385508833463
	   0.06084540710509
	   0.03669091436788
	   0.03006278055612
	   0.01091666333102
	   0.01239983254227
	  -0.00240186982629
	   0.00558626459594
	  -0.00688928598027
	   0.00559116992404
	  -0.00769334744154
	   0.00780104063180
	  -0.00796148687911
	   0.00976307464126
	  -0.00880589168261
	   0.01112338377433
	  -0.01117045365708
	   0.01270530543380
	  -0.01450261433898
	   0.01656784613417
	Type	L	Zeta-Orbital
	  P 	1	    1
	   0.27516728202770
	   0.66449458678783
	   0.74132053900330
	   0.60350939452063
	   0.44997279154525
	   0.30723436913914
	   0.19869485750119
	   0.11359503776863
	   0.05163156767183
	   0.01339131730521
	  -0.00769568129202
	  -0.01929498388957
	  -0.02255986916206
	  -0.02018494798988
	  -0.01394258479782
	  -0.00847234506096
	  -0.00431893229540
	  -0.00197429488213
	   0.00001590461388
	   0.00049513184616
	   0.00107703523379
	   0.00015273503360
	  -0.00004740886449
	  -0.00071133558809
	  -0.00046517544174
	  -0.00102214213039
	   0.00005940640792
	  -0.00037805161397
	   0.00064726228926
	   0.00030187854605
	   0.00125751446074
</Coefficient>
<Mkb>
Left spillage = 6.0795844708e-01
</Mkb>
