0	0.05071952603420623
1	0.039665334600686275
2	0.03294268502172828
3	0.028790046939921526
4	0.025995078812392467
5	0.02399371481258496
6	0.02255103159545318
7	0.021530853260375103
8	0.02081887005969233
9	0.020302724994941505
10	0.01988698579452845
11	0.01951962619808971
12	0.019195121223493518
13	0.018927466112078104
14	0.01871825742674784
15	0.01854608280825627
16	0.018383243878633295
17	0.018219132197468006
18	0.018064862639873003
19	0.017936616278695597
20	0.017835804052809358
21	0.01774651234818888
22	0.017653363082061526
23	0.017558415051112546
24	0.017475787828837457
25	0.01741112988847618
26	0.01735321393357412
27	0.017289847433331926
28	0.017225121996919918
29	0.01717185369091939
30	0.01713091825939767
31	0.017090207210146053
32	0.017045181973496706
33	0.01700585752099129
34	0.016977715107352936
35	0.016951474604998528
36	0.016921467683909976
37	0.016896221737393535
38	0.016879734543153183
39	0.01686296216988122
40	0.016843562707617506
41	0.0168297791871761
42	0.016820242492925394
43	0.016807452105416305
44	0.016795716925069537
45	0.01678910841401694
46	0.01678107788291275
47	0.016771847188149603
48	0.016766759672403854
49	0.016761438562251568
50	0.016754422321740667
51	0.016750518902519093
52	0.016746639452858692
53	0.016741334862633406
54	0.0167385238742405
55	0.01673553696349823
56	0.016731663559398934
57	0.016729777654869323
58	0.016727287543479602
59	0.016724474708467524
60	0.016723063769635546
61	0.016720767450378256
62	0.016718677264535756
63	0.016717329240993214
64	0.016715120572283096
65	0.01671344198597139
66	0.016711891353219765
67	0.016709770393652703
68	0.016708224974110474
69	0.01670641798785443
70	0.01670443997886497
71	0.01670287373382026
72	0.016700947776382438
73	0.016699161925961523
74	0.016697547077376848
75	0.016695680273401507
76	0.016694081227608522
77	0.016692467119446996
78	0.016690783736571943
79	0.01668933826565631
80	0.01668779537165446
81	0.016686321792086498
82	0.016684974424487554
83	0.016683536894469556
84	0.016682222953556314
85	0.016680927967864266
86	0.01667959888695099
87	0.016678377472121572
88	0.016677117877071476
89	0.016675881176543627
90	0.016674700149297447
91	0.01667347644144925
92	0.016672304523701685
93	0.01667113897720297
94	0.01666995881815649
95	0.01666882580654662
96	0.016667673758373955
97	0.016666536688835908
98	0.016665421217574142
99	0.0166642887667914
100	0.016663183846491292
101	0.016662077156016628
102	0.01666097129821897
103	0.01665988632984457
104	0.01665879271818678
105	0.016657714761494136
106	0.01665664344114253
107	0.016655572066832977
108	0.01665451803544023
109	0.016653463129825342
110	0.016652419377792767
111	0.01665138496950459
112	0.016650352903038977
113	0.01664933476503703
114	0.016648319656506736
115	0.01664731383365442
116	0.016646316972947228
117	0.01664532419962088
118	0.01664434248801243
119	0.016643365030033188
120	0.01664239556298864
121	0.016641433441107325
122	0.016640475912445503
123	0.016639526894493342
124	0.016638582038678355
125	0.016637643949849675
126	0.01663671155017206
127	0.01663578373619954
128	0.016634862533661636
129	0.016633945347956983
130	0.016633034151987636
131	0.016632127772304356
132	0.01663122616732391
133	0.01663033013016733
134	0.01662943825755433
135	0.016628551846233137
136	0.01662766979579479
137	0.016626792492512334
138	0.016625919924673844
139	0.016625051454290215
140	0.016624187713888558
141	0.016623327849579338
142	0.01662247229453298
143	0.016621620670464216
144	0.01662077282825567
145	0.01661992891972177
146	0.016619088441449093
147	0.01661825168182334
148	0.016617418211017233
149	0.016616588098046246
150	0.016615761210034698
151	0.01661493733477894
152	0.01661411654917246
153	0.01661329853275017
154	0.01661248336893086
155	0.01661167082709729
156	0.01661086085963846
157	0.01661005338405687
158	0.01660924822941412
159	0.016608445402320187
160	0.01660764470333146
161	0.016606846124888035
162	0.016606049517613568
163	0.016605254807744007
164	0.01660446191916492
165	0.016603670722603506
166	0.016602881177899584
167	0.016602093144143657
168	0.01660130657543144
169	0.016600521359199413
170	0.016599737419190744
171	0.01659895467724073
172	0.01659817303322401
173	0.016597392431516988
174	0.01659661276972174
175	0.01659583399192551
176	0.01659505600928743
177	0.0165942787553439
178	0.016593502161611866
179	0.01659272615242296
180	0.016591950671778308
181	0.016591175643403643
182	0.016590401015503818
183	0.016589626720528078
184	0.016588852704123067
185	0.016588078909658088
186	0.016587305280741347
187	0.01658653177080868
188	0.016585758325630005
189	0.01658498490354621
190	0.01658421145622842
191	0.016583437944488723
192	0.016582664328666428
193	0.01658189057145066
194	0.01658111664055418
195	0.01658034250209009
196	0.01657956812978262
197	0.01657879349549227
198	0.016578018576950362
199	0.01657724335252696
200	0.016576467803766266
201	0.0165756919158711
202	0.016574915674858175
203	0.01657413907151393
204	0.016573362097151094
205	0.016572584747555904
206	0.016571807020156662
207	0.016571028915300223
208	0.0165702504362544
209	0.016569471588172867
210	0.016568692379909097
211	0.016567912821891517
212	0.016567132927907055
213	0.01656635271377204
214	0.016565572198026495
215	0.016564791401881496
216	0.016564010348606502
217	0.016563229064351436
218	0.016562447577166482
219	0.016561665917828705
220	0.016560884119181874
221	0.016560102216333104
222	0.01655932024667016
223	0.016558538249509574
224	0.016557756266486683
225	0.016556974341017827
226	0.01655619251861863
227	0.016555410846616818
228	0.016554629374148505
229	0.016553848152175064
230	0.01655306723321999
231	0.016552286671536878
232	0.016551506522827625
233	0.016550726844312465
234	0.01654994769459506
235	0.016549169133567878
236	0.01654839122243225
237	0.016547614023506324
238	0.016546837600251215
239	0.01654606201711948
240	0.01654528733952318
241	0.016544513633775484
242	0.01654374096696097
243	0.016542969406923288
244	0.01654219902213546
245	0.016541429881678803
246	0.016540662055157862
247	0.016539895612614448
248	0.016539130624484706
249	0.01653836716150359
250	0.016537605294677928
251	0.016536845095203836
252	0.01653608663440475
253	0.016535329983676215
254	0.016534575214419815
255	0.016533822398009837
256	0.016533071605728672
257	0.016532322908709946
258	0.016531576377895152
259	0.016530832083983073
260	0.016530090097398854
261	0.016529350488242295
262	0.016528613326245424
263	0.01652787868073582
264	0.016527146620599103
265	0.016526417214258248
266	0.016525690529630314
267	0.016524966634098706
268	0.016524245594481367
269	0.016523527477011506
270	0.016522812347315296
271	0.016522100270387644
272	0.016521391310569292
273	0.01652068553152557
274	0.016519982996235347
275	0.01651928376697397
276	0.016518587905300943
277	0.01651789547203965
278	0.016517206527268066
279	0.016516521130309922
280	0.016515839339723275
281	0.016515161213294258
282	0.01651448680802355
283	0.01651381618011972
284	0.016513149384990804
285	0.01651248647724233
286	0.016511827510668105
287	0.0165111725382428
288	0.016510521612115088
289	0.01650987478360321
290	0.016509232103188737
291	0.016508593620513483
292	0.016507959384366735
293	0.016507329442685445
294	0.01650670384254052
295	0.016506082630137173
296	0.016505465850804493
297	0.016504853548986766
298	0.016504245768235795
299	0.01650364255120244
300	0.01650304393962687
301	0.016502449974331822
302	0.016501860695206386
303	0.016501276141201966
304	0.01650069635031498
305	0.01650012135957783
306	0.01649955120504641
307	0.016498985921786412
308	0.016498425543859607
309	0.016497870104308927
310	0.016497319635145023
311	0.016496774167331075
312	0.01649623373076563
313	0.016495698354269756
314	0.016495168065567493
315	0.016494642891270735
316	0.016494122856862643
317	0.01649360798668093
318	0.016493098303900257
319	0.016492593830514476
320	0.01649209458732002
321	0.01649160059389974
322	0.01649111186860567
323	0.016490628428540332
324	0.016490150289542885
325	0.016489677466170687
326	0.016489209971686892
327	0.016488747818040213
328	0.016488291015854736
329	0.016487839574415023
330	0.01648739350164978
331	0.016486952804123538
332	0.016486517487020628
333	0.016486087554138072
334	0.016485663007872662
335	0.016485243849213467
336	0.016484830077735255
337	0.0164844216915862
338	0.016484018687489922
339	0.0164836210607352
340	0.0164832288051756
341	0.01648284191322589
342	0.01648246037586425
343	0.016482084182629458
344	0.016481713321626224
345	0.01648134777952593
346	0.01648098754157509
347	0.01648063259159819
348	0.01648028291200914
349	0.016479938483817687
350	0.016479599286643786
351	0.0164792652987256
352	0.01647893649693695
353	0.01647861285680112
354	0.01647829435250809
355	0.016477980956932668
356	0.01647767264165347
357	0.01647736937697449
358	0.016477071131947643
359	0.01647677787439552
360	0.01647648957093704
361	0.01647620618701271
362	0.016475927686914346
363	0.016475654033809118
364	0.016475385189774285
365	0.01647512111582327
366	0.016474861771940373
367	0.016474607117112468
368	0.01647435710936035
369	0.01647411170577676
370	0.016473870862557687
371	0.016473634535039694
372	0.016473402677737104
373	0.016473175244377195
374	0.016472952187937803
375	0.0164727334606858
376	0.016472519014214253
377	0.01647230879948186
378	0.0164721027668514
379	0.016471900866126956
380	0.01647170304659515
381	0.016471509257062346
382	0.01647131944589404
383	0.01647113356105375
384	0.016470951550142998
385	0.016470773360436657
386	0.016470598938922363
387	0.016470428232340746
388	0.01647026118722015
389	0.016470097749914182
390	0.016469937866638456
391	0.0164697814835069
392	0.016469628546567742
393	0.01646947900183537
394	0.016469332795328112
395	0.016469189873100594
396	0.0164690501812754
397	0.016468913666074975
398	0.016468780273855357
399	0.016468649951132425
400	0.016468522644614902
401	0.01646839830123105
402	0.016468276868157296
403	0.016468158292844426
404	0.016468042523042802
405	0.01646792950682909
406	0.01646781919262829
407	0.016467711529238604
408	0.016467606465850756
409	0.01646750395207218
410	0.016467403937943773
411	0.01646730637396245
412	0.016467211211096375
413	0.016467118400803046
414	0.01646702789504575
415	0.016466939646308184
416	0.01646685360760898
417	0.016466769732515093
418	0.016466687975153126
419	0.016466608290223027
420	0.016466530633005384
421	0.01646645495937509
422	0.016466381225805488
423	0.016466309389378857
424	0.016466239407795596
425	0.016466171239374605
426	0.016466104843064766
427	0.016466040178446814
428	0.016465977205736025
429	0.016465915885788277
430	0.01646585618010106
431	0.01646579805081584
432	0.016465741460717304
433	0.016465686373236185
434	0.01646563275245015
435	0.01646558056307835
436	0.01646552977048546
437	0.016465480340676797
438	0.01646543224029598
439	0.016465385436625395
440	0.016465339897578903
441	0.01646529559169928
442	0.016465252488156494
443	0.016465210556739697
444	0.016465169767854764
445	0.016465130092518113
446	0.016465091502350326
447	0.016465053969573245
448	0.01646501746700007
449	0.01646498196802992
450	0.016464947446643945
451	0.01646491387739411
452	0.016464881235399118
453	0.016464849496336007
454	0.016464818636431473
455	0.016464788632457004
456	0.01646475946171914
457	0.016464731102050423
458	0.016464703531803855
459	0.016464676729843163
460	0.016464650675535188
461	0.016464625348741147
462	0.016464600729807558
463	0.016464576799560267
464	0.01646455353929399
465	0.01646453093076335
466	0.016464508956175076
467	0.016464487598181216
468	0.016464466839868536
469	0.016464446664750002
470	0.016464427056757654
471	0.01646440800023407
472	0.016464389479922584
473	0.016464371480960367
474	0.016464353988869283
475	0.01646433698955011
476	0.01646432046926955
477	0.016464304414658307
478	0.016464288812697712
479	0.016464273650714623
480	0.01646425891637442
481	0.016464244597670666
482	0.016464230682920168
483	0.016464217160752873
484	0.016464204020107426
485	0.01646419125022104
486	0.016464178840625246
487	0.016464166781135665
488	0.016464155061847806
489	0.016464143673128515
490	0.016464132605610783
491	0.016464121850185195
492	0.016464111397995005
493	0.016464101240429428
494	0.01646409136911694
495	0.01646408177591996
496	0.016464072452927653
497	0.016464063392451996
498	0.01646405458702016
499	0.016464046029368604
500	0.01646403771244027
501	0.016464029629375224
502	0.01646402177350963
503	0.016464014138367667
504	0.016464006717656694
505	0.016463999505263855
506	0.016463992495249075
507	0.016463985681842642
508	0.016463979059438773
509	0.01646397262259192
510	0.016463966366012717
511	0.016463960284562547
512	0.016463954373250517
513	0.016463948627228112
514	0.01646394304178702
515	0.01646393761235414
516	0.01646393233448674
517	0.01646392720387058
518	0.016463922216315815
519	0.016463917367752854
520	0.016463912654229303
521	0.01646390807190764
522	0.01646390361706015
523	0.016463899286066442
524	0.016463895075410965
525	0.01646389098167897
526	0.01646388700155617
527	0.016463883131821313
528	0.016463879369348802
529	0.01646387571110179
530	0.01646387215413076
531	0.0164638686955724
532	0.016463865332645128
533	0.01646386206264818
534	0.016463858882959006
535	0.016463855791030158
536	0.01646385278438811
537	0.01646384986063005
538	0.016463847017423403
539	0.01646384425250235
540	0.01646384156366569
541	0.016463838948776746
542	0.016463836405759623
543	0.016463833932598017
544	0.01646383152733491
545	0.016463829188067835
546	0.01646382691294986
547	0.01646382470018686
548	0.016463822548036806
549	0.016463820454806457
550	0.016463818418852316
551	0.016463816438577313
552	0.016463814512429266
553	0.01646381263890253
554	0.016463810816533076
555	0.01646380904389818
556	0.01646380731961666
557	0.01646380564234744
558	0.01646380401078523
559	0.01646380242366431
560	0.016463800879754065
561	0.016463799377858752
562	0.016463797916815757
563	0.016463796495498315
564	0.0164637951128075
565	0.016463793767679032
566	0.01646379245907693
567	0.01646379118599521
568	0.01646378994745582
569	0.016463788742509346
570	0.016463787570231675
571	0.016463786429725617
572	0.016463785320119096
573	0.016463784240564668
574	0.016463783190238467
575	0.016463782168339623
576	0.016463781174090943
577	0.016463780206735196
578	0.01646377926553752
579	0.01646377834978293
580	0.01646377745877715
581	0.016463776591844927
582	0.016463775748329898
583	0.01646377492759421
584	0.01646377412901659
585	0.016463773351994507
586	0.016463772595942058
587	0.016463771860288533
588	0.01646377114448008
589	0.016463770447977533
590	0.016463769770256948
591	0.016463769110809587
592	0.01646376846913897
593	0.016463767844764127
594	0.01646376723721666
595	0.016463766646040788
596	0.016463766070793275
597	0.01646376551104365
598	0.016463764966373178
599	0.016463764436374605
600	0.016463763920651256
601	0.016463763418817955
602	0.01646376293050021
603	0.01646376245533271
604	0.01646376199296159
605	0.016463761543041685
606	0.016463761105237763
607	0.0164637606792231
608	0.016463760264681018
609	0.016463759861302017
610	0.01646375946878641
611	0.01646375908684135
612	0.016463758715182776
613	0.016463758353534932
614	0.016463758001628373
615	0.01646375765920097
616	0.016463757325998616
617	0.016463757001773917
618	0.01646375668628481
619	0.016463756379298478
620	0.016463756080584598
621	0.016463755789922933
622	0.016463755507097378
623	0.016463755231897248
624	0.016463754964118567
625	0.01646375470356213
626	0.016463754450033865
627	0.016463754203346555
628	0.01646375396331542
629	0.016463753729763192
630	0.016463753502516932
631	0.016463753281405754
632	0.016463753066266747
633	0.016463752856939844
634	0.01646375265326918
635	0.016463752455102506
636	0.01646375226229321
637	0.016463752074698666
638	0.01646375189217762
639	0.01646375171459478
640	0.01646375154181814
641	0.016463751373718957
642	0.016463751210171698
643	0.0164637510510554
644	0.01646375089625007
645	0.016463750745640545
646	0.016463750599114407
647	0.016463750456563234
648	0.01646375031787989
649	0.01646375018296081
650	0.016463750051704643
651	0.01646374992401379
652	0.016463749799792243
653	0.016463749678947204
654	0.016463749561388782
655	0.016463749447028067
656	0.01646374933577926
657	0.016463749227559613
658	0.016463749122287222
659	0.016463749019883782
660	0.01646374892027109
661	0.016463748823375247
662	0.016463748729122728
663	0.016463748637442925
664	0.01646374854826619
665	0.01646374846152613
666	0.01646374837715637
667	0.016463748295093516
668	0.01646374821527597
669	0.016463748137643217
670	0.01646374806213549
671	0.01646374798869705
672	0.016463747917271863
673	0.01646374784780455
674	0.016463747780243565
675	0.016463747714537267
676	0.016463747650635904
677	0.016463747588489838
678	0.016463747528052547
679	0.016463747469278475
680	0.016463747412121692
681	0.016463747356538518
682	0.016463747302487324
683	0.016463747249925543
684	0.01646374719881418
685	0.01646374714911275
686	0.016463747100784458
687	0.016463747053790997
688	0.016463747008097256
689	0.016463746963667012
690	0.016463746920466565
691	0.016463746878462582
692	0.01646374683762266
693	0.01646374679791516
694	0.016463746759308936
695	0.016463746721774326
696	0.016463746685282183
697	0.01646374664980484
698	0.016463746615314
699	0.01646374658178275
700	0.01646374654918558
701	0.016463746517496252
702	0.016463746486690935
703	0.016463746456744515
704	0.016463746427634388
705	0.016463746399336912
706	0.01646374637183091
707	0.016463746345094458
708	0.016463746319105545
709	0.01646374629384502
710	0.01646374626929232
711	0.016463746245428953
712	0.01646374622223463
713	0.01646374619969121
714	0.0164637461777821
715	0.016463746156488657
716	0.016463746135794256
717	0.016463746115683364
718	0.016463746096138415
719	0.016463746077144445
720	0.01646374605868683
721	0.016463746040750613
722	0.01646374602332079
723	0.016463746006383707
724	0.016463745989926653
725	0.016463745973935212
726	0.016463745958397204
727	0.016463745943299475
728	0.01646374592862978
729	0.01646374591437707
730	0.016463745900529826
731	0.016463745887076255
732	0.016463745874005283
733	0.016463745861306712
734	0.016463745848970354
735	0.01646374583698592
736	0.016463745825343216
737	0.01646374581403323
738	0.01646374580304672
739	0.016463745792374477
740	0.016463745782007835
741	0.01646374577193815
742	0.01646374576215693
743	0.016463745752657223
744	0.016463745743430316
745	0.01646374573446762
746	0.01646374572576386
747	0.01646374571730986
748	0.016463745709099965
749	0.016463745701126027
750	0.016463745693383016
751	0.016463745685863243
752	0.016463745678561015
753	0.016463745671469607
754	0.016463745664583647
755	0.016463745657896624
756	0.01646374565140445
757	0.016463745645099948
758	0.016463745638978785
759	0.016463745633035893
760	0.016463745627265096
761	0.016463745621662813
762	0.01646374561622377
763	0.016463745610943117
764	0.016463745605816652
765	0.01646374560083936
766	0.016463745596008047
767	0.016463745591318524
768	0.01646374558676554
769	0.016463745582345923
770	0.016463745578056244
771	0.01646374557389262
772	0.016463745569851182
773	0.01646374556592843
774	0.01646374556212091
775	0.01646374555842576
776	0.01646374555483927
777	0.01646374555135894
778	0.016463745547981353
779	0.01646374554470327
780	0.01646374554152246
781	0.016463745538435492
782	0.016463745535440166
783	0.016463745532533644
784	0.016463745529712994
785	0.016463745526976662
786	0.01646374552432107
787	0.01646374552174501
788	0.016463745519245634
789	0.016463745516820165
790	0.01646374551446764
791	0.016463745512184932
792	0.016463745509970817
793	0.016463745507822633
794	0.016463745505738932
795	0.016463745503717837
796	0.01646374550175627
797	0.01646374549985488
798	0.016463745498010003
799	0.016463745496220736
800	0.016463745494485836
801	0.016463745492801902
802	0.016463745491169204
803	0.01646374548958662
804	0.01646374548805102
805	0.01646374548656216
806	0.016463745485117982
807	0.016463745483717967
808	0.016463745482360067
809	0.016463745481043075
810	0.016463745479766288
811	0.016463745478528292
812	0.016463745477328106
813	0.01646374547616451
814	0.01646374547503618
815	0.01646374547394212
816	0.016463745472881985
817	0.016463745471853974
818	0.016463745470856925
819	0.016463745469891024
820	0.016463745468954114
821	0.016463745468046978
822	0.016463745467166762
823	0.016463745466313774
824	0.01646374546548683
825	0.016463745464685813
826	0.016463745463908767
827	0.016463745463156702
828	0.016463745462427216
829	0.01646374546172051
830	0.016463745461035167
831	0.016463745460371094
832	0.01646374545972748
833	0.016463745459104423
834	0.0164637454585005
835	0.01646374545791513
836	0.016463745457348015
837	0.01646374545679878
838	0.01646374545626649
839	0.01646374545575065
840	0.016463745455250936
841	0.016463745454767253
842	0.016463745454298132
843	0.0164637454538444
844	0.016463745453403584
845	0.016463745452977827
846	0.01646374545256462
847	0.016463745452164724
848	0.016463745451778117
849	0.016463745451402483
850	0.016463745451039298
851	0.01646374545068724
852	0.016463745450346668
853	0.01646374545001659
854	0.016463745449697528
855	0.016463745449387834
856	0.0164637454490884
857	0.01646374544879757
858	0.01646374544851694
859	0.0164637454482449
860	0.01646374544798159
861	0.016463745447726486
862	0.016463745447479743
863	0.016463745447240788
864	0.016463745447008973
865	0.016463745446785666
866	0.016463745446568652
867	0.016463745446358764
868	0.016463745446155514
869	0.01646374544595866
870	0.016463745445768372
871	0.016463745445584058
872	0.016463745445405922
873	0.01646374544523336
874	0.01646374544506645
875	0.01646374544490494
876	0.016463745444748382
877	0.01646374544459708
878	0.016463745444450773
879	0.016463745444308772
880	0.01646374544417148
881	0.016463745444038676
882	0.01646374544391076
883	0.016463745443786527
884	0.016463745443666238
885	0.01646374544355017
886	0.016463745443437622
887	0.01646374544332892
888	0.016463745443223765
889	0.016463745443121604
890	0.016463745443023196
891	0.01646374544292831
892	0.01646374544283605
893	0.01646374544274714
894	0.016463745442661132
895	0.016463745442577442
896	0.016463745442496826
897	0.016463745442418437
898	0.016463745442343476
899	0.016463745442270604
900	0.0164637454421999
901	0.016463745442132072
902	0.016463745442066212
903	0.016463745442002596
904	0.01646374544194101
905	0.016463745441881162
906	0.016463745441823763
907	0.01646374544176818
908	0.01646374544171381
909	0.016463745441662226
910	0.01646374544161221
911	0.016463745441563208
912	0.016463745441515916
913	0.016463745441471146
914	0.016463745441427
915	0.0164637454413843
916	0.016463745441343696
917	0.016463745441304217
918	0.016463745441265772
919	0.016463745441229208
920	0.01646374544119293
921	0.016463745441158858
922	0.016463745441125072
923	0.01646374544109315
924	0.016463745441061613
925	0.01646374544103147
926	0.016463745441002268
927	0.016463745440974342
928	0.016463745440947527
929	0.016463745440920996
930	0.016463745440895596
931	0.016463745440871175
932	0.016463745440847506
933	0.01646374544082459
934	0.016463745440803316
935	0.01646374544078134
936	0.016463745440760964
937	0.016463745440740942
938	0.016463745440721555
939	0.01646374544070309
940	0.016463745440685622
941	0.016463745440668216
942	0.016463745440651618
943	0.016463745440635648
944	0.016463745440619508
945	0.016463745440604693
946	0.01646374544059014
947	0.01646374544057652
948	0.01646374544056261
949	0.016463745440549793
950	0.016463745440536894
951	0.01646374544052504
952	0.016463745440512975
953	0.016463745440501852
954	0.01646374544049123
955	0.01646374544048053
956	0.01646374544046992
957	0.01646374544046061
958	0.01646374544045089
959	0.016463745440441727
960	0.016463745440433185
961	0.016463745440424105
962	0.016463745440415893
963	0.016463745440408465
964	0.016463745440400628
965	0.016463745440393075
966	0.01646374544038622
967	0.016463745440379044
968	0.01646374544037286
969	0.016463745440366103
970	0.016463745440360188
971	0.016463745440354116
972	0.016463745440348305
973	0.016463745440342684
974	0.016463745440337803
975	0.016463745440332262
976	0.0164637454403275
977	0.01646374544032222
978	0.016463745440318103
979	0.01646374544031376
980	0.016463745440308993
981	0.016463745440305197
982	0.01646374544030135
983	0.0164637454402968
984	0.01646374544029395
985	0.016463745440290035
986	0.016463745440286174
987	0.016463745440282652
988	0.01646374544027988
989	0.016463745440276876
990	0.016463745440273955
991	0.01646374544027102
992	0.016463745440268174
993	0.016463745440265368
994	0.016463745440262578
995	0.01646374544026041
996	0.0164637454402583
997	0.016463745440256163
998	0.016463745440253818
999	0.016463745440251278
1000	0.016463745440249686
1001	0.016463745440247812
1002	0.01646374544024573
1003	0.016463745440243666
1004	0.016463745440241692
1005	0.016463745440240467
1006	0.01646374544023845
1007	0.01646374544023661
1008	0.016463745440235187
1009	0.016463745440234122
1010	0.016463745440232384
1011	0.016463745440231214
1012	0.016463745440229806
1013	0.016463745440228314
1014	0.016463745440227245
1015	0.016463745440225993
1016	0.016463745440225143
1017	0.016463745440223956
1018	0.01646374544022326
1019	0.01646374544022198
1020	0.01646374544022125
1021	0.01646374544021998
1022	0.01646374544021911
1023	0.016463745440217697
1024	0.01646374544021742
1025	0.016463745440216757
1026	0.016463745440215977
1027	0.016463745440215206
1028	0.016463745440213957
1029	0.016463745440213694
1030	0.01646374544021297
1031	0.01646374544021245
1032	0.016463745440211713
1033	0.016463745440211067
1034	0.016463745440210342
1035	0.01646374544020978
1036	0.01646374544020963
1037	0.0164637454402095
1038	0.01646374544020858
1039	0.016463745440208167
1040	0.01646374544020755
1041	0.016463745440207216
1042	0.016463745440206703
1043	0.016463745440206186
1044	0.01646374544020577
1045	0.016463745440205384
1046	0.016463745440205076
1047	0.0164637454402051
1048	0.016463745440204645
1049	0.016463745440204316
1050	0.016463745440204083
1051	0.016463745440203684
1052	0.016463745440203344
1053	0.016463745440203247
1054	0.016463745440202824
1055	0.016463745440202904
1056	0.016463745440202106
1057	0.01646374544020171
1058	0.016463745440201835
1059	0.016463745440201683
1060	0.01646374544020154
1061	0.016463745440201242
1062	0.01646374544020096
1063	0.016463745440200697
1064	0.01646374544020052
1065	0.016463745440200284
1066	0.016463745440200447
1067	0.016463745440200357
1068	0.016463745440199917
1069	0.016463745440199712
1070	0.01646374544019946
1071	0.01646374544019955
1072	0.016463745440199483
1073	0.016463745440199278
1074	0.016463745440199077
1075	0.016463745440198824
1076	0.016463745440198737
1077	0.01646374544019924
1078	0.016463745440198865
1079	0.01646374544019883
1080	0.016463745440198397
1081	0.01646374544019824
1082	0.01646374544019808
1083	0.016463745440198237
1084	0.016463745440198206
1085	0.01646374544019838
1086	0.01646374544019795
1087	0.016463745440198085
1088	0.016463745440197734
1089	0.01646374544019817
1090	0.01646374544019787
1091	0.01646374544019771
1092	0.01646374544019751
1093	0.016463745440197727
1094	0.016463745440197346
1095	0.016463745440197443
1096	0.01646374544019774
1097	0.016463745440197394
1098	0.016463745440197214
1099	0.016463745440197335
1100	0.016463745440197554
1101	0.016463745440197367
1102	0.016463745440197346
1103	0.016463745440197297
1104	0.016463745440197085
1105	0.016463745440197134
1106	0.016463745440197013
1107	0.016463745440197367
1108	0.016463745440197297
1109	0.016463745440196638
1110	0.016463745440196874
1111	0.016463745440196957
1112	0.016463745440196825
1113	0.01646374544019676
1114	0.016463745440196693
1115	0.016463745440196947
1116	0.01646374544019692
1117	0.016463745440197082
1118	0.016463745440196704
1119	0.016463745440196905
1120	0.016463745440196926
1121	0.016463745440196402
1122	0.01646374544019672
1123	0.016463745440196364
1124	0.01646374544019672
1125	0.016463745440196655
1126	0.016463745440196843
1127	0.01646374544019663
1128	0.016463745440196617
1129	0.016463745440196555
1130	0.01646374544019639
1131	0.01646374544019657
1132	0.01646374544019634
1133	0.016463745440196846
1134	0.01646374544019641
1135	0.016463745440196433
1136	0.01646374544019681
1137	0.016463745440196093
1138	0.016463745440196256
1139	0.016463745440196912
1140	0.016463745440196575
1141	0.01646374544019675
1142	0.016463745440196548
1143	0.016463745440196725
1144	0.016463745440196267
1145	0.016463745440196523
1146	0.016463745440196628
1147	0.016463745440196593
1148	0.016463745440196652
1149	0.016463745440196426
1150	0.01646374544019598
1151	0.016463745440196416
1152	0.016463745440196378
1153	0.016463745440196315
1154	0.016463745440196242
1155	0.01646374544019651
1156	0.016463745440196978
1157	0.016463745440196395
1158	0.016463745440196326
1159	0.016463745440196253
1160	0.01646374544019628
1161	0.016463745440196773
1162	0.016463745440196197
1163	0.016463745440195864
1164	0.016463745440196267
1165	0.01646374544019651
1166	0.016463745440196395
1167	0.01646374544019627
1168	0.016463745440196062
1169	0.01646374544019683
1170	0.01646374544019605
1171	0.016463745440196548
1172	0.01646374544019626
1173	0.01646374544019616
1174	0.01646374544019579
1175	0.0164637454401962
1176	0.016463745440196242
1177	0.016463745440196527
1178	0.016463745440196097
1179	0.016463745440196586
1180	0.016463745440196364
1181	0.016463745440195892
1182	0.016463745440196645
1183	0.016463745440196225
1184	0.016463745440196128
1185	0.01646374544019618
1186	0.0164637454401965
1187	0.016463745440196208
1188	0.016463745440196458
1189	0.016463745440196607
1190	0.016463745440196253
1191	0.01646374544019658
1192	0.016463745440196166
1193	0.01646374544019696
1194	0.016463745440196274
1195	0.016463745440196475
1196	0.01646374544019672
1197	0.016463745440196215
1198	0.016463745440196367
1199	0.016463745440196072
1200	0.016463745440196277
1201	0.016463745440196347
1202	0.016463745440196197
1203	0.016463745440196347
1204	0.016463745440196298
1205	0.016463745440196454
1206	0.016463745440196433
1207	0.01646374544019645
1208	0.01646374544019669
1209	0.016463745440196548
1210	0.016463745440196242
1211	0.01646374544019621
1212	0.01646374544019633
1213	0.016463745440196322
1214	0.016463745440196357
1215	0.016463745440196638
1216	0.016463745440196548
1217	0.01646374544019678
1218	0.016463745440196454
1219	0.016463745440196714
1220	0.0164637454401967
1221	0.016463745440196638
1222	0.016463745440196468
1223	0.016463745440196388
1224	0.016463745440196045
1225	0.016463745440196475
