<Coefficient>
	 9 Total number of radial orbitals.
	Type	L	Zeta-Orbital
	  Y 	0	    1
	   0.11470967859723
	   0.16006667737210
	   0.18118256990199
	   0.18930796821362
	   0.15124346338675
	   0.08762638853525
	   0.01844130775962
	  -0.04047168022819
	  -0.08246180736491
	  -0.10484120283467
	  -0.11047551063750
	  -0.10395917458943
	  -0.08976977703800
	  -0.07245875123015
	  -0.05387401653396
	  -0.03770927647208
	  -0.02350824918280
	  -0.01393712154000
	  -0.00593884687075
	  -0.00254680868321
	   0.00060596845305
	   0.00018541936612
	   0.00135416203509
	  -0.00053018100957
	   0.00051429063375
	  -0.00155384032536
	   0.00034587721151
	  -0.00199794603905
	Type	L	Zeta-Orbital
	  Y 	0	    2
	   0.14463192455897
	  -0.00538233987230
	  -0.15277948253860
	  -0.18590963617841
	  -0.15267221051076
	  -0.09542231714006
	  -0.03725736586088
	   0.00958448601706
	   0.04438793568171
	   0.06291389517029
	   0.07103099087297
	   0.06778555853909
	   0.06120693859591
	   0.04866469269647
	   0.03857286285344
	   0.02607852765922
	   0.01893971705856
	   0.00958540029507
	   0.00688539731001
	   0.00082828953225
	   0.00190721545695
	  -0.00217212131576
	   0.00123225613656
	  -0.00252713203307
	   0.00203845823839
	  -0.00251507107775
	   0.00303089738425
	  -0.00347433535034
	Type	L	Zeta-Orbital
	  Y 	0	    3
	  -0.45127178988316
	   0.84400404121889
	   0.12187124448431
	  -0.44988789920477
	   0.04397627827249
	   0.04870594911648
	   0.50901420655964
	   0.54805505216714
	   0.76478884085220
	   0.71907137934108
	   0.75953803358533
	   0.61714070514637
	   0.54213883108126
	   0.36238608287860
	   0.27495960450791
	   0.15945938789600
	   0.10252127164981
	   0.02635228224497
	   0.01715232662134
	  -0.01260614875483
	  -0.00858432369725
	  -0.01324100468143
	   0.00494792931736
	   0.00522567561353
	   0.01262566558434
	   0.01007295367701
	   0.01424014144257
	   0.00778288189498
	Type	L	Zeta-Orbital
	  Y 	0	    4
	   0.61602377715204
	  -0.39713453114097
	  -0.23581869749650
	   0.22579002915132
	   0.29700211314141
	   0.35933538702609
	   0.42387158578837
	   0.40155018897516
	   0.38259694936971
	   0.33637400055338
	   0.30746210871729
	   0.24702962179581
	   0.20898272313093
	   0.13506552179678
	   0.09493617553790
	   0.04601607474117
	   0.03097392224401
	  -0.00815713287940
	   0.00419513890124
	  -0.01931089415463
	   0.00443297696241
	  -0.01575500149489
	   0.01724382294609
	  -0.00971089221070
	   0.02447143246984
	  -0.01196946131982
	   0.03031942010415
	  -0.02262202452840
	Type	L	Zeta-Orbital
	  Y 	1	    1
	  -0.04757946377629
	  -0.16621708952915
	  -0.28452125037381
	  -0.35658791123730
	  -0.36179299434620
	  -0.32024872916780
	  -0.25281899587700
	  -0.17757815976846
	  -0.10595184479323
	  -0.04683781396421
	  -0.00179777703061
	   0.02799799145533
	   0.04553843691846
	   0.05254999253240
	   0.05264675297462
	   0.04740305370259
	   0.04000438974726
	   0.03109072507022
	   0.02306342569124
	   0.01553804657544
	   0.00999794888074
	   0.00535176887581
	   0.00281471294954
	   0.00070868500701
	   0.00024422318423
	  -0.00052038609105
	   0.00006920250491
	  -0.00066640782189
	Type	L	Zeta-Orbital
	  Y 	1	    2
	  -0.69036321770187
	  -0.41931598502763
	   0.00586079311947
	   0.18817080371001
	   0.19415676398622
	   0.17136136168166
	   0.13345281192666
	   0.09723382629144
	   0.05645984087387
	   0.03782097699255
	   0.01057105613433
	   0.00092073704433
	  -0.01603157344223
	  -0.01199214736898
	  -0.02223452878552
	  -0.01034597882085
	  -0.02023259494331
	  -0.00498102891157
	  -0.01620393415823
	   0.00148166752945
	  -0.01267978261548
	   0.00730560401414
	  -0.01095920847716
	   0.01112401619803
	  -0.01284194956880
	   0.01431959575114
	  -0.01821008567467
	   0.03511898229784
	Type	L	Zeta-Orbital
	  Y 	2	    1
	  -0.17469785681803
	  -0.23713957074286
	  -0.29047727311684
	  -0.27022640706262
	  -0.26106138213949
	  -0.22003248644816
	  -0.19316158627917
	  -0.14742608745646
	  -0.12126076136279
	  -0.08502498118397
	  -0.06854367015932
	  -0.04323863994648
	  -0.03658087435019
	  -0.01990632766844
	  -0.02013945926244
	  -0.00755290760329
	  -0.01181284086600
	  -0.00146220622316
	  -0.00851314931994
	   0.00192833629532
	  -0.00680508704710
	   0.00425424518273
	  -0.00637009421351
	   0.00613171813934
	  -0.00701615201117
	   0.00810342518510
	  -0.00955591290277
	   0.03657296625009
	Type	L	Zeta-Orbital
	  Y 	2	    2
	  -1.43459802108616
	  -0.03882630522239
	   0.10058810102599
	   0.43290387941315
	   0.36522780737723
	   0.31754306872153
	   0.20744650467211
	   0.20261918338256
	   0.13031031758814
	   0.13715458361816
	   0.05818382105394
	   0.08606470756629
	   0.01750791239689
	   0.06226787262737
	  -0.01303719584900
	   0.05565181748031
	  -0.02418065467134
	   0.05056947595369
	  -0.04360965769278
	   0.05525273116253
	  -0.05228343315643
	   0.06008481188298
	  -0.06695370048799
	   0.07141711980348
	  -0.08298929001012
	   0.09204146746102
	  -0.11248670705693
	   0.42864533719182
	Type	L	Zeta-Orbital
	  Y 	3	    1
	   0.22502691627891
	  -0.74079082935006
	  -0.70923418304113
	  -0.98483929993233
	  -0.86388958180000
	  -0.73375801985244
	  -0.46673059956220
	  -0.43424216577843
	  -0.30058813061776
	  -0.27169387969598
	  -0.15154441031502
	  -0.17202945059904
	  -0.06552525069669
	  -0.09829551100183
	  -0.01811377638673
	  -0.07340034417908
	   0.02273001126045
	  -0.05258432321480
	   0.03456394848399
	  -0.05023850954571
	   0.05136284421427
	  -0.05600251994834
	   0.05310736031819
	  -0.05932264497245
	   0.06552637587727
	  -0.06748479647628
	  -0.00224945865897
	  -0.80575158555489
</Coefficient>
<Mkb>
Left spillage = 3.1978002055e-03
</Mkb>
