<Coefficient>
	 5 Total number of radial orbitals.
	Type	L	Zeta-Orbital
	  Li 	0	    1
	   0.23613750638230
	  -0.01300094428187
	  -0.10193513875678
	  -0.06858916472184
	  -0.06033542901653
	  -0.04925163397717
	  -0.04220730125298
	  -0.03722211029562
	  -0.03009288898178
	  -0.02670895219027
	  -0.01836771541144
	  -0.01795659996850
	  -0.00944414305264
	  -0.01220865044126
	  -0.00254553161085
	  -0.00839111444996
	   0.00227661032001
	  -0.00693602354268
	   0.00564766707125
	  -0.00747705613634
	   0.00911460719586
	  -0.01491278679103
	Type	L	Zeta-Orbital
	  Li 	0	    2
	  -0.14493193563196
	  -0.16616478475741
	  -0.29427166172527
	  -0.35853113333617
	  -0.27353112273876
	  -0.38015451602972
	  -0.28137060295243
	  -0.32737594019732
	  -0.22847724712788
	  -0.24054987837433
	  -0.15463850404348
	  -0.15582622461663
	  -0.08329114797361
	  -0.08792947577023
	  -0.03175568870130
	  -0.04418312385064
	  -0.00031933857553
	  -0.02223939040299
	   0.01390541016616
	  -0.01669216439036
	   0.02020806011076
	  -0.03003023435685
	Type	L	Zeta-Orbital
	  Li 	0	    3
	  -0.06218096320059
	  -0.52704016736655
	  -0.01556721230932
	   0.70911211208555
	  -0.42790041714055
	   0.44731481073777
	  -0.27647336206629
	   0.33500686902056
	  -0.18298325792244
	   0.27374898979218
	  -0.09739728340998
	   0.26727747592315
	  -0.05892466101835
	   0.26072169358081
	  -0.02732252452053
	   0.25408576092256
	  -0.06273961999834
	   0.21023775938650
	  -0.12796877207420
	   0.18494329352222
	  -0.20239516753894
	   0.31282913509330
	Type	L	Zeta-Orbital
	  Li 	0	    4
	   0.60396202908134
	   0.40702364519784
	   0.74428184352302
	   0.18131239794443
	  -0.59498629855339
	   0.07109408229947
	  -0.49482886532564
	   0.03158922499122
	  -0.39161020379068
	  -0.01818385591539
	  -0.30993571840776
	  -0.01190904113128
	  -0.24005292171381
	   0.02258853671506
	  -0.17286282396195
	   0.05571384626456
	  -0.13363521048221
	   0.08295974107012
	  -0.11641618388667
	   0.10722192804775
	  -0.12957672005213
	   0.20211551353143
	Type	L	Zeta-Orbital
	  Li 	1	    1
	   0.68404435800525
	   1.06886136860404
	   0.53893718961911
	   0.43132233701943
	   0.25492857786973
	   0.25029468914356
	   0.18489913517115
	   0.19248493808537
	   0.12327546001145
	   0.10566966450976
	   0.04994369733680
	   0.06278512713651
	   0.02195843786274
	   0.03757033460761
	   0.01509908828479
	   0.04131532342788
	   0.00466679865663
	   0.02846727720248
	  -0.01367503749158
	   0.01774153162831
	  -0.02470368111475
	   0.08481637492840
</Coefficient>
<Mkb>
Left spillage = 3.9265310242e-02
</Mkb>
