  0.000000    0.07239127854301    0.00000000000000  
  0.010000    0.07246806822900    0.00232583045589  
  0.020000    0.07269833664513    0.00465298687682  
  0.030000    0.07308178212888    0.00698279131960  
  0.040000    0.07361790278526    0.00931655803588  
  0.050000    0.07430599779795    0.01165558959739  
  0.060000    0.07514516925922    0.01400117305468  
  0.070000    0.07613432451324    0.01635457614037  
  0.080000    0.07727217900564    0.01871704352788  
  0.090000    0.07855725963065    0.02108979315660  
  0.100000    0.07998790856559    0.02347401263414  
  0.110000    0.08156228758117    0.02587085572663  
  0.120000    0.08327838281424    0.02828143894723  
  0.130000    0.08513400998849    0.03070683825349  
  0.140000    0.08712682006694    0.03314808586351  
  0.150000    0.08925430531890    0.03560616720088  
  0.160000    0.09151380578244    0.03808201797816  
  0.170000    0.09390251610240    0.04057652142810  
  0.180000    0.09641749272254    0.04309050569184  
  0.190000    0.09905566140919    0.04562474137275  
  0.200000    0.10181382508283    0.04817993926428  
  0.210000    0.10468867193265    0.05075674825983  
  0.220000    0.10767678378830    0.05335575345203  
  0.230000    0.11077464472213    0.05597747442861  
  0.240000    0.11397864985410    0.05862236377129  
  0.250000    0.11728511433099    0.06129080576372  
  0.260000    0.12069028245063    0.06398311531379  
  0.270000    0.12419033690146    0.06669953709515  
  0.280000    0.12778140808677    0.06944024491201  
  0.290000    0.13145958350313    0.07220534129061  
  0.300000    0.13522091714145    0.07499485730014  
  0.310000    0.13906143887954    0.07780875260488  
  0.320000    0.14297716383437    0.08064691574885  
  0.330000    0.14696410164254    0.08350916467315  
  0.340000    0.15101826563730    0.08639524746562  
  0.350000    0.15513568189078    0.08930484334114  
  0.360000    0.15931239809043    0.09223756385061  
  0.370000    0.16354449221898    0.09519295431508  
  0.380000    0.16782808100774    0.09817049548112  
  0.390000    0.17215932813393    0.10116960539223  
  0.400000    0.17653445213332    0.10418964147038  
  0.410000    0.18094973400040    0.10722990280061  
  0.420000    0.18540152444936    0.11028963261099  
  0.430000    0.18988625081027    0.11336802093894  
  0.440000    0.19440042353615    0.11646420747436  
  0.450000    0.19894064229789    0.11957728456889  
  0.460000    0.20350360164556    0.12270630039983  
  0.470000    0.20808609621621    0.12585026227651  
  0.480000    0.21268502546989    0.12900814007593  
  0.490000    0.21729739793751    0.13217886979388  
  0.500000    0.22192033496588    0.13536135719705  
  0.510000    0.22655107394749    0.13855448156085  
  0.520000    0.23118697102423    0.14175709947725  
  0.530000    0.23582550325690    0.14496804871635  
  0.540000    0.24046427025387    0.14818615212488  
  0.550000    0.24510099525522    0.15141022154457  
  0.560000    0.24973352567023    0.15463906173294  
  0.570000    0.25435983306897    0.15787147426885  
  0.580000    0.25897801263072    0.16110626142512  
  0.590000    0.26358628205445    0.16434222999029  
  0.600000    0.26818297993894    0.16757819502192  
  0.610000    0.27276656364229    0.17081298351358  
  0.620000    0.27733560663315    0.17404543795841  
  0.630000    0.28188879534813    0.17727441979195  
  0.640000    0.28642492557197    0.18049881269786  
  0.650000    0.29094289835966    0.18371752576019  
  0.660000    0.29544171552133    0.18692949644691  
  0.670000    0.29992047469310    0.19013369340988  
  0.680000    0.30437836401901    0.19332911908722  
  0.690000    0.30881465647083    0.19651481209516  
  0.700000    0.31322870383454    0.19968984939708  
  0.710000    0.31761993039379    0.20285334823897  
  0.720000    0.32198782634211    0.20600446784104  
  0.730000    0.32633194095703    0.20914241083719  
  0.740000    0.33065187557068    0.21226642445453  
  0.750000    0.33494727637215    0.21537580142703  
  0.760000    0.33921782707803    0.21846988063858  
  0.770000    0.34346324150834    0.22154804749195  
  0.780000    0.34768325610529    0.22460973400200  
  0.790000    0.35187762243313    0.22765441861258  
  0.800000    0.35604609969705    0.23068162573828  
  0.810000    0.36018844731964    0.23369092503369  
  0.820000    0.36430441761264    0.23668193039423  
  0.830000    0.36839374858186    0.23965429869418  
  0.840000    0.37245615690227    0.24260772826909  
  0.850000    0.37649133109963    0.24554195715107  
  0.860000    0.38049892497404    0.24845676106698  
  0.870000    0.38447855129967    0.25135195121094  
  0.880000    0.38842977583372    0.25422737180380  
  0.890000    0.39235211166613    0.25708289745356  
  0.900000    0.39624501393974    0.25991843033196  
  0.910000    0.40010787496922    0.26273389718342  
  0.920000    0.40394001978472    0.26552924618372  
  0.930000    0.40774070212436    0.26830444366668  
  0.940000    0.41150910089732    0.27105947073783  
  0.950000    0.41524431713711    0.27379431979508  
  0.960000    0.41894537146188    0.27650899097657  
  0.970000    0.42261120205651    0.27920348855698  
  0.980000    0.42624066318805    0.28187781731336  
  0.990000    0.42983252426397    0.28453197888224  
  1.000000    0.43338546943938    0.28716596812985  
  1.010000    0.43689809777709    0.28977976955694  
  1.020000    0.44036892396111    0.29237335376025  
  1.030000    0.44379637956186    0.29494667397168  
  1.040000    0.44717881484794    0.29749966269648  
  1.050000    0.45051450113718    0.30003222847089  
  1.060000    0.45380163367632    0.30254425275920  
  1.070000    0.45703833503650    0.30503558700950  
  1.080000    0.46022265900859    0.30750604988644  
  1.090000    0.46335259498022    0.30995542469835  
  1.100000    0.46642607277381    0.31238345703522  
  1.110000    0.46944096792228    0.31478985263257  
  1.120000    0.47239510735733    0.31717427547519  
  1.130000    0.47528627548268    0.31953634615330  
  1.140000    0.47811222060295    0.32187564048236  
  1.150000    0.48087066167691    0.32419168839613  
  1.160000    0.48355929536230    0.32648397312108  
  1.170000    0.48617580331791    0.32875193063883  
  1.180000    0.48871785972731    0.33099494944136  
  1.190000    0.49118313900756    0.33321237058222  
  1.200000    0.49356932366543    0.33540348802549  
  1.210000    0.49587411226273    0.33756754929202  
  1.220000    0.49809522745212    0.33970375640139  
  1.230000    0.50023042404437    0.34181126710593  
  1.240000    0.50227749706792    0.34388919641151  
  1.250000    0.50423428978185    0.34593661837857  
  1.260000    0.50609870160356    0.34795256819465  
  1.270000    0.50786869591324    0.34993604450876  
  1.280000    0.50954230769752    0.35188601201592  
  1.290000    0.51111765099624    0.35380140427930  
  1.300000    0.51259292611679    0.35568112677556  
  1.310000    0.51396642658222    0.35752406014827  
  1.320000    0.51523654578055    0.35932906365256  
  1.330000    0.51640178328454    0.36109497877375  
  1.340000    0.51746075081273    0.36282063300115  
  1.350000    0.51841217780485    0.36450484373788  
  1.360000    0.51925491658642    0.36614642232654  
  1.370000    0.51998794709982    0.36774417817011  
  1.380000    0.52061038118124    0.36929692292701  
  1.390000    0.52112146636548    0.37080347475870  
  1.400000    0.52152058920277    0.37226266260839  
  1.410000    0.52180727807471    0.37367333048883  
  1.420000    0.52198120549868    0.37503434175764  
  1.430000    0.52204218991270    0.37634458335857  
  1.440000    0.52199019693576    0.37760297000735  
  1.450000    0.52182534010066    0.37880844830139  
  1.460000    0.52154788105963    0.37996000073289  
  1.470000    0.52115822926513    0.38105664958574  
  1.480000    0.52065694113119    0.38209746069731  
  1.490000    0.52004471868284    0.38308154706689  
  1.500000    0.51932240770383    0.38400807229394  
  1.510000    0.51849099539512    0.38487625382975  
  1.520000    0.51755160755896    0.38568536602788  
  1.530000    0.51650550532538    0.38643474297930  
  1.540000    0.51535408144017    0.38712378112015  
  1.550000    0.51409885613525    0.38775194160057  
  1.560000    0.51274147260400    0.38831875240517  
  1.570000    0.51128369210600    0.38882381021656  
  1.580000    0.50972738872697    0.38926678201525  
  1.590000    0.50807454382095    0.38964740641033  
  1.600000    0.50632724016304    0.38996549469710  
  1.610000    0.50448765584214    0.39022093163921  
  1.620000    0.50255805792357    0.39041367597434  
  1.630000    0.50054079591240    0.39054376064394  
  1.640000    0.49843829504880    0.39061129274903  
  1.650000    0.49625304946680    0.39061645323536  
  1.660000    0.49398761524803    0.39055949631284  
  1.670000    0.49164460340225    0.39044074861517  
  1.680000    0.48922667280570    0.39026060810710  
  1.690000    0.48673652312836    0.39001954274792  
  1.700000    0.48417688778057    0.38971808892074  
  1.710000    0.48155052690854    0.38935684963850  
  1.720000    0.47886022046756    0.38893649253831  
  1.730000    0.47610876140091    0.38845774767684  
  1.740000    0.47329894895087    0.38792140514015  
  1.750000    0.47043358212749    0.38732831248217  
  1.760000    0.46751545335897    0.38667937200653  
  1.770000    0.46454734234639    0.38597553790713  
  1.780000    0.46153201014364    0.38521781328306  
  1.790000    0.45847219348200    0.38440724704394  
  1.800000    0.45537059935698    0.38354493072200  
  1.810000    0.45222989989323    0.38263199520716  
  1.820000    0.44905272750155    0.38166960742151  
  1.830000    0.44584167034029    0.38065896694966  
  1.840000    0.44259926809115    0.37960130264087  
  1.850000    0.43932800805804    0.37849786919908  
  1.860000    0.43603032159534    0.37734994377623  
  1.870000    0.43270858087008    0.37615882258402  
  1.880000    0.42936509596106    0.37492581753885  
  1.890000    0.42600211229542    0.37365225295372  
  1.900000    0.42262180842219    0.37233946229072  
  1.910000    0.41922629411988    0.37098878498664  
  1.920000    0.41581760883405    0.36960156336372  
  1.930000    0.41239772043893    0.36817913963642  
  1.940000    0.40896852431558    0.36672285302481  
  1.950000    0.40553184273806    0.36523403698353  
  1.960000    0.40208942455711    0.36371401655506  
  1.970000    0.39864294517026    0.36216410585454  
  1.980000    0.39519400676569    0.36058560569288  
  1.990000    0.39174413882628    0.35897980134348  
  2.000000    0.38829479887958    0.35734796045729  
  2.010000    0.38484737347824    0.35569133112976  
  2.020000    0.38140317939513    0.35401114012231  
  2.030000    0.37796346501668    0.35230859124002  
  2.040000    0.37452941191740    0.35058486386629  
  2.050000    0.37110213659850    0.34884111165444  
  2.060000    0.36768269237304    0.34707846137517  
  2.070000    0.36427207138017    0.34529801191809  
  2.080000    0.36087120671087    0.34350083344474  
  2.090000    0.35748097462785    0.34168796668982  
  2.100000    0.35410219686246    0.33986042240645  
  2.110000    0.35073564297174    0.33801918095103  
  2.120000    0.34738203273921    0.33616519200221  
  2.130000    0.34404203860362    0.33429937440835  
  2.140000    0.34071628810018    0.33242261615726  
  2.150000    0.33740536629983    0.33053577446133  
  2.160000    0.33410981823253    0.32863967595139  
  2.170000    0.33083015128153    0.32673511697168  
  2.180000    0.32756683753645    0.32482286396864  
  2.190000    0.32432031609370    0.32290365396568  
  2.200000    0.32109099529396    0.32097819511618  
  2.210000    0.31787925488723    0.31904716732686  
  2.220000    0.31468544811701    0.31711122294364  
  2.230000    0.31150990371624    0.31517098749212  
  2.240000    0.30835292780845    0.31322706046512  
  2.250000    0.30521480570889    0.31128001614951  
  2.260000    0.30209580362102    0.30933040448513  
  2.270000    0.29899617022522    0.30737875194854  
  2.280000    0.29591613815699    0.30542556245490  
  2.290000    0.29285592537344    0.30347131827117  
  2.300000    0.28981573640720    0.30151648093468  
  2.310000    0.28679576350834    0.29956149217104  
  2.320000    0.28379618767519    0.29760677480598  
  2.330000    0.28081717957615    0.29565273366603  
  2.340000    0.27785890036499    0.29369975646345  
  2.350000    0.27492150239309    0.29174821466110  
  2.360000    0.27200512982252    0.28979846431359  
  2.370000    0.26910991914441    0.28785084688123  
  2.380000    0.26623599960773    0.28590569001403  
  2.390000    0.26338349356383    0.28396330830317  
  2.400000    0.26055251673256    0.28202400399798  
  2.410000    0.25774317839612    0.28008806768676  
  2.420000    0.25495558152699    0.27815577894029  
  2.430000    0.25218982285640    0.27622740691719  
  2.440000    0.24944599289008    0.27430321093063  
  2.450000    0.24672417587792    0.27238344097642  
  2.460000    0.24402444974427    0.27046833822260  
  2.470000    0.24134688598548    0.26855813546110  
  2.480000    0.23869154954118    0.26665305752241  
  2.490000    0.23605849864572    0.26475332165413  
  2.500000    0.23344778466575    0.26285913786490  
  2.510000    0.23085945192998    0.26097070923514  
  2.520000    0.22829353755653    0.25908823219628  
  2.530000    0.22575007128332    0.25721189678035  
  2.540000    0.22322907530603    0.25534188684182  
  2.550000    0.22073056412854    0.25347838025378  
  2.560000    0.21825454442953    0.25162154908059  
  2.570000    0.21580101494915    0.24977155972903  
  2.580000    0.21336996639877    0.24792857308033  
  2.590000    0.21096138139667    0.24609274460493  
  2.600000    0.20857523443184    0.24426422446243  
  2.610000    0.20621149185782    0.24244315758857  
  2.620000    0.20387011191784    0.24062968377132  
  2.630000    0.20155104480218    0.23882393771815  
  2.640000    0.19925423273835    0.23702604911603  
  2.650000    0.19697961011395    0.23523614268620  
  2.660000    0.19472710363200    0.23345433823508  
  2.670000    0.19249663249795    0.23168075070292  
  2.680000    0.19028810863730    0.22991549021145  
  2.690000    0.18810143694233    0.22815866211185  
  2.700000    0.18593651554632    0.22641036703388  
  2.710000    0.18379323612316    0.22467070093736  
  2.720000    0.18167148421012    0.22293975516645  
  2.730000    0.17957113955133    0.22121761650762  
  2.740000    0.17749207645933    0.21950436725158  
  2.750000    0.17543416419184    0.21780008525965  
  2.760000    0.17339726734097    0.21610484403470  
  2.770000    0.17138124623179    0.21441871279677  
  2.780000    0.16938595732726    0.21274175656335  
  2.790000    0.16741125363657    0.21107403623418  
  2.800000    0.16545698512380    0.20941560868035  
  2.810000    0.16352299911395    0.20776652683741  
  2.820000    0.16160914069353    0.20612683980204  
  2.830000    0.15971525310285    0.20449659293196  
  2.840000    0.15784117811750    0.20287582794839  
  2.850000    0.15598675641636    0.20126458304077  
  2.860000    0.15415182793406    0.19966289297300  
  2.870000    0.15233623219551    0.19807078919060  
  2.880000    0.15053980863093    0.19648829992839  
  2.890000    0.14876239686931    0.19491545031792  
  2.900000    0.14700383700928    0.19335226249419  
  2.910000    0.14526396986583    0.19179875570104  
  2.920000    0.14354263719209    0.19025494639472  
  2.930000    0.14183968187558    0.18872084834524  
  2.940000    0.14015494810819    0.18719647273490  
  2.950000    0.13848828152996    0.18568182825372  
  2.960000    0.13683952934655    0.18417692119147  
  2.970000    0.13520854042079    0.18268175552589  
  2.980000    0.13359516533869    0.18119633300697  
  2.990000    0.13199925645077    0.17972065323717  
  3.000000    0.13042066788956    0.17825471374733  
  3.010000    0.12885925556446    0.17679851006841  
  3.020000    0.12731487713516    0.17535203579892  
  3.030000    0.12578739196527    0.17391528266830  
  3.040000    0.12427666105751    0.17248824059614  
  3.050000    0.12278254697243    0.17107089774770  
  3.060000    0.12130491373227    0.16966324058568  
  3.070000    0.11984362671208    0.16826525391880  
  3.080000    0.11839855251980    0.16687692094717  
  3.090000    0.11696955886759    0.16549822330517  
  3.100000    0.11555651443624    0.16412914110179  
  3.110000    0.11415928873471    0.16276965295917  
  3.120000    0.11277775195691    0.16141973604946  
  3.130000    0.11141177483751    0.16007936613063  
  3.140000    0.11006122850887    0.15874851758140  
  3.150000    0.10872598436078    0.15742716343582  
  3.160000    0.10740591390482    0.15611527541789  
  3.170000    0.10610088864494    0.15481282397643  
  3.180000    0.10481077995582    0.15351977832073  
  3.190000    0.10353545897034    0.15223610645706  
  3.200000    0.10227479647745    0.15096177522655  
  3.210000    0.10102866283153    0.14969675034442  
  3.220000    0.09979692787413    0.14844099644097  
  3.230000    0.09857946086895    0.14719447710430  
  3.240000    0.09737613045064    0.14595715492499  
  3.250000    0.09618680458778    0.14472899154269  
  3.260000    0.09501135056052    0.14350994769468  
  3.270000    0.09384963495274    0.14229998326637  
  3.280000    0.09270152365894    0.14109905734357  
  3.290000    0.09156688190543    0.13990712826647  
  3.300000    0.09044557428562    0.13872415368508  
  3.310000    0.08933746480882    0.13755009061603  
  3.320000    0.08824241696195    0.13638489550025  
  3.330000    0.08716029378336    0.13522852426149  
  3.340000    0.08609095794797    0.13408093236511  
  3.350000    0.08503427186261    0.13294207487701  
  3.360000    0.08399009777059    0.13181190652208  
  3.370000    0.08295829786432    0.13069038174205  
  3.380000    0.08193873440476    0.12957745475209  
  3.390000    0.08093126984638    0.12847307959592  
  3.400000    0.07993576696649    0.12737721019893  
  3.410000    0.07895208899736    0.12628980041896  
  3.420000    0.07798009976003    0.12521080409430  
  3.430000    0.07701966379836    0.12414017508863  
  3.440000    0.07607064651203    0.12307786733242  
  3.450000    0.07513291428718    0.12202383486054  
  3.460000    0.07420633462358    0.12097803184587  
  3.470000    0.07329077625697    0.11994041262842  
  3.480000    0.07238610927556    0.11891093174004  
  3.490000    0.07149220522971    0.11788954392430  
  3.500000    0.07060893723370    0.11687620415158  
  3.510000    0.06973618005884    0.11587086762915  
  3.520000    0.06887381021712    0.11487348980644  
  3.530000    0.06802170603480    0.11388402637519  
  3.540000    0.06717974771529    0.11290243326493  
  3.550000    0.06634781739109    0.11192866663357  
  3.560000    0.06552579916424    0.11096268285359  
  3.570000    0.06471357913532    0.11000443849383  
  3.580000    0.06391104542075    0.10905389029724  
  3.590000    0.06311808815862    0.10811099515496  
  3.600000    0.06233459950294    0.10717571007701  
  3.610000    0.06156047360688    0.10624799216005  
  3.620000    0.06079560659516    0.10532779855260  
  3.630000    0.06003989652615    0.10441508641825  
  3.640000    0.05929324334421    0.10350981289726  
  3.650000    0.05855554882293    0.10261193506716  
  3.660000    0.05782671650005    0.10172140990281  
  3.670000    0.05710665160476    0.10083819423644  
  3.680000    0.05639526097830    0.09996224471824  
  3.690000    0.05569245298878    0.09909351777809  
  3.700000    0.05499813744109    0.09823196958880  
  3.710000    0.05431222548296    0.09737755603147  
  3.720000    0.05363462950817    0.09653023266348  
  3.730000    0.05296526305781    0.09568995468950  
  3.740000    0.05230404072070    0.09485667693597  
  3.750000    0.05165087803396    0.09403035382949  
  3.760000    0.05100569138462    0.09321093937937  
  3.770000    0.05036839791333    0.09239838716478  
  3.780000    0.04973891542097    0.09159265032663  
  3.790000    0.04911716227912    0.09079368156449  
  3.800000    0.04850305734506    0.09000143313862  
  3.810000    0.04789651988223    0.08921585687728  
  3.820000    0.04729746948663    0.08843690418928  
  3.830000    0.04670582601988    0.08766452608185  
  3.840000    0.04612150954945    0.08689867318362  
  3.850000    0.04554444029642    0.08613929577276  
  3.860000    0.04497453859131    0.08538634380985  
  3.870000    0.04441172483793    0.08463976697547  
  3.880000    0.04385591948582    0.08389951471204  
  3.890000    0.04330704301102    0.08316553626964  
  3.900000    0.04276501590541    0.08243778075540  
  3.910000    0.04222975867440    0.08171619718602  
  3.920000    0.04170119184289    0.08100073454298  
  3.930000    0.04117923596914    0.08029134182978  
  3.940000    0.04066381166639    0.07958796813098  
  3.950000    0.04015483963161    0.07889056267209  
  3.960000    0.03965224068114    0.07819907488014  
  3.970000    0.03915593579252    0.07751345444398  
  3.980000    0.03866584615202    0.07683365137404  
  3.990000    0.03818189320715    0.07615961606068  
  4.000000    0.03770399872365    0.07549129933082  
  4.010000    0.03723208484599    0.07482865250210  
  4.020000    0.03676607416091    0.07417162743410  
  4.030000    0.03630588976307    0.07352017657611  
  4.040000    0.03585145532211    0.07287425301093  
  4.050000    0.03540269515037    0.07223381049440  
  4.060000    0.03495953427050    0.07159880348995  
  4.070000    0.03452189848223    0.07096918719823  
  4.080000    0.03408971442744    0.07034491758111  
  4.090000    0.03366290965312    0.06972595138014  
  4.100000    0.03324141267125    0.06911224612902  
  4.110000    0.03282515301514    0.06850376016010  
  4.120000    0.03241406129165    0.06790045260480  
  4.130000    0.03200806922871    0.06730228338789  
  4.140000    0.03160710971765    0.06670921321576  
  4.150000    0.03121111685006    0.06612120355875  
  4.160000    0.03082002594866    0.06553821662766  
  4.170000    0.03043377359199    0.06496021534488  
  4.180000    0.03005229763272    0.06438716331007  
  4.190000    0.02967553720936    0.06381902476119  
  4.200000    0.02930343275138    0.06325576453084  
  4.210000    0.02893592597760    0.06269734799864  
  4.220000    0.02857295988809    0.06214374104010  
  4.230000    0.02821447874956    0.06159490997233  
  4.240000    0.02786042807439    0.06105082149739  
  4.250000    0.02751075459379    0.06051144264367  
  4.260000    0.02716540622511    0.05997674070603  
  4.270000    0.02682433203385    0.05944668318522  
  4.280000    0.02648748219069    0.05892123772735  
  4.290000    0.02615480792404    0.05840037206383  
  4.300000    0.02582626146864    0.05788405395263  
  4.310000    0.02550179601056    0.05737225112136  
  4.320000    0.02518136562944    0.05686493121270  
  4.330000    0.02486492523830    0.05636206173297  
  4.340000    0.02455243052166    0.05586361000410  
  4.350000    0.02424383787250    0.05536954311983  
  4.360000    0.02393910432869    0.05487982790625  
  4.370000    0.02363818750956    0.05439443088751  
  4.380000    0.02334104555305    0.05391331825666  
  4.390000    0.02304763705422    0.05343645585228  
  4.400000    0.02275792100554    0.05296380914098  
  4.410000    0.02247185673950    0.05249534320599  
  4.420000    0.02218940387414    0.05203102274204  
  4.430000    0.02191052226187    0.05157081205659  
  4.440000    0.02163517194210    0.05111467507738  
  4.450000    0.02136331309793    0.05066257536630  
  4.460000    0.02109490601741    0.05021447613940  
  4.470000    0.02082991105953    0.04977034029295  
  4.480000    0.02056828862520    0.04933013043523  
  4.490000    0.02030999913344    0.04889380892373  
  4.500000    0.02005500300291    0.04846133790754  
  4.510000    0.01980326063879    0.04803267937431  
  4.520000    0.01955473242504    0.04760779520151  
  4.530000    0.01930937872212    0.04718664721136  
  4.540000    0.01906715986988    0.04676919722890  
  4.550000    0.01882803619561    0.04635540714272  
  4.560000    0.01859196802705    0.04594523896762  
  4.570000    0.01835891571007    0.04553865490858  
  4.580000    0.01812883963070    0.04513561742551  
  4.590000    0.01790170024128    0.04473608929797  
  4.600000    0.01767745809034    0.04434003368937  
  4.610000    0.01745607385570    0.04394741420979  
  4.620000    0.01723750838051    0.04355819497700  
  4.630000    0.01702172271169    0.04317234067487  
  4.640000    0.01680867814034    0.04278981660870  
  4.650000    0.01659833624358    0.04241058875683  
  4.660000    0.01639065892739    0.04203462381799  
  4.670000    0.01618560846996    0.04166188925393  
  4.680000    0.01598314756492    0.04129235332690  
  4.690000    0.01578323936416    0.04092598513147  
  4.700000    0.01558584751961    0.04056275462051  
  4.710000    0.01539093622355    0.04020263262494  
  4.720000    0.01519847024707    0.03984559086703  
  4.730000    0.01500841497614    0.03949160196710  
  4.740000    0.01482073644508    0.03914063944363  
  4.750000    0.01463540136686    0.03879267770657  
  4.760000    0.01445237716004    0.03844769204401  
  4.770000    0.01427163197212    0.03810565860234  
  4.780000    0.01409313469884    0.03776655436000  
  4.790000    0.01391685499946    0.03743035709503  
  4.800000    0.01374276330779    0.03709704534692  
  4.810000    0.01357083083873    0.03676659837282  
  4.820000    0.01340102959045    0.03643899609878  
  4.830000    0.01323333234212    0.03611421906633  
  4.840000    0.01306771264714    0.03579224837504  
  4.850000    0.01290414482205    0.03547306562146  
  4.860000    0.01274260393116    0.03515665283515  
  4.870000    0.01258306576717    0.03484299241242  
  4.880000    0.01242550682781    0.03453206704830  
  4.890000    0.01226990428884    0.03422385966760  
  4.900000    0.01211623597379    0.03391835335554  
  4.910000    0.01196448032044    0.03361553128873  
  4.920000    0.01181461634468    0.03331537666720  
  4.930000    0.01166662360200    0.03301787264807  
  4.940000    0.01152048214684    0.03272300228154  
  4.950000    0.01137617249048    0.03243074844984  
  4.960000    0.01123367555764    0.03214109380977  
  4.970000    0.01109297264225    0.03185402073928  
  4.980000    0.01095404536297    0.03156951128875  
  4.990000    0.01081687561864    0.03128754713740  
  5.000000    0.01068144554428    0.03100810955516  
  5.010000    0.01054773746787    0.03073117937060  
  5.020000    0.01041573386850    0.03045673694494  
  5.030000    0.01028541733608    0.03018476215265  
  5.040000    0.01015677053306    0.02991523436868  
  5.050000    0.01002977615855    0.02964813246253  
  5.060000    0.00990441691502    0.02938343479908  
  5.070000    0.00978067547790    0.02912111924638  
  5.080000    0.00965853446845    0.02886116319004  
  5.090000    0.00953797642988    0.02860354355437  
  5.100000    0.00941898380713    0.02834823682980  
  5.110000    0.00930153893031    0.02809521910644  
  5.120000    0.00918562400188    0.02784446611346  
  5.130000    0.00907122108782    0.02759595326370  
  5.140000    0.00895831211252    0.02734965570336  
  5.150000    0.00884687885765    0.02710554836595  
  5.160000    0.00873690296481    0.02686360603025  
  5.170000    0.00862836594186    0.02662380338138  
  5.180000    0.00852124917286    0.02638611507474  
  5.190000    0.00841553393145    0.02615051580178  
  5.200000    0.00831120139745    0.02591698035723  
  5.210000    0.00820823267640    0.02568548370698  
  5.220000    0.00810660882193    0.02545600105596  
  5.230000    0.00800631086054    0.02522850791527  
  5.240000    0.00790731981856    0.02500298016801  
  5.250000    0.00780961675097    0.02477939413301  
  5.260000    0.00771318277167    0.02455772662587  
  5.270000    0.00761799908497    0.02433795501675  
  5.280000    0.00752404701787    0.02412005728417  
  5.290000    0.00743130805275    0.02390401206444  
  5.300000    0.00733976386021    0.02368979869609  
  5.310000    0.00724939633156    0.02347739725895  
  5.320000    0.00716018761074    0.02326678860737  
  5.330000    0.00707212012526    0.02305795439729  
  5.340000    0.00698517661586    0.02285087710693  
  5.350000    0.00689934016448    0.02264554005074  
  5.360000    0.00681459422048    0.02244192738667  
  5.370000    0.00673092262455    0.02224002411638  
  5.380000    0.00664830963030    0.02203981607873  
  5.390000    0.00656673992315    0.02184128993627  
  5.400000    0.00648619863645    0.02164443315505  
  5.410000    0.00640667136459    0.02144923397791  
  5.420000    0.00632814417300    0.02125568139145  
  5.430000    0.00625060360494    0.02106376508699  
  5.440000    0.00617403668506    0.02087347541604  
  5.450000    0.00609843091963    0.02068480334045  
  5.460000    0.00602377429347    0.02049774037798  
  5.470000    0.00595005526368    0.02031227854371  
  5.480000    0.00587726275017    0.02012841028778  
  5.490000    0.00580538612310    0.01994612843028  
  5.500000    0.00573441518740    0.01976542609363  
  5.510000    0.00566434016453    0.01958629663348  
  5.520000    0.00559515167160    0.01940873356840  
  5.530000    0.00552684069817    0.01923273050941  
  5.540000    0.00545939858091    0.01905828108979  
  5.550000    0.00539281697631    0.01888537889599  
  5.560000    0.00532708783190    0.01871401740023  
  5.570000    0.00526220335599    0.01854418989557  
  5.580000    0.00519815598656    0.01837588943389  
  5.590000    0.00513493835927    0.01820910876764  
  5.600000    0.00507254327514    0.01804384029566  
  5.610000    0.00501096366813    0.01788007601380  
  5.620000    0.00495019257289    0.01771780747073  
  5.630000    0.00489022309303    0.01755702572939  
  5.640000    0.00483104837025    0.01739772133442  
  5.650000    0.00477266155447    0.01723988428589  
  5.660000    0.00471505577538    0.01708350401967  
  5.670000    0.00465822411566    0.01692856939447  
  5.680000    0.00460215958595    0.01677506868573  
  5.690000    0.00454685510195    0.01662298958653  
  5.700000    0.00449230346384    0.01647231921522  
  5.710000    0.00443849733804    0.01632304412999  
  5.720000    0.00438542924162    0.01617515034999  
  5.730000    0.00433309152940    0.01602862338288  
  5.740000    0.00428147638377    0.01588344825851  
  5.750000    0.00423057580747    0.01573960956838  
  5.760000    0.00418038161913    0.01559709151044  
  5.770000    0.00413088545173    0.01545587793876  
  5.780000    0.00408207875393    0.01531595241770  
  5.790000    0.00403395279416    0.01517729827980  
  5.800000    0.00398649866736    0.01503989868694  
  5.810000    0.00393970730444    0.01490373669420  
  5.820000    0.00389356948407    0.01476879531554  
  5.830000    0.00384807584682    0.01463505759095  
  5.840000    0.00380321691144    0.01450250665404  
  5.850000    0.00375898309301    0.01437112579967  
  5.860000    0.00371536472280    0.01424089855079  
  5.870000    0.00367235206960    0.01411180872377  
  5.880000    0.00362993536230    0.01398384049171  
  5.890000    0.00358810481335    0.01385697844489  
  5.900000    0.00354685064301    0.01373120764794  
  5.910000    0.00350616310397    0.01360651369294  
  5.920000    0.00346603250621    0.01348288274810  
  5.930000    0.00342644924169    0.01336030160138  
  5.940000    0.00338740380869    0.01323875769869  
  5.950000    0.00334888683556    0.01311823917617  
  5.960000    0.00331088910359    0.01299873488637  
  5.970000    0.00327340156879    0.01288023441792  
  5.980000    0.00323641538227    0.01276272810851  
  5.990000    0.00319992190923    0.01264620705111  
  6.000000    0.00316391274608    0.01253066309324  
  6.010000    0.00312837973577    0.01241608882942  
  6.020000    0.00309331498109    0.01230247758674  
  6.030000    0.00305871085570    0.01218982340377  
  6.040000    0.00302456001310    0.01207812100292  
  6.050000    0.00299085539302    0.01196736575668  
  6.060000    0.00295759022565    0.01185755364785  
  6.070000    0.00292475803336    0.01174868122434  
  6.080000    0.00289235262994    0.01164074554888  
  6.090000    0.00286036811763    0.01153374414415  
  6.100000    0.00282879888168    0.01142767493389  
  6.110000    0.00279763958267    0.01132253618060  
  6.120000    0.00276688514676    0.01121832642034  
  6.130000    0.00273653075377    0.01111504439544  
  6.140000    0.00270657182349    0.01101268898563  
  6.150000    0.00267700400013    0.01091125913835  
  6.160000    0.00264782313532    0.01081075379902  
  6.170000    0.00261902526963    0.01071117184170  
  6.180000    0.00259060661304    0.01061251200122  
  6.190000    0.00256256352432    0.01051477280704  
  6.200000    0.00253489248984    0.01041795251988  
  6.210000    0.00250759010173    0.01032204907146  
  6.220000    0.00248065303589    0.01022706000815  
  6.230000    0.00245407802988    0.01013298243897  
  6.240000    0.00242786186113    0.01003981298856  
  6.250000    0.00240200132544    0.00994754775556  
  6.260000    0.00237649321626    0.00985618227672  
  6.270000    0.00235133430476    0.00976571149732  
  6.280000    0.00232652132104    0.00967612974798  
  6.290000    0.00230205093655    0.00958743072827  
  6.300000    0.00227791974797    0.00949960749710  
  6.310000    0.00225412426278    0.00941265247027  
  6.320000    0.00223066088642    0.00932655742490  
  6.330000    0.00220752591146    0.00924131351091  
  6.340000    0.00218471550869    0.00915691126940  
  6.350000    0.00216222572027    0.00907334065771  
  6.360000    0.00214005245499    0.00899059108094  
  6.370000    0.00211819148573    0.00890865142961  
  6.380000    0.00209663844898    0.00882751012316  
  6.390000    0.00207538884666    0.00874715515871  
  6.400000    0.00205443804992    0.00866757416477  
  6.410000    0.00203378130513    0.00858875445925  
  6.420000    0.00201341374177    0.00851068311123  
  6.430000    0.00199333038228    0.00843334700586  
  6.440000    0.00197352615362    0.00835673291185  
  6.450000    0.00195399590057    0.00828082755064  
  6.460000    0.00193473440039    0.00820561766683  
  6.470000    0.00191573637893    0.00813109009897  
  6.480000    0.00189699652778    0.00805723185013  
  6.490000    0.00187850952243    0.00798403015739  
  6.500000    0.00186027004115    0.00791147255979  
  6.510000    0.00184227278440    0.00783954696375  
  6.520000    0.00182451249457    0.00776824170557  
  6.530000    0.00180698397583    0.00769754561027  
  6.540000    0.00178968211388    0.00762744804609  
  6.550000    0.00177260189529    0.00755793897428  
  6.560000    0.00175573842642    0.00748900899353  
  6.570000    0.00173908695150    0.00742064937857  
  6.580000    0.00172264286979    0.00735285211276  
  6.590000    0.00170640175163    0.00728560991396  
  6.600000    0.00169035935313    0.00721891625383  
  6.610000    0.00167451162943    0.00715276536997  
  6.620000    0.00165885474634    0.00708715227105  
  6.630000    0.00164338509020    0.00702207273470  
  6.640000    0.00162809927598    0.00695752329822  
  6.650000    0.00161299415325    0.00689350124220  
  6.660000    0.00159806681037    0.00683000456712  
  6.670000    0.00158331457640    0.00676703196332  
  6.680000    0.00156873502107    0.00670458277437  
  6.690000    0.00155432595254    0.00664265695441  
  6.700000    0.00154008541317    0.00658125501982  
  6.710000    0.00152601167317    0.00652037799553  
  6.720000    0.00151210322227    0.00646002735673  
  6.730000    0.00149835875954    0.00640020496640  
  6.740000    0.00148477718133    0.00634091300926  
  6.750000    0.00147135756754    0.00628215392288  
  6.760000    0.00145809916633    0.00622393032656  
  6.770000    0.00144500137741    0.00616624494865  
  6.780000    0.00143206373414    0.00610910055312  
  6.790000    0.00141928588442    0.00605249986603  
  6.800000    0.00140666757090    0.00599644550263  
  6.810000    0.00139420861032    0.00594093989582  
  6.820000    0.00138190887248    0.00588598522673  
  6.830000    0.00136976825890    0.00583158335803  
  6.840000    0.00135778668141    0.00577773577063  
  6.850000    0.00134596404097    0.00572444350450  
  6.860000    0.00133430020668    0.00567170710410  
  6.870000    0.00132279499556    0.00561952656897  
  6.880000    0.00131144815295    0.00556790131008  
  6.890000    0.00130025933395    0.00551683011220  
  6.900000    0.00128922808594    0.00546631110287  
  6.910000    0.00127835383245    0.00541634172811  
  6.920000    0.00126763585851    0.00536691873521  
  6.930000    0.00125707329758    0.00531803816281  
  6.940000    0.00124666512024    0.00526969533828  
  6.950000    0.00123641012471    0.00522188488244  
  6.960000    0.00122630692929    0.00517460072174  
  6.970000    0.00121635396688    0.00512783610757  
  6.980000    0.00120654948144    0.00508158364264  
  6.990000    0.00119689152664    0.00503583531418  
  7.000000    0.00118737796650    0.00499058253356  
  7.010000    0.00117800647825    0.00494581618208  
  7.020000    0.00116877455706    0.00490152666226  
  7.030000    0.00115967952289    0.00485770395441  
  7.040000    0.00115071852920    0.00481433767767  
  7.050000    0.00114188857352    0.00477141715506  
  7.060000    0.00113318650968    0.00472893148188  
  7.070000    0.00112460906165    0.00468686959673  
  7.080000    0.00111615283885    0.00464522035448  
  7.090000    0.00110781435268    0.00460397260053  
  7.100000    0.00109959003421    0.00456311524544  
  7.110000    0.00109147625276    0.00452263733945  
  7.120000    0.00108346933528    0.00448252814583  
  7.130000    0.00107556558619    0.00444277721269  
  7.140000    0.00106776130764    0.00440337444214  
  7.150000    0.00106005281983    0.00436431015647  
  7.160000    0.00105243648134    0.00432557516042  
  7.170000    0.00104490870912    0.00428716079902  
  7.180000    0.00103746599805    0.00424905901047  
  7.190000    0.00103010493975    0.00421126237333  
  7.200000    0.00102282224065    0.00417376414782  
  7.210000    0.00101561473893    0.00413655831052  
  7.220000    0.00100847942024    0.00409963958232  
  7.230000    0.00100141343215    0.00406300344919  
  7.240000    0.00099441409697    0.00402664617568  
  7.250000    0.00098747892304    0.00399056481083  
  7.260000    0.00098060561423    0.00395475718658  
  7.270000    0.00097379207758    0.00391922190861  
  7.280000    0.00096703642910    0.00388395833961  
  7.290000    0.00096033699754    0.00384896657526  
  7.300000    0.00095369232622    0.00381424741310  
  7.310000    0.00094710117280    0.00377980231449  
  7.320000    0.00094056250713    0.00374563336014  
  7.330000    0.00093407550700    0.00371174319962  
  7.340000    0.00092763955210    0.00367813499525  
  7.350000    0.00092125421601    0.00364481236099  
  7.360000    0.00091491925650    0.00361177929696  
  7.370000    0.00090863460408    0.00357904012010  
  7.380000    0.00090240034906    0.00354659939177  
  7.390000    0.00089621672716    0.00351446184297  
  7.400000    0.00089008410385    0.00348263229782  
  7.410000    0.00088400295757    0.00345111559629  
  7.420000    0.00087797386207    0.00341991651660  
  7.430000    0.00087199746794    0.00338903969845  
  7.440000    0.00086607448356    0.00335848956748  
  7.450000    0.00086020565575    0.00332827026194  
  7.460000    0.00085439175017    0.00329838556231  
  7.470000    0.00084863353180    0.00326883882437  
  7.480000    0.00084293174556    0.00323963291660  
  7.490000    0.00083728709748    0.00321077016250  
  7.500000    0.00083170023630    0.00318225228830  
  7.510000    0.00082617173604    0.00315408037672  
  7.520000    0.00082070207937    0.00312625482722  
  7.530000    0.00081529164223    0.00309877532309  
  7.540000    0.00080994067970    0.00307164080581  
  7.550000    0.00080464931324    0.00304484945688  
  7.560000    0.00079941751955    0.00301839868738  
  7.570000    0.00079424512104    0.00299228513532  
  7.580000    0.00078913177809    0.00296650467090  
  7.590000    0.00078407698310    0.00294105240955  
  7.600000    0.00077908005640    0.00291592273274  
  7.610000    0.00077414014415    0.00289110931634  
  7.620000    0.00076925621811    0.00286660516619  
  7.630000    0.00076442707735    0.00284240266069  
  7.640000    0.00075965135187    0.00281849359986  
  7.650000    0.00075492750809    0.00279486926053  
  7.660000    0.00075025385615    0.00277152045703  
  7.670000    0.00074562855893    0.00274843760679  
  7.680000    0.00074104964264    0.00272561080037  
  7.690000    0.00073651500904    0.00270302987492  
  7.700000    0.00073202244894    0.00268068449078  
  7.710000    0.00072756965703    0.00265856421000  
  7.720000    0.00072315424769    0.00263665857640  
  7.730000    0.00071877377185    0.00261495719615  
  7.740000    0.00071442573448    0.00259344981812  
  7.750000    0.00071010761276    0.00257212641322  
  7.760000    0.00070581687454    0.00255097725197  
  7.770000    0.00070155099702    0.00252999297945  
  7.780000    0.00069730748542    0.00250916468687  
  7.790000    0.00069308389146    0.00248848397918  
  7.800000    0.00068887783146    0.00246794303783  
  7.810000    0.00068468700381    0.00244753467816  
  7.820000    0.00068050920576    0.00242725240089  
  7.830000    0.00067634234923    0.00240709043697  
  7.840000    0.00067218447554    0.00238704378555  
  7.850000    0.00066803376893    0.00236710824454  
  7.860000    0.00066388856861    0.00234728043341  
  7.870000    0.00065974737945    0.00232755780809  
  7.880000    0.00065560888088    0.00230793866768  
  7.890000    0.00065147193426    0.00228842215293  
  7.900000    0.00064733558833    0.00226900823647  
  7.910000    0.00064319908291    0.00224969770482  
  7.920000    0.00063906185067    0.00223049213237  
  7.930000    0.00063492351705    0.00221139384754  
  7.940000    0.00063078389826    0.00219240589145  
  7.950000    0.00062664299742    0.00217353196939  
  7.960000    0.00062250099887    0.00215477639566  
  7.970000    0.00061835826069    0.00213614403224  
  7.980000    0.00061421530558    0.00211764022187  
  7.990000    0.00061007281003    0.00209927071620  
  8.000000    0.00060593159214    0.00208104159970  
  8.010000    0.00060179259794    0.00206295921000  
  8.020000    0.00059765688658    0.00204503005561  
  8.030000    0.00059352561440    0.00202726073159  
  8.040000    0.00058940001812    0.00200965783418  
  8.050000    0.00058528139725    0.00199222787513  
  8.060000    0.00058117109600    0.00197497719665  
  8.070000    0.00057707048480    0.00195791188775  
  8.080000    0.00057298094162    0.00194103770285  
  8.090000    0.00056890383336    0.00192435998346  
  8.100000    0.00056484049737    0.00190788358375  
  8.110000    0.00056079222345    0.00189161280070  
  8.120000    0.00055676023641    0.00187555130962  
  8.130000    0.00055274567935    0.00185970210560  
  8.140000    0.00054874959796    0.00184406745165  
  8.150000    0.00054477292585    0.00182864883387  
  8.160000    0.00054081647122    0.00181344692434  
  8.170000    0.00053688090485    0.00179846155200  
  8.180000    0.00053296674968    0.00178369168181  
  8.190000    0.00052907437196    0.00176913540263  
  8.200000    0.00052520397423    0.00175478992377  
  8.210000    0.00052135558996    0.00174065158036  
  8.220000    0.00051752908026    0.00172671584763  
  8.230000    0.00051372413228    0.00171297736387  
  8.240000    0.00050994025970    0.00169942996190  
  8.250000    0.00050617680508    0.00168606670891  
  8.260000    0.00050243294409    0.00167287995414  
  8.270000    0.00049870769171    0.00165986138415  
  8.280000    0.00049499991014    0.00164700208504  
  8.290000    0.00049130831846    0.00163429261107  
  8.300000    0.00048763150402    0.00162172305912  
  8.310000    0.00048396793525    0.00160928314824  
  8.320000    0.00048031597594    0.00159696230342  
  8.330000    0.00047667390074    0.00158474974301  
  8.340000    0.00047303991180    0.00157263456878  
  8.350000    0.00046941215633    0.00156060585778  
  8.360000    0.00046578874490    0.00154865275513  
  8.370000    0.00046216777037    0.00153676456686  
  8.380000    0.00045854732716    0.00152493085180  
  8.390000    0.00045492553069    0.00151314151176  
  8.400000    0.00045130053689    0.00150138687891  
  8.410000    0.00044767056138    0.00148965779966  
  8.420000    0.00044403389833    0.00147794571414  
  8.430000    0.00044038893868    0.00146624273038  
  8.440000    0.00043673418757    0.00145454169263  
  8.450000    0.00043306828077    0.00144283624291  
  8.460000    0.00042939000001    0.00143112087529  
  8.470000    0.00042569828694    0.00141939098225  
  8.480000    0.00042199225565    0.00140764289267  
  8.490000    0.00041827120357    0.00139587390092  
  8.500000    0.00041453462073    0.00138408228693  
  8.510000    0.00041078219705    0.00137226732666  
  8.520000    0.00040701382789    0.00136042929319  
  8.530000    0.00040322961747    0.00134856944798  
  8.540000    0.00039942988041    0.00133669002263  
  8.550000    0.00039561514107    0.00132479419109  
  8.560000    0.00039178613098    0.00131288603254  
  8.570000    0.00038794378411    0.00130097048533  
  8.580000    0.00038408923022    0.00128905329222  
  8.590000    0.00038022378618    0.00127714093760  
  8.600000    0.00037634894550    0.00126524057704  
  8.610000    0.00037246636594    0.00125335995991  
  8.620000    0.00036857785563    0.00124150734582  
  8.630000    0.00036468535745    0.00122969141549  
  8.640000    0.00036079093217    0.00121792117706  
  8.650000    0.00035689674024    0.00120620586861  
  8.660000    0.00035300502257    0.00119455485780  
  8.670000    0.00034911808043    0.00118297753969  
  8.680000    0.00034523825461    0.00117148323355  
  8.690000    0.00034136790415    0.00116008107981  
  8.700000    0.00033750938475    0.00114877993808  
  8.710000    0.00033366502714    0.00113758828723  
  8.720000    0.00032983711556    0.00112651412850  
  8.730000    0.00032602786667    0.00111556489266  
  8.740000    0.00032223940892    0.00110474735207  
  8.750000    0.00031847376278    0.00109406753857  
  8.760000    0.00031473282193    0.00108353066807  
  8.770000    0.00031101833558    0.00107314107250  
  8.780000    0.00030733189218    0.00106290213998  
  8.790000    0.00030367490459    0.00105281626372  
  8.800000    0.00030004859700    0.00104288480032  
  8.810000    0.00029645399355    0.00103310803784  
  8.820000    0.00029289190900    0.00102348517412  
  8.830000    0.00028936294131    0.00101401430555  
  8.840000    0.00028586746642    0.00100469242660  
  8.850000    0.00028240563518    0.00099551544001  
  8.860000    0.00027897737251    0.00098647817787  
  8.870000    0.00027558237882    0.00097757443327  
  8.880000    0.00027222013360    0.00096879700243  
  8.890000    0.00026888990135    0.00096013773695  
  8.900000    0.00026559073957    0.00095158760573  
  8.910000    0.00026232150896    0.00094313676613  
  8.920000    0.00025908088555    0.00093477464374  
  8.930000    0.00025586737486    0.00092649002002  
  8.940000    0.00025267932773    0.00091827112713  
  8.950000    0.00024951495790    0.00091010574901  
  8.960000    0.00024637236098    0.00090198132800  
  8.970000    0.00024324953487    0.00089388507570  
  8.980000    0.00024014440112    0.00088580408746  
  8.990000    0.00023705482736    0.00087772545915  
  9.000000    0.00023397865036    0.00086963640520  
  9.010000    0.00023091369958    0.00086152437696  
  9.020000    0.00022785782100    0.00085337718000  
  9.030000    0.00022480890096    0.00084518308951  
  9.040000    0.00022176488981    0.00083693096245  
  9.050000    0.00021872382510    0.00082861034562  
  9.060000    0.00021568385415    0.00082021157835  
  9.070000    0.00021264325566    0.00081172588899  
  9.080000    0.00020960046030    0.00080314548413  
  9.090000    0.00020655406991    0.00079446362974  
  9.100000    0.00020350287528    0.00078567472326  
  9.110000    0.00020044587211    0.00077677435608  
  9.120000    0.00019738227523    0.00076775936556  
  9.130000    0.00019431153078    0.00075862787609  
  9.140000    0.00019123332617    0.00074937932870  
  9.150000    0.00018814759791    0.00074001449890  
  9.160000    0.00018505453694    0.00073053550228  
  9.170000    0.00018195459169    0.00072094578797  
  9.180000    0.00017884846855    0.00071125011967  
  9.190000    0.00017573712989    0.00070145454446  
  9.200000    0.00017262178961    0.00069156634950  
  9.210000    0.00016950390613    0.00068159400687  
  9.220000    0.00016638517303    0.00067154710701  
  9.230000    0.00016326750727    0.00066143628124  
  9.240000    0.00016015303517    0.00065127311391  
  9.250000    0.00015704407618    0.00064107004497  
  9.260000    0.00015394312470    0.00063084026364  
  9.270000    0.00015085282993    0.00062059759421  
  9.280000    0.00014777597407    0.00061035637473  
  9.290000    0.00014471544898    0.00060013132986  
  9.300000    0.00014167423159    0.00058993743874  
  9.310000    0.00013865535809    0.00057978979915  
  9.320000    0.00013566189736    0.00056970348912  
  9.330000    0.00013269692376    0.00055969342725  
  9.340000    0.00012976348945    0.00054977423279  
  9.350000    0.00012686459671    0.00053996008705  
  9.360000    0.00012400317025    0.00053026459703  
  9.370000    0.00012118202996    0.00052070066272  
  9.380000    0.00011840386428    0.00051128034928  
  9.390000    0.00011567120441    0.00050201476509  
  9.400000    0.00011298639964    0.00049291394698  
  9.410000    0.00011035159400    0.00048398675350  
  9.420000    0.00010776870443    0.00047524076743  
  9.430000    0.00010523940074    0.00046668220809  
  9.440000    0.00010276508738    0.00045831585450  
  9.450000    0.00010034688737    0.00045014497981  
  9.460000    0.00009798562828    0.00044217129741  
  9.470000    0.00009568183046    0.00043439491907  
  9.480000    0.00009343569759    0.00042681432494  
  9.490000    0.00009124710931    0.00041942634510  
  9.500000    0.00008911561595    0.00041222615178  
  9.510000    0.00008704043520    0.00040520726118  
  9.520000    0.00008502045015    0.00039836154281  
  9.530000    0.00008305420858    0.00039167923397  
  9.540000    0.00008113992259    0.00038514895587  
  9.550000    0.00007927546797    0.00037875772726  
  9.560000    0.00007745838236    0.00037249097011  
  9.570000    0.00007568586106    0.00036633250135  
  9.580000    0.00007395474932    0.00036026450350  
  9.590000    0.00007226152972    0.00035426746670  
  9.600000    0.00007060230354    0.00034832009457  
  9.610000    0.00006897276487    0.00034239916723  
  9.620000    0.00006736816696    0.00033647935681  
  9.630000    0.00006578328066    0.00033053299435  
  9.640000    0.00006421234624    0.00032452979256  
  9.650000    0.00006264902076    0.00031843653680  
  9.660000    0.00006108632550    0.00031221676657  
  9.670000    0.00005951659987    0.00030583048276  
  9.680000    0.00005793147072    0.00029923392987  
  9.690000    0.00005632184875    0.00029237951803  
  9.700000    0.00005467796590    0.00028521596398  
  9.710000    0.00005298946975    0.00027768874242  
  9.720000    0.00005124559174    0.00026974094539  
  9.730000    0.00004943540544    0.00026131464574  
  9.740000    0.00004754818862    0.00025235284730  
  9.750000    0.00004557389752    0.00024280207686  
  9.760000    0.00004350375424    0.00023261562947  
  9.770000    0.00004133093716    0.00022175741858  
  9.780000    0.00003905135145    0.00021020630796  
  9.790000    0.00003666444183    0.00019796071733  
  9.800000    0.00003417399469    0.00018504320524  
  9.810000    0.00003158886253    0.00017150465109  
  9.820000    0.00002892353302    0.00015742759357  
  9.830000    0.00002619845986    0.00014292824965  
  9.840000    0.00002344007433    0.00012815674595  
  9.850000    0.00002068040769    0.00011329515455  
  9.860000    0.00001795627517    0.00009855304057  
  9.870000    0.00001530800250    0.00008416039961  
  9.880000    0.00001277771373    0.00007035807918  
  9.890000    0.00001040724229    0.00005738602482  
  9.900000    0.00000823577085    0.00004546994411  
  9.910000    0.00000629734600    0.00003480721383  
  9.920000    0.00000461844463    0.00002555303670  
  9.930000    0.00000321578634    0.00001780795727  
  9.940000    0.00000209458639    0.00001160784999  
  9.950000    0.00000124742423    0.00000691738485  
  9.960000    0.00000065386410    0.00000362775713  
  9.970000    0.00000028090892    0.00000155915307  
  9.980000    0.00000008430160    0.00000046803869  
  9.990000    0.00000001061476    0.00000005894265  
 10.000000   -0.00000000000000   -0.00000000000000  
