0	2.980794924130805
1	2.650674288956159
2	2.3499203767687487
3	2.0848174886278734
4	1.8445622981909386
5	1.6242080145070017
6	1.4208565718954593
7	1.2322988714790881
8	1.0576400579714225
9	0.897550344966376
10	0.7535209803115435
11	0.6268716668243893
12	0.5181809174077853
13	0.4272416407680254
14	0.3532159462332476
15	0.29474781244742176
16	0.24999005700785076
17	0.21660842712112446
18	0.19190176198075531
19	0.17311910051248378
20	0.15785910546354487
21	0.14434502925962794
22	0.13148424172077341
23	0.11876853662382297
24	0.10611185239712526
25	0.09368950807461615
26	0.08180576574876496
27	0.07079572570326254
28	0.060957931843499194
29	0.05251060644032016
30	0.04556524267949696
31	0.04011431696470129
32	0.03603301388283534
33	0.033096048623131896
34	0.031009001663405037
35	0.029449953296362668
36	0.02811360130477611
37	0.02674882413485528
38	0.02518296152960255
39	0.023330477509896808
40	0.02118766455698927
41	0.018817270283987032
42	0.016327454906355565
43	0.013849045151204895
44	0.011514168396487223
45	0.009438322592246997
46	0.007707057164307628
47	0.006367839816423177
48	0.005427260132855684
49	0.0048533570342715795
50	0.004582531079064372
51	0.0045301388029729064
52	0.004603317737376272
53	0.004713956168619516
54	0.0047894809153258555
55	0.004779704786254423
56	0.004659173259673319
57	0.0044256035039695754
58	0.004095587693288217
59	0.0036987516295286117
60	0.0032713679476303456
61	0.0028502602811668835
62	0.0024676785669021325
63	0.0021475902444430604
64	0.0019035622999128323
65	0.00173822791682338
66	0.0016442586995038767
67	0.0016066726970126082
68	0.0016060978140927335
69	0.0016223625337424051
70	0.001637699384329048
71	0.0016390147287588615
72	0.001618990596239025
73	0.0015760593332862735
74	0.0015134581108978825
75	0.0014376723446419511
76	0.0013566464304537924
77	0.001278135265981153
78	0.001208456994680931
79	0.0011517413060043705
80	0.0011096474992617295
81	0.0010814896556562879
82	0.001064704177647131
83	0.0010555696262922612
84	0.0010500400447261634
85	0.0010445232589862104
86	0.0010364543964121791
87	0.0010245753175295018
88	0.001008907726773529
89	0.0009904779638096205
90	0.0009708973717618336
91	0.0009519138192976209
92	0.0009350304369325087
93	0.0009212509576634474
94	0.0009109716577249069
95	0.000904006430863859
96	0.0008997098254293955
97	0.0008971566821543741
98	0.0008953423610318347
99	0.0008933732729519432
100	0.000890617576945797
101	0.0008867877801368607
102	0.0008819408326468637
103	0.0008764047331155671
104	0.0008706600003313307
105	0.0008652104135900807
106	0.0008604726923514929
107	0.0008567052269135783
108	0.0008539835382845664
109	0.0008522166807013701
110	0.0008511901744482778
111	0.0008506212573186696
112	0.000850216949551158
113	0.0008497273248620478
114	0.000848985041910676
115	0.0008479233524196211
116	0.0008465708314627792
117	0.0008450277102317737
118	0.0008434317644394072
119	0.0008419220362679585
120	0.0008406084161282916
121	0.0008395535411589684
122	0.0008387692136095193
123	0.0008382244614515124
124	0.0008378598835399276
125	0.0008376037049108025
126	0.0008373867124936642
127	0.0008371541601403101
128	0.0008368731364617643
129	0.00083653459434903
130	0.0008361502450509671
131	0.0008357454980302148
132	0.0008353504598067551
133	0.0008349914547264746
134	0.0008346852077871753
135	0.0008344367426728323
136	0.0008342407363165495
137	0.0008340851057245137
138	0.0008339552577125519
139	0.0008338377200695565
140	0.0008337225352810006
141	0.000833604373004587
142	0.0008334825314636341
143	0.0008333600100467345
144	0.000833241910660904
145	0.0008331335637908798
146	0.0008330388418392869
147	0.0008329590903022833
148	0.0008328929685057935
149	0.0008328371822537934
150	0.0008327877093860178
151	0.000832740966241443
152	0.0008326945600137968
153	0.0008326475698405803
154	0.0008326004366815511
155	0.0008325545601578379
156	0.0008325117402293695
157	0.0008324736330312708
158	0.0008324413363358607
159	0.0008324151457569087
160	0.0008323945113007182
161	0.0008323782189305387
162	0.0008323647475539232
163	0.0008323526655717392
164	0.0008323409288607554
165	0.0008323290127545933
166	0.000832316881511564
167	0.0008323048423600098
168	0.00083229335374716
169	0.0008322828522195232
170	0.0008322736317492923
171	0.0008322657823050699
172	0.0008322591871815888
173	0.0008322535752432338
174	0.0008322486112948049
175	0.0008322439944156272
176	0.0008322395321469552
177	0.0008322351689335948
178	0.0008322309657587052
179	0.0008322270468964921
180	0.000832223539170249
181	0.0008322205255460917
182	0.0008322180237112246
183	0.0008322159882123268
184	0.0008322143271453111
185	0.0008322129249146643
186	0.0008322116675781975
187	0.0008322104677496554
188	0.000832209281594962
189	0.0008322081106669657
190	0.0008322069890214646
191	0.00083220596286516
192	0.0008322050707213778
193	0.0008322043301415754
194	0.0008322037344163567
195	0.000832203258274233
196	0.000832202867513866
197	0.0008322025279651362
198	0.0008322022123172353
199	0.0008322019046251435
200	0.0008322016018001804
201	0.0008322013116352828
202	0.0008322010479777611
203	0.0008322008244187238
204	0.0008322006485262341
205	0.0008322005189082296
206	0.0008322004261402534
207	0.000832200356446158
208	0.0008322002960120113
209	0.0008322002343520925
210	0.0008322001660805822
211	0.0008322000910647434
212	0.0008322000132981322
213	0.0008321999389921395
214	0.000832199874374359
215	0.0008321998236960264
216	0.000832199787976575
217	0.0008321997648910277
218	0.0008321997498296081
219	0.0008321997376404119
220	0.0008321997242624483
221	0.0008321997076559318
222	0.0008321996879149942
223	0.0008321996667894527
224	0.0008321996468563053
225	0.0008321996305846565
226	0.0008321996195759106
227	0.0008321996141406526
228	0.000832199613298741
229	0.0008321996151561672
230	0.0008321996175516608
231	0.000832199618694779
232	0.0008321996175823849
233	0.0008321996140905533
234	0.0008321996088079185
235	0.000832199602703966
236	0.0008321995967765667
237	0.0008321995917844426
238	0.0008321995881007637
239	0.0008321995856883594
240	0.0008321995841929425
241	0.0008321995831265278
242	0.0008321995820693149
243	0.0008321995807926469
244	0.0008321995792924398
245	0.0008321995777248981
246	0.0008321995762989879
247	0.000832199575181091
248	0.0008321995744367558
249	0.0008321995740224224
250	0.0008321995738092457
251	0.0008321995736283327
252	0.0008321995733205966
253	0.0008321995727907178
254	0.0008321995720299263
255	0.0008321995711141017
256	0.0008321995701644595
257	0.000832199569300478
258	0.0008321995686024943
259	0.0008321995680919025
260	0.0008321995677429535
261	0.0008321995674956431
262	0.0008321995672811219
263	0.0008321995670421593
264	0.0008321995667479647
265	0.0008321995663995585
266	0.0008321995660231379
267	0.000832199565658779
268	0.0008321995653433488
269	0.000832199565098949
270	0.0008321995649271478
271	0.0008321995648120375
272	0.0008321995647293114
273	0.0008321995646540873
274	0.0008321995645679554
275	0.0008321995644619172
276	0.0008321995643382153
277	0.0008321995642067201
278	0.0008321995640804074
279	0.0008321995639696868
280	0.0008321995638812475
281	0.0008321995638148962
282	0.0008321995637662163
283	0.0008321995637285827
284	0.0008321995636966218
285	0.000832199563665026
286	0.000832199563632954
287	0.0008321995636001401
288	0.0008321995635694991
289	0.0008321995635419258
290	0.0008321995635189042
291	0.0008321995635000185
292	0.0008321995634833639
293	0.0008321995634684953
294	0.0008321995634524872
295	0.0008321995634361302
296	0.0008321995634200744
297	0.0008321995634047365
298	0.0008321995633920977
299	0.0008321995633828281
300	0.0008321995633764095
301	0.0008321995633731603
302	0.0008321995633721962
303	0.0008321995633716021
304	0.0008321995633707828
305	0.0008321995633691169
306	0.000832199563366885
307	0.0008321995633635126
308	0.0008321995633603836
309	0.0008321995633576052
310	0.0008321995633556734
311	0.0008321995633538981
312	0.0008321995633531718
313	0.0008321995633525233
314	0.0008321995633525502
315	0.0008321995633520714
316	0.0008321995633515973
317	0.000832199563351109
318	0.0008321995633503771
319	0.0008321995633497671
320	0.0008321995633492461
321	0.0008321995633486698
322	0.0008321995633484804
323	0.0008321995633484953
324	0.0008321995633477792
325	0.0008321995633477442
326	0.000832199563347314
327	0.0008321995633472868
328	0.0008321995633468019
329	0.0008321995633470146
330	0.0008321995633466543
331	0.0008321995633469117
332	0.0008321995633467693
333	0.0008321995633466972
334	0.0008321995633465674
335	0.0008321995633461584
336	0.0008321995633460072
337	0.0008321995633457698
338	0.0008321995633457486
339	0.000832199563345321
340	0.0008321995633454493
341	0.0008321995633455834
342	0.0008321995633455775
343	0.000832199563345628
344	0.0008321995633452729
345	0.0008321995633452546
346	0.0008321995633452906
347	0.0008321995633452573
348	0.0008321995633450468
349	0.0008321995633451405
350	0.0008321995633451283
351	0.0008321995633448296
352	0.000832199563344904
353	0.0008321995633450227
354	0.0008321995633447468
355	0.0008321995633447135
356	0.0008321995633450203
357	0.0008321995633448961
358	0.0008321995633447267
359	0.0008321995633448015
360	0.0008321995633450042
361	0.0008321995633447051
362	0.0008321995633449648
363	0.0008321995633449467
364	0.0008321995633445169
365	0.0008321995633446803
366	0.0008321995633443355
367	0.0008321995633445118
368	0.0008321995633444971
369	0.0008321995633446664
370	0.0008321995633447008
371	0.0008321995633444846
372	0.0008321995633446061
373	0.0008321995633442068
374	0.0008321995633446929
375	0.0008321995633446688
376	0.0008321995633442629
377	0.0008321995633446232
378	0.0008321995633446683
379	0.0008321995633444975
380	0.0008321995633443777
381	0.0008321995633444462
382	0.0008321995633445152
383	0.0008321995633447122
384	0.0008321995633445565
385	0.0008321995633445755
386	0.0008321995633448452
387	0.0008321995633446236
388	0.000832199563344623
389	0.0008321995633445347
390	0.0008321995633445073
391	0.0008321995633444516
392	0.0008321995633445816
393	0.0008321995633444636
394	0.0008321995633444419
395	0.0008321995633445074
396	0.0008321995633446368
397	0.0008321995633447132
398	0.0008321995633442829
399	0.0008321995633445608
400	0.0008321995633445666
401	0.0008321995633444705
402	0.0008321995633449347
403	0.0008321995633444454
404	0.0008321995633448356
405	0.0008321995633444886
406	0.0008321995633448137
407	0.0008321995633447501
408	0.0008321995633446672
409	0.0008321995633444961
410	0.0008321995633446593
411	0.0008321995633443404
412	0.0008321995633446865
413	0.0008321995633444978
414	0.0008321995633446888
415	0.0008321995633446187
416	0.0008321995633443161
417	0.0008321995633447332
418	0.0008321995633443186
419	0.0008321995633446166
420	0.0008321995633446921
421	0.0008321995633446446
422	0.0008321995633447217
423	0.0008321995633441692
424	0.000832199563344395
425	0.0008321995633445357
426	0.000832199563344581
427	0.000832199563344716
428	0.0008321995633447391
429	0.0008321995633446802
430	0.0008321995633444376
431	0.0008321995633445668
432	0.0008321995633446957
433	0.0008321995633445984
434	0.0008321995633447993
435	0.0008321995633448538
436	0.0008321995633446249
437	0.0008321995633444451
438	0.000832199563344665
439	0.0008321995633446432
440	0.0008321995633444397
441	0.000832199563344499
442	0.0008321995633444836
443	0.0008321995633448403
444	0.0008321995633445764
445	0.0008321995633446741
446	0.0008321995633445025
447	0.0008321995633447085
448	0.0008321995633445347
449	0.000832199563344722
450	0.0008321995633442829
451	0.0008321995633445514
452	0.0008321995633445462
453	0.000832199563344532
454	0.0008321995633445583
455	0.000832199563344762
456	0.0008321995633446306
457	0.0008321995633444773
458	0.0008321995633447979
459	0.0008321995633445249
460	0.0008321995633447505
461	0.0008321995633445786
462	0.0008321995633443394
463	0.000832199563344294
464	0.0008321995633449198
465	0.0008321995633445366
466	0.0008321995633448248
467	0.0008321995633445582
468	0.0008321995633445208
469	0.0008321995633446184
470	0.0008321995633445486
471	0.0008321995633447341
472	0.0008321995633446698
473	0.0008321995633449541
474	0.0008321995633445677
