0	7.564803966022702
1	6.286352009067205
2	5.109834862475974
3	4.078667973999897
4	3.225148146475109
5	2.550688148017593
6	2.034931018321294
7	1.647849980751501
8	1.3590080111596523
9	1.1424531934507423
10	0.9780951055473583
11	0.8512259799000963
12	0.751406911354498
13	0.6713389448531007
14	0.6059370198973684
15	0.5516265864453918
16	0.5058332121595448
17	0.4666397866069461
18	0.43258101415225503
19	0.40252990170047054
20	0.37562967934374364
21	0.3512410538590644
22	0.3288940435022895
23	0.30824461803631653
24	0.28903882168730716
25	0.2710856206682992
26	0.2542378787806996
27	0.23837982324305554
28	0.22341909125113354
29	0.20928164187469697
30	0.19590823530172935
31	0.18325165727108855
32	0.17127428351649698
33	0.15994586979548503
34	0.1492416047894883
35	0.1391405016181703
36	0.1296241694100732
37	0.12067594006307701
38	0.1122802631504878
39	0.10442225118620305
40	0.09708726985046479
41	0.09026051554889145
42	0.08392658342206699
43	0.07806907718950425
44	0.07267033068366872
45	0.06771129575673976
46	0.06317161136070985
47	0.059029821359378
48	0.05526367333212852
49	0.05185042115993729
50	0.048767073190805234
51	0.045990565590554214
52	0.04349787989146147
53	0.04126614821245114
54	0.03927279047808837
55	0.03749570742422887
56	0.035913522405167105
57	0.034505838590266624
58	0.03325346740910865
59	0.032138592326669824
60	0.031144853544537977
61	0.03025736299989785
62	0.029462674485701033
63	0.028748735621380025
64	0.028104838613781567
65	0.027521572315391606
66	0.026990767166682233
67	0.026505422305917337
68	0.026059610302930445
69	0.025648364946782316
70	0.025267565071912055
71	0.024913828261965015
72	0.02458442216510173
73	0.024277191617301953
74	0.02399049194385283
75	0.02372311663927393
76	0.023474211900926828
77	0.023243178680243615
78	0.023029570740812605
79	0.022833000984080094
80	0.02265306671159057
81	0.022489298984336697
82	0.022341134930586846
83	0.02220790770693045
84	0.022088848133367613
85	0.021983094023415226
86	0.021889705843307402
87	0.021807688602271554
88	0.02173601910037048
89	0.02167367565314757
90	0.02161966580242129
91	0.021573047636111578
92	0.021532942370347072
93	0.02149853879573992
94	0.021469092543784256
95	0.021443923796095814
96	0.021422415964551994
97	0.02140401589280782
98	0.0213882344810448
99	0.021374646124582092
100	0.021362885991474387
101	0.02135264529003881
102	0.021343665490397956
103	0.021335732528581182
104	0.021328671471252822
105	0.02132234146531257
106	0.02131663052685276
107	0.02131144997899998
108	0.021306728877049014
109	0.02130240914020392
110	0.021298442055612793
111	0.021294786359438905
112	0.021291407523264413
113	0.02128827752402614
114	0.021285374422771484
115	0.021282681437676726
116	0.021280185618069738
117	0.021277876467292754
118	0.021275744835981877
119	0.021273782203892637
120	0.02127198026371987
121	0.021270330646407258
122	0.021268824696078267
123	0.021267453322229516
124	0.021266207016199995
125	0.021265076071207617
126	0.02126405093349815
127	0.021263122527516873
128	0.021262282408209966
129	0.02126152269513683
130	0.02126083586867689
131	0.021260214578326185
132	0.021259651589595658
133	0.02125913990488073
134	0.021258672998817996
135	0.021258245065164046
136	0.02125785119236575
137	0.021257487438359726
138	0.021257150818234857
139	0.021256839228105673
140	0.02125655131360255
141	0.021256286279044356
142	0.021256043642941876
143	0.02125582297309108
144	0.021255623657838077
145	0.021255444768086686
146	0.021255285034477937
147	0.021255142922859852
148	0.021255016762125493
149	0.02125490487476014
150	0.02125480567785683
151	0.02125471774524924
152	0.02125463983580854
153	0.021254570895437672
154	0.021254510037014177
155	0.021254456501884185
156	0.021254409611089188
157	0.02125436872014911
158	0.021254333191624824
159	0.021254302392537804
160	0.021254275712605533
161	0.021254252590840225
162	0.021254232537007835
163	0.02125421514005969
164	0.021254200063460772
165	0.021254187032424692
166	0.02125417581864674
167	0.021254166225786863
168	0.021254158076738753
169	0.021254151203218257
170	0.02125414543902455
171	0.021254140618541882
172	0.021254136580761668
173	0.021254133176791347
174	0.021254130277226474
175	0.021254127776111336
176	0.021254125590298493
177	0.02125412365539139
178	0.021254121920648184
179	0.021254120344781597
180	0.02125411889327714
181	0.021254117536836353
182	0.021254116250368653
183	0.021254115012416096
184	0.021254113805211975
185	0.021254112615392524
186	0.021254111434896535
187	0.021254110261319615
188	0.021254109097257907
189	0.02125410794880527
190	0.021254106823825548
191	0.02125410573065176
192	0.021254104677411442
193	0.021254103671783812
194	0.02125410272081326
195	0.02125410183059385
196	0.021254101005899497
197	0.021254100249935456
198	0.02125409956428626
199	0.021254098948995628
200	0.02125409840264224
201	0.02125409792238741
202	0.021254097504067038
203	0.02125409714243321
204	0.02125409683156005
205	0.021254096565300962
206	0.02125409633766598
207	0.02125409614302692
208	0.021254095976173056
209	0.02125409583231868
210	0.021254095707133384
211	0.021254095596803572
212	0.021254095498092235
213	0.021254095408373308
214	0.021254095325613793
215	0.021254095248351132
216	0.02125409517566278
217	0.02125409510710701
218	0.021254095042636038
219	0.021254094982448384
220	0.021254094926831134
221	0.02125409487602425
222	0.02125409483013856
223	0.02125409478913678
224	0.021254094752848084
225	0.02125409472099596
226	0.021254094693229815
227	0.021254094669151288
228	0.0212540946483502
229	0.0212540946304297
230	0.021254094615016646
231	0.02125409460176893
232	0.021254094590358118
233	0.021254094580470027
234	0.021254094571812054
235	0.021254094564117497
236	0.021254094557162234
237	0.02125409455076701
238	0.021254094544791977
239	0.021254094539137854
240	0.021254094533736802
241	0.02125409452855154
242	0.021254094523570816
243	0.021254094518801246
244	0.021254094514263768
245	0.021254094509983702
246	0.02125409450599145
247	0.02125409450231524
248	0.02125409449898241
249	0.021254094496008933
250	0.021254094493400138
251	0.021254094491146566
252	0.021254094489224475
253	0.02125409448760171
254	0.021254094486241694
255	0.02125409448510566
256	0.02125409448415467
257	0.02125409448335503
258	0.02125409448267547
259	0.021254094482092596
260	0.021254094481585523
261	0.021254094481136743
262	0.0212540944807326
263	0.021254094480362206
264	0.02125409448001492
265	0.021254094479686687
266	0.02125409447937466
267	0.021254094479077747
268	0.021254094478798422
269	0.021254094478538363
270	0.021254094478300786
271	0.021254094478085305
272	0.02125409447789322
273	0.021254094477723955
274	0.02125409447757445
275	0.021254094477442583
276	0.0212540944773256
277	0.02125409447722257
278	0.021254094477131204
279	0.021254094477049897
280	0.021254094476976765
281	0.021254094476912146
282	0.021254094476853756
283	0.021254094476800142
284	0.02125409447675081
285	0.021254094476703574
286	0.02125409447665858
287	0.021254094476614947
288	0.02125409447657224
289	0.021254094476531968
290	0.021254094476492125
291	0.02125409447645403
292	0.021254094476419478
293	0.021254094476385668
294	0.021254094476355217
295	0.02125409447632632
296	0.02125409447630064
297	0.021254094476276967
298	0.021254094476255498
299	0.021254094476236624
300	0.02125409447621962
301	0.021254094476205004
302	0.02125409447619265
303	0.021254094476181828
304	0.021254094476173446
305	0.02125409447616582
306	0.02125409447615955
307	0.02125409447615547
308	0.021254094476151477
309	0.02125409447614865
310	0.0212540944761454
311	0.021254094476143334
312	0.021254094476142172
313	0.021254094476140573
314	0.021254094476139566
315	0.021254094476138803
316	0.02125409447613775
317	0.02125409447613729
318	0.02125409447613688
319	0.02125409447613585
320	0.02125409447613583
321	0.021254094476135448
322	0.02125409447613549
323	0.021254094476135302
324	0.02125409447613443
325	0.021254094476133585
326	0.02125409447613333
327	0.021254094476132662
328	0.021254094476131937
329	0.021254094476131094
330	0.02125409447613066
331	0.02125409447613008
332	0.02125409447612945
333	0.021254094476128443
334	0.02125409447612815
335	0.021254094476127562
336	0.021254094476127517
337	0.02125409447612751
338	0.021254094476126445
339	0.02125409447612678
340	0.021254094476125904
341	0.021254094476125817
342	0.02125409447612628
343	0.021254094476125415
344	0.021254094476125685
345	0.021254094476125536
346	0.021254094476124953
347	0.02125409447612525
348	0.021254094476125463
349	0.021254094476125193
350	0.021254094476124544
351	0.021254094476125054
352	0.021254094476125036
353	0.021254094476124804
354	0.021254094476124922
355	0.021254094476124974
356	0.021254094476124828
357	0.021254094476125515
358	0.02125409447612511
359	0.021254094476124866
360	0.021254094476124624
361	0.021254094476124783
362	0.021254094476124925
363	0.021254094476125047
364	0.021254094476124877
365	0.021254094476124953
366	0.02125409447612526
367	0.021254094476124932
368	0.02125409447612535
369	0.021254094476125383
370	0.021254094476124374
371	0.02125409447612439
372	0.021254094476124703
373	0.021254094476124627
374	0.02125409447612446
375	0.021254094476124752
376	0.021254094476124804
377	0.02125409447612439
378	0.02125409447612492
379	0.021254094476124915
380	0.02125409447612502
381	0.021254094476125127
382	0.02125409447612476
383	0.021254094476124967
384	0.021254094476125033
385	0.021254094476124225
386	0.02125409447612482
387	0.021254094476124873
388	0.02125409447612464
389	0.021254094476124797
390	0.0212540944761247
391	0.021254094476124762
392	0.021254094476124585
393	0.02125409447612467
394	0.02125409447612486
395	0.02125409447612448
396	0.021254094476124755
397	0.02125409447612486
398	0.021254094476124058
399	0.021254094476124735
400	0.021254094476124447
401	0.021254094476124686
402	0.021254094476124575
403	0.021254094476124943
404	0.0212540944761246
405	0.021254094476125036
406	0.021254094476124835
407	0.021254094476124967
408	0.021254094476124752
409	0.021254094476124395
410	0.021254094476124846
411	0.021254094476124683
412	0.021254094476124287
413	0.021254094476124696
414	0.02125409447612451
415	0.021254094476124273
416	0.02125409447612485
417	0.021254094476124512
418	0.021254094476124776
419	0.021254094476125588
420	0.021254094476124863
421	0.021254094476124752
422	0.021254094476124717
423	0.021254094476124474
424	0.021254094476124544
425	0.021254094476125047
426	0.0212540944761253
427	0.02125409447612476
428	0.021254094476125
429	0.021254094476124367
430	0.021254094476124655
431	0.021254094476124613
432	0.021254094476125186
433	0.021254094476124308
434	0.021254094476124884
435	0.021254094476124672
436	0.021254094476124596
437	0.02125409447612433
438	0.02125409447612475
439	0.021254094476125245
440	0.021254094476124512
441	0.021254094476124624
442	0.021254094476124617
443	0.021254094476124762
444	0.021254094476124714
445	0.021254094476124995
446	0.021254094476124672
447	0.021254094476124544
448	0.021254094476124558
449	0.021254094476124693
