  0.000000   -3.55608043386242   -2.30620752045403  
  0.010000   -3.55531829337131   -2.30563653709737  
  0.020000   -3.55303294553948   -2.30392442960520  
  0.030000   -3.54922760884794   -2.30107372370476  
  0.040000   -3.54390763929428   -2.29708862226075  
  0.050000   -3.53708051821187   -2.29197499527546  
  0.060000   -3.52875583526755   -2.28574036593159  
  0.070000   -3.51894526668849   -2.27839389272014  
  0.080000   -3.50766254878274   -2.26994634770756  
  0.090000   -3.49492344683226   -2.26041009100820  
  0.100000   -3.48074571945072   -2.24979904153937  
  0.110000   -3.46514907851152   -2.23812864414775  
  0.120000   -3.44815514476477   -2.22541583320644  
  0.130000   -3.42978739927414   -2.21167899279287  
  0.140000   -3.41007113081682   -2.19693791356781  
  0.150000   -3.38903337940121   -2.18121374648529  
  0.160000   -3.36670287606811   -2.16452895347297  
  0.170000   -3.34310997915160   -2.14690725523110  
  0.180000   -3.31828660718555   -2.12837357630650  
  0.190000   -3.29226616865099   -2.10895398760606  
  0.200000   -3.26508348876808   -2.08867564652136  
  0.210000   -3.23677473354407   -2.06756673484259  
  0.220000   -3.20737733129598   -2.04565639464628  
  0.230000   -3.17692989187271   -2.02297466234664  
  0.240000   -3.14547212380728   -1.99955240110498  
  0.250000   -3.11304474963418   -1.97542123179616  
  0.260000   -3.07968941961121   -1.95061346273412  
  0.270000   -3.04544862408806   -1.92516201836149  
  0.280000   -3.01036560476638   -1.89910036711051  
  0.290000   -2.97448426509745   -1.87246244864342  
  0.300000   -2.93784908006456   -1.84528260068168  
  0.310000   -2.90050500559668   -1.81759548563295  
  0.320000   -2.86249738785944   -1.78943601722426  
  0.330000   -2.82387187266747   -1.76083928734815  
  0.340000   -2.78467431525975   -1.73184049332666  
  0.350000   -2.74495069067618   -1.70247486579507  
  0.360000   -2.70474700496977   -1.67277759740371  
  0.370000   -2.66410920748360   -1.64278377253231  
  0.380000   -2.62308310441674   -1.61252829820622  
  0.390000   -2.58171427389649   -1.58204583639864  
  0.400000   -2.54004798276802   -1.55137073789678  
  0.410000   -2.49812910530441   -1.52053697790350  
  0.420000   -2.45600204403243   -1.48957809353858  
  0.430000   -2.41371065286031   -1.45852712339622  
  0.440000   -2.37129816268492   -1.42741654930718  
  0.450000   -2.32880710964575   -1.39627824044526  
  0.460000   -2.28627926618302   -1.36514339990890  
  0.470000   -2.24375557504667   -1.33404251389895  
  0.480000   -2.20127608639213   -1.30300530360414  
  0.490000   -2.15887989808723   -1.27206067989552  
  0.500000   -2.11660509934326   -1.24123670092061  
  0.510000   -2.07448871777137   -1.21056053267753  
  0.520000   -2.03256666995334   -1.18005841263849  
  0.530000   -1.99087371560386   -1.14975561648100  
  0.540000   -1.94944341538885   -1.11967642797398  
  0.550000   -1.90830809245257   -1.08984411205507  
  0.560000   -1.86749879769333   -1.06028089112376  
  0.570000   -1.82704527881589   -1.03100792456444  
  0.580000   -1.78697595317605   -1.00204529150174  
  0.590000   -1.74731788442105   -0.97341197677996  
  0.600000   -1.70809676291754   -0.94512586014741  
  0.610000   -1.66933688994678   -0.91720370861587  
  0.620000   -1.63106116563591   -0.88966117195489  
  0.630000   -1.59329108058232   -0.86251278127070  
  0.640000   -1.55604671111773   -0.83577195060950  
  0.650000   -1.51934671814792   -0.80945098151547  
  0.660000   -1.48320834949388   -0.78356107046500  
  0.670000   -1.44764744565070   -0.75811231908953  
  0.680000   -1.41267844887109   -0.73311374709162  
  0.690000   -1.37831441547172   -0.70857330775093  
  0.700000   -1.34456703125243   -0.68449790590959  
  0.710000   -1.31144662991051   -0.66089341831972  
  0.720000   -1.27896221432521   -0.63776471622996  
  0.730000   -1.24712148058105   -0.61511569008196  
  0.740000   -1.21593084459230   -0.59294927618312  
  0.750000   -1.18539547118590   -0.57126748521734  
  0.760000   -1.15551930549508   -0.55007143245200  
  0.770000   -1.12630510651168   -0.52936136949591  
  0.780000   -1.09775448264199   -0.50913671746105  
  0.790000   -1.06986792910740   -0.48939610137850  
  0.800000   -1.04264486702937   -0.47013738571820  
  0.810000   -1.01608368403631   -0.45135771086133  
  0.820000   -0.99018177622870   -0.43305353037433  
  0.830000   -0.96493559133867   -0.41522064893417  
  0.840000   -0.94034067292015   -0.39785426075571  
  0.850000   -0.91639170540636   -0.38094898837400  
  0.860000   -0.89308255987297   -0.36449892163667  
  0.870000   -0.87040634034687   -0.34849765676464  
  0.880000   -0.84835543050287   -0.33293833534287  
  0.890000   -0.82692154059376   -0.31781368310697  
  0.900000   -0.80609575446244   -0.30311604839582  
  0.910000   -0.78586857648853   -0.28883744014570  
  0.920000   -0.76622997832667   -0.27496956530633  
  0.930000   -0.74716944529792   -0.26150386556540  
  0.940000   -0.72867602230130   -0.24843155327414  
  0.950000   -0.71073835911768   -0.23574364647299  
  0.960000   -0.69334475498423   -0.22343100292304  
  0.970000   -0.67648320232395   -0.21148435305615  
  0.980000   -0.66014142952084   -0.19989433176371  
  0.990000   -0.64430694263845   -0.18865150895132  
  1.000000   -0.62896706598597   -0.17774641879429  
  1.010000   -0.61410898144349   -0.16716958763652  
  1.020000   -0.59971976646496   -0.15691156048278  
  1.030000   -0.58578643068501   -0.14696292604226  
  1.040000   -0.57229595106289   -0.13731434028890  
  1.050000   -0.55923530550452   -0.12795654851141  
  1.060000   -0.54659150491101   -0.11888040583390  
  1.070000   -0.53435162360940   -0.11007689619464  
  1.080000   -0.52250282812899   -0.10153714977852  
  1.090000   -0.51103240429383   -0.09325245890526  
  1.100000   -0.49992778260908   -0.08521429238227  
  1.110000   -0.48917656192650   -0.07741430833793  
  1.120000   -0.47876653138073   -0.06984436555697  
  1.130000   -0.46868569059522   -0.06249653334567  
  1.140000   -0.45892226816301   -0.05536309996046  
  1.150000   -0.44946473841415   -0.04843657963835  
  1.160000   -0.44030183648728   -0.04170971827303  
  1.170000   -0.43142257172915   -0.03517549778451  
  1.180000   -0.42281623945099   -0.02882713923469  
  1.190000   -0.41447243107631   -0.02265810474476  
  1.200000   -0.40638104271923   -0.01666209827366  
  1.210000   -0.39853228223739   -0.01083306531976  
  1.220000   -0.39091667480751   -0.00516519161032  
  1.230000   -0.38352506707565    0.00034709915466  
  1.240000   -0.37634862993801    0.00570914843595  
  1.250000   -0.36937886001082    0.01092606679674  
  1.260000   -0.36260757985129    0.01600273858211  
  1.270000   -0.35602693699363    0.02094382726593  
  1.280000   -0.34962940186642    0.02575378139477  
  1.290000   -0.34340776465943    0.03043684105877  
  1.300000   -0.33735513120923    0.03499704482025  
  1.310000   -0.33146491797404    0.03943823703206  
  1.320000   -0.32573084616901    0.04376407547905  
  1.330000   -0.32014693513330    0.04797803927786  
  1.340000   -0.31470749500048    0.05208343697250  
  1.350000   -0.30940711874342    0.05608341476521  
  1.360000   -0.30424067366422    0.05998096482504  
  1.370000   -0.29920329239877    0.06377893361929  
  1.380000   -0.29429036350436    0.06748003021596  
  1.390000   -0.28949752169739    0.07108683450864  
  1.400000   -0.28482063780626    0.07460180531849  
  1.410000   -0.28025580850290    0.07802728833176  
  1.420000   -0.27579934587394    0.08136552383445  
  1.430000   -0.27144776689027    0.08461865420968  
  1.440000   -0.26719778283125    0.08778873116691  
  1.450000   -0.26304628871705    0.09087772267587  
  1.460000   -0.25899035279965    0.09388751958169  
  1.470000   -0.25502720616021    0.09681994188155  
  1.480000   -0.25115423245746    0.09967674464674  
  1.490000   -0.24736895786830    0.10245962357737  
  1.500000   -0.24366904125897    0.10517022018074  
  1.510000   -0.24005226462147    0.10781012656748  
  1.520000   -0.23651652380699    0.11038088986296  
  1.530000   -0.23305981958435    0.11288401623425  
  1.540000   -0.22968024904858    0.11532097453617  
  1.550000   -0.22637599740106    0.11769319958242  
  1.560000   -0.22314533011974    0.12000209505032  
  1.570000   -0.21998658553451    0.12224903603026  
  1.580000   -0.21689816781973    0.12443537123279  
  1.590000   -0.21387854041301    0.12656242486833  
  1.600000   -0.21092621986610    0.12863149821625  
  1.610000   -0.20803977013132    0.13064387090131  
  1.620000   -0.20521779728373    0.13260080189707  
  1.630000   -0.20245894467714    0.13450353027644  
  1.640000   -0.19976188852934    0.13635327573076  
  1.650000   -0.19712533392960    0.13815123887920  
  1.660000   -0.19454801125957    0.13989860139063  
  1.670000   -0.19202867301642    0.14159652594040  
  1.680000   -0.18956609102557    0.14324615602432  
  1.690000   -0.18715905402841    0.14484861565199  
  1.700000   -0.18480636562913    0.14640500894129  
  1.710000   -0.18250684258334    0.14791641963514  
  1.720000   -0.18025931341015    0.14938391056100  
  1.730000   -0.17806261730830    0.15080852305279  
  1.740000   -0.17591560335615    0.15219127635382  
  1.750000   -0.17381712997494    0.15353316701821  
  1.760000   -0.17176606463380    0.15483516832718  
  1.770000   -0.16976128377525    0.15609822973518  
  1.780000   -0.16780167293933    0.15732327635952  
  1.790000   -0.16588612706480    0.15851120852576  
  1.800000   -0.16401355094585    0.15966290137958  
  1.810000   -0.16218285982311    0.16077920457441  
  1.820000   -0.16039298008817    0.16186094204263  
  1.830000   -0.15864285008126    0.16290891185652  
  1.840000   -0.15693142096260    0.16392388618372  
  1.850000   -0.15525765763835    0.16490661134059  
  1.860000   -0.15362053972339    0.16585780794522  
  1.870000   -0.15201906252354    0.16677817117064  
  1.880000   -0.15045223802131    0.16766837109736  
  1.890000   -0.14891909585009    0.16852905316316  
  1.900000   -0.14741868424276    0.16936083870699  
  1.910000   -0.14595007094212    0.17016432560242  
  1.920000   -0.14451234406140    0.17094008897558  
  1.930000   -0.14310461288461    0.17168868200121  
  1.940000   -0.14172600859751    0.17241063676987  
  1.950000   -0.14037568494143    0.17310646521869  
  1.960000   -0.13905281878314    0.17377666011740  
  1.970000   -0.13775661059547    0.17442169610087  
  1.980000   -0.13648628484437    0.17504203073927  
  1.990000   -0.13524109027929    0.17563810563642  
  2.000000   -0.13402030012514    0.17621034754711  
  2.010000   -0.13282321217475    0.17675916950374  
  2.020000   -0.13164914878223    0.17728497194320  
  2.030000   -0.13049745675828    0.17778814382464  
  2.040000   -0.12936750716973    0.17826906372937  
  2.050000   -0.12825869504608    0.17872810093430  
  2.060000   -0.12717043899709    0.17916561645090  
  2.070000   -0.12610218074564    0.17958196402215  
  2.080000   -0.12505338458129    0.17997749107036  
  2.090000   -0.12402353674007    0.18035253958979  
  2.100000   -0.12301214471692    0.18070744697809  
  2.110000   -0.12201873651720    0.18104254680205  
  2.120000   -0.12104285985457    0.18135816949312  
  2.130000   -0.12008408130222    0.18165464296970  
  2.140000   -0.11914198540510    0.18193229318337  
  2.150000   -0.11821617376066    0.18219144458752  
  2.160000   -0.11730626407569    0.18243242052741  
  2.170000   -0.11641188920687    0.18265554355146  
  2.180000   -0.11553269619250    0.18286113564449  
  2.190000   -0.11466834528282    0.18304951838437  
  2.200000   -0.11381850897586    0.18322101302416  
  2.210000   -0.11298287106587    0.18337594050254  
  2.220000   -0.11216112571065    0.18351462138611  
  2.230000   -0.11135297652402    0.18363737574751  
  2.240000   -0.11055813569917    0.18374452298403  
  2.250000   -0.10977632316803    0.18383638158174  
  2.260000   -0.10900726580157    0.18391326883070  
  2.270000   -0.10825069665524    0.18397550049692  
  2.280000   -0.10750635426334    0.18402339045744  
  2.290000   -0.10677398198542    0.18405725030464  
  2.300000   -0.10605332740742    0.18407738892635  
  2.310000   -0.10534414179963    0.18408411206833  
  2.320000   -0.10464617963290    0.18407772188560  
  2.330000   -0.10395919815411    0.18405851648917  
  2.340000   -0.10328295702130    0.18402678949451  
  2.350000   -0.10261721799819    0.18398282957795  
  2.360000   -0.10196174470769    0.18392692004686  
  2.370000   -0.10131630244292    0.18385933842939  
  2.380000   -0.10068065803438    0.18378035608885  
  2.390000   -0.10005457977101    0.18369023786767  
  2.400000   -0.09943783737281    0.18358924176543  
  2.410000   -0.09883020201194    0.18347761865476  
  2.420000   -0.09823144637944    0.18335561203859  
  2.430000   -0.09764134479365    0.18322345785170  
  2.440000   -0.09705967334692    0.18308138430881  
  2.450000   -0.09648621008644    0.18292961180096  
  2.460000   -0.09592073522508    0.18276835284151  
  2.470000   -0.09536303137793    0.18259781206219  
  2.480000   -0.09481288382019    0.18241818625936  
  2.490000   -0.09427008076190    0.18222966448990  
  2.500000   -0.09373441363521    0.18203242821567  
  2.510000   -0.09320567738953    0.18182665149495  
  2.520000   -0.09268367079048    0.18161250121879  
  2.530000   -0.09216819671829    0.18139013738966  
  2.540000   -0.09165906246148    0.18115971343941  
  2.550000   -0.09115608000204    0.18092137658327  
  2.560000   -0.09065906628837    0.18067526820597  
  2.570000   -0.09016784349248    0.18042152427603  
  2.580000   -0.08968223924824    0.18016027578401  
  2.590000   -0.08920208686783    0.17989164920001  
  2.600000   -0.08872722553368    0.17961576694593  
  2.610000   -0.08825750046368    0.17933274787758  
  2.620000   -0.08779276304765    0.17904270777196  
  2.630000   -0.08733287095350    0.17874575981467  
  2.640000   -0.08687768820173    0.17844201508292  
  2.650000   -0.08642708520746    0.17813158301916  
  2.660000   -0.08598093878929    0.17781457189103  
  2.670000   -0.08553913214498    0.17749108923319  
  2.680000   -0.08510155479379    0.17716124226681  
  2.690000   -0.08466810248621    0.17682513829303  
  2.700000   -0.08423867708173    0.17648288505675  
  2.710000   -0.08381318639578    0.17613459107761  
  2.720000   -0.08339154401710    0.17578036594529  
  2.730000   -0.08297366909748    0.17542032057672  
  2.740000   -0.08255948611537    0.17505456743328  
  2.750000   -0.08214892461586    0.17468322069620  
  2.760000   -0.08174191892909    0.17430639639934  
  2.770000   -0.08133840786975    0.17392421251840  
  2.780000   -0.08093833442021    0.17353678901649  
  2.790000   -0.08054164540009    0.17314424784625  
  2.800000   -0.08014829112523    0.17274671290919  
  2.810000   -0.07975822505870    0.17234430997342  
  2.820000   -0.07937140345719    0.17193716655116  
  2.830000   -0.07898778501541    0.17152541173812  
  2.840000   -0.07860733051159    0.17110917601694  
  2.850000   -0.07823000245697    0.17068859102730  
  2.860000   -0.07785576475208    0.17026378930584  
  2.870000   -0.07748458235246    0.16983490399891  
  2.880000   -0.07711642094651    0.16940206855173  
  2.890000   -0.07675124664784    0.16896541637775  
  2.900000   -0.07638902570438    0.16852508051189  
  2.910000   -0.07602972422646    0.16808119325177  
  2.920000   -0.07567330793556    0.16763388579103  
  2.930000   -0.07531974193554    0.16718328784875  
  2.940000   -0.07496899050778    0.16672952729919  
  2.950000   -0.07462101693132    0.16627272980589  
  2.960000   -0.07427578332913    0.16581301846415  
  2.970000   -0.07393325054108    0.16535051345572  
  2.980000   -0.07359337802410    0.16488533171951  
  2.990000   -0.07325612377979    0.16441758664174  
  3.000000   -0.07292144430932    0.16394738776892  
  3.010000   -0.07258929459544    0.16347484054660  
  3.020000   -0.07225962811097    0.16300004608669  
  3.030000   -0.07193239685300    0.16252310096582  
  3.040000   -0.07160755140193    0.16204409705667  
  3.050000   -0.07128504100397    0.16156312139419  
  3.060000   -0.07096481367580    0.16108025607798  
  3.070000   -0.07064681632983    0.16059557821184  
  3.080000   -0.07033099491828    0.16010915988105  
  3.090000   -0.07001729459416    0.15962106816768  
  3.100000   -0.06970565988730    0.15913136520359  
  3.110000   -0.06939603489305    0.15864010826081  
  3.120000   -0.06908836347178    0.15814734987805  
  3.130000   -0.06878258945660    0.15765313802233  
  3.140000   -0.06847865686731    0.15715751628386  
  3.150000   -0.06817651012796    0.15666052410231  
  3.160000   -0.06787609428601    0.15616219702222  
  3.170000   -0.06757735523053    0.15566256697484  
  3.180000   -0.06728023990741    0.15516166258373  
  3.190000   -0.06698469652926    0.15465950949109  
  3.200000   -0.06669067477801    0.15415613070142  
  3.210000   -0.06639812599811    0.15365154693937  
  3.220000   -0.06610700337857    0.15314577701811  
  3.230000   -0.06581726212204    0.15263883821469  
  3.240000   -0.06552885959934    0.15213074664880  
  3.250000   -0.06524175548806    0.15162151766117  
  3.260000   -0.06495591189391    0.15111116618816  
  3.270000   -0.06467129345384    0.15059970712874  
  3.280000   -0.06438786741993    0.15008715570073  
  3.290000   -0.06410560372350    0.14957352778261  
  3.300000   -0.06382447501881    0.14905884023801  
  3.310000   -0.06354445670617    0.14854311121974  
  3.320000   -0.06326552693436    0.14802636045068  
  3.330000   -0.06298766658240    0.14750860947905  
  3.340000   -0.06271085922104    0.14698988190564  
  3.350000   -0.06243509105447    0.14647020358140  
  3.360000   -0.06216035084288    0.14594960277338  
  3.370000   -0.06188662980676    0.14542811029793  
  3.380000   -0.06161392151395    0.14490575962020  
  3.390000   -0.06134222175060    0.14438258691914  
  3.400000   -0.06107152837735    0.14385863111782  
  3.410000   -0.06080184117219    0.14333393387921  
  3.420000   -0.06053316166143    0.14280853956756  
  3.430000   -0.06026549294062    0.14228249517643  
  3.440000   -0.05999883948692    0.14175585022417  
  3.450000   -0.05973320696486    0.14122865661840  
  3.460000   -0.05946860202718    0.14070096849112  
  3.470000   -0.05920503211271    0.14017284200635  
  3.480000   -0.05894250524309    0.13964433514261  
  3.490000   -0.05868102982014    0.13911550745267  
  3.500000   -0.05842061442575    0.13858641980316  
  3.510000   -0.05816126762609    0.13805713409702  
  3.520000   -0.05790299778180    0.13752771298164  
  3.530000   -0.05764581286577    0.13699821954599  
  3.540000   -0.05738972029025    0.13646871700975  
  3.550000   -0.05713472674441    0.13593926840786  
  3.560000   -0.05688083804411    0.13540993627372  
  3.570000   -0.05662805899466    0.13488078232437  
  3.580000   -0.05637639326800    0.13435186715076  
  3.590000   -0.05612584329495    0.13382324991654  
  3.600000   -0.05587641017352    0.13329498806813  
  3.610000   -0.05562809359375    0.13276713705923  
  3.620000   -0.05538089177960    0.13223975009245  
  3.630000   -0.05513480144821    0.13171287788066  
  3.640000   -0.05488981778651    0.13118656843041  
  3.650000   -0.05464593444537    0.13066086684956  
  3.660000   -0.05440314355090    0.13013581518102  
  3.670000   -0.05416143573252    0.12961145226418  
  3.680000   -0.05392080016754    0.12908781362534  
  3.690000   -0.05368122464120    0.12856493139821  
  3.700000   -0.05344269562169    0.12804283427508  
  3.710000   -0.05320519834903    0.12752154748918  
  3.720000   -0.05296871693687    0.12700109282823  
  3.730000   -0.05273323448585    0.12648148867903  
  3.740000   -0.05249873320749    0.12596275010237  
  3.750000   -0.05226519455712    0.12544488893771  
  3.760000   -0.05203259937437    0.12492791393615  
  3.770000   -0.05180092802992    0.12441183092056  
  3.780000   -0.05157016057677    0.12389664297101  
  3.790000   -0.05134027690470    0.12338235063362  
  3.800000   -0.05111125689607    0.12286895215069  
  3.810000   -0.05088308058174    0.12235644370976  
  3.820000   -0.05065572829520    0.12184481970896  
  3.830000   -0.05042918082370    0.12133407303615  
  3.840000   -0.05020341955465    0.12082419535875  
  3.850000   -0.04997842661611    0.12031517742165  
  3.860000   -0.04975418500980    0.11980700935000  
  3.870000   -0.04953067873550    0.11929968095392  
  3.880000   -0.04930789290568    0.11879318203213  
  3.890000   -0.04908581384923    0.11828750267145  
  3.900000   -0.04886442920335    0.11778263353922  
  3.910000   -0.04864372799278    0.11727856616586  
  3.920000   -0.04842370069579    0.11677529321459  
  3.930000   -0.04820433929608    0.11627280873592  
  3.940000   -0.04798563732050    0.11577110840429  
  3.950000   -0.04776758986201    0.11527018973467  
  3.960000   -0.04755019358800    0.11477005227693  
  3.970000   -0.04733344673372    0.11427069778630  
  3.980000   -0.04711734908117    0.11377213036817  
  3.990000   -0.04690190192360    0.11327435659595  
  4.000000   -0.04668710801612    0.11277738560094  
  4.010000   -0.04647297151290    0.11228122913340  
  4.020000   -0.04625949789171    0.11178590159428  
  4.030000   -0.04604669386647    0.11129142003748  
  4.040000   -0.04583456728893    0.11079780414267  
  4.050000   -0.04562312704017    0.11030507615905  
  4.060000   -0.04541238291332    0.10981326082070  
  4.070000   -0.04520234548844    0.10932238523456  
  4.080000   -0.04499302600093    0.10883247874205  
  4.090000   -0.04478443620468    0.10834357275599  
  4.100000   -0.04457658823135    0.10785570057444  
  4.110000   -0.04436949444705    0.10736889717332  
  4.120000   -0.04416316730797    0.10688319898010  
  4.130000   -0.04395761921610    0.10639864363068  
  4.140000   -0.04375286237663    0.10591526971211  
  4.150000   -0.04354890865825    0.10543311649355  
  4.160000   -0.04334576945765    0.10495222364839  
  4.170000   -0.04314345556963    0.10447263097017  
  4.180000   -0.04294197706378    0.10399437808510  
  4.190000   -0.04274134316914    0.10351750416426  
  4.200000   -0.04254156216763    0.10304204763805  
  4.210000   -0.04234264129738    0.10256804591593  
  4.220000   -0.04214458666682    0.10209553511414  
  4.230000   -0.04194740318010    0.10162454979402  
  4.240000   -0.04175109447480    0.10115512271359  
  4.250000   -0.04155566287210    0.10068728459479  
  4.260000   -0.04136110934007    0.10022106390854  
  4.270000   -0.04116743347028    0.09975648667988  
  4.280000   -0.04097463346782    0.09929357631494  
  4.290000   -0.04078270615477    0.09883235345140  
  4.300000   -0.04059164698711    0.09837283583394  
  4.310000   -0.04040145008469    0.09791503821580  
  4.320000   -0.04021210827401    0.09745897228733  
  4.330000   -0.04002361314321    0.09700464663227  
  4.340000   -0.03983595510890    0.09655206671201  
  4.350000   -0.03964912349382    0.09610123487810  
  4.360000   -0.03946310661484    0.09565215041254  
  4.370000   -0.03927789188015    0.09520480959579  
  4.380000   -0.03909346589490    0.09475920580139  
  4.390000   -0.03890981457397    0.09431532961643  
  4.400000   -0.03872692326104    0.09387316898667  
  4.410000   -0.03854477685257    0.09343270938463  
  4.420000   -0.03836335992563    0.09299393399916  
  4.430000   -0.03818265686820    0.09255682394453  
  4.440000   -0.03800265201088    0.09212135848689  
  4.450000   -0.03782332975851    0.09168751528602  
  4.460000   -0.03764467472067    0.09125527064977  
  4.470000   -0.03746667183965    0.09082459979889  
  4.480000   -0.03728930651482    0.09039547713953  
  4.490000   -0.03711256472207    0.08996787654077  
  4.500000   -0.03693643312738    0.08954177161451  
  4.510000   -0.03676089919336    0.08911713599499  
  4.520000   -0.03658595127777    0.08869394361520  
  4.530000   -0.03641157872318    0.08827216897757  
  4.540000   -0.03623777193691    0.08785178741631  
  4.550000   -0.03606452246052    0.08743277534885  
  4.560000   -0.03589182302832    0.08701511051412  
  4.570000   -0.03571966761425    0.08659877219522  
  4.580000   -0.03554805146686    0.08618374142457  
  4.590000   -0.03537697113208    0.08577000116947  
  4.600000   -0.03520642446350    0.08535753649651  
  4.610000   -0.03503641062036    0.08494633471308  
  4.620000   -0.03486693005298    0.08453638548508  
  4.630000   -0.03469798447623    0.08412768092932  
  4.640000   -0.03452957683090    0.08372021568032  
  4.650000   -0.03436171123380    0.08331398693053  
  4.660000   -0.03419439291677    0.08290899444406  
  4.670000   -0.03402762815548    0.08250524054366  
  4.680000   -0.03386142418857    0.08210273007134  
  4.690000   -0.03369578912802    0.08170147032317  
  4.700000   -0.03353073186160    0.08130147095885  
  4.710000   -0.03336626194839    0.08090274388731  
  4.720000   -0.03320238950835    0.08050530312936  
  4.730000   -0.03303912510705    0.08010916465905  
  4.740000   -0.03287647963665    0.07971434622524  
  4.750000   -0.03271446419426    0.07932086715537  
  4.760000   -0.03255308995892    0.07892874814344  
  4.770000   -0.03239236806821    0.07853801102435  
  4.780000   -0.03223230949592    0.07814867853688  
  4.790000   -0.03207292493165    0.07776077407787  
  4.800000   -0.03191422466367    0.07737432144990  
  4.810000   -0.03175621846610    0.07698934460520  
  4.820000   -0.03159891549144    0.07660586738827  
  4.830000   -0.03144232416937    0.07622391327981  
  4.840000   -0.03128645211298    0.07584350514457  
  4.850000   -0.03113130603305    0.07546466498561  
  4.860000   -0.03097689166130    0.07508741370743  
  4.870000   -0.03082321368331    0.07471177089030  
  4.880000   -0.03067027568160    0.07433775457813  
  4.890000   -0.03051808008950    0.07396538108184  
  4.900000   -0.03036662815617    0.07359466480028  
  4.910000   -0.03021591992298    0.07322561806040  
  4.920000   -0.03006595421159    0.07285825097831  
  4.930000   -0.02991672862364    0.07249257134247  
  4.940000   -0.02976823955212    0.07212858452033  
  4.950000   -0.02962048220423    0.07176629338906  
  4.960000   -0.02947345063551    0.07140569829132  
  4.970000   -0.02932713779478    0.07104679701626  
  4.980000   -0.02918153557955    0.07068958480598  
  4.990000   -0.02903663490128    0.07033405438739  
  5.000000   -0.02889242575980    0.06998019602909  
  5.010000   -0.02874889732623    0.06962799762267  
  5.020000   -0.02860603803354    0.06927744478758  
  5.030000   -0.02846383567386    0.06892852099859  
  5.040000   -0.02832227750161    0.06858120773439  
  5.050000   -0.02818135034147    0.06823548464598  
  5.060000   -0.02804104070009    0.06789132974313  
  5.070000   -0.02790133488052    0.06754871959693  
  5.080000   -0.02776221909832    0.06720762955651  
  5.090000   -0.02762367959802    0.06686803397779  
  5.100000   -0.02748570276915    0.06652990646184  
  5.110000   -0.02734827526047    0.06619322010061  
  5.120000   -0.02721138409143    0.06585794772750  
  5.130000   -0.02707501675981    0.06552406217035  
  5.140000   -0.02693916134455    0.06519153650422  
  5.150000   -0.02680380660275    0.06486034430160  
  5.160000   -0.02666894205998    0.06453045987747  
  5.170000   -0.02653455809302    0.06420185852676  
  5.180000   -0.02640064600438    0.06387451675195  
  5.190000   -0.02626719808775    0.06354841247847  
  5.200000   -0.02613420768393    0.06322352525583  
  5.210000   -0.02600166922666    0.06289983644245  
  5.220000   -0.02586957827797    0.06257732937232  
  5.230000   -0.02573793155277    0.06225598950199  
  5.240000   -0.02560672693238    0.06193580453625  
  5.250000   -0.02547596346705    0.06161676453139  
  5.260000   -0.02534564136736    0.06129886197496  
  5.270000   -0.02521576198470    0.06098209184122  
  5.280000   -0.02508632778091    0.06066645162184  
  5.290000   -0.02495734228760    0.06035194133133  
  5.300000   -0.02482881005542    0.06003856348739  
  5.310000   -0.02470073659374    0.05972632306621  
  5.320000   -0.02457312830158    0.05941522743313  
  5.330000   -0.02444599239020    0.05910528624947  
  5.340000   -0.02431933679822    0.05879651135632  
  5.350000   -0.02419317010019    0.05848891663648  
  5.360000   -0.02406750140932    0.05818251785590  
  5.370000   -0.02394234027539    0.05787733248607  
  5.380000   -0.02381769657887    0.05757337950932  
  5.390000   -0.02369358042220    0.05727067920864  
  5.400000   -0.02357000201927    0.05696925294431  
  5.410000   -0.02344697158416    0.05666912291943  
  5.420000   -0.02332449922024    0.05637031193661  
  5.430000   -0.02320259481064    0.05607284314826  
  5.440000   -0.02308126791107    0.05577673980289  
  5.450000   -0.02296052764617    0.05548202498987  
  5.460000   -0.02284038261013    0.05518872138523  
  5.470000   -0.02272084077277    0.05489685100087  
  5.480000   -0.02260190939167    0.05460643493969  
  5.490000   -0.02248359493146    0.05431749315906  
  5.500000   -0.02236590299075    0.05403004424485  
  5.510000   -0.02224883823761    0.05374410519835  
  5.520000   -0.02213240435397    0.05345969123799  
  5.530000   -0.02201660398963    0.05317681561798  
  5.540000   -0.02190143872615    0.05289548946548  
  5.550000   -0.02178690905101    0.05261572163803  
  5.560000   -0.02167301434227    0.05233751860253  
  5.570000   -0.02155975286376    0.05206088433695  
  5.580000   -0.02144712177089    0.05178582025580  
  5.590000   -0.02133511712705    0.05151232516004  
  5.600000   -0.02122373393018    0.05124039521195  
  5.610000   -0.02111296614958    0.05097002393515  
  5.620000   -0.02100280677224    0.05070120223979  
  5.630000   -0.02089324785846    0.05043391847276  
  5.640000   -0.02078428060607    0.05016815849228  
  5.650000   -0.02067589542273    0.04990390576627  
  5.660000   -0.02056808200540    0.04964114149345  
  5.670000   -0.02046082942651    0.04937984474606  
  5.680000   -0.02035412622567    0.04911999263282  
  5.690000   -0.02024796050624    0.04886156048047  
  5.700000   -0.02014232003572    0.04860452203219  
  5.710000   -0.02003719234910    0.04834884966097  
  5.720000   -0.01993256485401    0.04809451459582  
  5.730000   -0.01982842493682    0.04784148715864  
  5.740000   -0.01972476006859    0.04758973700949  
  5.750000   -0.01962155790986    0.04733923339777  
  5.760000   -0.01951880641329    0.04708994541702  
  5.770000   -0.01941649392321    0.04684184226072  
  5.780000   -0.01931460927107    0.04659489347670  
  5.790000   -0.01921314186589    0.04634906921769  
  5.800000   -0.01911208177895    0.04610434048545  
  5.810000   -0.01901141982178    0.04586067936636  
  5.820000   -0.01891114761683    0.04561805925591  
  5.830000   -0.01881125766008    0.04537645507008  
  5.840000   -0.01871174337508    0.04513584344156  
  5.850000   -0.01861259915787    0.04489620289884  
  5.860000   -0.01851382041236    0.04465751402642  
  5.870000   -0.01841540357588    0.04441975960475  
  5.880000   -0.01831734613467    0.04418292472832  
  5.890000   -0.01821964662921    0.04394699690095  
  5.900000   -0.01812230464922    0.04371196610726  
  5.910000   -0.01802532081864    0.04347782485971  
  5.920000   -0.01792869677050    0.04324456822062  
  5.930000   -0.01783243511213    0.04301219379920  
  5.940000   -0.01773653938095    0.04278070172341  
  5.950000   -0.01764101399134    0.04255009458702  
  5.960000   -0.01754586417310    0.04232037737247  
  5.970000   -0.01745109590210    0.04209155735021  
  5.980000   -0.01735671582381    0.04186364395543  
  5.990000   -0.01726273117044    0.04163664864368  
  6.000000   -0.01716914967257    0.04141058472645  
  6.010000   -0.01707597946599    0.04118546718856  
  6.020000   -0.01698322899486    0.04096131248911  
  6.030000   -0.01689090691188    0.04073813834789  
  6.040000   -0.01679902197670    0.04051596351936  
  6.050000   -0.01670758295335    0.04029480755644  
  6.060000   -0.01661659850777    0.04007469056647  
  6.070000   -0.01652607710644    0.03985563296161  
  6.080000   -0.01643602691711    0.03963765520628  
  6.090000   -0.01634645571242    0.03942077756397  
  6.100000   -0.01625737077762    0.03920501984606  
  6.110000   -0.01616877882306    0.03899040116499  
  6.120000   -0.01608068590237    0.03877693969427  
  6.130000   -0.01599309733708    0.03856465243766  
  6.140000   -0.01590601764856    0.03835355500989  
  6.150000   -0.01581945049764    0.03814366143088  
  6.160000   -0.01573339863284    0.03793498393570  
  6.170000   -0.01564786384742    0.03772753280205  
  6.180000   -0.01556284694584    0.03752131619697  
  6.190000   -0.01547834771985    0.03731634004429  
  6.200000   -0.01539436493456    0.03711260791420  
  6.210000   -0.01531089632448    0.03691012093600  
  6.220000   -0.01522793859963    0.03670887773490  
  6.230000   -0.01514548746178    0.03650887439356  
  6.240000   -0.01506353763041    0.03631010443874  
  6.250000   -0.01498208287842    0.03611255885328  
  6.260000   -0.01490111607702    0.03591622611316  
  6.270000   -0.01482062924951    0.03572109224958  
  6.280000   -0.01474061363342    0.03552714093526  
  6.290000   -0.01466105975031    0.03533435359418  
  6.300000   -0.01458195748270    0.03514270953388  
  6.310000   -0.01450329615729    0.03495218609887  
  6.320000   -0.01442506463370    0.03476275884373  
  6.330000   -0.01434725139796    0.03457440172437  
  6.340000   -0.01426984465963    0.03438708730538  
  6.350000   -0.01419283245190    0.03420078698174  
  6.360000   -0.01411620273350    0.03401547121247  
  6.370000   -0.01403994349150    0.03383110976416  
  6.380000   -0.01396404284406    0.03364767196204  
  6.390000   -0.01388848914202    0.03346512694589  
  6.400000   -0.01381327106848    0.03328344392868  
  6.410000   -0.01373837773535    0.03310259245512  
  6.420000   -0.01366379877590    0.03292254265776  
  6.430000   -0.01358952443247    0.03274326550810  
  6.440000   -0.01351554563845    0.03256473306028  
  6.450000   -0.01344185409379    0.03238691868490  
  6.460000   -0.01336844233320    0.03220979729079  
  6.470000   -0.01329530378647    0.03203334553245  
  6.480000   -0.01322243283030    0.03185754200117  
  6.490000   -0.01314982483106    0.03168236739797  
  6.500000   -0.01307747617815    0.03150780468658  
  6.510000   -0.01300538430751    0.03133383922500  
  6.520000   -0.01293354771518    0.03116045887425  
  6.530000   -0.01286196596063    0.03098765408339  
  6.540000   -0.01279063965985    0.03081541794968  
  6.550000   -0.01271957046831    0.03064374625349  
  6.560000   -0.01264876105379    0.03047263746742  
  6.570000   -0.01257821505950    0.03030209273961  
  6.580000   -0.01250793705766    0.03013211585127  
  6.590000   -0.01243793249405    0.02996271314882  
  6.600000   -0.01236820762405    0.02979389345131  
  6.610000   -0.01229876944064    0.02962566793385  
  6.620000   -0.01222962559528    0.02945804998827  
  6.630000   -0.01216078431207    0.02929105506223  
  6.640000   -0.01209225429629    0.02912470047835  
  6.650000   -0.01202404463803    0.02895900523500  
  6.660000   -0.01195616471179    0.02879398979075  
  6.670000   -0.01188862407318    0.02862967583447  
  6.680000   -0.01182143235339    0.02846608604325  
  6.690000   -0.01175459915273    0.02830324383057  
  6.700000   -0.01168813393410    0.02814117308698  
  6.710000   -0.01162204591736    0.02797989791596  
  6.720000   -0.01155634397570    0.02781944236733  
  6.730000   -0.01149103653499    0.02765983017096  
  6.740000   -0.01142613147696    0.02750108447314  
  6.750000   -0.01136163604730    0.02734322757842  
  6.760000   -0.01129755676937    0.02718628069917  
  6.770000   -0.01123389936458    0.02703026371546  
  6.780000   -0.01117066867995    0.02687519494755  
  6.790000   -0.01110786862377    0.02672109094319  
  6.800000   -0.01104550210982    0.02656796628185  
  6.810000   -0.01098357101084    0.02641583339769  
  6.820000   -0.01092207612159    0.02626470242324  
  6.830000   -0.01086101713192    0.02611458105504  
  6.840000   -0.01080039261013    0.02596547444281  
  6.850000   -0.01074019999681    0.02581738510318  
  6.860000   -0.01068043560914    0.02567031285878  
  6.870000   -0.01062109465582    0.02552425480348  
  6.880000   -0.01056217126235    0.02537920529396  
  6.890000   -0.01050365850642    0.02523515596796  
  6.900000   -0.01044554846332    0.02509209578887  
  6.910000   -0.01038783226071    0.02495001111639  
  6.920000   -0.01033050014236    0.02480888580261  
  6.930000   -0.01027354154034    0.02466870131257  
  6.940000   -0.01021694515484    0.02452943686826  
  6.950000   -0.01016069904109    0.02439106961462  
  6.960000   -0.01010479070236    0.02425357480598  
  6.970000   -0.01004920718834    0.02411692601127  
  6.980000   -0.00999393519789    0.02398109533589  
  6.990000   -0.00993896118532    0.02384605365828  
  7.000000   -0.00988427146900    0.02371177087878  
  7.010000   -0.00982985234153    0.02357821617851  
  7.020000   -0.00977569018026    0.02344535828567  
  7.030000   -0.00972177155720    0.02331316574678  
  7.040000   -0.00966808334729    0.02318160720024  
  7.050000   -0.00961461283394    0.02305065164945  
  7.060000   -0.00956134781098    0.02292026873298  
  7.070000   -0.00950827667988    0.02279042898910  
  7.080000   -0.00945538854152    0.02266110411203  
  7.090000   -0.00940267328147    0.02253226719755  
  7.100000   -0.00935012164802    0.02240389297545  
  7.110000   -0.00929772532232    0.02227595802654  
  7.120000   -0.00924547697980    0.02214844098217  
  7.130000   -0.00919337034240    0.02202132270414  
  7.140000   -0.00914140022101    0.02189458644340  
  7.150000   -0.00908956254787    0.02176821797571  
  7.160000   -0.00903785439836    0.02164220571316  
  7.170000   -0.00898627400227    0.02151654079013  
  7.180000   -0.00893482074413    0.02139121712308  
  7.190000   -0.00888349515280    0.02126623144321  
  7.200000   -0.00883229888035    0.02114158330193  
  7.210000   -0.00878123467033    0.02101727504877  
  7.220000   -0.00873030631582    0.02089331178196  
  7.230000   -0.00867951860764    0.02076970127213  
  7.240000   -0.00862887727311    0.02064645385974  
  7.250000   -0.00857838890605    0.02052358232715  
  7.260000   -0.00852806088853    0.02040110174660  
  7.270000   -0.00847790130525    0.02027902930538  
  7.280000   -0.00842791885124    0.02015738410991  
  7.290000   -0.00837812273383    0.02003618697053  
  7.300000   -0.00832852256971    0.01991546016908  
  7.310000   -0.00827912827812    0.01979522721137  
  7.320000   -0.00822994997127    0.01967551256706  
  7.330000   -0.00818099784274    0.01955634139923  
  7.340000   -0.00813228205528    0.01943773928643  
  7.350000   -0.00808381262880    0.01931973193977  
  7.360000   -0.00803559932974    0.01920234491776  
  7.370000   -0.00798765156287    0.01908560334173  
  7.380000   -0.00793997826647    0.01896953161458  
  7.390000   -0.00789258781205    0.01885415314556  
  7.400000   -0.00784548790941    0.01873949008371  
  7.410000   -0.00779868551806    0.01862556306278  
  7.420000   -0.00775218676581    0.01851239095993  
  7.430000   -0.00770599687534    0.01839999067061  
  7.440000   -0.00766012009948    0.01828837690207  
  7.450000   -0.00761455966575    0.01817756198727  
  7.460000   -0.00756931773086    0.01806755572129  
  7.470000   -0.00752439534551    0.01795836522178  
  7.480000   -0.00747979242982    0.01784999481494  
  7.490000   -0.00743550775986    0.01774244594826  
  7.500000   -0.00739153896511    0.01763571713082  
  7.510000   -0.00734788253720    0.01752980390206  
  7.520000   -0.00730453384974    0.01742469882919  
  7.530000   -0.00726148718901    0.01732039153356  
  7.540000   -0.00721873579548    0.01721686874572  
  7.550000   -0.00717627191545    0.01711411438889  
  7.560000   -0.00713408686273    0.01701210968992  
  7.570000   -0.00709217108945    0.01691083331708  
  7.580000   -0.00705051426562    0.01681026154319  
  7.590000   -0.00700910536651    0.01671036843276  
  7.600000   -0.00696793276718    0.01661112605137  
  7.610000   -0.00692698434316    0.01651250469546  
  7.620000   -0.00688624757647    0.01641447314023  
  7.630000   -0.00684570966583    0.01631699890356  
  7.640000   -0.00680535764015    0.01622004852320  
  7.650000   -0.00676517847418    0.01612358784491  
  7.660000   -0.00672515920517    0.01602758231858  
  7.670000   -0.00668528704954    0.01593199729968  
  7.680000   -0.00664554951829    0.01583679835303  
  7.690000   -0.00660593453024    0.01574195155613  
  7.700000   -0.00656643052180    0.01564742379893  
  7.710000   -0.00652702655237    0.01555318307740  
  7.720000   -0.00648771240423    0.01545919877776  
  7.730000   -0.00644847867606    0.01536544194886  
  7.740000   -0.00640931686901    0.01527188555990  
  7.750000   -0.00637021946467    0.01517850474095  
  7.760000   -0.00633117999392    0.01508527700394  
  7.770000   -0.00629219309619    0.01499218244189  
  7.780000   -0.00625325456840    0.01489920390437  
  7.790000   -0.00621436140300    0.01480632714738  
  7.800000   -0.00617551181493    0.01471354095612  
  7.810000   -0.00613670525690    0.01462083723938  
  7.820000   -0.00609794242300    0.01452821109441  
  7.830000   -0.00605922524045    0.01443566084170  
  7.840000   -0.00602055684957    0.01434318802895  
  7.850000   -0.00598194157197    0.01425079740429  
  7.860000   -0.00594338486741    0.01415849685875  
  7.870000   -0.00590489327948    0.01406629733830  
  7.880000   -0.00586647437067    0.01397421272641  
  7.890000   -0.00582813664736    0.01388225969787  
  7.900000   -0.00578988947539    0.01379045754525  
  7.910000   -0.00575174298689    0.01369882797955  
  7.920000   -0.00571370797939    0.01360739490672  
  7.930000   -0.00567579580787    0.01351618418227  
  7.940000   -0.00563801827090    0.01342522334594  
  7.950000   -0.00560038749190    0.01333454133913  
  7.960000   -0.00556291579656    0.01324416820760  
  7.970000   -0.00552561558751    0.01315413479214  
  7.980000   -0.00548849921760    0.01306447241025  
  7.990000   -0.00545157886269    0.01297521253181  
  8.000000   -0.00541486639543    0.01288638645163  
  8.010000   -0.00537837326098    0.01279802496228  
  8.020000   -0.00534211035604    0.01271015803011  
  8.030000   -0.00530608791221    0.01262281447766  
  8.040000   -0.00527031538488    0.01253602167554  
  8.050000   -0.00523480134863    0.01244980524674  
  8.060000   -0.00519955340036    0.01236418878624  
  8.070000   -0.00516457807080    0.01227919359877  
  8.080000   -0.00512988074555    0.01219483845723  
  8.090000   -0.00509546559631    0.01211113938418  
  8.100000   -0.00506133552304    0.01202810945875  
  8.110000   -0.00502749210761    0.01194575865071  
  8.120000   -0.00499393557949    0.01186409368370  
  8.130000   -0.00496066479393    0.01178311792885  
  8.140000   -0.00492767722268    0.01170283133011  
  8.150000   -0.00489496895774    0.01162323036217  
  8.160000   -0.00486253472791    0.01154430802146  
  8.170000   -0.00483036792814    0.01146605385058  
  8.180000   -0.00479846066159    0.01138845399612  
  8.190000   -0.00476680379395    0.01131149129947  
  8.200000   -0.00473538701964    0.01123514541988  
  8.210000   -0.00470419893931    0.01115939298899  
  8.220000   -0.00467322714811    0.01108420779528  
  8.230000   -0.00464245833378    0.01100956099702  
  8.240000   -0.00461187838389    0.01093542136183  
  8.250000   -0.00458147250118    0.01086175553069  
  8.260000   -0.00455122532597    0.01078852830401  
  8.270000   -0.00452112106467    0.01071570294728  
  8.280000   -0.00449114362307    0.01064324151337  
  8.290000   -0.00446127674332    0.01057110517859  
  8.300000   -0.00443150414330    0.01049925458936  
  8.310000   -0.00440180965713    0.01042765021629  
  8.320000   -0.00437217737548    0.01035625271232  
  8.330000   -0.00434259178445    0.01028502327151  
  8.340000   -0.00431303790160    0.01021392398515  
  8.350000   -0.00428350140806    0.01014291819169  
  8.360000   -0.00425396877520    0.01007197081718  
  8.370000   -0.00422442738490    0.01000104870290  
  8.380000   -0.00419486564214    0.00993012091698  
  8.390000   -0.00416527307878    0.00985915904692  
  8.400000   -0.00413564044766    0.00978813747019  
  8.410000   -0.00410595980596    0.00971703360001  
  8.420000   -0.00407622458700    0.00964582810402  
  8.430000   -0.00404642965982    0.00957450509335  
  8.440000   -0.00401657137580    0.00950305228033  
  8.450000   -0.00398664760186    0.00943146110288  
  8.460000   -0.00395665773987    0.00935972681433  
  8.470000   -0.00392660273198    0.00928784853744  
  8.480000   -0.00389648505161    0.00921582928203  
  8.490000   -0.00386630868039    0.00914367592549  
  8.500000   -0.00383607907075    0.00907139915641  
  8.510000   -0.00380580309481    0.00899901338130  
  8.520000   -0.00377548897966    0.00892653659514  
  8.530000   -0.00374514622967    0.00885399021674  
  8.540000   -0.00371478553648    0.00878139889006  
  8.550000   -0.00368441867728    0.00870879025318  
  8.560000   -0.00365405840234    0.00863619467686  
  8.570000   -0.00362371831281    0.00856364497482  
  8.580000   -0.00359341272961    0.00849117608834  
  8.590000   -0.00356315655488    0.00841882474789  
  8.600000   -0.00353296512690    0.00834662911478  
  8.610000   -0.00350285406997    0.00827462840604  
  8.620000   -0.00347283914053    0.00820286250593  
  8.630000   -0.00344293607092    0.00813137156759  
  8.640000   -0.00341316041215    0.00806019560847  
  8.650000   -0.00338352737714    0.00798937410337  
  8.660000   -0.00335405168601    0.00791894557871  
  8.670000   -0.00332474741456    0.00784894721202  
  8.680000   -0.00329562784766    0.00777941444031  
  8.690000   -0.00326670533874    0.00771038058114  
  8.700000   -0.00323799117685    0.00764187646998  
  8.710000   -0.00320949546239    0.00757393011739  
  8.720000   -0.00318122699290    0.00750656638948  
  8.730000   -0.00315319316001    0.00743980671469  
  8.740000   -0.00312539985839    0.00737366882001  
  8.750000   -0.00309785140795    0.00730816649924  
  8.760000   -0.00307055048984    0.00724330941579  
  8.770000   -0.00304349809707    0.00717910294221  
  8.780000   -0.00301669350032    0.00711554803817  
  8.790000   -0.00299013422938    0.00705264116853  
  8.800000   -0.00296381607050    0.00699037426248  
  8.810000   -0.00293773307984    0.00692873471467  
  8.820000   -0.00291187761301    0.00686770542861  
  8.830000   -0.00288624037064    0.00680726490238  
  8.840000   -0.00286081045961    0.00674738735635  
  8.850000   -0.00283557546959    0.00668804290201  
  8.860000   -0.00281052156441    0.00662919775089  
  8.870000   -0.00278563358737    0.00657081446193  
  8.880000   -0.00276089517989    0.00651285222558  
  8.890000   -0.00273628891235    0.00645526718222  
  8.900000   -0.00271179642628    0.00639801277244  
  8.910000   -0.00268739858651    0.00634104011634  
  8.920000   -0.00266307564213    0.00628429841849  
  8.930000   -0.00263880739488    0.00622773539544  
  8.940000   -0.00261457337353    0.00617129772184  
  8.950000   -0.00259035301269    0.00611493149145  
  8.960000   -0.00256612583465    0.00605858268902  
  8.970000   -0.00254187163241    0.00600219766882  
  8.980000   -0.00251757065254    0.00594572363563  
  8.990000   -0.00249320377606    0.00588910912381  
  9.000000   -0.00246875269578    0.00583230447024  
  9.010000   -0.00244420008849    0.00577526227662  
  9.020000   -0.00241952978041    0.00571793785706  
  9.030000   -0.00239472690439    0.00566028966665  
  9.040000   -0.00236977804733    0.00560227970711  
  9.050000   -0.00234467138651    0.00554387390552  
  9.060000   -0.00231939681341    0.00548504246255  
  9.070000   -0.00229394604392    0.00542576016675  
  9.080000   -0.00226831271375    0.00536600667177  
  9.090000   -0.00224249245807    0.00530576673359  
  9.100000   -0.00221648297451    0.00524503040538  
  9.110000   -0.00219028406889    0.00518379318758  
  9.120000   -0.00216389768295    0.00512205613171  
  9.130000   -0.00213732790382    0.00505982589626  
  9.140000   -0.00211058095477    0.00499711475374  
  9.150000   -0.00208366516736    0.00493394054845  
  9.160000   -0.00205659093482    0.00487032660456  
  9.170000   -0.00202937064702    0.00480630158504  
  9.180000   -0.00200201860734    0.00474189930206  
  9.190000   -0.00197455093193    0.00467715847990  
  9.200000   -0.00194698543219    0.00461212247219  
  9.210000   -0.00191934148114    0.00454683893525  
  9.220000   -0.00189163986475    0.00448135945998  
  9.230000   -0.00186390261934    0.00441573916511  
  9.240000   -0.00183615285627    0.00435003625488  
  9.250000   -0.00180841457536    0.00428431154460  
  9.260000   -0.00178071246835    0.00421862795791  
  9.270000   -0.00175307171416    0.00415304999973  
  9.280000   -0.00172551776746    0.00408764320910  
  9.290000   -0.00169807614235    0.00402247359665  
  9.300000   -0.00167077219292    0.00395760707104  
  9.310000   -0.00164363089236    0.00389310885940  
  9.320000   -0.00161667661277    0.00382904292651  
  9.330000   -0.00158993290717    0.00376547139771  
  9.340000   -0.00156342229579    0.00370245399048  
  9.350000   -0.00153716605841    0.00364004745948  
  9.360000   -0.00151118403443    0.00357830506002  
  9.370000   -0.00148549443256    0.00351727603452  
  9.380000   -0.00146011365166    0.00345700512645  
  9.390000   -0.00143505611430    0.00339753212615  
  9.400000   -0.00141033411452    0.00333889145237  
  9.410000   -0.00138595768114    0.00328111177329  
  9.420000   -0.00136193445759    0.00322421567018  
  9.430000   -0.00133826959945    0.00316821934649  
  9.440000   -0.00131496569012    0.00311313238439  
  9.450000   -0.00129202267523    0.00305895755027  
  9.460000   -0.00126943781572    0.00300569064943  
  9.470000   -0.00124720565914    0.00295332042939  
  9.480000   -0.00122531802808    0.00290182852958  
  9.490000   -0.00120376402400    0.00285118947322  
  9.500000   -0.00118253004366    0.00280137069518  
  9.510000   -0.00116159980424    0.00275233259655  
  9.520000   -0.00114095437172    0.00270402861304  
  9.530000   -0.00112057218557    0.00265640528061  
  9.540000   -0.00110042907056    0.00260940227631  
  9.550000   -0.00108049822456    0.00256295240752  
  9.560000   -0.00106075016885    0.00251698151699  
  9.570000   -0.00104115264518    0.00247140826578  
  9.580000   -0.00102167044250    0.00242614375216  
  9.590000   -0.00100226513523    0.00238109092243  
  9.600000   -0.00098289471592    0.00233614373130  
  9.610000   -0.00096351310822    0.00229118601674  
  9.620000   -0.00094406955249    0.00224609006889  
  9.630000   -0.00092450786676    0.00220071489758  
  9.640000   -0.00090476560115    0.00215490423952  
  9.650000   -0.00088477312473    0.00210848439662  
  9.660000   -0.00086445271087    0.00206126206113  
  9.670000   -0.00084371771829    0.00201302236026  
  9.680000   -0.00082247200143    0.00196352743956  
  9.690000   -0.00080060971938    0.00191251599304  
  9.700000   -0.00077801574670    0.00185970423100  
  9.710000   -0.00075456691400    0.00180478883810  
  9.720000   -0.00073013431611    0.00174745250154  
  9.730000   -0.00070458691335    0.00168737256192  
  9.740000   -0.00067779661002    0.00162423324198  
  9.750000   -0.00064964491727    0.00155774172580  
  9.760000   -0.00062003119268    0.00148764808428  
  9.770000   -0.00058888229597    0.00141376867300  
  9.780000   -0.00055616331513    0.00133601217948  
  9.790000   -0.00052188881167    0.00125440699543  
  9.800000   -0.00048613382606    0.00116912808053  
  9.810000   -0.00044904369754    0.00108052102449  
  9.820000   -0.00041084161466    0.00098912067073  
  9.830000   -0.00037183275299    0.00089566151025  
  9.840000   -0.00033240390008    0.00080107715064  
  9.850000   -0.00029301763488    0.00070648656425  
  9.860000   -0.00025420042793    0.00061316554002  
  9.870000   -0.00021652445313    0.00052250279383  
  9.880000   -0.00018058342800    0.00043594147417  
  9.890000   -0.00014696338783    0.00035490823686  
  9.900000   -0.00011620989320    0.00028073351832  
  9.910000   -0.00008879370528    0.00021456795197  
  9.920000   -0.00006507737139    0.00015730087868  
  9.930000   -0.00004528538114    0.00010948744688  
  9.940000   -0.00002948053459    0.00007129076253  
  9.950000   -0.00001754888357    0.00004244487383  
  9.960000   -0.00000919506981    0.00002224306901  
  9.970000   -0.00000394912522    0.00000955411453  
  9.980000   -0.00000118488408    0.00000286682441  
  9.990000   -0.00000014917388    0.00000036094370  
 10.000000   -0.00000000000000   -0.00000000000000  
