<Coefficient>
	 8 Total number of radial orbitals.
	Type	L	Zeta-Orbital
	  B 	0	    1
	  -0.13546148544786
	  -0.24448683068654
	  -0.19650097609061
	  -0.09726127196900
	  -0.01528152302171
	   0.03950406810185
	   0.06719463358468
	   0.07580405140093
	   0.07182274065628
	   0.06288491285651
	   0.05099364684949
	   0.03963941705591
	   0.02868728729995
	   0.02034688008778
	   0.01298885797460
	   0.00838879049857
	   0.00424912714997
	   0.00258758018919
	   0.00051240503353
	   0.00054606462474
	  -0.00058421295888
	   0.00026234389046
	  -0.00071890465696
	   0.00054706393127
	  -0.00093660451798
	Type	L	Zeta-Orbital
	  B 	0	    2
	   0.16896639783867
	   0.01889835284459
	  -0.16846594344063
	  -0.16647337716423
	  -0.01922779861744
	   0.13352028326633
	   0.23900592993096
	   0.28825718227601
	   0.27890371878551
	   0.23420348999235
	   0.18586960834891
	   0.14331794333896
	   0.10826327738758
	   0.07628883754646
	   0.05304558420761
	   0.03208285742462
	   0.02092765950247
	   0.00905510981739
	   0.00678290386184
	   0.00009059878459
	   0.00328315552189
	  -0.00178449388935
	   0.00334840342964
	  -0.00281766891146
	   0.00579760028109
	Type	L	Zeta-Orbital
	  B 	0	    3
	  -0.51335902628031
	   0.14268995328966
	   0.37779507758542
	   0.28453166069940
	   0.17066857778063
	   0.25044296087857
	   0.32210375908482
	   0.40412183751874
	   0.42649210573446
	   0.37071563173798
	   0.28147324774927
	   0.21685744518743
	   0.15422926959928
	   0.11990203118606
	   0.07403874805764
	   0.05946174968942
	   0.02328758105086
	   0.02564283413689
	  -0.00206097685495
	   0.01329237251302
	  -0.01148100006771
	   0.01540386368607
	  -0.01243140615006
	   0.02280733432921
	  -0.02265679486021
	Type	L	Zeta-Orbital
	  B 	1	    1
	  -0.15545478280831
	  -0.26970643474324
	  -0.30314005258180
	  -0.28248909590163
	  -0.24688084435214
	  -0.20064467457154
	  -0.16542638146881
	  -0.13029974788008
	  -0.10624644108441
	  -0.08244524846518
	  -0.06481154818389
	  -0.04615484939431
	  -0.03412926425662
	  -0.02028385140202
	  -0.01382194608890
	  -0.00504473208770
	  -0.00384099359999
	   0.00128351069509
	  -0.00100938165920
	   0.00254505158693
	  -0.00158850074009
	   0.00225403224298
	  -0.00287209078672
	   0.00283493961567
	  -0.00791088027367
	Type	L	Zeta-Orbital
	  B 	1	    2
	   0.25178312277878
	   0.20143298479339
	   0.06901408018180
	  -0.05979051841817
	  -0.12647859755414
	  -0.16433745273923
	  -0.14547800807343
	  -0.11290395584193
	  -0.07569061320687
	  -0.06459884292429
	  -0.04469921573661
	  -0.04019322633443
	  -0.02178157013575
	  -0.01812755461267
	  -0.00215919842744
	  -0.00481676777726
	   0.00683361984905
	  -0.00124315818172
	   0.00848494072910
	  -0.00314187564252
	   0.00785067925765
	  -0.00621135914341
	   0.00822188550185
	  -0.01039938070827
	   0.02348502178577
	Type	L	Zeta-Orbital
	  B 	1	    3
	   0.59886939458582
	  -0.26898643792775
	  -0.56140824348808
	  -0.25016335888767
	   0.36165864049273
	   0.54359722301396
	   0.62704580189283
	   0.41716525156536
	   0.31039163436549
	   0.24170554003032
	   0.24275259283372
	   0.19385225471105
	   0.18595874504390
	   0.09902943332200
	   0.09108105286976
	   0.01866656889285
	   0.04476385987814
	  -0.01471750759514
	   0.03054126531769
	  -0.02681967401555
	   0.03677171247324
	  -0.03262615315391
	   0.04544165739385
	  -0.05001718449267
	   0.12772271542317
	Type	L	Zeta-Orbital
	  B 	2	    1
	  -0.12290644013364
	  -0.36484016496150
	  -0.33890107852841
	  -0.36964776872721
	  -0.33299018228904
	  -0.31104838347636
	  -0.22964232158251
	  -0.15675541692824
	  -0.07053547956334
	  -0.04559283065302
	  -0.02415560755922
	  -0.02585381111822
	  -0.00771044504839
	  -0.01304572518036
	   0.00442198503141
	  -0.00693447693379
	   0.00696766681724
	  -0.00473081708211
	   0.00995044128660
	  -0.00676115079158
	   0.01021793568197
	  -0.00854595903379
	   0.01291646648729
	  -0.01196562833971
	   0.06887764707475
	Type	L	Zeta-Orbital
	  B 	2	    2
	  -0.24225777181261
	  -0.83075268029585
	  -0.49439818401781
	  -0.18738036566351
	   0.28835671596853
	   0.56850020865385
	   0.68219364595521
	   0.44382043323855
	   0.27147025355689
	   0.13742048875204
	   0.11272525679543
	   0.06550794035304
	   0.07970837728998
	   0.03651736879642
	   0.05822952009922
	   0.00117312967913
	   0.03306978726728
	  -0.00748032458573
	   0.03316808371764
	  -0.01778114183966
	   0.03061122024785
	  -0.02229811283817
	   0.04420057629899
	  -0.03440427237240
	   0.21395359100539
</Coefficient>
<Mkb>
Left spillage = 9.0063799055e-04
</Mkb>
