<Coefficient>
	 14 Total number of radial orbitals.
	Type	L	Zeta-Orbital
	  Re 	0	    1
	  -0.22884032149111
	  -0.09296330591515
	   0.08623777699947
	   0.14836051157864
	   0.12123400492783
	   0.08022099523161
	   0.03309917054631
	   0.00556590011850
	  -0.01938545735563
	  -0.02541311237052
	  -0.03207163398225
	  -0.02362755542407
	  -0.02345555413949
	  -0.01107464926747
	  -0.01191863808341
	  -0.00017112958058
	  -0.00537295104102
	   0.00514280343613
	  -0.00436466602743
	   0.00687538164114
	  -0.00713937109661
	   0.01213232647921
	Type	L	Zeta-Orbital
	  Re 	0	    2
	  -0.15366280799256
	  -0.24958665328202
	  -0.29750297565818
	  -0.29541123698728
	  -0.23111849385517
	  -0.12601860954940
	  -0.02168560955217
	   0.05988391819348
	   0.10360529026575
	   0.11715004709371
	   0.10452424326783
	   0.08268345217089
	   0.05401520041545
	   0.03258114430784
	   0.01334976036903
	   0.00578510838036
	  -0.00157886503005
	   0.00059656909806
	  -0.00222800906621
	   0.00258662549778
	  -0.00175759946793
	   0.00490896924565
	Type	L	Zeta-Orbital
	  Re 	0	    3
	  -0.11070395505067
	   0.34762057613785
	   0.11713432161731
	  -0.37403539010441
	   0.06332755555651
	   0.30629560677797
	   0.27848415672060
	   0.10373664433144
	   0.10601053925203
	   0.10809406546776
	   0.06539637957018
	   0.00906439040780
	  -0.00285410535215
	  -0.02077475656135
	  -0.02032938851414
	  -0.01857899937601
	  -0.00873232934734
	  -0.00045824199406
	   0.00997157639318
	   0.00564635050574
	   0.00467152965558
	   0.00272300595723
	Type	L	Zeta-Orbital
	  Re 	0	    4
	  -0.19541885948194
	   0.18800477530442
	   0.12927905352890
	  -0.18975872350607
	  -0.25013262051440
	  -0.32117253528571
	  -0.19120284274551
	  -0.11806222592325
	  -0.05480666037578
	  -0.03872914275930
	   0.01273386210034
	   0.03054192822320
	   0.04376567703050
	   0.03548519444500
	   0.03271234119743
	   0.01845796820495
	   0.00952785140765
	  -0.00100860636880
	  -0.00599993312743
	  -0.00616229827156
	  -0.00552731845552
	   0.00220276455759
	Type	L	Zeta-Orbital
	  Re 	0	    5
	   0.10687674132134
	  -0.00190433402510
	  -0.31318138069853
	  -0.28275739843390
	   0.43806932469451
	  -0.10339807634379
	  -0.73020928856372
	  -0.37398507009285
	  -0.30024013475823
	  -0.31511192922986
	  -0.33612376724387
	  -0.18680054454517
	  -0.12296348591095
	  -0.00512553486914
	   0.00727367488784
	   0.02546565973489
	  -0.00537607931049
	   0.00688682509013
	  -0.01881503454644
	   0.00158213868046
	  -0.02348230985298
	   0.01329947224759
	Type	L	Zeta-Orbital
	  Re 	0	    6
	   0.16717838056481
	  -0.34317789278911
	   0.22499274817409
	   0.60877421453807
	  -0.92076398912272
	   0.46619736283414
	   1.42358133252899
	  -0.13543890197631
	  -0.47071850455484
	  -0.51402666352860
	  -0.22485952530709
	  -0.31062566919713
	  -0.13538520615388
	  -0.21064236389623
	  -0.04334411067301
	  -0.07171312555518
	   0.06260848766282
	  -0.05139677404131
	   0.05579056541274
	  -0.03465561267352
	   0.07827442850555
	  -0.12116114829283
	Type	L	Zeta-Orbital
	  Re 	1	    1
	   0.07343958618815
	   0.25069501359196
	   0.42929595543130
	   0.52541401925287
	   0.51726606656816
	   0.43610788643335
	   0.32011460529233
	   0.20242893436882
	   0.10052385573898
	   0.02604812251941
	  -0.02144772407938
	  -0.04420036760648
	  -0.04979930278732
	  -0.04323293034511
	  -0.03193620993226
	  -0.01877844441988
	  -0.00820496510226
	  -0.00016599395267
	   0.00338063396878
	   0.00489336610697
	   0.00316197057541
	   0.00246499342462
	Type	L	Zeta-Orbital
	  Re 	1	    2
	   0.33410466479445
	   0.17631931163462
	   0.05381031979060
	  -0.04097969182662
	  -0.04735268623659
	  -0.05314159871507
	  -0.02734427970099
	  -0.02727184900369
	  -0.00550742237363
	  -0.00942942964707
	   0.00851628346949
	  -0.00324025595874
	   0.01374764908100
	  -0.00378629740133
	   0.01345515882457
	  -0.00818533676898
	   0.01328978072951
	  -0.01283928422814
	   0.01446633971842
	  -0.01821405970799
	   0.02112909705433
	  -0.06483608793619
	Type	L	Zeta-Orbital
	  Re 	1	    3
	  -1.02803967221839
	   1.03952617620926
	   1.19887616943398
	  -0.28458720809228
	  -0.35785476171000
	  -0.23413289676288
	  -0.06228238796275
	  -0.14970740349432
	  -0.08633916520978
	  -0.03643559837097
	   0.01125302056106
	   0.02559597295282
	   0.03101710851077
	   0.04126225701495
	   0.01353407468071
	   0.02714482006058
	  -0.00717972009806
	   0.02328495729559
	  -0.02641261470876
	   0.02116086052357
	  -0.03878231869867
	   0.10632467735388
	Type	L	Zeta-Orbital
	  Re 	2	    1
	   0.19944027886446
	   0.36427658818176
	   0.46562769185786
	   0.45986732317991
	   0.42065695052319
	   0.34051176562646
	   0.26955263041332
	   0.18712116962362
	   0.13070039461836
	   0.07335807662433
	   0.04612920096986
	   0.01594971850131
	   0.01195126342240
	  -0.00322484003587
	   0.00457707701564
	  -0.00600779199806
	   0.00582854119796
	  -0.00604927724377
	   0.00740338971846
	  -0.00727187645090
	   0.00528283990526
	  -0.06381244340927
	Type	L	Zeta-Orbital
	  Re 	2	    2
	  -0.41372424483111
	  -0.12095663782028
	   0.10903626545855
	   0.32664045401896
	   0.31318889818092
	   0.22319801479440
	   0.12919214716735
	   0.13282370336088
	   0.07349517994177
	   0.06230335537803
	   0.00801864199572
	   0.02970365376894
	  -0.00947473820309
	   0.02112010394204
	  -0.02128549649187
	   0.02151746710936
	  -0.02571694612158
	   0.02638387336840
	  -0.02833709272151
	   0.03192360207811
	  -0.02341725825687
	   0.26346430508350
	Type	L	Zeta-Orbital
	  Re 	2	    3
	  -0.75530921989332
	   0.79355590912794
	   1.23508643282419
	  -0.50644702324646
	  -0.62986277017281
	  -0.38786552789506
	  -0.08440924349851
	  -0.23092972493009
	  -0.13294300068151
	  -0.10777197228230
	   0.00818204761246
	  -0.03895224791210
	   0.01075502767985
	  -0.03673517916483
	   0.02770795335358
	  -0.02014870505423
	   0.03165617395392
	  -0.02817559089790
	   0.02562950148519
	  -0.02385757924719
	   0.00416616453719
	  -0.33472781304293
	Type	L	Zeta-Orbital
	  Re 	3	    1
	   0.19182338330061
	   0.44342124343741
	   0.50312442776527
	   0.58189036893351
	   0.51677587184229
	   0.33525829289197
	   0.21909571493709
	   0.18974546939942
	   0.15612715264042
	   0.11122335179429
	   0.05336032887855
	   0.01712255474812
	  -0.01276110026359
	  -0.01337958302279
	  -0.00890134246887
	   0.01399747336068
	   0.02023832805072
	   0.02858315937757
	   0.01123022228163
	   0.00112563767409
	  -0.00075689657391
	   0.06950037879794
	Type	L	Zeta-Orbital
	  Re 	3	    2
	   0.27657695049262
	   1.15872873338404
	   0.86641614380602
	  -0.92828948779178
	  -0.94287433203499
	  -0.52830973545528
	  -0.11187094477476
	  -0.31760309870375
	  -0.16768291047167
	  -0.22973506025037
	  -0.05139231402236
	  -0.14479755700344
	   0.03963789986010
	  -0.05989190247681
	   0.09334863375792
	  -0.07487313032426
	   0.06091372388880
	  -0.09202886870993
	   0.07409527177264
	  -0.07468188160509
	  -0.30189512371681
	  -1.87121055638448
</Coefficient>
<Mkb>
Left spillage = 2.2034841335e-03
</Mkb>
