  0.000000    0.21569007590753    0.95166743922435    0.00000000000000    0.00000000000000  
  0.010000    0.21575977179526    0.95197483588086   -0.03466683018609   -0.00048957671752  
  0.020000    0.21596861388539    0.95289620603880   -0.06930683670201   -0.00195712057659  
  0.030000    0.21631586625385    0.95442909261829   -0.10389323042137   -0.00439907654828  
  0.040000    0.21680030500793    0.95656940832833   -0.13839929125271   -0.00780953240697  
  0.050000    0.21742022224676    0.95931144740228   -0.17279840252552   -0.01218023790823  
  0.060000    0.21817343158505    0.96264790197266   -0.20706408521854   -0.01750063152600  
  0.070000    0.21905727521910    0.96656988303040   -0.24117003197826   -0.02375787463812  
  0.080000    0.22006863250835    0.97106694589854   -0.27509014087530   -0.03093689301828  
  0.090000    0.22120393004007    0.97612712013529   -0.30879854884700   -0.03902042546255  
  0.100000    0.22245915313930    0.98173694376665   -0.34226966477472   -0.04798907934943  
  0.110000    0.22382985878042    0.98788150173456   -0.37547820214461   -0.05782139290429  
  0.120000    0.22531118985211    0.99454446843245   -0.40839921124141   -0.06849390391217  
  0.130000    0.22689789072192    1.00170815418677   -0.44100811082478   -0.07998122459695  
  0.140000    0.22858432404217    1.00935355553013   -0.47328071923892   -0.09225612236116  
  0.150000    0.23036448873446    1.01746040909933   -0.50519328490616   -0.10528960605755  
  0.160000    0.23223203908568    1.02600724897986   -0.53672251615641   -0.11905101744275  
  0.170000    0.23418030488453    1.03497146730741   -0.56784561034498   -0.13350812744398  
  0.180000    0.23620231252400    1.04432937792652   -0.59854028221187   -0.14862723685248  
  0.190000    0.23829080699183    1.05405628289709   -0.62878479143696   -0.16437328104133  
  0.200000    0.24043827466807    1.06412654163028   -0.65855796934610   -0.18070993829253  
  0.210000    0.24263696684625    1.07451364242768   -0.68783924472453   -0.19759974130580  
  0.220000    0.24487892389228    1.08519027619022   -0.71660866869486   -0.21500419145292  
  0.230000    0.24715599995341    1.09612841205702   -0.74484693861824   -0.23288387533339  
  0.240000    0.24945988812793    1.10729937472891   -0.77253542097871   -0.25119858318251  
  0.250000    0.25178214600531    1.11867392322679   -0.79965617321194   -0.26990742867949  
  0.260000    0.25411422148534    1.13022233083144   -0.82619196444113   -0.28896896970242  
  0.270000    0.25644747878481    1.14191446594855   -0.85212629508436   -0.30834132957786  
  0.280000    0.25877322453993    1.15371987364105   -0.87744341529947   -0.32798231837632  
  0.290000    0.26108273391328    1.16560785756988   -0.90212834223400   -0.34784955380962  
  0.300000    0.26336727661443    1.17754756208452   -0.92616687604991   -0.36790058129380  
  0.310000    0.26561814274494    1.18950805420560   -0.94954561469430   -0.38809299275003  
  0.320000    0.26782666837931    1.20145840524370   -0.97225196738977   -0.40838454372693  
  0.330000    0.26998426079578    1.21336777180145   -0.99427416681984   -0.42873326844067  
  0.340000    0.27208242327250    1.22520547590979   -1.01560127998710   -0.44909759234315  
  0.350000    0.27411277936742    1.23694108405375   -1.03622321772418   -0.46943644184499  
  0.360000    0.27606709660268    1.24854448484860   -1.05613074283970   -0.48970935083689  
  0.370000    0.27793730947759    1.25998596513368   -1.07531547688402   -0.50987656367226  
  0.380000    0.27971554173740    1.27123628425810   -1.09376990552190   -0.52989913429347  
  0.390000    0.28139412782875    1.28226674634063   -1.11148738250203   -0.54973902120544  
  0.400000    0.28296563347650    1.29304927029436   -1.12846213221560   -0.56935917802233  
  0.410000    0.28442287532064    1.30355645741653   -1.14468925083925   -0.58872363933578  
  0.420000    0.28575893955634    1.31376165635338   -1.16016470606018   -0.60779760167708  
  0.430000    0.28696719952451    1.32363902526078   -1.17488533538404   -0.62654749936960  
  0.440000    0.28804133220489    1.33316359099257   -1.18884884302929   -0.64494107509250  
  0.450000    0.28897533356845    1.34231130516001   -1.20205379541431   -0.66294744500186  
  0.460000    0.28976353275074    1.35105909691816   -1.21449961524674   -0.68053715828021  
  0.470000    0.29040060501261    1.35938492234744   -1.22618657422734   -0.69768225101099  
  0.480000    0.29088158346011    1.36726781031172   -1.23711578438353   -0.71435629429909  
  0.490000    0.29120186949992    1.37468790468743   -1.24728918805113   -0.73053443658400  
  0.500000    0.29135724201226    1.38162650287186   -1.25670954652529   -0.74619344011625  
  0.510000    0.29134386522803    1.38806609049275   -1.26538042740498   -0.76131171159223  
  0.520000    0.29115829530198    1.39399037225472   -1.27330619065816   -0.77586932696568  
  0.530000    0.29079748557902    1.39938429887274   -1.28049197343777   -0.78984805047752  
  0.540000    0.29025879055533    1.40423409005657   -1.28694367368140   -0.80323134796719  
  0.550000    0.28953996854135    1.40852725352411   -1.29266793253063   -0.81600439455049  
  0.560000    0.28863918303780    1.41225260003605   -1.29767211560859   -0.82815407676895  
  0.570000    0.28755500284141    1.41540025445752   -1.30196429319696   -0.83966898933511  
  0.580000    0.28628640090069    1.41796166286679   -1.30555321935655   -0.85053942661628  
  0.590000    0.28483275194710    1.41992959574402   -1.30844831003791   -0.86075736901669  
  0.600000    0.28319382893072    1.42129814728670   -1.31065962023088   -0.87031646443344  
  0.610000    0.28136979829379    1.42206273091117   -1.31219782020453   -0.87921200497670  
  0.620000    0.27936121411911    1.42222007101201   -1.31307417089097   -0.88744089915761  
  0.630000    0.27716901119398    1.42176819106351   -1.31330049846873   -0.89500163975987  
  0.640000    0.27479449703344    1.42070639815886   -1.31288916820333   -0.90189426762134  
  0.650000    0.27223934291023    1.41903526409379   -1.31185305760456   -0.90812033156161  
  0.660000    0.26950557394086    1.41675660311229   -1.31020552896152   -0.91368284469972  
  0.670000    0.26659555828083    1.41387344644176   -1.30796040131823   -0.91858623741271  
  0.680000    0.26351199548328    1.41039001375437   -1.30513192195362   -0.92283630719145  
  0.690000    0.26025790407839    1.40631168170051   -1.30173473743133   -0.92644016565410  
  0.700000    0.25683660843189    1.40164494966779   -1.29778386428525   -0.92940618298080  
  0.710000    0.25325172494294    1.39639740292677   -1.29329465940800   -0.93174393003444  
  0.720000    0.24950714764278    1.39057767333122   -1.28828279020977   -0.93346411843339  
  0.730000    0.24560703325656    1.38419539774661   -1.28276420461574   -0.93457853884088  
  0.740000    0.24155578579122    1.37726117438551   -1.27675510097011   -0.93509999773432  
  0.750000    0.23735804071298    1.36978651723341   -1.27027189791516   -0.93504225291498  
  0.760000    0.23301864877812    1.36178380875166   -1.26333120431336   -0.93441994801447  
  0.770000    0.22854265958018    1.35326625104736   -1.25594978928021   -0.93324854625008  
  0.780000    0.22393530487708    1.34424781570199   -1.24814455239492   -0.93154426367498  
  0.790000    0.21920198176029    1.33474319245191   -1.23993249415514   -0.92932400216342  
  0.800000    0.21434823572779    1.32476773691428   -1.23133068674117   -0.92660528236342  
  0.810000    0.20937974372127    1.31433741755189   -1.22235624515357   -0.92340617684201  
  0.820000    0.20430229718669    1.30346876206916   -1.21302629878688   -0.91974524363949  
  0.830000    0.19912178521590    1.29217880343011   -1.20335796350056   -0.91564146044014  
  0.840000    0.19384417782512    1.28048502568627   -1.19336831424636   -0.91111415955775  
  0.850000    0.18847550942432    1.26840530979983   -1.18307435830942   -0.90618296392407  
  0.860000    0.18302186252929    1.25595787964295   -1.17249300921825   -0.90086772425830  
  0.870000    0.17748935176612    1.24316124835022   -1.16164106137639   -0.89518845758563  
  0.880000    0.17188410821516    1.23003416519575   -1.15053516546609   -0.88916528726141  
  0.890000    0.16621226413926    1.21659556316080   -1.13919180467164   -0.88281838464765  
  0.900000    0.16047993813819    1.20286450735186   -1.12762727176728   -0.87616791257685  
  0.910000    0.15469322076853    1.18886014442189   -1.11585764711162   -0.86923397072772  
  0.920000    0.14885816066550    1.17460165314057   -1.10389877758760   -0.86203654302606  
  0.930000    0.14298075120006    1.16010819625166   -1.09176625652353   -0.85459544717352  
  0.940000    0.13706691770188    1.14539887374718   -1.07947540462796   -0.84693028639564  
  0.950000    0.13112250527557    1.13049267768024   -1.06704125196734   -0.83906040349048  
  0.960000    0.12515326723461    1.11540844862901   -1.05447852101238   -0.83100483724814  
  0.970000    0.11916485417430    1.10016483391575   -1.04180161077514   -0.82278228130136  
  0.980000    0.11316280370186    1.08478024767526   -1.02902458205581   -0.81441104545744  
  0.990000    0.10715253083903    1.06927283285789   -1.01616114381408   -0.80590901955158  
  1.000000    0.10113931910908    1.05366042524238   -1.00322464067688   -0.79729363985247  
  1.010000    0.09512831231755    1.03796051952464   -0.99022804159030   -0.78858185804146  
  1.020000    0.08912450703266    1.02219023753810   -0.97718392962008   -0.77979011277804  
  1.030000    0.08313274576883    1.00636629865241   -0.96410449290151   -0.77093430385524  
  1.040000    0.07715771087359    0.99050499238671   -0.95100151673605   -0.76202976894082  
  1.050000    0.07120391911565    0.97462215326483   -0.93788637682826   -0.75309126289175  
  1.060000    0.06527571696907    0.95873313792977   -0.92477003365361   -0.74413293962216  
  1.070000    0.05937727658613    0.94285280452566   -0.91166302794407   -0.73516833649747  
  1.080000    0.05351259244874    0.92699549434639   -0.89857547727520   -0.72621036122079  
  1.090000    0.04768547868630    0.91117501574095   -0.88551707373538   -0.71727128117082  
  1.100000    0.04189956704528    0.89540463025707   -0.87249708265469   -0.70836271514457  
  1.110000    0.03615830549418    0.87969704099645   -0.85952434236805   -0.69949562745220  
  1.120000    0.03046495744515    0.86406438314674   -0.84660726498441   -0.69068032430579  
  1.130000    0.02482260157207    0.84851821664786   -0.83375383813125   -0.68192645243872  
  1.140000    0.01923413220312    0.83306952094318   -0.82097162764094   -0.67324299988752  
  1.150000    0.01370226026421    0.81772869175895   -0.80826778114340   -0.66463829886337  
  1.160000    0.00822951474871    0.80250553984933   -0.79564903252727   -0.65612003063650  
  1.170000    0.00281824468710    0.78740929163820   -0.78312170722973   -0.64769523235249  
  1.180000   -0.00252937841033    0.77244859168347   -0.77069172831341   -0.63937030569627  
  1.190000   -0.00781135766587    0.75763150688496   -0.75836462328721   -0.63115102731604  
  1.200000   -0.01302586753063    0.74296553235196   -0.74614553162643   -0.62304256091643  
  1.210000   -0.01817125009404    0.72845759884309   -0.73403921294637   -0.61504947092764  
  1.220000   -0.02324601103646    0.71411408168719   -0.72205005578249   -0.60717573765468  
  1.230000   -0.02824881525505    0.69994081109146   -0.71018208692966   -0.59942477380889  
  1.240000   -0.03317848219335    0.68594308374032   -0.69843898129190   -0.59179944232199  
  1.250000   -0.03803398090485    0.67212567558660   -0.68682407219434   -0.58430207534133  
  1.260000   -0.04281442488104    0.65849285573546   -0.67534036210804   -0.57693449430382  
  1.270000   -0.04751906667378    0.64504840132030   -0.66399053373915   -0.56969803098489  
  1.280000   -0.05214729234201    0.63179561326962   -0.65277696143336   -0.56259354941837  
  1.290000   -0.05669861575190    0.61873733286391   -0.64170172284746   -0.55562146858226  
  1.300000   -0.06117267275923    0.60587595898199   -0.63076661084009   -0.54878178574588  
  1.310000   -0.06556921530205    0.59321346593745   -0.61997314553465   -0.54207410037335  
  1.320000   -0.06988810543083    0.58075142180708   -0.60932258650808   -0.53549763847927  
  1.330000   -0.07412930930257    0.56849100715501   -0.59881594506061   -0.52905127733296  
  1.340000   -0.07829289116419    0.55643303405872   -0.58845399652235   -0.52273357040860  
  1.350000   -0.08237900734978    0.54457796534529   -0.57823729255445   -0.51654277248006  
  1.360000   -0.08638790031481    0.53292593394951   -0.56816617340375   -0.51047686476064  
  1.370000   -0.09031989272958    0.52147676230866   -0.55824078007161   -0.50453357999002  
  1.380000   -0.09417538165277    0.51022998171212   -0.54846106635938   -0.49871042737258  
  1.390000   -0.09795483280475    0.49918485152808   -0.53882681075489   -0.49300471727425  
  1.400000   -0.10165877495891    0.48834037823335   -0.52933762812621   -0.48741358558728  
  1.410000   -0.10528779446808    0.47769533417683   -0.51999298119117   -0.48193401767570  
  1.420000   -0.10884252994163    0.46724827601141   -0.51079219173296   -0.47656287181764  
  1.430000   -0.11232366708740    0.45699756273368   -0.50173445153486   -0.47129690206404  
  1.440000   -0.11573193373131    0.44694137327573   -0.49281883300878   -0.46613278043754  
  1.450000   -0.11906809502617    0.43707772359788   -0.48404429949508   -0.46106711839915  
  1.460000   -0.12233294885945    0.42740448323614   -0.47540971521324   -0.45609648751512  
  1.470000   -0.12552732146885    0.41791939126317   -0.46691385484529   -0.45121743926071  
  1.480000   -0.12865206327276    0.40862007162640   -0.45855541273636   -0.44642652390288  
  1.490000   -0.13170804492149    0.39950404783164   -0.45033301169891   -0.44172030840859  
  1.500000   -0.13469615357377    0.39056875694580   -0.44224521140960   -0.43709539333115  
  1.510000   -0.13761728940186    0.38181156289673   -0.43429051639011   -0.43254842863212  
  1.520000   -0.14047236232700    0.37322976905305   -0.42646738356519   -0.42807612840235  
  1.530000   -0.14326228898617    0.36482063007139   -0.41877422939386   -0.42367528445106  
  1.540000   -0.14598798992952    0.35658136300299   -0.41120943657129   -0.41934277873812  
  1.550000   -0.14865038704698    0.34850915765572   -0.40377136030147   -0.41507559463036  
  1.560000   -0.15125040122141    0.34060118621186   -0.39645833414228   -0.41087082696895  
  1.570000   -0.15378895020455    0.33285461210582   -0.38926867542693   -0.40672569094077  
  1.580000   -0.15626694671123    0.32526659816970   -0.38220069026712   -0.40263752975284  
  1.590000   -0.15868529672625    0.31783431405821   -0.37525267814533   -0.39860382111468  
  1.600000   -0.16104489801769    0.31055494296751   -0.36842293610493   -0.39462218253962  
  1.610000   -0.16334663884940    0.30342568766579   -0.36170976254867   -0.39069037548169  
  1.620000   -0.16559139688505    0.29644377585616   -0.35511146065701   -0.38680630833050  
  1.630000   -0.16778003827522    0.28960646489477   -0.34862634143946   -0.38296803829195  
  1.640000   -0.16991341691863    0.28291104588957   -0.34225272643291   -0.37917377218814  
  1.650000   -0.17199237388805    0.27635484720704   -0.33598895006214   -0.37542186621458  
  1.660000   -0.17401773701105    0.26993523741598   -0.32983336167834   -0.37171082469804  
  1.670000   -0.17599032059546    0.26364962769892   -0.32378432729263   -0.36803929790256  
  1.680000   -0.17791092528904    0.25749547376289   -0.31784023102166   -0.36440607893562  
  1.690000   -0.17978033806281    0.25147027728244   -0.31199947626341   -0.36081009981039  
  1.700000   -0.18159933230714    0.24557158690831   -0.30626048662128   -0.35725042672313  
  1.710000   -0.18336866802997    0.23979699887568   -0.30062170659509   -0.35372625460859  
  1.720000   -0.18508909214617    0.23414415724623   -0.29508160205750   -0.35023690103831  
  1.730000   -0.18676133884738    0.22861075381818   -0.28963866053471   -0.34678179952960  
  1.740000   -0.18838613004162    0.22319452773828   -0.28429139130990   -0.34336049233455  
  1.750000   -0.18996417585239    0.21789326484928   -0.27903832536779   -0.33997262277996  
  1.760000   -0.19149617516677    0.21270479680577   -0.27387801519858   -0.33661792722995  
  1.770000   -0.19298281622288    0.20762699999063   -0.26880903447879   -0.33329622674373  
  1.780000   -0.19442477722692    0.20265779426300   -0.26382997764635   -0.33000741850087  
  1.790000   -0.19582272699063    0.19779514156804   -0.25893945938661   -0.32675146706598  
  1.800000   -0.19717732558035    0.19303704443698   -0.25413611404532   -0.32352839556408  
  1.810000   -0.19848922496941    0.18838154440500   -0.24941859498377   -0.32033827683627  
  1.820000   -0.19975906968591    0.18382672037255   -0.24478557389090   -0.31718122464378  
  1.830000   -0.20098749744852    0.17937068693455   -0.24023574006589   -0.31405738498618  
  1.840000   -0.20217513978364    0.17501159269978   -0.23576779968419   -0.31096692759702  
  1.850000   -0.20332262261757    0.17074761862147   -0.23138047505902   -0.30791003767697  
  1.860000   -0.20443056683801    0.16657697635788   -0.22707250390920   -0.30488690792134  
  1.870000   -0.20549958881995    0.16249790668009   -0.22284263864344   -0.30189773089518  
  1.880000   -0.20653030091132    0.15850867794235   -0.21868964567019   -0.29894269180489  
  1.890000   -0.20752331187465    0.15460758462830   -0.21461230474105   -0.29602196171130  
  1.900000   -0.20847922728150    0.15079294598479   -0.21060940833484   -0.29313569122429  
  1.910000   -0.20939864985685    0.14706310475290   -0.20667976108841   -0.29028400471459  
  1.920000   -0.21028217977158    0.14341642600420   -0.20282217927927   -0.28746699507317  
  1.930000   -0.21113041488144    0.13985129608850   -0.19903549036427   -0.28468471904368  
  1.940000   -0.21194395091169    0.13636612169750   -0.19531853257733   -0.28193719314825  
  1.950000   -0.21272338158701    0.13295932904722   -0.19167015458878   -0.27922439022160  
  1.960000   -0.21346929870688    0.12962936318069   -0.18808921522743   -0.27654623656330  
  1.970000   -0.21418229216715    0.12637468739061   -0.18457458326619   -0.27390260971252  
  1.980000   -0.21486294992906    0.12319378276044   -0.18112513727086   -0.27129333684476  
  1.990000   -0.21551185793718    0.12008514782135   -0.17773976551124   -0.26871819378469  
  2.000000   -0.21612959998854    0.11704729832081   -0.17441736593278   -0.26617690462436  
  2.010000   -0.21671675755537    0.11407876709787   -0.17115684618659   -0.26366914193128  
  2.020000   -0.21727390956419    0.11117810405925   -0.16795712371487   -0.26119452752633  
  2.030000   -0.21780163213464    0.10834387624914   -0.16481712588839   -0.25875263380704  
  2.040000   -0.21830049828124    0.10557466800547   -0.16173579019210   -0.25634298558776  
  2.050000   -0.21877107758203    0.10286908119411   -0.15871206445465   -0.25396506242457  
  2.060000   -0.21921393581789    0.10022573551261   -0.15574490711719   -0.25161830138927  
  2.070000   -0.21962963458673    0.09764326885422   -0.15283328753660   -0.24930210025370  
  2.080000   -0.22001873089662    0.09512033772289   -0.14997618631795   -0.24701582104306  
  2.090000   -0.22038177674250    0.09265561768979   -0.14717259567102   -0.24475879391457  
  2.100000   -0.22071931867055    0.09024780388165   -0.14442151978551   -0.24253032131581  
  2.110000   -0.22103189733489    0.08789561149148   -0.14172197521946   -0.24032968237574  
  2.120000   -0.22132004705086    0.08559777630216   -0.13907299129560   -0.23815613748037  
  2.130000   -0.22158429534933    0.08335305521384   -0.13647361050019   -0.23600893298424  
  2.140000   -0.22182516253626    0.08116022676612   -0.13392288887933   -0.23388730600890  
  2.150000   -0.22204316126165    0.07901809164657   -0.13141989642751   -0.23179048927975  
  2.160000   -0.22223879610193    0.07692547317754   -0.12896371746365   -0.22971771595307  
  2.170000   -0.22241256315957    0.07488121777380   -0.12655345099014   -0.22766822438658  
  2.180000   -0.22256494968347    0.07288419536381   -0.12418821103046   -0.22564126280770  
  2.190000   -0.22269643371360    0.07093329976861   -0.12186712694147   -0.22363609383611  
  2.200000   -0.22280748375293    0.06902744903230   -0.11958934369674   -0.22165199881903  
  2.210000   -0.22289855846951    0.06716558569942   -0.11735402213764   -0.21968828194027  
  2.220000   -0.22297010643117    0.06534667703474   -0.11516033918939   -0.21774427406690  
  2.230000   -0.22302256587520    0.06356971518200   -0.11300748803948   -0.21581933630064  
  2.240000   -0.22305636451483    0.06183371725879   -0.11089467827658   -0.21391286320412  
  2.250000   -0.22307191938396    0.06013772538554   -0.10882113598822   -0.21202428567608  
  2.260000   -0.22306963672163    0.05848080664724   -0.10678610381601   -0.21015307345310  
  2.270000   -0.22304991189686    0.05686205298734   -0.10478884096780   -0.20829873721932  
  2.280000   -0.22301312937450    0.05528058103399   -0.10282862318628   -0.20646083030989  
  2.290000   -0.22295966272228    0.05373553185929   -0.10090474267417   -0.20463894999767  
  2.300000   -0.22288987465882    0.05222607067321   -0.09901650797643   -0.20283273835687  
  2.310000   -0.22280411714224    0.05075138645408   -0.09716324382044   -0.20104188270167  
  2.320000   -0.22270273149841    0.04931069151843   -0.09534429091529   -0.19926611560164  
  2.330000   -0.22258604858779    0.04790322103331   -0.09355900571182   -0.19750521447983  
  2.340000   -0.22245438900938    0.04652823247484   -0.09180676012522   -0.19575900080359  
  2.350000   -0.22230806334011    0.04518500503709   -0.09008694122257   -0.19402733888139  
  2.360000   -0.22214737240764    0.04387283899578   -0.08839895087757   -0.19231013428305  
  2.370000   -0.22197260759434    0.04259105503170   -0.08674220539534   -0.19060733190367  
  2.380000   -0.22178405117003    0.04133899351899   -0.08511613511014   -0.18891891369500  
  2.390000   -0.22158197665080    0.04011601378350   -0.08352018395913   -0.18724489609067  
  2.400000   -0.22136664918106    0.03892149333692   -0.08195380903534   -0.18558532715441  
  2.410000   -0.22113832593587    0.03775482709208   -0.08041648012336   -0.18394028348250  
  2.420000   -0.22089725654046    0.03661542656534   -0.07890767922098   -0.18230986689381  
  2.430000   -0.22064368350365    0.03550271907138   -0.07742690005043   -0.18069420094225  
  2.440000   -0.22037784266204    0.03441614691634   -0.07597364756265   -0.17909342728784  
  2.450000   -0.22009996363145    0.03335516659448   -0.07454743743798   -0.17750770196343  
  2.460000   -0.21981027026254    0.03231924799390   -0.07314779558679   -0.17593719157467  
  2.470000   -0.21950898109708    0.03130787361627   -0.07177425765341   -0.17438206947102  
  2.480000   -0.21919630982171    0.03032053781553   -0.07042636852645   -0.17284251192533  
  2.490000   -0.21887246571593    0.02935674606010   -0.06910368185872   -0.17131869435916  
  2.500000   -0.21853765409129    0.02841601422284   -0.06780575959965   -0.16981078764996  
  2.510000   -0.21819207671865    0.02749786790266   -0.06653217154303   -0.16831895455501  
  2.520000   -0.21783593224081    0.02660184178130   -0.06528249489241   -0.16684334628565  
  2.530000   -0.21746941656770    0.02572747901835   -0.06405631384679   -0.16538409926329  
  2.540000   -0.21709272325166    0.02487433068731   -0.06285321920839   -0.16394133208674  
  2.550000   -0.21670604384059    0.02404195525475   -0.06167280801465   -0.16251514273784  
  2.560000   -0.21630956820666    0.02322991810454   -0.06051468319571   -0.16110560604990  
  2.570000   -0.21590348484896    0.02243779110842   -0.05937845325897   -0.15971277146060  
  2.580000   -0.21548798116837    0.02166515224386   -0.05826373200163   -0.15833666106796  
  2.590000   -0.21506324371328    0.02091158525954   -0.05717013825198   -0.15697726800489  
  2.600000   -0.21462945839502    0.02017667938864   -0.05609729563997   -0.15563455514449  
  2.610000   -0.21418681067240    0.01946002910938   -0.05504483239727   -0.15430845414502  
  2.620000   -0.21373548570448    0.01876123395202   -0.05401238118671   -0.15299886484002  
  2.630000   -0.21327566847151    0.01807989835111   -0.05299957896092   -0.15170565497551  
  2.640000   -0.21280754386407    0.01741563154132   -0.05200606684943   -0.15042866029315  
  2.650000   -0.21233129674043    0.01676804749504   -0.05103149007353   -0.14916768495429  
  2.660000   -0.21184711195289    0.01613676489925   -0.05007549788790   -0.14792250229730  
  2.670000   -0.21135517434386    0.01552140716937   -0.04913774354761   -0.14669285591661  
  2.680000   -0.21085566871250    0.01492160249698   -0.04821788429919   -0.14547846104962  
  2.690000   -0.21034877975351    0.01433698392862   -0.04731558139410   -0.14427900625404  
  2.700000   -0.20983469196923    0.01376718947220   -0.04643050012279   -0.14309415535624  
  2.710000   -0.20931358955699    0.01321186222783   -0.04556230986748   -0.14192354964806  
  2.720000   -0.20878565627348    0.01267065053930   -0.04471068417164   -0.14076681030794  
  2.730000   -0.20825107527813    0.01214320816293   -0.04387530082398   -0.13962354101970  
  2.740000   -0.20771002895787    0.01162919444975   -0.04305584195478   -0.13849333076109  
  2.750000   -0.20716269873544    0.01112827453772   -0.04225199414237   -0.13737575673241  
  2.760000   -0.20660926486376    0.01064011955004   -0.04146344852734   -0.13627038739477  
  2.770000   -0.20604990620893    0.01016440679622   -0.04068990093238   -0.13517678558647  
  2.780000   -0.20548480002429    0.00970081997216   -0.03993105198532   -0.13409451168566  
  2.790000   -0.20491412171836    0.00924904935611   -0.03918660724316   -0.13302312678722  
  2.800000   -0.20433804461919    0.00880879199710   -0.03845627731507   -0.13196219586200  
  2.810000   -0.20375673973780    0.00837975189287   -0.03773977798201   -0.13091129086691  
  2.820000   -0.20317037553325    0.00796164015445   -0.03703683031114   -0.12986999377518  
  2.830000   -0.20257911768200    0.00755417515475   -0.03634716076311   -0.12883789949719  
  2.840000   -0.20198312885398    0.00715708265879   -0.03567050129030   -0.12781461866356  
  2.850000   -0.20138256849775    0.00677009593336   -0.03500658942465   -0.12679978024376  
  2.860000   -0.20077759263705    0.00639295583448   -0.03435516835326   -0.12579303397544  
  2.870000   -0.20016835368087    0.00602541087083   -0.03371598698079   -0.12479405258163  
  2.880000   -0.19955500024900    0.00566721724203   -0.03308879997723   -0.12380253375540  
  2.890000   -0.19893767701493    0.00531813885084   -0.03247336781023   -0.12281820189385  
  2.900000   -0.19831652456767    0.00497794728841   -0.03186945676117   -0.12184080956612  
  2.910000   -0.19769167929400    0.00464642179247   -0.03127683892433   -0.12087013870263  
  2.920000   -0.19706327328235    0.00432334917814   -0.03069529218883   -0.11990600149587  
  2.930000   -0.19643143424933    0.00400852374174   -0.03012460020301   -0.11894824100583  
  2.940000   -0.19579628548967    0.00370174713805   -0.02956455232139   -0.11799673146608  
  2.950000   -0.19515794585026    0.00340282823168   -0.02901494353415   -0.11705137828968  
  2.960000   -0.19451652972855    0.00311158292381   -0.02847557437961   -0.11611211777694  
  2.970000   -0.19387214709532    0.00282783395530   -0.02794625084021   -0.11517891653007  
  2.980000   -0.19322490354199    0.00255141068781   -0.02742678422250   -0.11425177058244  
  2.990000   -0.19257490035178    0.00228214886464   -0.02691699102220   -0.11333070425327  
  3.000000   -0.19192223459439    0.00201989035299   -0.02641669277507   -0.11241576874076  
  3.010000   -0.19126699924336    0.00176448286990   -0.02592571589474   -0.11150704046970  
  3.020000   -0.19060928331504    0.00151577969388   -0.02544389149887   -0.11060461921128  
  3.030000   -0.18994917202813    0.00127363936456   -0.02497105522465   -0.10970862599553  
  3.040000   -0.18928674698222    0.00103792537278   -0.02450704703528   -0.10881920083846  
  3.050000   -0.18862208635403    0.00080850584343   -0.02405171101885   -0.10793650030745  
  3.060000   -0.18795526510945    0.00058525321366   -0.02360489518106   -0.10706069495035  
  3.070000   -0.18728635522971    0.00036804390888   -0.02316645123345   -0.10619196661446  
  3.080000   -0.18661542594954    0.00015675801897   -0.02273623437867   -0.10533050568276  
  3.090000   -0.18594254400549   -0.00004872102274   -0.02231410309447   -0.10447650825524  
  3.100000   -0.18526777389210   -0.00024850675541   -0.02189991891797   -0.10363017330356  
  3.110000   -0.18459117812381   -0.00044270999930   -0.02149354623170   -0.10279169982740  
  3.120000   -0.18391281750026   -0.00063143915471   -0.02109485205319   -0.10196128404055  
  3.130000   -0.18323275137293   -0.00081480048928   -0.02070370582937   -0.10113911661437  
  3.140000   -0.18255103791058   -0.00099289841168   -0.02031997923727   -0.10032538000550  
  3.150000   -0.18186773436145   -0.00116583572991   -0.01994354599253   -0.09952024589359  
  3.160000   -0.18118289730996   -0.00133371389255   -0.01957428166675   -0.09872387275368  
  3.170000   -0.18049658292568   -0.00149663321162   -0.01921206351498   -0.09793640358630  
  3.180000   -0.17980884720260   -0.00165469306567   -0.01885677031446   -0.09715796382657  
  3.190000   -0.17911974618673   -0.00180799208221   -0.01850828221538   -0.09638865945186  
  3.200000   -0.17842933619006   -0.00195662829857   -0.01816648060466   -0.09562857530524  
  3.210000   -0.17773767398930   -0.00210069930052   -0.01783124798329   -0.09487777364982  
  3.220000   -0.17704481700770   -0.00224030233840   -0.01750246785791   -0.09413629296677  
  3.230000   -0.17635082347856   -0.00237553442041   -0.01718002464693   -0.09340414700708  
  3.240000   -0.17565575258925   -0.00250649238315   -0.01686380360156   -0.09268132410479  
  3.250000   -0.17495966460455   -0.00263327293969   -0.01655369074181   -0.09196778675653  
  3.260000   -0.17426262096850   -0.00275597270553   -0.01624957280753   -0.09126347146983  
  3.270000   -0.17356468438406   -0.00287468820308   -0.01595133722425   -0.09056828887966  
  3.280000   -0.17286591887013   -0.00298951584558   -0.01565887208370   -0.08988212413027  
  3.290000   -0.17216638979557   -0.00310055190130   -0.01537206613845   -0.08920483751651  
  3.300000   -0.17146616389030   -0.00320789243934   -0.01509080881018   -0.08853626537667  
  3.310000   -0.17076530923338   -0.00331163325815   -0.01481499021108   -0.08787622122597  
  3.320000   -0.17006389521874   -0.00341186979841   -0.01454450117740   -0.08722449711783  
  3.330000   -0.16936199249875   -0.00350869704168   -0.01427923331450   -0.08658086521777  
  3.340000   -0.16865967290670   -0.00360220939647   -0.01401907905234   -0.08594507957280  
  3.350000   -0.16795700935886   -0.00369250057364   -0.01376393171046   -0.08531687805718  
  3.360000   -0.16725407573734   -0.00377966345271   -0.01351368557128   -0.08469598447410  
  3.370000   -0.16655094675507   -0.00386378994110   -0.01326823596074   -0.08408211079108  
  3.380000   -0.16584769780418   -0.00394497082809   -0.01302747933484   -0.08347495948588  
  3.390000   -0.16514440478951   -0.00402329563548   -0.01279131337110   -0.08287422597876  
  3.400000   -0.16444114394880   -0.00409885246671   -0.01255963706359   -0.08227960112618  
  3.410000   -0.16373799166149   -0.00417172785638   -0.01233235082018   -0.08169077375045  
  3.420000   -0.16303502424796   -0.00424200662204   -0.01210935656098   -0.08110743317999  
  3.430000   -0.16233231776117   -0.00430977171984   -0.01189055781649   -0.08052927177446  
  3.440000   -0.16162994777279   -0.00437510410586   -0.01167585982450   -0.07995598740968  
  3.450000   -0.16092798915588   -0.00443808260466   -0.01146516962428   -0.07938728589761  
  3.460000   -0.16022651586612   -0.00449878378654   -0.01125839614717   -0.07882288331769  
  3.470000   -0.15952560072390   -0.00455728185486   -0.01105545030246   -0.07826250823639  
  3.480000   -0.15882531519906   -0.00461364854466   -0.01085624505735   -0.07770590379379  
  3.490000   -0.15812572920059   -0.00466795303374   -0.01066069551041   -0.07715282963675  
  3.500000   -0.15742691087307   -0.00472026186706   -0.01046871895737   -0.07660306368037  
  3.510000   -0.15672892640196   -0.00477063889539   -0.01028023494869   -0.07605640368097  
  3.520000   -0.15603183982929   -0.00481914522868   -0.01009516533816   -0.07551266860607  
  3.530000   -0.15533571288184   -0.00486583920485   -0.00991343432200   -0.07497169978870  
  3.540000   -0.15464060481304   -0.00491077637416   -0.00973496846799   -0.07443336185568  
  3.550000   -0.15394657226029   -0.00495400949935   -0.00955969673427   -0.07389754342201  
  3.560000   -0.15325366911896   -0.00499558857164   -0.00938755047765   -0.07336415754557  
  3.570000   -0.15256194643420   -0.00503556084232   -0.00921846345112   -0.07283314193906  
  3.580000   -0.15187145231156   -0.00507397086967   -0.00905237179076   -0.07230445893831  
  3.590000   -0.15118223184721   -0.00511086058067   -0.00888921399194   -0.07177809522876  
  3.600000   -0.15049432707856   -0.00514626934706   -0.00872893087513   -0.07125406133409  
  3.610000   -0.14980777695539   -0.00518023407483   -0.00857146554150   -0.07073239087354  
  3.620000   -0.14912261733211   -0.00521278930630   -0.00841676331880   -0.07021313959654  
  3.630000   -0.14843888098097   -0.00524396733392   -0.00826477169788   -0.06969638420568  
  3.640000   -0.14775659762614   -0.00527379832462   -0.00811544026054   -0.06918222098087  
  3.650000   -0.14707579399841   -0.00530231045349   -0.00796872059925   -0.06867076421963  
  3.660000   -0.14639649390993   -0.00532953004565   -0.00782456622945   -0.06816214451012  
  3.670000   -0.14571871834830   -0.00535548172490   -0.00768293249530   -0.06765650685514  
  3.680000   -0.14504248558921   -0.00538018856780   -0.00754377646959   -0.06715400866673  
  3.690000   -0.14436781132654   -0.00540367226186   -0.00740705684875   -0.06665481765215  
  3.700000   -0.14369470881872   -0.00542595326621   -0.00727273384388   -0.06615910961300  
  3.710000   -0.14302318905019   -0.00544705097358   -0.00714076906868   -0.06566706618012  
  3.720000   -0.14235326090620   -0.00546698387193   -0.00701112542532   -0.06517887250719  
  3.730000   -0.14168493135971   -0.00548576970444   -0.00688376698910   -0.06469471494645  
  3.740000   -0.14101820566848   -0.00550342562646   -0.00675865889300   -0.06421477872995  
  3.750000   -0.14035308758067   -0.00551996835810   -0.00663576721295   -0.06373924567961  
  3.760000   -0.13968957954716   -0.00553541433117   -0.00651505885484   -0.06326829196873  
  3.770000   -0.13902768293860   -0.00554977982922   -0.00639650144409   -0.06280208595734  
  3.780000   -0.13836739826540   -0.00556308111975   -0.00628006321880   -0.06234078612270  
  3.790000   -0.13770872539861   -0.00557533457727   -0.00616571292705   -0.06188453910498  
  3.800000   -0.13705166378983   -0.00558655679658   -0.00605341972942   -0.06143347788753  
  3.810000   -0.13639621268819   -0.00559676469520   -0.00594315310718   -0.06098772012891  
  3.820000   -0.13574237135253   -0.00560597560446   -0.00583488277702   -0.06054736666294  
  3.830000   -0.13509013925695   -0.00561420734845   -0.00572857861266   -0.06011250018077  
  3.840000   -0.13443951628801   -0.00562147831054   -0.00562421057410   -0.05968318410735  
  3.850000   -0.13379050293183   -0.00562780748705   -0.00552174864471   -0.05925946168260  
  3.860000   -0.13314310044951   -0.00563321452785   -0.00542116277664   -0.05884135525533  
  3.870000   -0.13249731103955   -0.00563771976384   -0.00532242284476   -0.05842886579612  
  3.880000   -0.13185313798578   -0.00564134422141   -0.00522549860930   -0.05802197263276  
  3.890000   -0.13121058578962   -0.00564410962382   -0.00513035968727   -0.05762063340985  
  3.900000   -0.13056966028572   -0.00564603838019   -0.00503697553271   -0.05722478427185  
  3.910000   -0.12993036874004   -0.00564715356205   -0.00494531542559   -0.05683434026652  
  3.920000   -0.12929271992956   -0.00564747886838   -0.00485534846935   -0.05644919596372  
  3.930000   -0.12865672420327   -0.00564703857946   -0.00476704359662   -0.05606922628211  
  3.940000   -0.12802239352378   -0.00564585750048   -0.00468036958302   -0.05569428751452  
  3.950000   -0.12738974148971   -0.00564396089556   -0.00459529506850   -0.05532421854060  
  3.960000   -0.12675878333841   -0.00564137441319   -0.00451178858578   -0.05495884221366  
  3.970000   -0.12612953592966   -0.00563812400398   -0.00442981859549   -0.05459796690681  
  3.980000   -0.12550201771019   -0.00563423583181   -0.00434935352719   -0.05424138820215  
  3.990000   -0.12487624865994   -0.00562973617939   -0.00427036182591   -0.05388889070521  
  4.000000   -0.12425225022047   -0.00562465134945   -0.00419281200339   -0.05354024996569  
  4.010000   -0.12363004520651   -0.00561900756255   -0.00411667269328   -0.05319523448485  
  4.020000   -0.12300965770153   -0.00561283085284   -0.00404191270972   -0.05285360778862  
  4.030000   -0.12239111293855   -0.00560614696279   -0.00396850110842   -0.05251513054539  
  4.040000   -0.12177443716740   -0.00559898123820   -0.00389640724944   -0.05217956270682  
  4.050000   -0.12115965750978   -0.00559135852443   -0.00382560086112   -0.05184666565000  
  4.060000   -0.12054680180372   -0.00558330306517   -0.00375605210410   -0.05151620429933  
  4.070000   -0.11993589843891   -0.00557483840467   -0.00368773163489   -0.05118794920677  
  4.080000   -0.11932697618452   -0.00556598729459   -0.00362061066810   -0.05086167856964  
  4.090000   -0.11872006401141   -0.00555677160623   -0.00355466103681   -0.05053718016589  
  4.100000   -0.11811519091026   -0.00554721224929   -0.00348985525008   -0.05021425318771  
  4.110000   -0.11751238570754   -0.00553732909781   -0.00342616654732   -0.04989270995528  
  4.120000   -0.11691167688112   -0.00552714092404   -0.00336356894864   -0.04957237749398  
  4.130000   -0.11631309237719   -0.00551666534104   -0.00330203730068   -0.04925309895970  
  4.140000   -0.11571665943043   -0.00550591875433   -0.00324154731759   -0.04893473489841  
  4.150000   -0.11512240438901   -0.00549491632331   -0.00318207561645   -0.04861716432811  
  4.160000   -0.11453035254615   -0.00548367193258   -0.00312359974693   -0.04830028563277  
  4.170000   -0.11394052797990   -0.00547219817358   -0.00306609821486   -0.04798401726020  
  4.180000   -0.11335295340253   -0.00546050633663   -0.00300955049935   -0.04766829821746  
  4.190000   -0.11276765002106   -0.00544860641344   -0.00295393706342   -0.04735308835969  
  4.200000   -0.11218463741023   -0.00543650710997   -0.00289923935791   -0.04703836847017  
  4.210000   -0.11160393339901   -0.00542421586956   -0.00284543981871   -0.04672414013179  
  4.220000   -0.11102555397179   -0.00541173890609   -0.00279252185726   -0.04641042539179  
  4.230000   -0.11044951318513   -0.00539908124664   -0.00274046984456   -0.04609726622420  
  4.240000   -0.10987582310080   -0.00538624678343   -0.00268926908862   -0.04578472379599  
  4.250000   -0.10930449373575   -0.00537323833434   -0.00263890580584   -0.04547287754515  
  4.260000   -0.10873553302942   -0.00536005771144   -0.00258936708638   -0.04516182408069  
  4.270000   -0.10816894682866   -0.00534670579689   -0.00254064085407   -0.04485167591629  
  4.280000   -0.10760473889039   -0.00533318262538   -0.00249271582102   -0.04454256005099  
  4.290000   -0.10704291090189   -0.00531948747234   -0.00244558143769   -0.04423461641177  
  4.300000   -0.10648346251852   -0.00530561894702   -0.00239922783859   -0.04392799617423  
  4.310000   -0.10592639141844   -0.00529157508960   -0.00235364578438   -0.04362285997867  
  4.320000   -0.10537169337381   -0.00527735347134   -0.00230882660079   -0.04331937605993  
  4.330000   -0.10481936233775   -0.00526295129680   -0.00226476211510   -0.04301771831017  
  4.340000   -0.10426939054611   -0.00524836550726   -0.00222144459057   -0.04271806429419  
  4.350000   -0.10372176863324   -0.00523359288418   -0.00217886665971   -0.04242059323757  
  4.360000   -0.10317648576045   -0.00521863015197   -0.00213702125680   -0.04212548400778  
  4.370000   -0.10263352975594   -0.00520347407893   -0.00209590155044   -0.04183291310875  
  4.380000   -0.10209288726503   -0.00518812157549   -0.00205550087671   -0.04154305270887  
  4.390000   -0.10155454390895   -0.00517256978892   -0.00201581267353   -0.04125606872215  
  4.400000   -0.10101848445096   -0.00515681619356   -0.00197683041688   -0.04097211896163  
  4.410000   -0.10048469296798   -0.00514085867586   -0.00193854755948   -0.04069135138329  
  4.420000   -0.09995315302627   -0.00512469561337   -0.00190095747234   -0.04041390243775  
  4.430000   -0.09942384785938   -0.00510832594716   -0.00186405338993   -0.04013989554597  
  4.440000   -0.09889676054673   -0.00509174924692   -0.00182782835919   -0.03986943971369  
  4.450000   -0.09837187419111   -0.00507496576820   -0.00179227519305   -0.03960262829809  
  4.460000   -0.09784917209349   -0.00505797650151   -0.00175738642871   -0.03933953793840  
  4.470000   -0.09732863792340   -0.00504078321266   -0.00172315429105   -0.03908022766067  
  4.480000   -0.09681025588336   -0.00502338847422   -0.00168957066146   -0.03882473816487  
  4.490000   -0.09629401086578   -0.00500579568785   -0.00165662705240   -0.03857309130099  
  4.500000   -0.09577988860094   -0.00498800909736   -0.00162431458768   -0.03832528973849  
  4.510000   -0.09526787579453   -0.00497003379248   -0.00159262398877   -0.03808131683175  
  4.520000   -0.09475796025367   -0.00495187570349   -0.00156154556709   -0.03784113668218  
  4.530000   -0.09425013100011   -0.00493354158675   -0.00153106922229   -0.03760469439545  
  4.540000   -0.09374437836961   -0.00491503900136   -0.00150118444648   -0.03737191653068  
  4.550000   -0.09324069409667   -0.00489637627741   -0.00147188033428   -0.03714271173619  
  4.560000   -0.09273907138370   -0.00487756247607   -0.00144314559849   -0.03691697156477  
  4.570000   -0.09223950495421   -0.00485860734198   -0.00141496859121   -0.03669457145956  
  4.580000   -0.09174199108943   -0.00483952124870   -0.00138733733004   -0.03647537189993  
  4.590000   -0.09124652764806   -0.00482031513746   -0.00136023952915   -0.03625921969532  
  4.600000   -0.09075311406911   -0.00480100045018   -0.00133366263475   -0.03604594941328  
  4.610000   -0.09026175135777   -0.00478158905734   -0.00130759386452   -0.03583538492702  
  4.620000   -0.08977244205447   -0.00476209318139   -0.00128202025074   -0.03562734106623  
  4.630000   -0.08928519018764   -0.00474252531659   -0.00125692868638   -0.03542162535436  
  4.640000   -0.08880000121041   -0.00472289814604   -0.00123230597384   -0.03521803981438  
  4.650000   -0.08831688192212   -0.00470322445671   -0.00120813887574   -0.03501638282461  
  4.660000   -0.08783584037535   -0.00468351705334   -0.00118441416725   -0.03481645100578  
  4.670000   -0.08735688576937   -0.00466378867204   -0.00116111868929   -0.03461804112021  
  4.680000   -0.08688002833108   -0.00464405189444   -0.00113823940223   -0.03442095196380  
  4.690000   -0.08640527918470   -0.00462431906315   -0.00111576343941   -0.03422498623190  
  4.700000   -0.08593265021132   -0.00460460219943   -0.00109367815994   -0.03402995234041  
  4.710000   -0.08546215389986   -0.00458491292381   -0.00107197120027   -0.03383566618370  
  4.720000   -0.08499380319077   -0.00456526238031   -0.00105063052399   -0.03364195281211  
  4.730000   -0.08452761131404   -0.00454566116510   -0.00102964446939   -0.03344864801224  
  4.740000   -0.08406359162307   -0.00452611926018   -0.00100900179424   -0.03325559977456  
  4.750000   -0.08360175742600   -0.00450664597260   -0.00098869171748   -0.03306266963388  
  4.760000   -0.08314212181626   -0.00448724987996   -0.00096870395718   -0.03286973386966  
  4.770000   -0.08268469750367   -0.00446793878237   -0.00094902876467   -0.03267668455455  
  4.780000   -0.08222949664812   -0.00444871966161   -0.00092965695437   -0.03248343044115  
  4.790000   -0.08177653069707   -0.00442959864752   -0.00091057992895   -0.03228989767861  
  4.800000   -0.08132581022866   -0.00441058099204   -0.00089178969985   -0.03209603035246  
  4.810000   -0.08087734480187   -0.00439167105114   -0.00087327890267   -0.03190179084278  
  4.820000   -0.08043114281517   -0.00437287227454   -0.00085504080755   -0.03170715999792  
  4.830000   -0.07998721137500   -0.00435418720348   -0.00083706932424   -0.03151213712250  
  4.840000   -0.07954555617535   -0.00433561747634   -0.00081935900201   -0.03131673978048  
  4.850000   -0.07910618138969   -0.00431716384207   -0.00080190502435   -0.03112100341605  
  4.860000   -0.07866908957613   -0.00429882618123   -0.00078470319842   -0.03092498079671  
  4.870000   -0.07823428159689   -0.00428060353435   -0.00076774993958   -0.03072874128477  
  4.880000   -0.07780175655270   -0.00426249413730   -0.00075104225103   -0.03053236994529  
  4.890000   -0.07737151173289   -0.00424449546330   -0.00073457769878   -0.03033596649997  
  4.900000   -0.07694354258166   -0.00422660427105   -0.00071835438224   -0.03013964413809  
  4.910000   -0.07651784268073   -0.00420881665858   -0.00070237090076   -0.02994352819702  
  4.920000   -0.07609440374869   -0.00419112812217   -0.00068662631641   -0.02974775472602  
  4.930000   -0.07567321565708   -0.00417353361978   -0.00067112011334   -0.02955246894827  
  4.940000   -0.07525426646288   -0.00415602763838   -0.00065585215424   -0.02935782363699  
  4.950000   -0.07483754245741   -0.00413860426444   -0.00064082263421   -0.02916397742232  
  4.960000   -0.07442302823090   -0.00412125725700   -0.00062603203253   -0.02897109304627  
  4.970000   -0.07401070675233   -0.00410398012251   -0.00061148106282   -0.02877933558363  
  4.980000   -0.07360055946383   -0.00408676619079   -0.00059717062210   -0.02858887064678  
  4.990000   -0.07319256638853   -0.00406960869133   -0.00058310173904   -0.02839986259269  
  5.000000   -0.07278670625118   -0.00405250082925   -0.00056927552224   -0.02821247275014  
  5.010000   -0.07238295661018   -0.00403543586030   -0.00055569310864   -0.02802685768503  
  5.020000   -0.07198129399990   -0.00401840716396   -0.00054235561286   -0.02784316752123  
  5.030000   -0.07158169408198   -0.00400140831425   -0.00052926407773   -0.02766154433353  
  5.040000   -0.07118413180418   -0.00398443314748   -0.00051641942657   -0.02748212062898  
  5.050000   -0.07078858156532   -0.00396747582628   -0.00050382241763   -0.02730501793144  
  5.060000   -0.07039501738472   -0.00395053089951   -0.00049147360106   -0.02713034548338  
  5.070000   -0.07000341307472   -0.00393359335738   -0.00047937327889   -0.02695819907771  
  5.080000   -0.06961374241456   -0.00391665868140   -0.00046752146821   -0.02678866003084  
  5.090000   -0.06922597932399   -0.00389972288872   -0.00045591786805   -0.02662179430717  
  5.100000   -0.06884009803515   -0.00388278257049   -0.00044456183010   -0.02645765180303  
  5.110000   -0.06845607326100   -0.00386583492404   -0.00043345233359   -0.02629626579706  
  5.120000   -0.06807388035879   -0.00384887777843   -0.00042258796444   -0.02613765257191  
  5.130000   -0.06769349548713   -0.00383190961352   -0.00041196689892   -0.02598181121048  
  5.140000   -0.06731489575506   -0.00381492957213   -0.00040158689195   -0.02582872356838  
  5.150000   -0.06693805936202   -0.00379793746549   -0.00039144526991   -0.02567835442211  
  5.160000   -0.06656296572707   -0.00378093377190   -0.00038153892827   -0.02553065179103  
  5.170000   -0.06618959560662   -0.00376391962871   -0.00037186433374   -0.02538554742926  
  5.180000   -0.06581793119918   -0.00374689681782   -0.00036241753107   -0.02524295748195  
  5.190000   -0.06544795623654   -0.00372986774480   -0.00035319415423   -0.02510278329889  
  5.200000   -0.06507965606031   -0.00371283541204   -0.00034418944195   -0.02496491239651  
  5.210000   -0.06471301768330   -0.00369580338622   -0.00033539825732   -0.02482921955830  
  5.220000   -0.06434802983515   -0.00367877576036   -0.00032681511127   -0.02469556806192  
  5.230000   -0.06398468299179   -0.00366175711111   -0.00031843418960   -0.02456381102020  
  5.240000   -0.06362296938861   -0.00364475245153   -0.00031024938336   -0.02443379282217  
  5.250000   -0.06326288301709   -0.00362776717997   -0.00030225432212   -0.02430535065913  
  5.260000   -0.06290441960520   -0.00361080702560   -0.00029444240993   -0.02417831612013  
  5.270000   -0.06254757658152   -0.00359387799111   -0.00028680686337   -0.02405251684036  
  5.280000   -0.06219235302373   -0.00357698629321   -0.00027934075154   -0.02392777818576  
  5.290000   -0.06183874959179   -0.00356013830151   -0.00027203703736   -0.02380392495652  
  5.300000   -0.06148676844668   -0.00354334047640   -0.00026488861998   -0.02368078309219  
  5.310000   -0.06113641315524   -0.00352659930652   -0.00025788837759   -0.02355818136122  
  5.320000   -0.06078768858238   -0.00350992124655   -0.00025102921051   -0.02343595301767  
  5.330000   -0.06044060077138   -0.00349331265569   -0.00024430408389   -0.02331393740856  
  5.340000   -0.06009515681375   -0.00347677973774   -0.00023770606973   -0.02319198151557  
  5.350000   -0.05975136470961   -0.00346032848303   -0.00023122838777   -0.02306994141580  
  5.360000   -0.05940923322027   -0.00344396461299   -0.00022486444490   -0.02294768364683  
  5.370000   -0.05906877171408   -0.00342769352780   -0.00021860787260   -0.02282508646266  
  5.380000   -0.05872999000731   -0.00341152025749   -0.00021245256221   -0.02270204096807  
  5.390000   -0.05839289820147   -0.00339544941713   -0.00020639269758   -0.02257845212010  
  5.400000   -0.05805750651862   -0.00337948516641   -0.00020042278491   -0.02245423958713  
  5.410000   -0.05772382513624   -0.00336363117388   -0.00019453767937   -0.02232933845689  
  5.420000   -0.05739186402330   -0.00334789058635   -0.00018873260841   -0.02220369978697  
  5.430000   -0.05706163277901   -0.00333226600355   -0.00018300319146   -0.02207729099241  
  5.440000   -0.05673314047583   -0.00331675945827   -0.00017734545592   -0.02195009606702  
  5.450000   -0.05640639550825   -0.00330137240217   -0.00017175584926   -0.02182211563655  
  5.460000   -0.05608140544868   -0.00328610569740   -0.00016623124718   -0.02169336684363  
  5.470000   -0.05575817691190   -0.00327095961382   -0.00016076895783   -0.02156388306612  
  5.480000   -0.05543671542938   -0.00325593383213   -0.00015536672191   -0.02143371347203  
  5.490000   -0.05511702533447   -0.00324102745256   -0.00015002270897   -0.02130292241612  
  5.500000   -0.05479910965979   -0.00322623900912   -0.00014473550965   -0.02117158868452  
  5.510000   -0.05448297004761   -0.00321156648917   -0.00013950412428   -0.02103980459549  
  5.520000   -0.05416860667404   -0.00319700735811   -0.00013432794773   -0.02090767496582  
  5.530000   -0.05385601818789   -0.00318255858885   -0.00012920675089   -0.02077531595358  
  5.540000   -0.05354520166461   -0.00316821669579   -0.00012414065886   -0.02064285378933  
  5.550000   -0.05323615257576   -0.00315397777286   -0.00011913012617   -0.02051042340888  
  5.560000   -0.05292886477436   -0.00313983753533   -0.00011417590925   -0.02037816700172  
  5.570000   -0.05262333049611   -0.00312579136483   -0.00010927903647   -0.02024623248992  
  5.580000   -0.05231954037652   -0.00311183435715   -0.00010444077611   -0.02011477195330  
  5.590000   -0.05201748348380   -0.00309796137235   -0.00009966260248   -0.01998394001664  
  5.600000   -0.05171714736706   -0.00308416708669   -0.00009494616069   -0.01985389221561  
  5.610000   -0.05141851811936   -0.00307044604577   -0.00009029323031   -0.01972478335787  
  5.620000   -0.05112158045514   -0.00305679271841   -0.00008570568831   -0.01959676589602  
  5.630000   -0.05082631780103   -0.00304320155071   -0.00008118547175   -0.01946998832876  
  5.640000   -0.05053271239928   -0.00302966701985   -0.00007673454042   -0.01934459364648  
  5.650000   -0.05024074542279   -0.00301618368689   -0.00007235484001   -0.01922071783678  
  5.660000   -0.04995039710062   -0.00300274624831   -0.00006804826596   -0.01909848846500  
  5.670000   -0.04966164685268   -0.00298934958560   -0.00006381662847   -0.01897802334395  
  5.680000   -0.04937447343243   -0.00297598881256   -0.00005966161904   -0.01885942930600  
  5.690000   -0.04908885507600   -0.00296265931973   -0.00005558477867   -0.01874280108976  
  5.700000   -0.04880476965653   -0.00294935681572   -0.00005158746826   -0.01862822035240  
  5.710000   -0.04852219484200   -0.00293607736482   -0.00004767084133   -0.01851575481720  
  5.720000   -0.04824110825517   -0.00292281742077   -0.00004383581933   -0.01840545756472  
  5.730000   -0.04796148763400   -0.00290957385625   -0.00004008306980   -0.01829736647434  
  5.740000   -0.04768331099107   -0.00289634398788   -0.00003641298759   -0.01819150382154  
  5.750000   -0.04740655677031   -0.00288312559651   -0.00003282567919   -0.01808787603460  
  5.760000   -0.04713120399971   -0.00286991694264   -0.00002932095046   -0.01798647361271  
  5.770000   -0.04685723243834   -0.00285671677679   -0.00002589829771   -0.01788727120615  
  5.780000   -0.04658462271640   -0.00284352434492   -0.00002255690226   -0.01779022785704  
  5.790000   -0.04631335646684   -0.00283033938866   -0.00001929562850   -0.01769528739816  
  5.800000   -0.04604341644734   -0.00281716214056   -0.00001611302545   -0.01760237900516  
  5.810000   -0.04577478665131   -0.00280399331432   -0.00001300733168   -0.01751141789636  
  5.820000   -0.04550745240712   -0.00279083409029   -0.00000997648371   -0.01742230617266  
  5.830000   -0.04524140046419   -0.00277768609615   -0.00000701812751   -0.01733493378870  
  5.840000   -0.04497661906548   -0.00276455138330   -0.00000412963324   -0.01724917964517  
  5.850000   -0.04471309800533   -0.00275143239900   -0.00000130811280   -0.01716491279090  
  5.860000   -0.04445082867235   -0.00273833195462    0.00000144955982   -0.01708199372226  
  5.870000   -0.04418980407671   -0.00272525319044    0.00000414672569   -0.01700027576656  
  5.880000   -0.04393001886164   -0.00271219953714    0.00000678691590   -0.01691960653516  
  5.890000   -0.04367146929903   -0.00269917467467    0.00000937382447   -0.01683982943148  
  5.900000   -0.04341415326906   -0.00268618248868    0.00001191127959   -0.01676078519840  
  5.910000   -0.04315807022405   -0.00267322702507    0.00001440321351   -0.01668231348944  
  5.920000   -0.04290322113699   -0.00266031244313    0.00001685363129   -0.01660425444756  
  5.930000   -0.04264960843495   -0.00264744296765    0.00001926657883   -0.01652645027569  
  5.940000   -0.04239723591818   -0.00263462284060    0.00002164611048   -0.01644874678308  
  5.950000   -0.04214610866568   -0.00262185627276    0.00002399625653   -0.01637099489176  
  5.960000   -0.04189623292788   -0.00260914739583    0.00002632099096   -0.01629305208811  
  5.970000   -0.04164761600772   -0.00259650021546    0.00002862419970   -0.01621478380469  
  5.980000   -0.04140026613100   -0.00258391856572    0.00003090964985   -0.01613606471878  
  5.990000   -0.04115419230745   -0.00257140606535    0.00003318095994   -0.01605677995437  
  6.000000   -0.04090940418358   -0.00255896607635    0.00003544157179   -0.01597682617586  
  6.010000   -0.04066591188894   -0.00254660166512    0.00003769472399   -0.01589611256249  
  6.020000   -0.04042372587700   -0.00253431556677    0.00003994342749   -0.01581456165388  
  6.030000   -0.04018285676244   -0.00252211015270    0.00004219044332   -0.01573211005847  
  6.040000   -0.03994331515607   -0.00250998740191    0.00004443826280   -0.01564870901794  
  6.050000   -0.03970511149930   -0.00249794887624    0.00004668909035   -0.01556432482216  
  6.060000   -0.03946825589935   -0.00248599569981    0.00004894482904   -0.01547893907088  
  6.070000   -0.03923275796715   -0.00247412854276    0.00005120706914   -0.01539254877974  
  6.080000   -0.03899862665920   -0.00246234760965    0.00005347707953   -0.01530516632992  
  6.090000   -0.03876587012501   -0.00245065263225    0.00005575580232   -0.01521681926230  
  6.100000   -0.03853449556161   -0.00243904286724    0.00005804385044   -0.01512754991848  
  6.110000   -0.03830450907645   -0.00242751709839    0.00006034150842   -0.01503741493272  
  6.120000   -0.03807591556006   -0.00241607364348    0.00006264873622   -0.01494648458020  
  6.130000   -0.03784871856976   -0.00240471036580    0.00006496517608   -0.01485484198858  
  6.140000   -0.03762292022532   -0.00239342469000    0.00006729016231   -0.01476258222109  
  6.150000   -0.03739852111792   -0.00238221362233    0.00006962273385   -0.01466981124079  
  6.160000   -0.03717552023301   -0.00237107377486    0.00007196164963   -0.01457664476676  
  6.170000   -0.03695391488801   -0.00236000139357    0.00007430540628   -0.01448320703405  
  6.180000   -0.03673370068535   -0.00234899238998    0.00007665225826   -0.01438962947006  
  6.190000   -0.03651487148150   -0.00233804237602    0.00007900024006   -0.01429604930128  
  6.200000   -0.03629741937207   -0.00232714670176    0.00008134719026   -0.01420260810434  
  6.210000   -0.03608133469342   -0.00231630049577    0.00008369077719   -0.01410945031639  
  6.220000   -0.03586660604066   -0.00230549870744    0.00008602852600   -0.01401672172001  
  6.230000   -0.03565322030187   -0.00229473615121    0.00008835784669   -0.01392456791806  
  6.240000   -0.03544116270842   -0.00228400755198    0.00009067606308   -0.01383313281405  
  6.250000   -0.03523041690078   -0.00227330759141    0.00009298044211   -0.01374255711333  
  6.260000   -0.03502096500935   -0.00226263095472    0.00009526822346   -0.01365297686047  
  6.270000   -0.03481278774954   -0.00225197237732    0.00009753664903   -0.01356452202751  
  6.280000   -0.03460586453027   -0.00224132669114    0.00009978299202   -0.01347731516741  
  6.290000   -0.03440017357488   -0.00223068886997    0.00010200458534   -0.01339147014612  
  6.300000   -0.03419569205331   -0.00222005407350    0.00010419884909   -0.01330709096626  
  6.310000   -0.03399239622449   -0.00220941768959    0.00010636331680   -0.01322427069399  
  6.320000   -0.03379026158738   -0.00219877537450    0.00010849566020   -0.01314309049982  
  6.330000   -0.03358926303954   -0.00218812309053    0.00011059371228   -0.01306361882309  
  6.340000   -0.03338937504159   -0.00217745714088    0.00011265548842   -0.01298591066810  
  6.350000   -0.03319057178606   -0.00216677420129    0.00011467920544   -0.01291000703909  
  6.360000   -0.03299282736916   -0.00215607134827    0.00011666329827   -0.01283593451937  
  6.370000   -0.03279611596376   -0.00214534608361    0.00011860643424   -0.01276370499876  
  6.380000   -0.03260041199208   -0.00213459635499    0.00012050752477   -0.01269331555182  
  6.390000   -0.03240569029640   -0.00212382057243    0.00012236573439   -0.01262474846772  
  6.400000   -0.03221192630622   -0.00211301762059    0.00012418048700   -0.01255797143144  
  6.410000   -0.03201909620044   -0.00210218686663    0.00012595146939   -0.01249293785399  
  6.420000   -0.03182717706282   -0.00209132816377    0.00012767863190   -0.01242958734808  
  6.430000   -0.03163614702947   -0.00208044185034    0.00012936218633   -0.01236784634424  
  6.440000   -0.03144598542692   -0.00206952874449    0.00013100260108   -0.01230762884084  
  6.450000   -0.03125667289948   -0.00205859013460    0.00013260059362   -0.01224883728009  
  6.460000   -0.03106819152471   -0.00204762776540    0.00013415712038   -0.01219136354106  
  6.470000   -0.03088052491597   -0.00203664382007    0.00013567336416   -0.01213509003924  
  6.480000   -0.03069365831098   -0.00202564089843    0.00013715071923   -0.01207989092146  
  6.490000   -0.03050757864571   -0.00201462199145    0.00013859077425   -0.01202563334370  
  6.500000   -0.03032227461283   -0.00200359045238    0.00013999529327   -0.01197217881877  
  6.510000   -0.03013773670414   -0.00199254996465    0.00014136619493   -0.01191938462000  
  6.520000   -0.02995395723675   -0.00198150450707    0.00014270553010   -0.01186710522646  
  6.530000   -0.02977093036255   -0.00197045831642    0.00014401545831   -0.01181519379520  
  6.540000   -0.02958865206110   -0.00195941584798    0.00014529822300   -0.01176350364510  
  6.550000   -0.02940712011583   -0.00194838173427    0.00014655612605   -0.01171188973757  
  6.560000   -0.02922633407398   -0.00193736074240    0.00014779150180   -0.01166021013881  
  6.570000   -0.02904629519045   -0.00192635773054    0.00014900669073   -0.01160832744878  
  6.580000   -0.02886700635630   -0.00191537760372    0.00015020401317   -0.01155611018246  
  6.590000   -0.02868847201241   -0.00190442526954    0.00015138574338   -0.01150343408934  
  6.600000   -0.02851069804927   -0.00189350559417    0.00015255408397   -0.01145018339775  
  6.610000   -0.02833369169374   -0.00188262335893    0.00015371114135   -0.01139625197155  
  6.620000   -0.02815746138396   -0.00187178321805    0.00015485890202   -0.01134154436742  
  6.630000   -0.02798201663349   -0.00186098965780    0.00015599921027   -0.01128597678213  
  6.640000   -0.02780736788604   -0.00185024695747    0.00015713374735   -0.01122947788030  
  6.650000   -0.02763352636223   -0.00183955915253    0.00015826401232   -0.01117198949436  
  6.660000   -0.02746050389968   -0.00182893000031    0.00015939130483   -0.01111346718971  
  6.670000   -0.02728831278813   -0.00181836294844    0.00016051670999   -0.01105388068948  
  6.680000   -0.02711696560099   -0.00180786110645    0.00016164108540   -0.01099321415475  
  6.690000   -0.02694647502509   -0.00179742722061    0.00016276505056   -0.01093146631753  
  6.700000   -0.02677685369012   -0.00178706365242    0.00016388897874   -0.01086865046527  
  6.710000   -0.02660811399947   -0.00177677236074    0.00016501299132   -0.01080479427729  
  6.720000   -0.02644026796403   -0.00176655488783    0.00016613695474   -0.01073993951486  
  6.730000   -0.02627332704062   -0.00175641234935    0.00016726048002   -0.01067414156832  
  6.740000   -0.02610730197640   -0.00174634542844    0.00016838292490   -0.01060746886596  
  6.750000   -0.02594220266108   -0.00173635437383    0.00016950339854   -0.01054000215074  
  6.760000   -0.02577803798794   -0.00172643900205    0.00017062076873   -0.01047183363253  
  6.770000   -0.02561481572538   -0.00171659870365    0.00017173367155   -0.01040306602443  
  6.780000   -0.02545254239991   -0.00170683245336    0.00017284052334   -0.01033381147312  
  6.790000   -0.02529122319192   -0.00169713882411    0.00017393953496   -0.01026419039438  
  6.800000   -0.02513086184515   -0.00168751600466    0.00017502872805   -0.01019433022543  
  6.810000   -0.02497146059071   -0.00167796182077    0.00017610595323   -0.01012436410718  
  6.820000   -0.02481302008644   -0.00166847375959    0.00017716891001   -0.01005442950956  
  6.830000   -0.02465553937218   -0.00165904899706    0.00017821516828   -0.00998466681418  
  6.840000   -0.02449901584132   -0.00164968442812    0.00017924219105   -0.00991521786870  
  6.850000   -0.02434344522908   -0.00164037669928    0.00018024735828   -0.00984622452750  
  6.860000   -0.02418882161743   -0.00163112224335    0.00018122799166   -0.00977782719380  
  6.870000   -0.02403513745678   -0.00162191731594    0.00018218137986   -0.00971016337770  
  6.880000   -0.02388238360414   -0.00161275803343    0.00018310480429   -0.00964336628508  
  6.890000   -0.02373054937748   -0.00160364041190    0.00018399556483   -0.00957756345154  
  6.900000   -0.02357962262571   -0.00159456040691    0.00018485100556   -0.00951287543513  
  6.910000   -0.02342958981362   -0.00158551395347    0.00018566854004   -0.00944941458141  
  6.920000   -0.02328043612104   -0.00157649700597    0.00018644567594   -0.00938728387299  
  6.930000   -0.02313214555518   -0.00156750557773    0.00018718003890   -0.00932657587540  
  6.940000   -0.02298470107519   -0.00155853577969    0.00018786939519   -0.00926737178982  
  6.950000   -0.02283808472764   -0.00154958385799    0.00018851167318   -0.00920974062231  
  6.960000   -0.02269227779170   -0.00154064622993    0.00018910498322   -0.00915373847772  
  6.970000   -0.02254726093258   -0.00153171951824    0.00018964763589   -0.00909940798554  
  6.980000   -0.02240301436175   -0.00152280058309    0.00019013815836   -0.00904677786331  
  6.990000   -0.02225951800250   -0.00151388655170    0.00019057530877   -0.00899586262191  
  7.000000   -0.02211675165906   -0.00150497484521    0.00019095808848   -0.00894666241573  
  7.010000   -0.02197469518779   -0.00149606320268    0.00019128575202   -0.00889916303893  
  7.020000   -0.02183332866874   -0.00148714970185    0.00019155781483   -0.00885333606797  
  7.030000   -0.02169263257590   -0.00147823277662    0.00019177405846   -0.00880913914856  
  7.040000   -0.02155258794445   -0.00146931123106    0.00019193453348   -0.00876651642427  
  7.050000   -0.02141317653348   -0.00146038424978    0.00019203955989   -0.00872539910215  
  7.060000   -0.02127438098242   -0.00145145140468    0.00019208972505   -0.00868570614959  
  7.070000   -0.02113618495985   -0.00144251265796    0.00019208587931   -0.00864734511522  
  7.080000   -0.02099857330301   -0.00143356836146    0.00019202912919   -0.00861021306543  
  7.090000   -0.02086153214677   -0.00142461925219    0.00019192082839   -0.00857419762680  
  7.100000   -0.02072504904069   -0.00141566644436    0.00019176256652   -0.00853917812401  
  7.110000   -0.02058911305305   -0.00140671141779    0.00019155615588   -0.00850502680124  
  7.120000   -0.02045371486074   -0.00139775600294    0.00019130361628   -0.00847161011494  
  7.130000   -0.02031884682411   -0.00138880236267    0.00019100715808   -0.00843879008447  
  7.140000   -0.02018450304603   -0.00137985297091    0.00019066916374   -0.00840642568705  
  7.150000   -0.02005067941439   -0.00137091058858    0.00019029216784   -0.00837437428267  
  7.160000   -0.01991737362779   -0.00136197823677    0.00018987883604   -0.00834249305452  
  7.170000   -0.01978458520382   -0.00135305916770    0.00018943194294   -0.00831064045025  
  7.180000   -0.01965231547007   -0.00134415683352    0.00018895434924   -0.00827867760932  
  7.190000   -0.01952056753756   -0.00133527485342    0.00018844897831   -0.00824646976211  
  7.200000   -0.01938934625709   -0.00132641697933    0.00018791879248   -0.00821388758638  
  7.210000   -0.01925865815857   -0.00131758706040    0.00018736676919   -0.00818080850738  
  7.220000   -0.01912851137401   -0.00130878900687    0.00018679587732   -0.00814711792843  
  7.230000   -0.01899891554479   -0.00130002675340    0.00018620905385   -0.00811271037943  
  7.240000   -0.01886988171395   -0.00129130422239    0.00018560918110   -0.00807749057173  
  7.250000   -0.01874142220455   -0.00128262528752    0.00018499906479   -0.00804137434854  
  7.260000   -0.01861355048515   -0.00127399373800    0.00018438141306   -0.00800428952141  
  7.270000   -0.01848628102367   -0.00126541324364    0.00018375881672   -0.00796617658419  
  7.280000   -0.01835962913085   -0.00125688732131    0.00018313373079   -0.00792698929736  
  7.290000   -0.01823361079492   -0.00124841930291    0.00018250845764   -0.00788669513673  
  7.300000   -0.01810824250888   -0.00124001230526    0.00018188513180   -0.00784527560207  
  7.310000   -0.01798354109204   -0.00123166920209    0.00018126570649   -0.00780272638261  
  7.320000   -0.01785952350749   -0.00122339259854    0.00018065194221   -0.00775905737769  
  7.330000   -0.01773620667718   -0.00121518480816    0.00018004539718   -0.00771429257241  
  7.340000   -0.01761360729637   -0.00120704783288    0.00017944741997   -0.00766846976974  
  7.350000   -0.01749174164926   -0.00119898334590    0.00017885914422   -0.00762164018166  
  7.360000   -0.01737062542741   -0.00119099267783    0.00017828148550   -0.00757386788366  
  7.370000   -0.01725027355282   -0.00118307680605    0.00017771514033   -0.00752522913818  
  7.380000   -0.01713070000723   -0.00117523634747    0.00017716058737   -0.00747581159388  
  7.390000   -0.01701191766946   -0.00116747155472    0.00017661809073   -0.00742571336897  
  7.400000   -0.01689393816213   -0.00115978231580    0.00017608770525   -0.00737504202792  
  7.410000   -0.01677677170946   -0.00115216815712    0.00017556928384   -0.00732391346199  
  7.420000   -0.01666042700739   -0.00114462824997    0.00017506248670   -0.00727245068512  
  7.430000   -0.01654491110741   -0.00113716142034    0.00017456679221   -0.00722078255723  
  7.440000   -0.01643022931509   -0.00112976616192    0.00017408150956   -0.00716904244817  
  7.450000   -0.01631638510463   -0.00112244065216    0.00017360579282   -0.00711736685585  
  7.460000   -0.01620338004989   -0.00111518277134    0.00017313865632   -0.00706589399254  
  7.470000   -0.01609121377303   -0.00110799012428    0.00017267899124   -0.00701476235397  
  7.480000   -0.01597988391105   -0.00110086006463    0.00017222558311   -0.00696410928552  
  7.490000   -0.01586938610067   -0.00109378972142    0.00017177713012   -0.00691406956038  
  7.500000   -0.01575971398193   -0.00108677602761    0.00017133226206   -0.00686477398397  
  7.510000   -0.01565085922032   -0.00107981575048    0.00017088955958   -0.00681634803896  
  7.520000   -0.01554281154747   -0.00107290552337    0.00017044757362   -0.00676891058458  
  7.530000   -0.01543555882009   -0.00106604187866    0.00017000484492   -0.00672257262361  
  7.540000   -0.01532908709658   -0.00105922128156    0.00016955992321   -0.00667743614951  
  7.550000   -0.01522338073080   -0.00105244016443    0.00016911138600   -0.00663359308547  
  7.560000   -0.01511842248208   -0.00104569496133    0.00016865785676   -0.00659112432623  
  7.570000   -0.01501419364060   -0.00103898214242    0.00016819802233   -0.00655009889239  
  7.580000   -0.01491067416696   -0.00103229824791    0.00016773064931   -0.00651057320593  
  7.590000   -0.01480784284470   -0.00102563992134    0.00016725459936   -0.00647259049420  
  7.600000   -0.01470567744444   -0.00101900394166    0.00016676884314   -0.00643618032864  
  7.610000   -0.01460415489812   -0.00101238725406    0.00016627247292   -0.00640135830286  
  7.620000   -0.01450325148172   -0.00100578699910    0.00016576471354   -0.00636812585337  
  7.630000   -0.01440294300484   -0.00099920053995    0.00016524493182   -0.00633647022491  
  7.640000   -0.01430320500532   -0.00099262548744    0.00016471264417   -0.00630636458072  
  7.650000   -0.01420401294723   -0.00098605972275    0.00016416752238   -0.00627776825667  
  7.660000   -0.01410534242020   -0.00097950141747    0.00016360939764   -0.00625062715670  
  7.670000   -0.01400716933835   -0.00097294905092    0.00016303826255   -0.00622487428562  
  7.680000   -0.01390947013703   -0.00096640142452    0.00016245427135   -0.00620043041386  
  7.690000   -0.01381222196523   -0.00095985767309    0.00016185773822   -0.00617720486751  
  7.700000   -0.01371540287227   -0.00095331727301    0.00016124913368   -0.00615509643551  
  7.710000   -0.01361899198650   -0.00094678004714    0.00016062907924   -0.00613399438497  
  7.720000   -0.01352296968481   -0.00094024616648    0.00015999834030   -0.00611377957421  
  7.730000   -0.01342731775087   -0.00093371614856    0.00015935781735   -0.00609432565230  
  7.740000   -0.01333201952095   -0.00092719085256    0.00015870853567   -0.00607550033281  
  7.750000   -0.01323706001557   -0.00092067147125    0.00015805163351   -0.00605716672901  
  7.760000   -0.01314242605600   -0.00091415951977    0.00015738834906   -0.00603918473673  
  7.770000   -0.01304810636423   -0.00090765682145    0.00015672000616   -0.00602141245104  
  7.780000   -0.01295409164548   -0.00090116549067    0.00015604799904   -0.00600370760220  
  7.790000   -0.01286037465245   -0.00089468791313    0.00015537377621   -0.00598592899624  
  7.800000   -0.01276695023061   -0.00088822672341    0.00015469882368   -0.00596793794569  
  7.810000   -0.01267381534393   -0.00088178478042    0.00015402464767   -0.00594959967559  
  7.820000   -0.01258096908091   -0.00087536514054    0.00015335275702   -0.00593078469073  
  7.830000   -0.01248841264065   -0.00086897102912    0.00015268464549   -0.00591137008993  
  7.840000   -0.01239614929902   -0.00086260581025    0.00015202177409   -0.00589124081415  
  7.850000   -0.01230418435520   -0.00085627295531    0.00015136555368   -0.00587029081545  
  7.860000   -0.01221252505901   -0.00084997601047    0.00015071732802   -0.00584842413501  
  7.870000   -0.01212118051959   -0.00084371856351    0.00015007835741   -0.00582555587905  
  7.880000   -0.01203016159627   -0.00083750421018    0.00014944980310   -0.00580161308271  
  7.890000   -0.01193948077258   -0.00083133652055    0.00014883271270   -0.00577653545289  
  7.900000   -0.01184915201440   -0.00082521900543    0.00014822800663   -0.00575027598253  
  7.910000   -0.01175919061369   -0.00081915508343    0.00014763646583   -0.00572280142979  
  7.920000   -0.01166961301911   -0.00081314804873    0.00014705872088   -0.00569409265729  
  7.930000   -0.01158043665503   -0.00080720104000    0.00014649524256   -0.00566414482768  
  7.940000   -0.01149167973067   -0.00080131701071    0.00014594633399   -0.00563296745354  
  7.950000   -0.01140336104111   -0.00079549870099    0.00014541212448   -0.00560058430089  
  7.960000   -0.01131549976192   -0.00078974861155    0.00014489256509   -0.00556703314710  
  7.970000   -0.01122811523946   -0.00078406897955    0.00014438742594   -0.00553236539567  
  7.980000   -0.01114122677861   -0.00077846175695    0.00014389629541   -0.00549664555150  
  7.990000   -0.01105485343017   -0.00077292859136    0.00014341858106   -0.00545995056187  
  8.000000   -0.01096901377968   -0.00076747080954    0.00014295351250   -0.00542236902983  
  8.010000   -0.01088372573983   -0.00076208940384    0.00014250014592   -0.00538400030765  
  8.020000   -0.01079900634832   -0.00075678502154    0.00014205737045   -0.00534495347961  
  8.030000   -0.01071487157324   -0.00075155795730    0.00014162391621   -0.00530534624425  
  8.040000   -0.01063133612767   -0.00074640814870    0.00014119836391   -0.00526530370738  
  8.050000   -0.01054841329540   -0.00074133517499    0.00014077915609   -0.00522495709803  
  8.060000   -0.01046611476947   -0.00073633825890    0.00014036460962   -0.00518444242031  
  8.070000   -0.01038445050507   -0.00073141627175    0.00013995292963   -0.00514389905485  
  8.080000   -0.01030342858830   -0.00072656774155    0.00013954222452   -0.00510346832388  
  8.090000   -0.01022305512205   -0.00072179086413    0.00013913052197   -0.00506329203477  
  8.100000   -0.01014333413027   -0.00071708351724    0.00013871578591   -0.00502351101648  
  8.110000   -0.01006426748149   -0.00071244327741    0.00013829593401   -0.00498426366410  
  8.120000   -0.00998585483259   -0.00070786743941    0.00013786885588   -0.00494568450618  
  8.130000   -0.00990809359322   -0.00070335303825    0.00013743243144   -0.00490790280947  
  8.140000   -0.00983097891165   -0.00069889687334    0.00013698454961   -0.00487104123537  
  8.150000   -0.00975450368189   -0.00069449553478    0.00013652312688   -0.00483521456179  
  8.160000   -0.00967865857257   -0.00069014543141    0.00013604612573   -0.00480052848359  
  8.170000   -0.00960343207704   -0.00068584282040    0.00013555157269   -0.00476707850392  
  8.180000   -0.00952881058467   -0.00068158383818    0.00013503757584   -0.00473494892782  
  8.190000   -0.00945477847250   -0.00067736453236    0.00013450234160   -0.00470421196859  
  8.200000   -0.00938131821681   -0.00067318089435    0.00013394419067   -0.00467492697614  
  8.210000   -0.00930841052336   -0.00066902889247    0.00013336157293   -0.00464713979544  
  8.220000   -0.00923603447547   -0.00066490450518    0.00013275308119   -0.00462088226172  
  8.230000   -0.00916416769847   -0.00066080375419    0.00013211746363   -0.00459617183793  
  8.240000   -0.00909278653917   -0.00065672273711    0.00013145363488   -0.00457301139826  
  8.250000   -0.00902186625867   -0.00065265765939    0.00013076068554   -0.00455138916031  
  8.260000   -0.00895138123689   -0.00064860486523    0.00013003789009   -0.00453127876679  
  8.270000   -0.00888130518693   -0.00064456086730    0.00012928471323   -0.00451263951621  
  8.280000   -0.00881161137723   -0.00064052237481    0.00012850081440   -0.00449541674052  
  8.290000   -0.00874227285962   -0.00063648631990    0.00012768605055   -0.00447954232612  
  8.300000   -0.00867326270113   -0.00063244988199    0.00012684047717   -0.00446493537320  
  8.310000   -0.00860455421729   -0.00062841050988    0.00012596434751   -0.00445150298704  
  8.320000   -0.00853612120494   -0.00062436594156    0.00012505811005   -0.00443914119337  
  8.330000   -0.00846793817219   -0.00062031422129    0.00012412240417   -0.00442773596885  
  8.340000   -0.00839998056348   -0.00061625371407    0.00012315805419   -0.00441716437633  
  8.350000   -0.00833222497748   -0.00061218311726    0.00012216606176   -0.00440729579366  
  8.360000   -0.00826464937585   -0.00060810146920    0.00012114759667   -0.00439799322355  
  8.370000   -0.00819723328084   -0.00060400815490    0.00012010398629   -0.00438911467165  
  8.380000   -0.00812995795962   -0.00059990290862    0.00011903670354   -0.00438051457862  
  8.390000   -0.00806280659383   -0.00059578581340    0.00011794735373   -0.00437204529199  
  8.400000   -0.00799576443236   -0.00059165729751    0.00011683766024   -0.00436355856282  
  8.410000   -0.00792881892601   -0.00058751812794    0.00011570944934   -0.00435490705200  
  8.420000   -0.00786195984251   -0.00058336940081    0.00011456463406   -0.00434594583090  
  8.430000   -0.00779517936083   -0.00057921252903    0.00011340519756   -0.00433653386105  
  8.440000   -0.00772847214353   -0.00057504922709    0.00011223317590   -0.00432653543777  
  8.450000   -0.00766183538658   -0.00057088149329    0.00011105064062   -0.00431582158296  
  8.460000   -0.00759526884570   -0.00056671158948    0.00010985968098   -0.00430427137267  
  8.470000   -0.00752877483910   -0.00056254201848    0.00010866238646   -0.00429177318593  
  8.480000   -0.00746235822624   -0.00055837549949    0.00010746082925   -0.00427822586175  
  8.490000   -0.00739602636256   -0.00055421494151    0.00010625704717   -0.00426353975233  
  8.500000   -0.00732978903063   -0.00055006341519    0.00010505302717   -0.00424763766147  
  8.510000   -0.00726365834796   -0.00054592412333    0.00010385068935   -0.00423045565831  
  8.520000   -0.00719764865228   -0.00054180037012    0.00010265187195   -0.00421194375777  
  8.530000   -0.00713177636502   -0.00053769552958    0.00010145831719   -0.00419206646025  
  8.540000   -0.00706605983431   -0.00053361301342    0.00010027165825   -0.00417080314486  
  8.550000   -0.00700051915849   -0.00052955623855    0.00009909340746   -0.00414814831155  
  8.560000   -0.00693517599190   -0.00052552859452    0.00009792494571   -0.00412411166934  
  8.570000   -0.00687005333437   -0.00052153341128    0.00009676751335   -0.00409871806915  
  8.580000   -0.00680517530632   -0.00051757392737    0.00009562220257   -0.00407200728139  
  8.590000   -0.00674056691144   -0.00051365325898    0.00009448995120   -0.00404403362023  
  8.600000   -0.00667625378896   -0.00050977437002    0.00009337153822   -0.00401486541756  
  8.610000   -0.00661226195780   -0.00050594004348    0.00009226758080   -0.00398458435171  
  8.620000   -0.00654861755479   -0.00050215285441    0.00009117853301   -0.00395328463712  
  8.630000   -0.00648534656938   -0.00049841514467    0.00009010468612   -0.00392107208264  
  8.640000   -0.00642247457725   -0.00049472899960    0.00008904617052   -0.00388806302771  
  8.650000   -0.00636002647520   -0.00049109622703    0.00008800295924   -0.00385438316653  
  8.660000   -0.00629802621984   -0.00048751833854    0.00008697487290   -0.00382016627193  
  8.670000   -0.00623649657246   -0.00048399653330    0.00008596158625   -0.00378555283141  
  8.680000   -0.00617545885250   -0.00048053168460    0.00008496263598   -0.00375068860875  
  8.690000   -0.00611493270190   -0.00047712432917    0.00008397742987   -0.00371572314571  
  8.700000   -0.00605493586270   -0.00047377465927    0.00008300525711   -0.00368080821844  
  8.710000   -0.00599548396992   -0.00047048251788    0.00008204529968   -0.00364609626441  
  8.720000   -0.00593659036180   -0.00046724739671    0.00008109664475   -0.00361173879533  
  8.730000   -0.00587826590931   -0.00046406843733    0.00008015829777   -0.00357788481224  
  8.740000   -0.00582051886662   -0.00046094443516    0.00007922919633   -0.00354467923890  
  8.750000   -0.00576335474414   -0.00045787384652    0.00007830822450   -0.00351226138911  
  8.760000   -0.00570677620544   -0.00045485479846    0.00007739422760   -0.00348076348397  
  8.770000   -0.00565078298923   -0.00045188510148    0.00007648602713   -0.00345030923393  
  8.780000   -0.00559537185737   -0.00044896226486    0.00007558243577   -0.00342101250058  
  8.790000   -0.00554053656955   -0.00044608351462    0.00007468227240   -0.00339297605177  
  8.800000   -0.00548626788530   -0.00044324581386    0.00007378437674   -0.00336629042323  
  8.810000   -0.00543255359327   -0.00044044588528    0.00007288762369   -0.00334103289863  
  8.820000   -0.00537937856814   -0.00043768023589    0.00007199093716   -0.00331726661891  
  8.830000   -0.00532672485459   -0.00043494518339    0.00007109330313   -0.00329503983047  
  8.840000   -0.00527457177805   -0.00043223688427    0.00007019378207   -0.00327438528053  
  8.850000   -0.00522289608141   -0.00042955136330    0.00006929152027   -0.00325531976636  
  8.860000   -0.00517167208663   -0.00042688454409    0.00006838576029   -0.00323784384382  
  8.870000   -0.00512087188030   -0.00042423228054    0.00006747585018   -0.00322194169885  
  8.880000   -0.00507046552136   -0.00042159038899    0.00006656125157   -0.00320758118404  
  8.890000   -0.00502042126963   -0.00041895468057    0.00006564154636   -0.00319471402080  
  8.900000   -0.00497070583319   -0.00041632099377    0.00006471644219   -0.00318327616596  
  8.910000   -0.00492128463257   -0.00041368522670    0.00006378577638   -0.00317318833992  
  8.920000   -0.00487212207958   -0.00041104336899    0.00006284951854   -0.00316435671206  
  8.930000   -0.00482318186845   -0.00040839153282    0.00006190777169   -0.00315667373718  
  8.940000   -0.00477442727680   -0.00040572598313    0.00006096077189   -0.00315001913558  
  8.950000   -0.00472582147383   -0.00040304316643    0.00006000888652   -0.00314426100772  
  8.960000   -0.00467732783309   -0.00040033973821    0.00005905261101   -0.00313925707297  
  8.970000   -0.00462891024710   -0.00039761258863    0.00005809256436   -0.00313485602089  
  8.980000   -0.00458053344105   -0.00039485886626    0.00005712948318   -0.00313089896201  
  8.990000   -0.00453216328280   -0.00039207599969    0.00005616421460   -0.00312722096437  
  9.000000   -0.00448376708628   -0.00038926171686    0.00005519770790   -0.00312365266083  
  9.010000   -0.00443531390579   -0.00038641406186    0.00005423100516   -0.00312002191159  
  9.020000   -0.00438677481826   -0.00038353140917    0.00005326523085   -0.00311615550567  
  9.030000   -0.00433812319100   -0.00038061247514    0.00005230158058   -0.00311188088461  
  9.040000   -0.00428933493241   -0.00037765632657    0.00005134130913   -0.00310702787140  
  9.050000   -0.00424038872321   -0.00037466238648    0.00005038571778   -0.00310143038742  
  9.060000   -0.00419126622610   -0.00037163043680    0.00004943614124   -0.00309492814026  
  9.070000   -0.00414195227161   -0.00036856061812    0.00004849393414   -0.00308736826547  
  9.080000   -0.00409243501840   -0.00036545342640    0.00004756045741   -0.00307860690570  
  9.090000   -0.00404270608631   -0.00036230970669    0.00004663706446   -0.00306851071100  
  9.100000   -0.00399276066070   -0.00035913064389    0.00004572508753   -0.00305695824517  
  9.110000   -0.00394259756686   -0.00035591775065    0.00004482582422   -0.00304384128332  
  9.120000   -0.00389221931362   -0.00035267285242    0.00004394052434   -0.00302906598729  
  9.130000   -0.00384163210530   -0.00034939806983    0.00004307037727   -0.00301255394645  
  9.140000   -0.00379084582175   -0.00034609579855    0.00004221649993   -0.00299424307259  
  9.150000   -0.00373987396619   -0.00034276868664    0.00004137992543   -0.00297408833925  
  9.160000   -0.00368873358098   -0.00033941960980    0.00004056159262   -0.00295206235694  
  9.170000   -0.00363744513182   -0.00033605164440    0.00003976233659   -0.00292815577765  
  9.180000   -0.00358603236084   -0.00033266803885    0.00003898288010   -0.00290237752327  
  9.190000   -0.00353452210978   -0.00032927218316    0.00003822382631   -0.00287475483456  
  9.200000   -0.00348294411422   -0.00032586757725    0.00003748565253   -0.00284533313891  
  9.210000   -0.00343133077045   -0.00032245779805    0.00003676870533   -0.00281417573674  
  9.220000   -0.00337971687674   -0.00031904646566    0.00003607319692   -0.00278136330847  
  9.230000   -0.00332813935075   -0.00031563720896    0.00003539920285   -0.00274699324544  
  9.240000   -0.00327663692546   -0.00031223363079    0.00003474666106   -0.00271117881002  
  9.250000   -0.00322524982584   -0.00030883927301    0.00003411537230   -0.00267404813191  
  9.260000   -0.00317401942885   -0.00030545758182    0.00003350500190   -0.00263574304904  
  9.270000   -0.00312298790953   -0.00030209187339    0.00003291508280   -0.00259641780327  
  9.280000   -0.00307219787584   -0.00029874530031    0.00003234501998   -0.00255623760237  
  9.290000   -0.00302169199549   -0.00029542081891    0.00003179409603   -0.00251537706124  
  9.300000   -0.00297151261758   -0.00029212115789    0.00003126147795   -0.00247401853648  
  9.310000   -0.00292170139229   -0.00028884878836    0.00003074622502   -0.00243235036963  
  9.320000   -0.00287229889178   -0.00028560589563    0.00003024729774   -0.00239056505523  
  9.330000   -0.00282334423539   -0.00028239435287    0.00002976356766   -0.00234885735081  
  9.340000   -0.00277487472247   -0.00027921569699    0.00002929382807   -0.00230742234647  
  9.350000   -0.00272692547580   -0.00027607110680    0.00002883680533   -0.00226645351233  
  9.360000   -0.00267952909878   -0.00027296138372    0.00002839117091   -0.00222614074220  
  9.370000   -0.00263271534921   -0.00026988693515    0.00002795555383   -0.00218666841234  
  9.380000   -0.00258651083268   -0.00026684776065    0.00002752855345   -0.00214821347371  
  9.390000   -0.00254093871805   -0.00026384344107    0.00002710875250   -0.00211094359625  
  9.400000   -0.00249601847757   -0.00026087313065    0.00002669473021   -0.00207501538311  
  9.410000   -0.00245176565391   -0.00025793555229    0.00002628507534   -0.00204057267213  
  9.420000   -0.00240819165592   -0.00025502899584    0.00002587839907   -0.00200774494127  
  9.430000   -0.00236530358481   -0.00025215131957    0.00002547334755   -0.00197664583346  
  9.440000   -0.00232310409192   -0.00024929995465    0.00002506861403   -0.00194737181527  
  9.450000   -0.00228159126865   -0.00024647191264    0.00002466295041   -0.00192000098233  
  9.460000   -0.00224075856855   -0.00024366379570    0.00002425517805   -0.00189459202266  
  9.470000   -0.00220059476079   -0.00024087180937    0.00002384419780   -0.00187118334710  
  9.480000   -0.00216108391314   -0.00023809177747    0.00002342899910   -0.00184979239382  
  9.490000   -0.00212220540112   -0.00023531915864    0.00002300866793   -0.00183041511077  
  9.500000   -0.00208393393867   -0.00023254906380    0.00002258239362   -0.00181302561686  
  9.510000   -0.00204623962330   -0.00022977627355    0.00002214947432   -0.00179757603869  
  9.520000   -0.00200908798643   -0.00022699525433    0.00002170932098   -0.00178399651467  
  9.530000   -0.00197244003647   -0.00022420017165    0.00002126145974   -0.00177219535302  
  9.540000   -0.00193625227880   -0.00022138489846    0.00002080553245   -0.00176205932320  
  9.550000   -0.00190047669315   -0.00021854301606    0.00002034129537   -0.00175345405284  
  9.560000   -0.00186506064477   -0.00021566780465    0.00001986861564   -0.00174622449337  
  9.570000   -0.00182994670220   -0.00021275222000    0.00001938746549   -0.00174019540836  
  9.580000   -0.00179507233154   -0.00020978885238    0.00001889791396   -0.00173517182905  
  9.590000   -0.00176036943592   -0.00020676986383    0.00001840011613   -0.00173093941297  
  9.600000   -0.00172576371043   -0.00020368689981    0.00001789429963   -0.00172726463558  
  9.610000   -0.00169117378806   -0.00020053097206    0.00001738074874   -0.00172389474306  
  9.620000   -0.00165651016369   -0.00019729231100    0.00001685978615   -0.00172055740020  
  9.630000   -0.00162167390113   -0.00019396018800    0.00001633175289   -0.00171695998365  
  9.640000   -0.00158655515535   -0.00019052271159    0.00001579698723   -0.00171278850141  
  9.650000   -0.00155103157837   -0.00018696660616    0.00001525580355   -0.00170770616808  
  9.660000   -0.00151496672432   -0.00018327698775    0.00001470847263   -0.00170135173531  
  9.670000   -0.00147820862406   -0.00017943715869    0.00001415520516   -0.00169333776872  
  9.680000   -0.00144058876224   -0.00017542845071    0.00001359614046   -0.00168324917678  
  9.690000   -0.00140192175251   -0.00017123015457    0.00001303134294   -0.00167064242715  
  9.700000   -0.00136200606513   -0.00016681958167    0.00001246080838   -0.00165504602348  
  9.710000   -0.00132062620381   -0.00016217230865    0.00001188448250   -0.00163596294502  
  9.720000   -0.00127755674563   -0.00015726265848    0.00001130229347   -0.00161287585136  
  9.730000   -0.00123256863603   -0.00015206446868    0.00001071419939   -0.00158525589970  
  9.740000   -0.00118543805768   -0.00014655218814    0.00001012025070   -0.00155257598298  
  9.750000   -0.00113595805832   -0.00014070232682    0.00000952066613   -0.00151432904555  
  9.760000   -0.00108395292161   -0.00013449525721    0.00000891591896   -0.00147005184493  
  9.770000   -0.00102929499877   -0.00012791733192    0.00000830682901   -0.00141935409098  
  9.780000   -0.00097192339615   -0.00012096324113    0.00000769465376   -0.00136195231016  
  9.790000   -0.00091186355640   -0.00011363848730    0.00000708117087   -0.00129770707898  
  9.800000   -0.00084924640962   -0.00010596180918    0.00000646874330   -0.00122666149707  
  9.810000   -0.00078432544637   -0.00009796734509    0.00000586035805   -0.00114907800363  
  9.820000   -0.00071748982588   -0.00008970629587    0.00000525963005   -0.00106546998056  
  9.830000   -0.00064927152914   -0.00008124783434    0.00000467076422   -0.00097662414346  
  9.840000   -0.00058034464456   -0.00007267901856    0.00000409847129   -0.00088360961216  
  9.850000   -0.00051151516554   -0.00006410350346    0.00000354783556   -0.00078776987240  
  9.860000   -0.00044370020156   -0.00005563891194    0.00000302413716   -0.00069069465295  
  9.870000   -0.00037789624329   -0.00004741282058    0.00000253263478   -0.00059417005862  
  9.880000   -0.00031513703891   -0.00003955743150    0.00000207831874   -0.00050010706478  
  9.890000   -0.00025644266251   -0.00003220313131    0.00000166564769   -0.00041045056767  
  9.900000   -0.00020276238834   -0.00002547126913    0.00000129828453   -0.00032707340471  
  9.910000   -0.00015491491529   -0.00001946660261    0.00000097884838   -0.00025166186665  
  9.920000   -0.00011353019379   -0.00001426995007    0.00000070869963   -0.00018560095018  
  9.930000   -0.00007899748561   -0.00000993163412    0.00000048777345   -0.00012986868695  
  9.940000   -0.00005142425215   -0.00000646629687    0.00000031447494   -0.00008494912054  
  9.950000   -0.00003060997810   -0.00000384960472    0.00000018564521   -0.00005077275961  
  9.960000   -0.00001603810111   -0.00000201724192    0.00000009660340   -0.00002669159595  
  9.970000   -0.00000688789775   -0.00000086642522    0.00000004126515   -0.00001149314983  
  9.980000   -0.00000206658368   -0.00000025997103    0.00000001233285   -0.00000345472173  
  9.990000   -0.00000026017450   -0.00000003273053    0.00000000154902   -0.00000043542106  
 10.000000    0.00000000000000    0.00000000000000   -0.00000000000000    0.00000000000000  
