<Coefficient>
	 3 Total number of radial orbitals.
	Type	L	Zeta-Orbital
	  I 	0	    1
	   0.18764425061466
	   0.47724919202167
	   0.54455645814369
	   0.37435839757388
	   0.13458760643151
	  -0.05591562956649
	  -0.15902529830773
	  -0.18036218793143
	  -0.15225234252612
	  -0.10322278977038
	  -0.05694168615587
	  -0.02361380014526
	  -0.00556587239583
	   0.00127813943611
	   0.00191889970229
	   0.00031906041932
	  -0.00127883155003
	  -0.00167859026934
	  -0.00091095394969
	  -0.00007037024717
	   0.00030406264236
	   0.00023658685592
	   0.00017287997907
	  -0.00005532406459
	  -0.00001163535705
	  -0.00008503865682
	   0.00008560852645
	  -0.00002977226585
	   0.00011353964662
	  -0.00008277933524
	   0.00011382657195
	Type	L	Zeta-Orbital
	  I 	1	    1
	  -0.21322550936697
	  -0.49594688505404
	  -0.58279116605985
	  -0.48938023229331
	  -0.33188535351988
	  -0.17310394527522
	  -0.05641047984996
	   0.01449054591933
	   0.04432859728294
	   0.04741026341540
	   0.03580157489110
	   0.02122016107795
	   0.00869838333357
	   0.00173988522689
	  -0.00171443869235
	  -0.00122349132255
	  -0.00027411573625
	   0.00150211013202
	   0.00130069391907
	   0.00138304886236
	   0.00017563617029
	   0.00039122179456
	  -0.00055377958407
	   0.00022422928553
	  -0.00050070213654
	   0.00049523070775
	  -0.00045647614035
	   0.00060114914758
	  -0.00063412296661
	   0.00075437965133
	  -0.00121675939881
	Type	L	Zeta-Orbital
	  I 	2	    1
	   0.00745534813121
	   0.03731873187900
	   0.09970495699483
	   0.19432497942885
	   0.30811679451162
	   0.42460051949801
	   0.52538793637629
	   0.59743627411980
	   0.63057092468964
	   0.62309443448397
	   0.57740356158677
	   0.50220535779162
	   0.40989978553047
	   0.31259876875281
	   0.22104247961866
	   0.14431506915063
	   0.08524519934472
	   0.04499475092424
	   0.02013105764580
	   0.00709306515327
	   0.00140671749261
	  -0.00009548331823
	  -0.00023157079987
	   0.00014214523218
	   0.00011441389762
	   0.00014786066801
	  -0.00011542942403
	  -0.00003203698435
	  -0.00017198319637
	   0.00009198940413
	  -0.00028182304262
</Coefficient>
<Mkb>
Left spillage = 5.9933316953e-03
</Mkb>
