<Coefficient>
	 14 Total number of radial orbitals.
	Type	L	Zeta-Orbital
	  Ti 	0	    1
	   0.19099069415019
	   0.05142987959534
	  -0.06584667464524
	  -0.09091693560696
	  -0.07956790767132
	  -0.06353981153276
	  -0.04029591193124
	  -0.02126077674931
	  -0.00311954575449
	   0.00610883454572
	   0.01477693835568
	   0.01636358090465
	   0.02012005685463
	   0.01595133737841
	   0.01709119267895
	   0.01050162426942
	   0.01175400726292
	   0.00432267093808
	   0.00716128434608
	  -0.00021422186047
	   0.00474209908712
	  -0.00313618339365
	   0.00422560188488
	  -0.00498121196401
	   0.00663859035692
	Type	L	Zeta-Orbital
	  Ti 	0	    2
	   0.14965523323182
	   0.16829520212167
	   0.18171819500207
	   0.21180246931324
	   0.19817549165296
	   0.15391126332393
	   0.09502566281927
	   0.04000399362763
	  -0.00685223728332
	  -0.04153888498598
	  -0.06286852715868
	  -0.07231309664168
	  -0.07122513519714
	  -0.06530294806413
	  -0.05404995126511
	  -0.04380054434142
	  -0.03078934031500
	  -0.02250473190638
	  -0.01236750317909
	  -0.00850366868993
	  -0.00192198890683
	  -0.00251122652235
	   0.00190908333144
	  -0.00153826542626
	   0.00316457289890
	Type	L	Zeta-Orbital
	  Ti 	0	    3
	  -0.13056059434427
	   0.25527675230778
	   0.12730186553592
	  -0.10948340678376
	  -0.14589915905909
	  -0.11012535005717
	  -0.10995643145676
	  -0.13784360154701
	  -0.15249352294036
	  -0.14995710712798
	  -0.13731725646348
	  -0.12429577436471
	  -0.11832381253340
	  -0.08937313042755
	  -0.07324105506564
	  -0.04240965007196
	  -0.03022791688887
	  -0.00631473538474
	  -0.00597621765246
	   0.00767339236207
	  -0.00222144042193
	   0.01131896850960
	  -0.00523529443576
	   0.00821754181945
	  -0.01171984625119
	Type	L	Zeta-Orbital
	  Ti 	0	    4
	  -0.17783579144439
	   0.08289734243767
	   0.11015555097259
	   0.07085439697530
	   0.03869377111725
	  -0.03411258057540
	   0.03719601182780
	   0.15150509772653
	   0.23754016773753
	   0.25719384553059
	   0.26131864542685
	   0.25177898760162
	   0.23606256743803
	   0.20154355499000
	   0.15422284899221
	   0.10543638603973
	   0.06496242447104
	   0.03698230808358
	   0.01279168114586
	   0.00582345950125
	  -0.00554835503451
	  -0.00384359710359
	  -0.00668764049813
	   0.00471217450196
	  -0.00691930402583
	Type	L	Zeta-Orbital
	  Ti 	0	    5
	  -0.02483848877785
	  -0.20553910191726
	   0.18900317221853
	  -0.19466665793287
	  -0.79501891377866
	   0.38908146925965
	   0.55322902534197
	   0.37026691247528
	   0.26746314079231
	   0.14988171851439
	   0.03062935915141
	   0.01912075099408
	   0.13476288727239
	   0.07123019588995
	  -0.00622911021628
	  -0.03745617196862
	  -0.01173610910475
	  -0.03084017976951
	  -0.00861873853619
	  -0.01538779051735
	  -0.02414519671384
	  -0.01453789386311
	   0.01312329905010
	  -0.01001429188740
	   0.01329802459203
	Type	L	Zeta-Orbital
	  Ti 	0	    6
	   0.54187440213950
	  -0.15793729382119
	   0.53772988064036
	   0.52938811714968
	  -0.47136298493874
	  -0.04541553297025
	  -0.31185493426973
	  -0.14855705574541
	  -0.10787619069154
	   0.09535509630445
	   0.06247286031700
	   0.18163618624962
	   0.12182633227837
	   0.11693773088228
	   0.06121718560752
	   0.09711614049737
	   0.04265795837785
	   0.03449215895623
	   0.00708049721737
	   0.03087020157373
	  -0.01022226291177
	   0.00884662184842
	  -0.00778286656383
	   0.00698168463696
	  -0.01473527600296
	Type	L	Zeta-Orbital
	  Ti 	1	    1
	  -0.14067701371695
	  -0.17913417186057
	  -0.29426276924128
	  -0.34583251476160
	  -0.37658953237434
	  -0.34373498935519
	  -0.31235358503326
	  -0.25481001862217
	  -0.21300505404814
	  -0.15716949787684
	  -0.12177469979300
	  -0.07944484029573
	  -0.05922738844718
	  -0.03097990095068
	  -0.02392582779801
	  -0.00584907756445
	  -0.00802772550919
	   0.00444971478009
	  -0.00379534782655
	   0.00692914631419
	  -0.00460378051537
	   0.00730222069156
	  -0.00732922194376
	   0.00944274427833
	  -0.02207531264032
	Type	L	Zeta-Orbital
	  Ti 	1	    2
	  -0.26248386836301
	  -0.07402126003242
	  -0.03169102554458
	   0.09979268433699
	   0.14985755485592
	   0.24165750430041
	   0.23803178865498
	   0.24966885623719
	   0.19878437137443
	   0.18288912324313
	   0.12804088418407
	   0.11104454225215
	   0.06068932658681
	   0.05501647787994
	   0.01592549014796
	   0.02383112211198
	  -0.00641522038757
	   0.01259950208414
	  -0.01512758326540
	   0.01159246054184
	  -0.01748700260162
	   0.01588040813229
	  -0.02046651734535
	   0.02500548624648
	  -0.05724601948885
	Type	L	Zeta-Orbital
	  Ti 	1	    3
	  -1.25763079714669
	   0.13542206348294
	   0.75270523526802
	   1.16934015313378
	   0.59185542333149
	  -0.20186672792916
	  -0.46298030165131
	  -0.68133304192690
	  -0.66006656345354
	  -0.58454477538045
	  -0.47421854449966
	  -0.40949788209555
	  -0.30140188377513
	  -0.17785745002055
	  -0.11769333274843
	  -0.03557756955717
	  -0.02782381468045
	   0.01526345171298
	  -0.01391278933229
	   0.04297150095207
	  -0.02297598270315
	   0.04092604578517
	  -0.03170869264944
	   0.05312116544302
	  -0.13753703989105
	Type	L	Zeta-Orbital
	  Ti 	2	    1
	  -0.14159995433302
	  -0.23222309381124
	  -0.32431604230981
	  -0.35463774478383
	  -0.38861956791525
	  -0.38610212509954
	  -0.39375090974466
	  -0.37211580564364
	  -0.35954387631556
	  -0.32373030188378
	  -0.29883260010361
	  -0.25308609342734
	  -0.22192237263472
	  -0.17285261240275
	  -0.14263452579031
	  -0.09720415548029
	  -0.07607790061262
	  -0.04051342948973
	  -0.03251523074252
	  -0.00751930399447
	  -0.01211342868779
	   0.00601795552519
	  -0.00774992438785
	   0.00909072126569
	  -0.04988054040631
	Type	L	Zeta-Orbital
	  Ti 	2	    2
	   0.28875939298512
	   0.15095123154492
	  -0.10369404285481
	  -0.22070276373909
	  -0.32011218598933
	  -0.31759039396968
	  -0.32398684066709
	  -0.31534633343892
	  -0.31967656837550
	  -0.28902407170338
	  -0.26815713032569
	  -0.21836907301318
	  -0.19590572098078
	  -0.15472596029948
	  -0.12163151160683
	  -0.08237628186022
	  -0.06000635638962
	  -0.03263104224849
	  -0.02003722748734
	  -0.00664103088129
	  -0.00315987907712
	   0.00100972212673
	  -0.00166360844481
	   0.00162745552208
	  -0.00824937730127
	Type	L	Zeta-Orbital
	  Ti 	2	    3
	   0.48424770096301
	  -1.13857964970191
	   0.35225470735240
	  -0.35153943255558
	   0.23649889049058
	  -0.15540778691275
	   0.26516784126555
	  -0.05757200231744
	   0.20513869591088
	  -0.06379024292638
	   0.18111076071802
	  -0.11236204958376
	   0.21545347033432
	  -0.07038773172028
	   0.20102826575366
	  -0.12140092487310
	   0.21893494310702
	  -0.14638256938516
	   0.21446304447233
	  -0.19044013758144
	   0.23596544812993
	  -0.25007545955234
	   0.28790263740933
	  -0.29679292834814
	   1.69833838763270
	Type	L	Zeta-Orbital
	  Ti 	3	    1
	  -0.24564965275676
	  -0.38252845473357
	  -0.29935484512345
	  -0.39342816614846
	  -0.32579788010261
	  -0.29385809358556
	  -0.22489885430055
	  -0.18766985945437
	  -0.12334338386952
	  -0.10483414790243
	  -0.06053542833844
	  -0.06775701900382
	  -0.03546150941136
	  -0.04173005615266
	  -0.01467190875788
	  -0.02320988503403
	  -0.00083080931766
	  -0.01686604941966
	   0.00425933819536
	  -0.01353326279419
	   0.01012239144699
	  -0.00942574463066
	   0.00832330670781
	   0.01537674424581
	   0.19312376447484
	Type	L	Zeta-Orbital
	  Ti 	3	    2
	   1.21808468015094
	   1.19996149444669
	  -0.34034981720869
	  -0.28437791362934
	  -0.65554855872645
	  -0.56399032712881
	  -0.65222533816981
	  -0.27469249985415
	  -0.21535041381019
	  -0.08523440341441
	  -0.18864647146293
	  -0.07468589132052
	  -0.17695050345930
	   0.02872100170301
	  -0.07513885690187
	   0.02208347641924
	  -0.08352401220238
	   0.05794161106222
	  -0.07434588805126
	   0.07869651600296
	  -0.07201686869936
	   0.06352719845260
	  -0.05843017517240
	  -0.14342683063863
	  -1.43984595259380
</Coefficient>
<Mkb>
Left spillage = 2.0120473488e-03
</Mkb>
