<Coefficient>
	 2 Total number of radial orbitals.
	Type	L	Zeta-Orbital
	  N 	0	    1
	  -0.11555715725430
	  -0.32867192262099
	  -0.47667514471932
	  -0.50999261124549
	  -0.46007219787352
	  -0.36547262133092
	  -0.25739477307829
	  -0.15791727222672
	  -0.07279512881703
	  -0.00717669626755
	   0.04062253838285
	   0.07144053792473
	   0.08908933381733
	   0.09584594546351
	   0.09514126192793
	   0.08864174527997
	   0.07879378489379
	   0.06674011640393
	   0.05431593006014
	   0.04224066679238
	   0.03140459507878
	   0.02216266199409
	   0.01467987556766
	   0.00891806577045
	   0.00474721754055
	   0.00202080389121
	   0.00036599206478
	  -0.00039500206446
	  -0.00066117232049
	  -0.00049689469099
	  -0.00027325804836
	Type	L	Zeta-Orbital
	  N 	1	    1
	  -0.08733229529263
	  -0.26016263480498
	  -0.42033773354239
	  -0.52610483140617
	  -0.58303707711064
	  -0.59775535936611
	  -0.58969205990180
	  -0.56364829431752
	  -0.52765653569508
	  -0.48628594143716
	  -0.44431164927479
	  -0.40007734725860
	  -0.35688610950515
	  -0.31595881718439
	  -0.27770459871519
	  -0.24122738431962
	  -0.20718124211665
	  -0.17524574352703
	  -0.14636181564577
	  -0.11926260983951
	  -0.09537109433138
	  -0.07392422598612
	  -0.05578401825329
	  -0.03997064259478
	  -0.02760065891932
	  -0.01747289031479
	  -0.01033945307731
	  -0.00477138812985
	  -0.00165659710042
	   0.00078989545875
	   0.00102937289317
</Coefficient>
<Mkb>
Left spillage = 2.1392442499e-02
</Mkb>
