<Coefficient>
	 7 Total number of radial orbitals.
	Type	L	Zeta-Orbital
	  Ca 	0	    1
	   0.15919368060159
	   0.07897402123450
	  -0.01779138868589
	  -0.03858328692224
	  -0.02775069872135
	  -0.02019693730617
	  -0.01289823959521
	  -0.00776121196801
	  -0.00330278304194
	  -0.00097281048917
	   0.00384111813410
	   0.00197797253402
	   0.00424114538180
	   0.00269684220752
	   0.00306711661406
	   0.00119080948637
	   0.00212852580303
	  -0.00038035011996
	   0.00116781473566
	  -0.00159874858243
	   0.00081440401148
	  -0.00206003530651
	   0.00126989752820
	  -0.00206390613984
	   0.00196521005090
	  -0.00228376662985
	   0.00262996819935
	  -0.00328873948926
	Type	L	Zeta-Orbital
	  Ca 	0	    2
	  -0.10176995044885
	  -0.15871546386780
	  -0.19964620859360
	  -0.22323819825194
	  -0.21134542782227
	  -0.16616166138276
	  -0.11149986627315
	  -0.05999204912446
	  -0.02043286958874
	   0.00546635538476
	   0.01731952346626
	   0.02223777049784
	   0.01939455652759
	   0.01520066810883
	   0.00955508637721
	   0.00560456572031
	   0.00188330326108
	   0.00096662291085
	  -0.00052724478004
	   0.00043956668366
	  -0.00040157439545
	   0.00094480867191
	  -0.00031229415453
	   0.00102815629835
	  -0.00067328366549
	   0.00096272371769
	  -0.00108363952074
	   0.00128842839613
	Type	L	Zeta-Orbital
	  Ca 	0	    3
	  -0.28607733627313
	   0.11827971949694
	   0.15685303961979
	  -0.17064511514974
	   0.21952010150886
	   0.20734496863072
	   0.08548131914648
	   0.09126937878566
	  -0.03893797252352
	  -0.05601812655536
	   0.04909206374664
	  -0.04627219115619
	  -0.00867209377882
	   0.03149643126940
	  -0.01922065831880
	   0.01471144188468
	  -0.01119999053882
	   0.01407307421030
	  -0.00747381382970
	   0.01046893554266
	  -0.01282266299207
	   0.00384520872313
	  -0.01216728178230
	   0.00395178844314
	  -0.00815596504866
	   0.01010916121114
	  -0.00461306671220
	   0.00877088399242
	Type	L	Zeta-Orbital
	  Ca 	0	    4
	  -0.09728128851312
	   0.13824586947736
	   0.29497334116769
	   0.16829689056240
	  -0.24225992294478
	  -0.29897722138243
	  -0.08074217585087
	  -0.20234570055274
	   0.06603277241459
	   0.06713806045090
	  -0.09125542660419
	   0.09217777548394
	   0.02718688129862
	  -0.06115142646402
	   0.04506859331652
	  -0.03688256232956
	   0.02597547937024
	  -0.02603708877689
	   0.02277204209103
	  -0.02234579934344
	   0.02328056142173
	  -0.01531846974652
	   0.02224568526950
	  -0.01207660631345
	   0.01850137013279
	  -0.01861204927376
	   0.01431925268159
	  -0.01970927209656
	Type	L	Zeta-Orbital
	  Ca 	1	    1
	   0.03666253045024
	   0.14150744608280
	   0.25892591291535
	   0.34319998326055
	   0.37507529889811
	   0.36677720831131
	   0.33065020628078
	   0.27867736322937
	   0.22049834499764
	   0.16565471512027
	   0.11716130782137
	   0.07798855371468
	   0.04771579518909
	   0.02677450074886
	   0.01304019659249
	   0.00541340420790
	   0.00134895587088
	   0.00013287390793
	  -0.00034299577610
	   0.00008035387664
	  -0.00001986910606
	   0.00031956811389
	  -0.00004053769466
	   0.00021770905995
	  -0.00020597612611
	   0.00019459000504
	  -0.00029592093873
	   0.00050375328230
	Type	L	Zeta-Orbital
	  Ca 	1	    2
	   0.40782855567329
	   0.18788320149642
	  -0.03003537620924
	  -0.24372646787119
	  -0.24379906639121
	  -0.26728835304379
	  -0.22429166331278
	  -0.21019880843977
	  -0.15156476457123
	  -0.13079813917849
	  -0.08314147873856
	  -0.07088739789613
	  -0.03569824750215
	  -0.03520676522664
	  -0.01036409245170
	  -0.01893232048326
	   0.00224420364902
	  -0.01187225571037
	   0.00760774240888
	  -0.01042756923135
	   0.01063643814633
	  -0.01102603668241
	   0.01223807858531
	  -0.01298207539515
	   0.01530889965321
	  -0.01656022825226
	   0.02067522605254
	  -0.03916804991556
	Type	L	Zeta-Orbital
	  Ca 	2	    1
	  -0.27343715432366
	  -0.45319700437435
	  -0.52290567873822
	  -0.53001047998750
	  -0.54952241271756
	  -0.54357447630760
	  -0.53309107156067
	  -0.49482645092974
	  -0.45639156311999
	  -0.39578332663275
	  -0.34065477705762
	  -0.27448102286479
	  -0.21822674277332
	  -0.15675773014070
	  -0.11372490232076
	  -0.06883636188626
	  -0.04542931467444
	  -0.01906274302610
	  -0.01364481508852
	  -0.00008933976521
	  -0.00490359776534
	   0.00405611560196
	  -0.00487128212907
	   0.00476823352286
	  -0.00569037680702
	   0.00634476598170
	  -0.00778731972997
	   0.02945302663460
</Coefficient>
<Mkb>
Left spillage = 3.8197884942e-03
</Mkb>
