---------------------------------------------------------------------------
Element                     Ti
Energy Cutoff(Ry)           100
Radius Cutoff(a.u.)         9
Lmax                        3
Number of Sorbital-->       2
Number of Porbital-->       1
Number of Dorbital-->       1
Number of Forbital-->       0
---------------------------------------------------------------------------
SUMMARY  END

Mesh                        901
dr                          0.01
                Type                   L                   N
                   0                   0                   0
1.98028255525096e+00  1.98013205543367e+00  1.97968065200780e+00  1.97892863286185e+00  
1.97787647717924e+00  1.97652485449457e+00  1.97487462337711e+00  1.97292682974643e+00  
1.97068270482607e+00  1.96814366274270e+00  1.96531129777945e+00  1.96218738129312e+00  
1.95877385830641e+00  1.95507284378720e+00  1.95108661862818e+00  1.94681762534095e+00  
1.94226846347973e+00  1.93744188481071e+00  1.93234078824386e+00  1.92696821454460e+00  
1.92132734084368e+00  1.91542147496374e+00  1.90925404958193e+00  1.90282861624804e+00  
1.89614883927810e+00  1.88921848954342e+00  1.88204143817548e+00  1.87462165020665e+00  
1.86696317816729e+00  1.85907015565901e+00  1.85094679092417e+00  1.84259736043114e+00  
1.83402620249450e+00  1.82523771094903e+00  1.81623632889565e+00  1.80702654253708e+00  
1.79761287512013e+00  1.78799988100098e+00  1.77819213984890e+00  1.76819425100329e+00  
1.75801082799758e+00  1.74764649326320e+00  1.73710587302536e+00  1.72639359240170e+00  
1.71551427071381e+00  1.70447251702044e+00  1.69327292588031e+00  1.68192007335131e+00  
1.67041851323184e+00  1.65877277354885e+00  1.64698735329627e+00  1.63506671942612e+00  
1.62301530409400e+00  1.61083750215915e+00  1.59853766893855e+00  1.58612011821339e+00  
1.57358912048544e+00  1.56094890147963e+00  1.54820364088858e+00  1.53535747135371e+00  
1.52241447767686e+00  1.50937869625556e+00  1.49625411473430e+00  1.48304467186358e+00  
1.46975425755779e+00  1.45638671314238e+00  1.44294583178039e+00  1.42943535906778e+00  
1.41585899378655e+00  1.40222038880460e+00  1.38852315211036e+00  1.37477084797072e+00  
1.36096699819984e+00  1.34711508352679e+00  1.33321854504961e+00  1.31928078576346e+00  
1.30530517215034e+00  1.29129503581817e+00  1.27725367517681e+00  1.26318435713902e+00  
1.24909031883434e+00  1.23497476932412e+00  1.22084089130633e+00  1.20669184279879e+00  
1.19253075879020e+00  1.17836075284822e+00  1.16418491867474e+00  1.15000633159853e+00  
1.13582804999601e+00  1.12165311663155e+00  1.10748455990894e+00  1.09332539502625e+00  
1.07917862502702e+00  1.06504724174103e+00  1.05093422660859e+00  1.03684255138283e+00  
1.02277517870520e+00  1.00873506254959e+00  9.94725148531749e-01  9.80748374080456e-01  
9.66807668468345e-01  9.52905952700235e-01  9.39046139257827e-01  9.25231131700074e-01  
9.11463824119175e-01  8.97747100452747e-01  8.84083833653344e-01  8.70476884717021e-01  
8.56929101573309e-01  8.43443317839441e-01  8.30022351442314e-01  8.16669003112127e-01  
8.03386054752254e-01  7.90176267690333e-01  7.77042380816121e-01  7.63987108612093e-01  
7.51013139083238e-01  7.38123131592927e-01  7.25319714612164e-01  7.12605483389876e-01  
6.99982997552296e-01  6.87454778639815e-01  6.75023307589981e-01  6.62691022175610e-01  
6.50460314407209e-01  6.38333527909149e-01  6.26312955279191e-01  6.14400835441125e-01  
6.02599351000414e-01  5.90910625612780e-01  5.79336721375782e-01  5.67879636253354e-01  
5.56541301543344e-01  5.45323579397957e-01  5.34228260406931e-01  5.23257061253156e-01  
5.12411622450218e-01  5.01693506171197e-01  4.91104194177735e-01  4.80645085858158e-01  
4.70317496383055e-01  4.60122654986403e-01  4.50061703379889e-01  4.40135694307687e-01  
4.30345590248450e-01  4.20692262270805e-01  4.11176489048108e-01  4.01798956037658e-01  
3.92560254828999e-01  3.83460882665337e-01  3.74501242141469e-01  3.65681641080985e-01  
3.57002292594844e-01  3.48463315322759e-01  3.40064733858129e-01  3.31806479356581e-01  
3.23688390327486e-01  3.15710213607110e-01  3.07871605511377e-01  3.00172133165525e-01  
2.92611276007250e-01  2.85188427459279e-01  2.77902896766642e-01  2.70753910993284e-01  
2.63740617172047e-01  2.56862084601439e-01  2.50117307282088e-01  2.43505206485184e-01  
2.37024633444783e-01  2.30674372165311e-01  2.24453142335248e-01  2.18359602337532e-01  
2.12392352346916e-01  2.06549937504209e-01  2.00830851157055e-01  1.95233538156743e-01  
1.89756398200345e-01  1.84397789207411e-01  1.79156030720365e-01  1.74029407317757e-01  
1.69016172029586e-01  1.64114549743966e-01  1.59322740594603e-01  1.54638923318709e-01  
1.50061258575244e-01  1.45587892213656e-01  1.41216958483624e-01  1.36946583176700e-01  
1.32774886691142e-01  1.28699987011699e-01  1.24720002596602e-01  1.20833055164526e-01  
1.17037272374861e-01  1.13330790395170e-01  1.09711756350375e-01  1.06178330648761e-01  
1.02728689180586e-01  9.93610253856821e-02  9.60735521871378e-02  9.28645037887606e-02  
8.97321373347214e-02  8.66747344304124e-02  8.36906025242124e-02  8.07780761504889e-02  
7.79355180347891e-02  7.51613200627808e-02  7.24539041150883e-02  6.98117227707317e-02  
6.72332598824051e-02  6.47170310273438e-02  6.22615838379904e-02  5.98654982171146e-02  
5.75273864424335e-02  5.52458931661475e-02  5.30196953151193e-02  5.08475018977085e-02  
4.87280537235059e-02  4.66601230424099e-02  4.46425131096317e-02  4.26740576833272e-02  
4.07536204616137e-02  3.88800944657541e-02  3.70524013762616e-02  3.52694908286297e-02  
3.35303396752744e-02  3.18339512201526e-02  3.01793544323325e-02  2.85656031445910e-02  
2.69917752428692e-02  2.54569718521487e-02  2.39603165240131e-02  2.25009544308432e-02  
2.10780515712484e-02  1.96907939909823e-02  1.83383870232138e-02  1.70200545516422e-02  
1.57350382995473e-02  1.44825971474687e-02  1.32620064818060e-02  1.20725575762268e-02  
1.09135570073760e-02  9.78432610598479e-03  8.68420044409814e-03  7.61252935876490e-03  
6.56867551218478e-03  5.55201448796068e-03  4.56193442278977e-03  3.59783567262201e-03  
2.65913051204308e-03  1.74524286538007e-03  8.55608067804818e-04  -1.03273454940124e-05  
-8.53105824171940e-04  -1.67325896387189e-03  -2.47130764601602e-03  -3.24776215870330e-03  
-4.00312230123208e-03  -4.73787747479911e-03  -5.45250676193833e-03  -6.14747899723688e-03  
-6.82325283182905e-03  -7.48027679409382e-03  -8.11898934889544e-03  -8.73981895759195e-03  
-9.34318414090647e-03  -9.92949354660638e-03  -1.04991460237716e-02  -1.10525307052554e-02  
-1.15900270997505e-02  -1.21120051946773e-02  -1.26188255709026e-02  -1.31108395300878e-02  
-1.35883892352537e-02  -1.40518078649344e-02  -1.45014197810804e-02  -1.49375407106645e-02  
-1.53604779407431e-02  -1.57705305265261e-02  -1.61679895118311e-02  -1.65531381611167e-02  
-1.69262522021345e-02  -1.72876000780882e-02  -1.76374432080589e-02  -1.79760362543398e-02  
-1.83036273952247e-02  -1.86204586017147e-02  -1.89267659165468e-02  -1.92227797339009e-02  
-1.95087250781228e-02  -1.97848218797898e-02  -2.00512852474608e-02  -2.03083257334829e-02  
-2.05561495922751e-02  -2.07949590295734e-02  -2.10249524412031e-02  -2.12463246400407e-02  
-2.14592670699323e-02  -2.16639680054647e-02  -2.18606127366075e-02  -2.20493837373961e-02  
-2.22304608179667e-02  -2.24040212594151e-02  -2.25702399311099e-02  -2.27292893902538e-02  
-2.28813399636486e-02  -2.30265598117897e-02  -2.31651149755693e-02  -2.32971694060327e-02  
-2.34228849777802e-02  -2.35424214867540e-02  -2.36559366332887e-02  -2.37635859914293e-02  
-2.38655229656402e-02  -2.39618987361330e-02  -2.40528621941331e-02  -2.41385598684857e-02  
-2.42191358450658e-02  -2.42947316805044e-02  -2.43654863117828e-02  -2.44315359632607e-02  
-2.44930140527110e-02  -2.45500510979211e-02  -2.46027746253926e-02  -2.46513090826323e-02  
-2.46957757554671e-02  -2.47362926917485e-02  -2.47729746327285e-02  -2.48059329532937e-02  
-2.48352756121388e-02  -2.48611071128446e-02  -2.48835284767020e-02  -2.49026372279904e-02  
-2.49185273922828e-02  -2.49312895082058e-02  -2.49410106529373e-02  -2.49477744815793e-02  
-2.49516612803909e-02  -2.49527480337261e-02  -2.49511085043698e-02  -2.49468133268328e-02  
-2.49399301130248e-02  -2.49305235696014e-02  -2.49186556261580e-02  -2.49043855733328e-02  
-2.48877702097792e-02  -2.48688639968790e-02  -2.48477192199865e-02  -2.48243861549291e-02  
-2.47989132384365e-02  -2.47713472411295e-02  -2.47417334416757e-02  -2.47101158007041e-02  
-2.46765371330764e-02  -2.46410392771238e-02  -2.46036632594943e-02  -2.45644494542903e-02  
-2.45234377352388e-02  -2.44806676197006e-02  -2.44361784034060e-02  -2.43900092848933e-02  
-2.43421994787269e-02  -2.42927883166804e-02  -2.42418153361860e-02  -2.41893203554733e-02  
-2.41353435349497e-02  -2.40799254245044e-02  -2.40231069965544e-02  -2.39649296647844e-02  
-2.39054352886693e-02  -2.38446661640019e-02  -2.37826649997797e-02  -2.37194748819319e-02  
-2.36551392244920e-02  -2.35897017089349e-02  -2.35232062125082e-02  -2.34556967264866e-02  
-2.33872172653690e-02  -2.33178117681215e-02  -2.32475239926319e-02  -2.31763974046099e-02  
-2.31044750622024e-02  -2.30317994976350e-02  -2.29584125972063e-02  -2.28843554809722e-02  
-2.28096683834492e-02  -2.27343905366516e-02  -2.26585600567424e-02  -2.25822138355366e-02  
-2.25053874380424e-02  -2.24281150071548e-02  -2.23504291765453e-02  -2.22723609926993e-02  
-2.21939398469614e-02  -2.21151934183437e-02  -2.20361476277420e-02  -2.19568266040880e-02  
-2.18772526628480e-02  -2.17974462971493e-02  -2.17174261816937e-02  -2.16372091894874e-02  
-2.15568104212893e-02  -2.14762432475557e-02  -2.13955193625346e-02  -2.13146488500424e-02  
-2.12336402603453e-02  -2.11525006974555e-02  -2.10712359160524e-02  -2.09898504271470e-02  
-2.09083476115232e-02  -2.08267298399126e-02  -2.07449985988003e-02  -2.06631546207009e-02  
-2.05811980177080e-02  -2.04991284170835e-02  -2.04169450976446e-02  -2.03346471256913e-02  
-2.02522334892325e-02  -2.01697032292811e-02  -2.00870555670252e-02  -2.00042900257179e-02  
-1.99214065461912e-02  -1.98384055949524e-02  -1.97552882639062e-02  -1.96720563608193e-02  
-1.95887124897446e-02  -1.95052601207125e-02  -1.94217036481089e-02  -1.93380484372663e-02  
-1.92543008589106e-02  -1.91704683112237e-02  -1.90865592294033e-02  -1.90025830827208e-02  
-1.89185503591998e-02  -1.88344725381564e-02  -1.87503620509584e-02  -1.86662322304752e-02  
-1.85820972497944e-02  -1.84979720508867e-02  -1.84138722639938e-02  -1.83298141186000e-02  
-1.82458143469310e-02  -1.81618900809864e-02  -1.80780587441793e-02  -1.79943379386972e-02  
-1.79107453297428e-02  -1.78272985278354e-02  -1.77440149703708e-02  -1.76609118036396e-02  
-1.75780057664966e-02  -1.74953130768511e-02  -1.74128493221217e-02  -1.73306293547506e-02  
-1.72486671938251e-02  -1.71669759337864e-02  -1.70855676611375e-02  -1.70044533799772e-02  
-1.69236429471018e-02  -1.68431450173174e-02  -1.67629669995045e-02  -1.66831150238719e-02  
-1.66035939207224e-02  -1.65244072109407e-02  -1.64455571082998e-02  -1.63670445335615e-02  
-1.62888691402369e-02  -1.62110293517519e-02  -1.61335224096569e-02  -1.60563444324088e-02  
-1.59794904841501e-02  -1.59029546528165e-02  -1.58267301368084e-02  -1.57508093393847e-02  
-1.56751839698568e-02  -1.55998451506025e-02  -1.55247835288555e-02  -1.54499893921892e-02  
-1.53754527865714e-02  -1.53011636358489e-02  -1.52271118615034e-02  -1.51532875015229e-02  
-1.50796808272384e-02  -1.50062824570032e-02  -1.49330834656168e-02  -1.48600754884431e-02  
-1.47872508192254e-02  -1.47146025006602e-02  -1.46421244068668e-02  -1.45698113169667e-02  
-1.44976589790775e-02  -1.44256641641164e-02  -1.43538247089124e-02  -1.42821395482273e-02  
-1.42106087353962e-02  -1.41392334514087e-02  -1.40680160023652e-02  -1.39969598053550e-02  
-1.39260693629164e-02  -1.38553502263505e-02  -1.37848089482659e-02  -1.37144530248404e-02  
-1.36442908283820e-02  -1.35743315308652e-02  -1.35045850192093e-02  -1.34350618031409e-02  
-1.33657729165568e-02  -1.32967298133652e-02  -1.32279442588355e-02  -1.31594282175307e-02  
-1.30911937389290e-02  -1.30232528418590e-02  -1.29556173988913e-02  -1.28882990218195e-02  
-1.28213089493588e-02  -1.27546579381661e-02  -1.26883561582498e-02  -1.26224130937982e-02  
-1.25568374503982e-02  -1.24916370695550e-02  -1.24268188513519e-02  -1.23623886860071e-02  
-1.22983513950012e-02  -1.22347106823513e-02  -1.21714690965111e-02  -1.21086280032713e-02  
-1.20461875699293e-02  -1.19841467608821e-02  -1.19225033446927e-02  -1.18612539125598e-02  
-1.18003939080178e-02  -1.17399176675775e-02  -1.16798184719162e-02  -1.16200886071212e-02  
-1.15607194353932e-02  -1.15017014745230e-02  -1.14430244853730e-02  -1.13846775665109e-02  
-1.13266492550810e-02  -1.12689276329307e-02  -1.12115004369641e-02  -1.11543551726495e-02  
-1.10974792295798e-02  -1.10408599979629e-02  -1.09844849849097e-02  -1.09283419293930e-02  
-1.08724189147561e-02  -1.08167044776822e-02  -1.07611877125622e-02  -1.07058583702491e-02  
-1.06507069502371e-02  -1.05957247853700e-02  -1.05409041182543e-02  -1.04862381686345e-02  
-1.04317211910732e-02  -1.03773485223755e-02  -1.03231166182937e-02  -1.02690230791561e-02  
-1.02150666641661e-02  -1.01612472942335e-02  -1.01075660433055e-02  -1.00540251182824e-02  
-1.00006278277081e-02  -9.94737853953950e-03  -9.89428262840233e-03  -9.84134641284364e-03  
-9.78857708318952e-03  -9.73598262070737e-03  -9.68357170885615e-03  -9.63135363748846e-03  
-9.57933820093150e-03  -9.52753559094127e-03  -9.47595628556740e-03  -9.42461093501281e-03  
-9.37351024559661e-03  -9.32266486295341e-03  -9.27208525560507e-03  -9.22178160004247e-03  
-9.17176366843845e-03  -9.12204072008979e-03  -9.07262139764946e-03  -9.02351362916698e-03  
-8.97472453689683e-03  -8.92626035377189e-03  -8.87812634836324e-03  -8.83032675906998e-03  
-8.78286473818871e-03  -8.73574230642184e-03  -8.68896031827980e-03  -8.64251843873006e-03  
-8.59641513133425e-03  -8.55064765800632e-03  -8.50521209040901e-03  -8.46010333289817e-03  
-8.41531515680542e-03  -8.37084024574733e-03  -8.32667025153459e-03  -8.28279586015907e-03  
-8.23920686723045e-03  -8.19589226214975e-03  -8.15284032021402e-03  -8.11003870177632e-03  
-8.06747455750827e-03  -8.02513463875813e-03  -7.98300541194253e-03  -7.94107317587382e-03  
-7.89932418088889e-03  -7.85774474863425e-03  -7.81632139134689e-03  -7.77504092947875e-03  
-7.73389060652520e-03  -7.69285819994184e-03  -7.65193212707457e-03  -7.61110154506908e-03  
-7.57035644378774e-03  -7.52968773082395e-03  -7.48908730778202e-03  -7.44854813707257e-03  
-7.40806429856483e-03  -7.36763103553172e-03  -7.32724478943184e-03  -7.28690322317287e-03  
-7.24660523261777e-03  -7.20635094620408e-03  -7.16614171266484e-03  -7.12598007695140e-03  
-7.08586974457672e-03  -7.04581553470529e-03  -7.00582332243064e-03  -6.96589997078074e-03  
-6.92605325309897e-03  -6.88629176653540e-03  -6.84662483747622e-03  -6.80706241981501e-03  
-6.76761498704338e-03  -6.72829341919678e-03  -6.68910888574726e-03  -6.65007272557148e-03  
-6.61119632515848e-03  -6.57249099623513e-03  -6.53396785400044e-03  -6.49563769715261e-03  
-6.45751089088122e-03  -6.41959725396734e-03  -6.38190595110071e-03  -6.34444539147130e-03  
-6.30722313463877e-03  -6.27024580460998e-03  -6.23351901298276e-03  -6.19704729192390e-03  
-6.16083403765972e-03  -6.12488146505431e-03  -6.08919057374793e-03  -6.05376112621376e-03  
-6.01859163798133e-03  -5.98367938015244e-03  -5.94902039422271e-03  -5.91460951909747e-03  
-5.88044043007693e-03  -5.84650568946572e-03  -5.81279680835153e-03  -5.77930431898493e-03  
-5.74601785709241e-03  -5.71292625335245e-03  -5.68001763317711e-03  -5.64727952385618e-03  
-5.61469896804893e-03  -5.58226264254187e-03  -5.54995698113942e-03  -5.51776830050746e-03  
-5.48568292776085e-03  -5.45368732856218e-03  -5.42176823449213e-03  -5.38991276845326e-03  
-5.35810856688510e-03  -5.32634389759348e-03  -5.29460777203546e-03  -5.26289005095243e-03  
-5.23118154230090e-03  -5.19947409050348e-03  -5.16776065612118e-03  -5.13603538513806e-03  
-5.10429366714472e-03  -5.07253218181307e-03  -5.04074893316413e-03  -5.00894327124500e-03  
-4.97711590095398e-03  -4.94526887787108e-03  -4.91340559107894e-03  -4.88153073308202e-03  
-4.84965025705702e-03  -4.81777132178998e-03  -4.78590222477492e-03  -4.75405232406372e-03  
-4.72223194956978e-03  -4.69045230462760e-03  -4.65872535871195e-03  -4.62706373230533e-03  
-4.59548057498287e-03  -4.56398943785415e-03  -4.53260414155930e-03  -4.50133864106381e-03  
-4.47020688853454e-03  -4.43922269560183e-03  -4.40839959632356e-03  -4.37775071216852e-03  
-4.34728862031996e-03  -4.31702522657699e-03  -4.28697164409150e-03  -4.25713807912822e-03  
-4.22753372497528e-03  -4.19816666505856e-03  -4.16904378622983e-03  -4.14017070310837e-03  
-4.11155169425104e-03  -4.08318965081973e-03  -4.05508603829745e-03  -4.02724087168176e-03  
-3.99965270446042e-03  -3.97231863154219e-03  -3.94523430618330e-03  -3.91839397081913e-03  
-3.89179050157576e-03  -3.86541546610534e-03  -3.83925919426154e-03  -3.81331086100425e-03  
-3.78755858080713e-03  -3.76198951272426e-03  -3.73658997516918e-03  -3.71134556936205e-03  
-3.68624131031174e-03  -3.66126176412255e-03  -3.63639119035029e-03  -3.61161368807359e-03  
-3.58691334430994e-03  -3.56227438336979e-03  -3.53768131573008e-03  -3.51311908500341e-03  
-3.48857321158843e-03  -3.46402993161286e-03  -3.43947632981464e-03  -3.41490046505792e-03  
-3.39029148724272e-03  -3.36563974444099e-03  -3.34093687917626e-03  -3.31617591286352e-03  
-3.29135131752853e-03  -3.26645907404223e-03  -3.24149671622930e-03  -3.21646336033751e-03  
-3.19135971949155e-03  -3.16618810289310e-03  -3.14095239967025e-03  -3.11565804742685e-03  
-3.09031198568218e-03  -3.06492259453907e-03  -3.03949961905651e-03  -3.01405407994253e-03  
-2.98859817131456e-03  -2.96314514640153e-03  -2.93770919217994e-03  -2.91230529404887e-03  
-2.88694909174715e-03  -2.86165672780795e-03  -2.83644468992438e-03  -2.81132964866603e-03  
-2.78632829204000e-03  -2.76145715843088e-03  -2.73673246947764e-03  -2.71216996446066e-03  
-2.68778473776656e-03  -2.66359108098195e-03  -2.63960233113608e-03  -2.61583072656576e-03  
-2.59228727181557e-03  -2.56898161291330e-03  -2.54592192427584e-03  -2.52311480839768e-03  
-2.50056520937129e-03  -2.47827634116211e-03  -2.45624963143473e-03  -2.43448468159046e-03  
-2.41297924352743e-03  -2.39172921348892e-03  -2.37072864320876e-03  -2.34996976840339e-03  
-2.32944305450556e-03  -2.30913725937027e-03  -2.28903951252940e-03  -2.26913541041474e-03  
-2.24940912681808e-03  -2.22984353771198e-03  -2.21042035941812e-03  -2.19112029897576e-03  
-2.17192321544798e-03  -2.15280829078858e-03  -2.13375420879611e-03  -2.11473934059767e-03  
-2.09574193502880e-03  -2.07674031222209e-03  -2.05771305867244e-03  -2.03863922201708e-03  
-2.01949850376172e-03  -2.00027144818130e-03  -1.98093962564945e-03  -1.96148580868301e-03  
-1.94189413903895e-03  -1.92215028427071e-03  -1.90224158222756e-03  -1.88215717207970e-03  
-1.86188811055803e-03  -1.84142747222038e-03  -1.82077043268675e-03  -1.79991433392998e-03  
-1.77885873086016e-03  -1.75760541860103e-03  -1.73615844002167e-03  -1.71452407325966e-03  
-1.69271079914553e-03  -1.67072924861569e-03  -1.64859213037759e-03  -1.62631413926795e-03  
-1.60391184591702e-03  -1.58140356850265e-03  -1.55880922754007e-03  -1.53615018480987e-03  
-1.51344906767520e-03  -1.49072958017587e-03  -1.46801630241432e-03  -1.44533447986182e-03  
-1.42270980431463e-03  -1.40016818831617e-03  -1.37773553493126e-03  -1.35543750481472e-03  
-1.33329928255433e-03  -1.31134534428959e-03  -1.28959922861187e-03  -1.26808331273695e-03  
-1.24681859590886e-03  -1.22582449194371e-03  -1.20511863275113e-03  -1.18471668458151e-03  
-1.16463217863579e-03  -1.14487635753813e-03  -1.12545803901052e-03  -1.10638349789096e-03  
-1.08765636740265e-03  -1.06927756029245e-03  -1.05124521010572e-03  -1.03355463242585e-03  
-1.01619830535949e-03  -9.99165867867421e-04  -9.82444133685760e-04  -9.66017117530607e-04  
-9.49866068994297e-04  -9.33969508009002e-04  -9.18303253981896e-04  -9.02840438732942e-04  
-8.87551491295027e-04  -8.72404080646490e-04  -8.57363000812260e-04  -8.42389981904249e-04  
-8.27443411104807e-04  -8.12477950010251e-04  -7.97444039930883e-04  -7.82287295526533e-04  
-7.66947800339427e-04  -7.51359335984192e-04  -7.35448600184043e-04  -7.19134497135869e-04  
-7.02327615608382e-04  -6.84930043428487e-04  -6.66835698060025e-04  -6.47931377044459e-04  
-6.28098743277696e-04  -6.07217451894933e-04  -5.85169591373509e-04  -5.61845545782566e-04  
-5.37151284478742e-04  -5.11016949995389e-04  -4.83406449035922e-04  -4.54327565514506e-04  
-4.23841924455769e-04  -3.92073962576791e-04  -3.59217930661741e-04  -3.25541890948893e-04  
-2.91387704197784e-04  -2.57166144488843e-04  -2.23346543760501e-04  -1.90440747837936e-04  
-1.58981640869874e-04  -1.29497029365623e-04  -1.02480220144529e-04  -7.83591186906747e-05  
-5.74660528401021e-05  -4.00107336482876e-05  -2.60587563659663e-05  -1.55177964068049e-05  
-8.13317124988252e-06  -3.49375137379193e-06  -1.04837068153719e-06  -1.31990079323665e-07  
0.00000000000000e+00  
                Type                   L                   N
                   0                   0                   1
2.49643979122487e-01  2.49580094943103e-01  2.49388530507538e-01  2.49069549837233e-01  
2.48623592014944e-01  2.48051269760279e-01  2.47353367445421e-01  2.46530838560953e-01  
2.45584802644378e-01  2.44516541686626e-01  2.43327496034313e-01  2.42019259808019e-01  
2.40593575859081e-01  2.39052330289617e-01  2.37397546562460e-01  2.35631379229531e-01  
2.33756107308831e-01  2.31774127341716e-01  2.29687946163377e-01  2.27500173420509e-01  
2.25213513871050e-01  2.22830759501486e-01  2.20354781497670e-01  2.17788522105341e-01  
2.15134986416497e-01  2.12397234117622e-01  2.09578371235320e-01  2.06681541914316e-01  
2.03709920261962e-01  2.00666702292406e-01  1.97555098002388e-01  1.94378323609285e-01  
1.91139593980552e-01  1.87842115282016e-01  1.84489077870731e-01  1.81083649456207e-01  
1.77628968551822e-01  1.74128138236117e-01  1.70584220241565e-01  1.67000229386153e-01  
1.63379128360874e-01  1.59723822883944e-01  1.56037157230298e-01  1.52321910142595e-01  
1.48580791127769e-01  1.44816437140899e-01  1.41031409656034e-01  1.37228192121524e-01  
1.33409187795367e-01  1.29576717954195e-01  1.25733020467687e-01  1.21880248728488e-01  
1.18020470926174e-01  1.14155669652296e-01  1.10287741822284e-01  1.06418498898798e-01  
1.02549667400107e-01  9.86828896762004e-02  9.48197249346525e-02  9.09616504976707e-02  
8.71100632713813e-02  8.32662814081414e-02  7.94315461425655e-02  7.56070237819965e-02  
7.17938078323275e-02  6.79929212403983e-02  6.42053187346281e-02  6.04318892460838e-02  
5.66734583928767e-02  5.29307910115167e-02  4.92045937197102e-02  4.54955174960220e-02  
4.18041602628073e-02  3.81310694598761e-02  3.44767445974440e-02  3.08416397780438e-02  
2.72261661782335e-02  2.36306944820655e-02  2.00555572594644e-02  1.65010512837833e-02  
1.29674397839190e-02  9.45495462746969e-03  5.96379843243718e-03  2.49414660597627e-03  
-9.53850690385144e-04  -4.38006664876857e-03  -7.78439599513139e-03  -1.11667532398420e-02  
-1.45270709962300e-02  -1.78652983641658e-02  -2.11813993752715e-02  -2.44753514960155e-02  
-2.77471441846581e-02  -3.09967774978647e-02  -3.42242607426904e-02  -3.74296111696692e-02  
-4.06128527028027e-02  -4.37740147024294e-02  -4.69131307571867e-02  -5.00302375015963e-02  
-5.31253734561795e-02  -5.61985778874462e-02  -5.92498896855756e-02  -6.22793462581551e-02  
-6.52869824388760e-02  -6.82728294107009e-02  -7.12369136435961e-02  -7.41792558475620e-02  
-7.70998699422782e-02  -7.99987620453126e-02  -8.28759294814097e-02  -8.57313598159542e-02  
-8.85650299162161e-02  -9.13769050444950e-02  -9.41669379877058e-02  -9.69350682283449e-02  
-9.96812211621090e-02  -1.02405307367697e-01  -1.05107221934522e-01  -1.07786843854201e-01  
-1.10444035481717e-01  -1.13078642072125e-01  -1.15690491398603e-01  -1.18279393457397e-01  
-1.20845140265024e-01  -1.23387505752703e-01  -1.25906245762593e-01  -1.28401098149939e-01  
-1.30871782994671e-01  -1.33318002925374e-01  -1.35739443557911e-01  -1.38135774050218e-01  
-1.40506647774048e-01  -1.42851703103639e-01  -1.45170564320417e-01  -1.47462842632015e-01  
-1.49728137303002e-01  -1.51966036893830e-01  -1.54176120603641e-01  -1.56357959711691e-01  
-1.58511119111312e-01  -1.60635158929512e-01  -1.62729636224501e-01  -1.64794106752724e-01  
-1.66828126796258e-01  -1.68831255040813e-01  -1.70803054494002e-01  -1.72743094433036e-01  
-1.74650952370607e-01  -1.76526216027338e-01  -1.78368485298961e-01  -1.80177374206196e-01  
-1.81952512815245e-01  -1.83693549116798e-01  -1.85400150851623e-01  -1.87072007270943e-01  
-1.88708830820168e-01  -1.90310358734904e-01  -1.91876354538647e-01  -1.93406609432169e-01  
-1.94900943565202e-01  -1.96359207181807e-01  -1.97781281631574e-01  -1.99167080239697e-01  
-2.00516549029874e-01  -2.01829667294964e-01  -2.03106448011378e-01  -2.04346938094193e-01  
-2.05551218491117e-01  -2.06719404114506e-01  -2.07851643611751e-01  -2.08948118975497e-01  
-2.10009044996214e-01  -2.11034668560793e-01  -2.12025267801851e-01  -2.12981151103478e-01  
-2.13902655970172e-01  -2.14790147766587e-01  -2.15644018336645e-01  -2.16464684511359e-01  
-2.17252586515421e-01  -2.18008186283320e-01  -2.18731965696292e-01  -2.19424424751887e-01  
-2.20086079678367e-01  -2.20717461006410e-01  -2.21319111610816e-01  -2.21891584735007e-01  
-2.22435442011119e-01  -2.22951251488388e-01  -2.23439585682326e-01  -2.23901019656923e-01  
-2.24336129151687e-01  -2.24745488764897e-01  -2.25129670203872e-01  -2.25489240612420e-01  
-2.25824760984924e-01  -2.26136784675734e-01  -2.26425856011719e-01  -2.26692509014892e-01  
-2.26937266241131e-01  -2.27160637740003e-01  -2.27363120139712e-01  -2.27545195860143e-01  
-2.27707332455968e-01  -2.27849982090682e-01  -2.27973581141454e-01  -2.28078549933620e-01  
-2.28165292602646e-01  -2.28234197080428e-01  -2.28285635201862e-01  -2.28319962926725e-01  
-2.28337520671069e-01  -2.28338633741592e-01  -2.28323612865686e-01  -2.28292754809292e-01  
-2.28246343074074e-01  -2.28184648664992e-01  -2.28107930918920e-01  -2.28016438384684e-01  
-2.27910409744634e-01  -2.27790074767760e-01  -2.27655655284306e-01  -2.27507366171881e-01  
-2.27345416343185e-01  -2.27170009725720e-01  -2.26981346224092e-01  -2.26779622655958e-01  
-2.26565033653050e-01  -2.26337772519284e-01  -2.26098032038512e-01  -2.25846005225117e-01  
-2.25581886011354e-01  -2.25305869866075e-01  -2.25018154340233e-01  -2.24718939535381e-01  
-2.24408428492197e-01  -2.24086827496917e-01  -2.23754346304381e-01  -2.23411198277281e-01  
-2.23057600441995e-01  -2.22693773462247e-01  -2.22319941532599e-01  -2.21936332194582e-01  
-2.21543176078963e-01  -2.21140706578365e-01  -2.20729159455068e-01  -2.20308772389412e-01  
-2.19879784474738e-01  -2.19442435665265e-01  -2.18996966183681e-01  -2.18543615895557e-01  
-2.18082623657931e-01  -2.17614226649571e-01  -2.17138659690555e-01  -2.16656154558794e-01  
-2.16166939311077e-01  -2.15671237616119e-01  -2.15169268106851e-01  -2.14661243758966e-01  
-2.14147371302377e-01  -2.13627850671853e-01  -2.13102874502664e-01  -2.12572627676541e-01  
-2.12037286922717e-01  -2.11497020478228e-01  -2.10951987811003e-01  -2.10402339408654e-01  
-2.09848216635142e-01  -2.09289751656852e-01  -2.08727067438884e-01  -2.08160277811635e-01  
-2.07589487607097e-01  -2.07014792863553e-01  -2.06436281096715e-01  -2.05854031634677e-01  
-2.05268116013448e-01  -2.04678598429241e-01  -2.04085536243161e-01  -2.03488980533425e-01  
-2.02888976689808e-01  -2.02285565044630e-01  -2.01678781534245e-01  -2.01068658384745e-01  
-2.00455224815353e-01  -1.99838507752875e-01  -1.99218532550457e-01  -1.98595323703927e-01  
-1.97968905559008e-01  -1.97339303002848e-01  -1.96706542133463e-01  -1.96070650900948e-01  
-1.95431659714599e-01  -1.94789602010459e-01  -1.94144514774192e-01  -1.93496439014645e-01  
-1.92845420183976e-01  -1.92191508540715e-01  -1.91534759452736e-01  -1.90875233637688e-01  
-1.90212997339037e-01  -1.89548122436519e-01  -1.88880686490432e-01  -1.88210772719819e-01  
-1.87538469915246e-01  -1.86863872287504e-01  -1.86187079254152e-01  -1.85508195166425e-01  
-1.84827328979587e-01  -1.84144593870323e-01  -1.83460106805276e-01  -1.82773988065256e-01  
-1.82086360730081e-01  -1.81397350129337e-01  -1.80707083264648e-01  -1.80015688209316e-01  
-1.79323293491335e-01  -1.78630027465959e-01  -1.77936017684031e-01  -1.77241390262313e-01  
-1.76546269262001e-01  -1.75850776081492e-01  -1.75155028869302e-01  -1.74459141962812e-01  
-1.73763225358250e-01  -1.73067384216956e-01  -1.72371718412647e-01  -1.71676322123932e-01  
-1.70981283475907e-01  -1.70286684234141e-01  -1.69592599553852e-01  -1.68899097786519e-01  
-1.68206240345620e-01  -1.67514081632587e-01  -1.66822669023499e-01  -1.66132042916435e-01  
-1.65442236838815e-01  -1.64753277613498e-01  -1.64065185581821e-01  -1.63377974881231e-01  
-1.62691653774652e-01  -1.62006225028213e-01  -1.61321686333538e-01  -1.60638030770371e-01  
-1.59955247304939e-01  -1.59273321319114e-01  -1.58592235165199e-01  -1.57911968740877e-01  
-1.57232500078750e-01  -1.56553805944729e-01  -1.55875862439504e-01  -1.55198645597304e-01  
-1.54522131976209e-01  -1.53846299234377e-01  -1.53171126686727e-01  -1.52496595836802e-01  
-1.51822690878814e-01  -1.51149399165192e-01  -1.50476711635279e-01  -1.49804623201242e-01  
-1.49133133087686e-01  -1.48462245121902e-01  -1.47791967972213e-01  -1.47122315332345e-01  
-1.46453306050323e-01  -1.45784964200915e-01  -1.45117319101199e-01  -1.44450405269383e-01  
-1.43784262327571e-01  -1.43118934849680e-01  -1.42454472156280e-01  -1.41790928058598e-01  
-1.41128360554440e-01  -1.40466831479238e-01  -1.39806406115829e-01  -1.39147152767010e-01  
-1.38489142295195e-01  -1.37832447633875e-01  -1.37177143275781e-01  -1.36523304742886e-01  
-1.35871008043552e-01  -1.35220329122207e-01  -1.34571343307015e-01  -1.33924124760985e-01  
-1.33278745941938e-01  -1.32635277076619e-01  -1.31993785654105e-01  -1.31354335943461e-01  
-1.30716988540314e-01  -1.30081799946761e-01  -1.29448822188660e-01  -1.28818102473986e-01  
-1.28189682895518e-01  -1.27563600180701e-01  -1.26939885491035e-01  -1.26318564272857e-01  
-1.25699656160917e-01  -1.25083174935554e-01  -1.24469128533837e-01  -1.23857519114452e-01  
-1.23248343175616e-01  -1.22641591724790e-01  -1.22037250498436e-01  -1.21435300229624e-01  
-1.20835716960785e-01  -1.20238472398506e-01  -1.19643534306861e-01  -1.19050866935382e-01  
-1.18460431477467e-01  -1.17872186554738e-01  -1.17286088722591e-01  -1.16702092992030e-01  
-1.16120153362677e-01  -1.15540223361798e-01  -1.14962256584115e-01  -1.14386207227172e-01  
-1.13812030617095e-01  -1.13239683719676e-01  -1.12669125631863e-01  -1.12100318048962e-01  
-1.11533225703051e-01  -1.10967816768458e-01  -1.10404063230430e-01  -1.09841941213509e-01  
-1.09281431266532e-01  -1.08722518601578e-01  -1.08165193284660e-01  -1.07609450376417e-01  
-1.07055290021545e-01  -1.06502717486230e-01  -1.05951743143315e-01  -1.05402382405474e-01  
-1.04854655607144e-01  -1.04308587836478e-01  -1.03764208719047e-01  -1.03221552155513e-01  
-1.02680656015888e-01  -1.02141561793467e-01  -1.01604314221864e-01  -1.01068960858949e-01  
-1.00535551641805e-01  -1.00004138417069e-01  -9.94747744513035e-02  -9.89475139261624e-02  
-9.84224114233190e-02  -9.78995214041709e-02  -9.73788976893984e-02  -9.68605929434437e-02  
-9.63446581689160e-02  -9.58311422158316e-02  -9.53200913104398e-02  -9.48115486081932e-02  
-9.43055537751759e-02  -9.38021426020240e-02  -9.33013466540501e-02  -9.28031929609289e-02  
-9.23077037489102e-02  -9.18148962181135e-02  -9.13247823670129e-02  -9.08373688657679e-02  
-9.03526569795726e-02  -8.98706425427177e-02  -8.93913159835615e-02  -8.89146624001172e-02  
-8.84406616854733e-02  -8.79692887017821e-02  -8.75005135010829e-02  -8.70343015907789e-02  
-8.65706142411517e-02  -8.61094088319016e-02  -8.56506392343230e-02  -8.51942562253845e-02  
-8.47402079296844e-02  -8.42884402849824e-02  -8.38388975267888e-02  -8.33915226873154e-02  
-8.29462581039558e-02  -8.25030459323830e-02  -8.20618286593080e-02  -8.16225496099565e-02  
-8.11851534453793e-02  -8.07495866448140e-02  -8.03157979684692e-02  -7.98837388962964e-02  
-7.94533640385551e-02  -7.90246315142529e-02  -7.85975032938605e-02  -7.81719455030525e-02  
-7.77479286846024e-02  -7.73254280159791e-02  -7.69044234806106e-02  -7.64848999912473e-02  
-7.60668474643108e-02  -7.56502608445997e-02  -7.52351400802020e-02  -7.48214900479473e-02  
-7.44093204302123e-02  -7.39986455443647e-02  -7.35894841265869e-02  -7.31818590722647e-02  
-7.27757971355429e-02  -7.23713285910462e-02  -7.19684868611253e-02  -7.15673081123228e-02  
-7.11678308250468e-02  -7.07700953406978e-02  -7.03741433907096e-02  -6.99800176121372e-02  
-6.95877610545501e-02  -6.91974166830727e-02  -6.88090268824453e-02  -6.84226329669660e-02  
-6.80382747011135e-02  -6.76559898355435e-02  -6.72758136629990e-02  -6.68977785984787e-02  
-6.65219137877682e-02  -6.61482447481601e-02  -6.57767930448776e-02  -6.54075760063622e-02  
-6.50406064812097e-02  -6.46758926391311e-02  -6.43134378178869e-02  -6.39532404176932e-02  
-6.35952938441381e-02  -6.32395865001713e-02  -6.28861018272568e-02  -6.25348183952943e-02  
-6.21857100404455e-02  -6.18387460495320e-02  -6.14938913892211e-02  -6.11511069777765e-02  
-6.08103499967406e-02  -6.04715742395242e-02  -6.01347304935196e-02  -5.97997669520289e-02  
-5.94666296520073e-02  -5.91352629333673e-02  -5.88056099153847e-02  -5.84776129855730e-02  
-5.81512142962763e-02  -5.78263562641493e-02  -5.75029820676669e-02  -5.71810361378218e-02  
-5.68604646372298e-02  -5.65412159229807e-02  -5.62232409887176e-02  -5.59064938816367e-02  
-5.55909320903348e-02  -5.52765168997144e-02  -5.49632137094730e-02  -5.46509923130573e-02  
-5.43398271343385e-02  -5.40296974196799e-02  -5.37205873834945e-02  -5.34124863058410e-02  
-5.31053885810704e-02  -5.27992937170103e-02  -5.24942062846497e-02  -5.21901358187695e-02  
-5.18870966704378e-02  -5.15851078127561e-02  -5.12841926016946e-02  -5.09843784942950e-02  
-5.06856967269282e-02  -5.03881819566868e-02  -5.00918718693495e-02  -4.97968067576822e-02  
-4.95030290741277e-02  -4.92105829621908e-02  -4.89195137710320e-02  -4.86298675579497e-02  
-4.83416905835544e-02  -4.80550288045084e-02  -4.77699273687383e-02  -4.74864301180004e-02  
-4.72045791026211e-02  -4.69244141131124e-02  -4.66459722332103e-02  -4.63692874186771e-02  
-4.60943901059650e-02  -4.58213068545533e-02  -4.55500600264503e-02  -4.52806675059931e-02  
-4.50131424626950e-02  -4.47474931594739e-02  -4.44837228081607e-02  -4.42218294737316e-02  
-4.39618060282364e-02  -4.37036401549199e-02  -4.34473144025439e-02  -4.31928062894359e-02  
-4.29400884563082e-02  -4.26891288664173e-02  -4.24398910511771e-02  -4.21923343988954e-02  
-4.19464144838843e-02  -4.17020834328037e-02  -4.14592903247301e-02  -4.12179816211150e-02  
-4.09781016215029e-02  -4.07395929406257e-02  -4.05023970022758e-02  -4.02664545451952e-02  
-4.00317061360928e-02  -3.97980926848295e-02  -3.95655559567805e-02  -3.93340390774061e-02  
-3.91034870241320e-02  -3.88738471007531e-02  -3.86450693897393e-02  -3.84171071780287e-02  
-3.81899173521423e-02  -3.79634607587462e-02  -3.77377025271150e-02  -3.75126123503125e-02  
-3.72881647223029e-02  -3.70643391286226e-02  -3.68411201886948e-02  -3.66184977483271e-02  
-3.63964669214172e-02  -3.61750280803779e-02  -3.59541867952900e-02  -3.57339537222882e-02  
-3.55143444421748e-02  -3.52953792507427e-02  -3.50770829027562e-02  -3.48594843119941e-02  
-3.46426162101850e-02  -3.44265147680722e-02  -3.42112191822162e-02  -3.39967712314826e-02  
-3.37832148074656e-02  -3.35705954233565e-02  -3.33589597059886e-02  -3.31483548759578e-02  
-3.29388282208518e-02  -3.27304265666915e-02  -3.25231957527230e-02  -3.23171801146762e-02  
-3.21124219815359e-02  -3.19089611907547e-02  -3.17068346266692e-02  -3.15060757866704e-02  
-3.13067143794210e-02  -3.11087759591153e-02  -3.09122815994373e-02  -3.07172476105030e-02  
-3.05236853016605e-02  -3.03316007925929e-02  -3.01409948747041e-02  -2.99518629242906e-02  
-2.97641948685062e-02  -2.95779752046184e-02  -2.93931830725445e-02  -2.92097923801402e-02  
-2.90277719802013e-02  -2.88470858976416e-02  -2.86676936048161e-02  -2.84895503424924e-02  
-2.83126074835220e-02  -2.81368129358452e-02  -2.79621115810714e-02  -2.77884457445217e-02  
-2.76157556923066e-02  -2.74439801507331e-02  -2.72730568431064e-02  -2.71029230388098e-02  
-2.69335161094053e-02  -2.67647740864167e-02  -2.65966362154208e-02  -2.64290435010867e-02  
-2.62619392378762e-02  -2.60952695212306e-02  -2.59289837342459e-02  -2.57630350050484e-02  
-2.55973806303513e-02  -2.54319824609799e-02  -2.52668072455016e-02  -2.51018269284842e-02  
-2.49370189003313e-02  -2.47723661960914e-02  -2.46078576411219e-02  -2.44434879419863e-02  
-2.42792577214844e-02  -2.41151734972443e-02  -2.39512476038453e-02  -2.37874980589789e-02  
-2.36239483746962e-02  -2.34606273153159e-02  -2.32975686040885e-02  -2.31348105812053e-02  
-2.29723958162232e-02  -2.28103706784179e-02  -2.26487848690022e-02  -2.24876909195186e-02  
-2.23271436610643e-02  -2.21671996692997e-02  -2.20079166904463e-02  -2.18493530536810e-02  
-2.16915670754905e-02  -2.15346164616456e-02  -2.13785577125063e-02  -2.12234455373586e-02  
-2.10693322834243e-02  -2.09162673850694e-02  -2.07642968385684e-02  -2.06134627075618e-02  
-2.04638026640750e-02  -2.03153495696495e-02  -2.01681311007748e-02  -2.00221694224090e-02  
-1.98774809129316e-02  -1.97340759434010e-02  -1.95919587134847e-02  -1.94511271458990e-02  
-1.93115728406518e-02  -1.91732810898136e-02  -1.90362309529748e-02  -1.89003953929652e-02  
-1.87657414708415e-02  -1.86322305985769e-02  -1.84998188473311e-02  -1.83684573086415e-02  
-1.82380925053582e-02  -1.81086668486581e-02  -1.79801191370154e-02  -1.78523850925889e-02  
-1.77253979301039e-02  -1.75990889529746e-02  -1.74733881711276e-02  -1.73482249347477e-02  
-1.72235285779899e-02  -1.70992290665708e-02  -1.69752576430847e-02  -1.68515474638771e-02  
-1.67280342213516e-02  -1.66046567456946e-02  -1.64813575801562e-02  -1.63580835242498e-02  
-1.62347861394972e-02  -1.61114222126735e-02  -1.59879541718767e-02  -1.58643504511639e-02  
-1.57405857999586e-02  -1.56166415339299e-02  -1.54925057245788e-02  -1.53681733253268e-02  
-1.52436462324860e-02  -1.51189332800978e-02  -1.49940501682379e-02  -1.48690193250143e-02  
-1.47438697031076e-02  -1.46186365123249e-02  -1.44933608902505e-02  -1.43680895136694e-02  
-1.42428741540166e-02  -1.41177711806509e-02  -1.39928410162640e-02  -1.38681475492193e-02  
-1.37437575080451e-02  -1.36197398037014e-02  -1.34961648455767e-02  -1.33731038374605e-02  
-1.32506280599671e-02  -1.31288081460595e-02  -1.30077133564312e-02  -1.28874108615585e-02  
-1.27679650372173e-02  -1.26494367801866e-02  -1.25318828507208e-02  -1.24153552481710e-02  
-1.22999006258792e-02  -1.21855597511459e-02  -1.20723670156997e-02  -1.19603500016707e-02  
-1.18495291075935e-02  -1.17399172384443e-02  -1.16315195631568e-02  -1.15243333424657e-02  
-1.14183478292988e-02  -1.13135442432887e-02  -1.12098958203068e-02  -1.11073679372348e-02  
-1.10059183115075e-02  -1.09054972742617e-02  -1.08060481152512e-02  -1.07075074970083e-02  
-1.06098059350848e-02  -1.05128683405720e-02  -1.04166146205030e-02  -1.03209603311746e-02  
-1.02258173789073e-02  -1.01310947622816e-02  -1.00366993494673e-02  -9.94253668388811e-03  
-9.84851181115344e-03  -9.75453011993870e-03  -9.66049818930716e-03  -9.56632463484714e-03  
-9.47192094594624e-03  -9.37720230653857e-03  -9.28208839174775e-03  -9.18650413300079e-03  
-9.09038044440873e-03  -8.99365490349821e-03  -8.89627237972698e-03  -8.79818560463009e-03  
-8.69935567791148e-03  -8.59975250432022e-03  -8.49935515672287e-03  -8.39815216140139e-03  
-8.29614170226324e-03  -8.19333174134147e-03  -8.08974005368096e-03  -7.98539417544891e-03  
-7.88033126486263e-03  -7.77459787629327e-03  -7.66824964867053e-03  -7.56135091007600e-03  
-7.45397420116265e-03  -7.34619972077161e-03  -7.23811469782429e-03  -7.12981269424476e-03  
-7.02139284430808e-03  -6.91295903640536e-03  -6.80461904376622e-03  -6.69648361117299e-03  
-6.58866550513868e-03  -6.48127853539472e-03  -6.37443655584347e-03  -6.26825245336969e-03  
-6.16283713307352e-03  -6.05829850858095e-03  -5.95474050610630e-03  -5.85226209088191e-03  
-5.75095632443222e-03  -5.65090946095077e-03  -5.55220009073649e-03  -5.45489833825542e-03  
-5.35906512191082e-03  -5.26475148201410e-03  -5.17199798273993e-03  -5.08083419299178e-03  
-4.99127825006852e-03  -4.90333650875651e-03  -4.81700327691259e-03  -4.73226063666368e-03  
-4.64907834792384e-03  -4.56741382789461e-03  -4.48721219642661e-03  -4.40840637243978e-03  
-4.33091720090256e-03  -4.25465358308631e-03  -4.17951257497757e-03  -4.10537941004820e-03  
-4.03212739351074e-03  -3.95961760653396e-03  -3.88769835191533e-03  -3.81620426921063e-03  
-3.74495504969700e-03  -3.67375369278368e-03  -3.60238426903809e-03  -3.53060919453653e-03  
-3.45816608022441e-03  -3.38476430096598e-03  -3.31008153284757e-03  -3.23376063224749e-03  
-3.15540737060560e-03  -3.07458968440560e-03  -2.99083923493675e-03  -2.90365617578986e-03  
-2.81251807192911e-03  -2.71689387387763e-03  -2.61626369555920e-03  -2.51014485059501e-03  
-2.39812415490583e-03  -2.27989590404843e-03  -2.15530420291059e-03  -2.02438750842342e-03  
-1.88742241343492e-03  -1.74496294554520e-03  -1.59787108883060e-03  -1.44733397493018e-03  
-1.29486333973037e-03  -1.14227348328078e-03  -9.91635140144585e-04  -8.45204342826940e-04  
-7.05327451638820e-04  -5.74325870231003e-04  -4.54366346282071e-04  -3.47324909371505e-04  
-2.54654148265575e-04  -1.77264425502697e-04  -1.15429575351777e-04  -6.87265313146476e-05  
-3.60161967840918e-05  -1.54698484101179e-05  -4.64170576453480e-06  -5.84366408422577e-07  
0.00000000000000e+00  
                Type                   L                   N
                   0                   1                   0
0.00000000000000e+00  3.08869329742660e-02  6.17526413449394e-02  9.25759258532341e-02  
1.23335637886606e-01  1.54010704693547e-01  1.84580154468676e-01  2.15023141265353e-01  
2.45318969693472e-01  2.75447119360558e-01  3.05387269014924e-01  3.35119320350303e-01  
3.64623421432191e-01  3.93879989706979e-01  4.22869734555942e-01  4.51573679357175e-01  
4.79973183019717e-01  5.08049960955285e-01  5.35786105454340e-01  5.63164105434532e-01  
5.90166865530999e-01  6.16777724499462e-01  6.42980472904591e-01  6.68759370067674e-01  
6.94099160249299e-01  7.18985088044365e-01  7.43402912968492e-01  7.67338923216627e-01  
7.90779948576378e-01  8.13713372480449e-01  8.36127143184298e-01  8.58009784057002e-01  
8.79350402975095e-01  9.00138700811007e-01  9.20364979009524e-01  9.40020146247526e-01  
9.59095724174046e-01  9.77583852229489e-01  9.95477291544621e-01  1.01276942792165e+00  
1.02945427390147e+00  1.04552646992282e+00  1.06098128458066e+00  1.07581461399280e+00  
1.09002298028536e+00  1.10360352920899e+00  1.11655402689945e+00  1.12887285579742e+00  
1.14055900974392e+00  1.15161208826881e+00  1.16203229009123e+00  1.17182040585204e+00  
1.18097781009938e+00  1.18950645254949e+00  1.19740884864606e+00  1.20468806944221e+00  
1.21134773083007e+00  1.21739198214385e+00  1.22282549416279e+00  1.22765344654137e+00  
1.23188151469445e+00  1.23551585616582e+00  1.23856309650890e+00  1.24103031470893e+00  
1.24292502817612e+00  1.24425517733987e+00  1.24502910987388e+00  1.24525556458272e+00  
1.24494365498002e+00  1.24410285258890e+00  1.24274296999492e+00  1.24087414368202e+00  
1.23850681668167e+00  1.23565172106534e+00  1.23231986031015e+00  1.22852249156724e+00  
1.22427110786235e+00  1.21957742025735e+00  1.21445334000135e+00  1.20891096069949e+00  
1.20296254052708e+00  1.19662048451604e+00  1.18989732694038e+00  1.18280571382655e+00  
1.17535838561398e+00  1.16756815999065e+00  1.15944791492745e+00  1.15101057193484e+00  
1.14226907956421e+00  1.13323639717576e+00  1.12392547899396e+00  1.11434925847065e+00  
1.10452063297531e+00  1.09445244883083e+00  1.08415748671260e+00  1.07364844742754e+00  
1.06293793808909e+00  1.05203845870300e+00  1.04096238917804e+00  1.02972197677474e+00  
1.01832932400434e+00  1.00679637698918e+00  9.95134914294771e-01  9.83356536243029e-01  
9.71472654714833e-01  9.59494483449472e-01  9.47433028847372e-01  9.35299081281583e-01  
9.23103206922571e-01  9.10855740079880e-01  8.98566776063285e-01  8.86246164565116e-01  
8.73903503564499e-01  8.61548133753323e-01  8.49189133482829e-01  8.36835314228835e-01  
8.24495216572675e-01  8.12177106694100e-01  7.99888973371499e-01  7.87638525483973e-01  
7.75433190008961e-01  7.63280110508324e-01  7.51186146095004e-01  7.39157870871628e-01  
7.27201573831681e-01  7.15323259213182e-01  7.03528647294109e-01  6.91823175618152e-01  
6.80212000638799e-01  6.68699999769106e-01  6.57291773824001e-01  6.45991649841409e-01  
6.34803684268016e-01  6.23731666495016e-01  6.12779122728778e-01  6.01949320180986e-01  
5.91245271562441e-01  5.80669739864429e-01  5.70225243411271e-01  5.59914061167454e-01  
5.49738238282520e-01  5.39699591856797e-01  5.29799716910860e-01  5.20039992541617e-01  
5.10421588247826e-01  5.00945470407879e-01  4.91612408892737e-01  4.82422983796956e-01  
4.73377592270910e-01  4.64476455437433e-01  4.55719625376333e-01  4.47106992160436e-01  
4.38638290927111e-01  4.30313108969516e-01  4.22130892832143e-01  4.14090955395602e-01  
4.06192482936009e-01  3.98434542144732e-01  3.90816087094733e-01  3.83335966140228e-01  
3.75992928736862e-01  3.68785632170177e-01  3.61712648180651e-01  3.54772469474192e-01  
3.47963516107552e-01  3.41284141738711e-01  3.34732639732932e-01  3.28307249115790e-01  
3.22006160365128e-01  3.15827521034553e-01  3.09769441201707e-01  3.03829998735244e-01  
2.98007244375068e-01  2.92299206621077e-01  2.86703896426281e-01  2.81219311690853e-01  
2.75843441554277e-01  2.70574270483437e-01  2.65409782155081e-01  2.60347963131747e-01  
2.55386806330806e-01  2.50524314286900e-01  2.45758502208603e-01  2.41087400830694e-01  
2.36509059063967e-01  2.32021546445021e-01  2.27622955388952e-01  2.23311403248361e-01  
2.19085034182509e-01  2.14942020840891e-01  2.10880565865888e-01  2.06898903219525e-01  
2.02995299339687e-01  1.99168054131489e-01  1.95415501799745e-01  1.91736011528750e-01  
1.88127988015828e-01  1.84589871865265e-01  1.81120139849439e-01  1.77717305044090e-01  
1.74379916844773e-01  1.71106560871639e-01  1.67895858769718e-01  1.64746467911922e-01  
1.61657081011982e-01  1.58626425654497e-01  1.55653263749234e-01  1.52736390916727e-01  
1.49874635812139e-01  1.47066859394213e-01  1.44311954146007e-01  1.41608843253931e-01  
1.38956479751433e-01  1.36353845633471e-01  1.33799950947701e-01  1.31293832868065e-01  
1.28834554756222e-01  1.26421205216024e-01  1.24052897145937e-01  1.21728766794059e-01  
1.19447972820079e-01  1.17209695368247e-01  1.15013135155112e-01  1.12857512575486e-01  
1.10742066829807e-01  1.08666055075735e-01  1.06628751606548e-01  1.04629447058581e-01  
1.02667447649658e-01  1.00742074450186e-01  9.88526626882610e-02  9.69985610898976e-02  
9.51791312551913e-02  9.33937470709634e-02  9.16417941601952e-02  8.99226693683077e-02  
8.82357802861153e-02  8.65805448090607e-02  8.49563907321386e-02  8.33627553797176e-02  
8.17990852693007e-02  8.02648358080920e-02  7.87594710211029e-02  7.72824633093847e-02  
7.58332932368687e-02  7.44114493441896e-02  7.30164279877773e-02  7.16477332024418e-02  
7.03048765856096e-02  6.89873772013369e-02  6.76947615021950e-02  6.64265632671125e-02  
6.51823235532629e-02  6.39615906600944e-02  6.27639201036369e-02  6.15888745992492e-02  
6.04360240510305e-02  5.93049455461721e-02  5.81952233526050e-02  5.71064489183702e-02  
5.60382208712353e-02  5.49901450171649e-02  5.39618343363653e-02  5.29529089757212e-02  
5.19629962365548e-02  5.09917305567568e-02  5.00387534864471e-02  4.91037136564479e-02  
4.81862667389674e-02  4.72860754000116e-02  4.64028092431588e-02  4.55361447444492e-02  
4.46857651782491e-02  4.38513605340681e-02  4.30326274244020e-02  4.22292689837846e-02  
4.14409947593179e-02  4.06675205930485e-02  3.99085684966291e-02  3.91638665187916e-02  
3.84331486062179e-02  3.77161544584586e-02  3.70126293776026e-02  3.63223241134443e-02  
3.56449947049325e-02  3.49804023187127e-02  3.43283130855948e-02  3.36884979357882e-02  
3.30607324337566e-02  3.24447966135282e-02  3.18404748152995e-02  3.12475555241410e-02  
3.06658312115930e-02  3.00950981809022e-02  2.95351564166175e-02  2.89858094392116e-02  
2.84468641653501e-02  2.79181307743730e-02  2.73994225814979e-02  2.68905559181879e-02  
2.63913500200666e-02  2.59016269226940e-02  2.54212113654471e-02  2.49499307036826e-02  
2.44876148292864e-02  2.40340960996444e-02  2.35892092750062e-02  2.31527914641347e-02  
2.27246820780829e-02  2.23047227918630e-02  2.18927575137240e-02  2.14886323616909e-02  
2.10921956469674e-02  2.07032978637590e-02  2.03217916850263e-02  1.99475319636427e-02  
1.95803757383937e-02  1.92201822442343e-02  1.88668129261895e-02  1.85201314562774e-02  
1.81800037528114e-02  1.78462980014475e-02  1.75188846773299e-02  1.71976365677046e-02  
1.68824287943790e-02  1.65731388354220e-02  1.62696465455262e-02  1.59718341744745e-02  
1.56795863831924e-02  1.53927902568991e-02  1.51113353149124e-02  1.48351135167037e-02  
1.45640192638499e-02  1.42979493975733e-02  1.40368031916139e-02  1.37804823402324e-02  
1.35288909411915e-02  1.32819354736236e-02  1.30395247707394e-02  1.28015699873949e-02  
1.25679845625783e-02  1.23386841769380e-02  1.21135867055170e-02  1.18926121659089e-02  
1.16756826620979e-02  1.14627223242825e-02  1.12536572450264e-02  1.10484154121107e-02  
1.08469266384976e-02  1.06491224898365e-02  1.04549362099735e-02  1.02643026449348e-02  
1.00771581658774e-02  9.89344059150024e-03  9.71308911041851e-03  9.53604420400216e-03  
9.36224757017157e-03  9.19164204863649e-03  9.02417154804747e-03  8.85978097551171e-03  
8.69841616890092e-03  8.54002383235312e-03  8.38455147534039e-03  8.23194735563900e-03  
8.08216042650416e-03  7.93514028831281e-03  7.79083714489408e-03  7.64920176472798e-03  
7.51018544714478e-03  7.37373999361739e-03  7.23981768418763e-03  7.10837125902666e-03  
6.97935390508223e-03  6.85271924772028e-03  6.72842134722723e-03  6.60641469999551e-03  
6.48665424417609e-03  6.36909536954426e-03  6.25369393128857e-03  6.14040626740382e-03  
6.02918921933687e-03  5.92000015550998e-03  5.81279699732661e-03  5.70753824724384e-03  
5.60418301848207e-03  5.50269106593649e-03  5.40302281784295e-03  5.30513940775646e-03  
5.20900270639492e-03  5.11457535291810e-03  5.02182078521006e-03  4.93070326875948e-03  
4.84118792374312e-03  4.75324074994157e-03  4.66682864914445e-03  4.58191944472452e-03  
4.49848189809814e-03  4.41648572181590e-03  4.33590158906907e-03  4.25670113943033e-03  
4.17885698068776e-03  4.10234268667149e-03  4.02713279101111e-03  3.95320277680430e-03  
3.88052906221629e-03  3.80908898207285e-03  3.73886076554306e-03  3.66982351005433e-03  
3.60195715161106e-03  3.53524243172707e-03  3.46966086121469e-03  3.40519468110183e-03  
3.34182682097417e-03  3.27954085506906e-03  3.21832095646290e-03  3.15815184971440e-03  
3.09901876233999e-03  3.04090737550810e-03  2.98380377434428e-03  2.92769439824433e-03  
2.87256599159015e-03  2.81840555525864e-03  2.76520029930686e-03  2.71293759720335e-03  
2.66160494196073e-03  2.61118990450683e-03  2.56168009460859e-03  2.51306312463971e-03  
2.46532657645505e-03  2.41845797160488e-03  2.37244474509214e-03  2.32727422283996e-03  
2.28293360300418e-03  2.23940994122814e-03  2.19669013990222e-03  2.15476094144974e-03  
2.11360892562843e-03  2.07322051079749e-03  2.03358195906216e-03  1.99467938517698e-03  
1.95649876905119e-03  1.91902597166932e-03  1.88224675420898e-03  1.84614680011042e-03  
1.81071173982583e-03  1.77592717795442e-03  1.74177872244820e-03  1.70825201555687e-03  
1.67533276616739e-03  1.64300678318086e-03  1.61126000956553e-03  1.58007855671753e-03  
1.54944873876543e-03  1.51935710645288e-03  1.48979048024532e-03  1.46073598231268e-03  
1.43218106705737e-03  1.40411354986950e-03  1.37652163381357e-03  1.34939393397246e-03  
1.32271949919717e-03  1.29648783104003e-03  1.27068889967682e-03  1.24531315665528e-03  
1.22035154433531e-03  1.19579550192526e-03  1.17163696804728e-03  1.14786837980208e-03  
1.12448266833610e-03  1.10147325094977e-03  1.07883401981773e-03  1.05655932742508e-03  
1.03464396885651e-03  1.01308316110345e-03  9.91872519583301e-04  9.71008032092770e-04  
9.50486030438734e-04  9.30303160014212e-04  9.10456347604062e-04  8.90942767722556e-04  
8.71759807796744e-04  8.52905032521538e-04  8.34376147716797e-04  8.16170964021486e-04  
7.98287360762135e-04  7.80723250325647e-04  7.63476543364561e-04  7.46545115151403e-04  
7.29926773386675e-04  7.13619227750762e-04  6.97620061470446e-04  6.81926705152836e-04  
6.66536413112560e-04  6.51446242398279e-04  6.36653034692406e-04  6.22153401234195e-04  
6.07943710882613e-04  5.94020081407119e-04  5.80378374061678e-04  5.67014191466372e-04  
5.53922878787383e-04  5.41099528175003e-04  5.28538986388729e-04  5.16235865506478e-04  
5.04184556585915e-04  4.92379246117311e-04  4.80813935084534e-04  4.69482460417737e-04  
4.58378518609607e-04  4.47495691238863e-04  4.36827472129773e-04  4.26367295862960e-04  
4.16108567339199e-04  4.06044692088194e-04  3.96169107011427e-04  3.86475311239992e-04  
3.76956896794609e-04  3.67607578733227e-04  3.58421224479784e-04  3.49391882037993e-04  
3.40513806803781e-04  3.31781486706468e-04  3.23189665426026e-04  3.14733363453499e-04  
3.06407896782368e-04  2.98208893045917e-04  2.90132304938150e-04  2.82174420784609e-04  
2.74331872159295e-04  2.66601638471053e-04  2.58981048473443e-04  2.51467778685660e-04  
2.44059848737820e-04  2.36755613689276e-04  2.29553753393746e-04  2.22453259019345e-04  
2.15453416854442e-04  2.08553789560103e-04  2.01754195055301e-04  1.95054683240996e-04  
1.88455510792745e-04  1.81957114271203e-04  1.75560081812519e-04  1.69265123677915e-04  
1.63073041950828e-04  1.56984699678504e-04  1.51000989759323e-04  1.45122803881969e-04  
1.39351001817531e-04  1.33686381365291e-04  1.28129649245870e-04  1.22681393222928e-04  
1.17342055726788e-04  1.12111909234079e-04  1.06991033643468e-04  1.01979295865342e-04  
9.70763318222834e-05  9.22815310344352e-05  8.75940239361790e-05  8.30126720457799e-05  
7.85360610804040e-05  7.41624970802677e-05  6.98900055766215e-05  6.57163338070992e-05  
6.16389559548118e-05  5.76550813547856e-05  5.37616655850513e-05  4.99554243290510e-05  
4.62328498721678e-05  4.25902300665627e-05  3.90236695760308e-05  3.55291131898924e-05  
3.21023709761146e-05  2.87391450236131e-05  2.54350575112223e-05  2.21856798258930e-05  
1.89865624430384e-05  1.58332652765476e-05  1.27213881982509e-05  9.64660142910733e-06  
6.60467550186866e-06  3.59151050333295e-06  6.03164307517817e-07  -2.36412047506289e-06  
-5.31389109579775e-06  -8.24946106461823e-06  -1.11738885731321e-05  -1.40899571559070e-05  
-1.70001587797597e-05  -1.99066795239545e-05  -2.28113879926021e-05  -2.57158265705879e-05  
-2.86212056085904e-05  -3.15284005939064e-05  -3.44379523323028e-05  -3.73500701395926e-05  
-4.02646380112933e-05  -4.31812237087888e-05  -4.60990906716856e-05  -4.90172126414373e-05  
-5.19342908505214e-05  -5.48487736098768e-05  -5.77588781029042e-05  -6.06626141714734e-05  
-6.35578098628483e-05  -6.64421384860521e-05  -6.93131469149496e-05  -7.21682848600406e-05  
-7.50049348241518e-05  -7.78204424492540e-05  -8.06121469583973e-05  -8.33774113957732e-05  
-8.61136523705086e-05  -8.88183690144328e-05  -9.14891708712797e-05  -9.41238044474231e-05  
-9.67201781640279e-05  -9.92763854706894e-05  -1.01790725894632e-04  -1.04261723822311e-04  
-1.06688144831962e-04  -1.09069009420123e-04  -1.11403603988584e-04  -1.13691488990453e-04  
-1.15932504154151e-04  -1.18126770740978e-04  -1.20274690815182e-04  -1.22376943537760e-04  
-1.24434478523828e-04  -1.26448506331924e-04  -1.28420486182244e-04  -1.30352111028827e-04  
-1.32245290134842e-04  -1.34102129326330e-04  -1.35924909124105e-04  -1.37716060969564e-04  
-1.39478141785268e-04  -1.41213807123220e-04  -1.42925783169354e-04  -1.44616837885407e-04  
-1.46289751575633e-04  -1.47947287173311e-04  -1.49592160546128e-04  -1.51227011115949e-04  
-1.52854373090107e-04  -1.54476647593044e-04  -1.56096075978645e-04  -1.57714714593871e-04  
-1.59334411249084e-04  -1.60956783633724e-04  -1.62583199900372e-04  -1.64214761613697e-04  
-1.65852289243395e-04  -1.67496310352821e-04  -1.69147050609158e-04  -1.70804427712765e-04  
-1.72468048317855e-04  -1.74137207984312e-04  -1.75810894171297e-04  -1.77487792256704e-04  
-1.79166294532707e-04  -1.80844512100863e-04  -1.82520289561960e-04  -1.84191222367504e-04  
-1.85854676673581e-04  -1.87507811513674e-04  -1.89147603084293e-04  -1.90770870914181e-04  
-1.92374305674076e-04  -1.93954498361221e-04  -1.95507970582733e-04  -1.97031205652594e-04  
-1.98520680203648e-04  -1.99972896013176e-04  -2.01384411739041e-04  -2.02751874262764e-04  
-2.04072049336740e-04  -2.05341851243956e-04  -2.06558371182420e-04  -2.07718904103699e-04  
-2.08820973743289e-04  -2.09862355604036e-04  -2.10841097667898e-04  -2.11755538637134e-04  
-2.12604323525929e-04  -2.13386416451173e-04  -2.14101110497994e-04  -2.14748034562591e-04  
-2.15327157103492e-04  -2.15838786764314e-04  -2.16283569860458e-04  -2.16662484749380e-04  
-2.16976833140410e-04  -2.17228228423189e-04  -2.17418581127389e-04  -2.17550081652080e-04  
-2.17625180428954e-04  -2.17646565711639e-04  -2.17617139203365e-04  -2.17539989757174e-04  
-2.17418365402576e-04  -2.17255643969341e-04  -2.17055302590240e-04  -2.16820886379134e-04  
-2.16555976586790e-04  -2.16264158542143e-04  -2.15948989691700e-04  -2.15613968043612e-04  
-2.15262501326956e-04  -2.14897877162455e-04  -2.14523234535361e-04  -2.14141536849907e-04  
-2.13755546824798e-04  -2.13367803476674e-04  -2.12980601415131e-04  -2.12595972650944e-04  
-2.12215671095946e-04  -2.11841159906117e-04  -2.11473601791583e-04  -2.11113852387323e-04  
-2.10762456752142e-04  -2.10419649027892e-04  -2.10085355263658e-04  -2.09759199376836e-04  
-2.09440512192259e-04  -2.09128343471463e-04  -2.08821476811226e-04  -2.08518447267201e-04  
-2.08217561526109e-04  -2.07916920428145e-04  -2.07614443614973e-04  -2.07307896060153e-04  
-2.06994916215702e-04  -2.06673045497760e-04  -2.06339758811713e-04  -2.05992495815974e-04  
-2.05628692608152e-04  -2.05245813513799e-04  -2.04841382659466e-04  -2.04413015007980e-04  
-2.03958446540912e-04  -2.03475563279708e-04  -2.02962428848642e-04  -2.02417310293098e-04  
-2.01838701885728e-04  -2.01225346670762e-04  -2.00576255516758e-04  -1.99890723474577e-04  
-1.99168343259787e-04  -1.98409015708538e-04  -1.97612957083771e-04  -1.96780703140239e-04  
-1.95913109886351e-04  -1.95011351014877e-04  -1.94076912006783e-04  -1.93111580943534e-04  
-1.92117436097227e-04  -1.91096830400759e-04  -1.90052372927336e-04  -1.88986907544255e-04  
-1.87903488928342e-04  -1.86805356163774e-04  -1.85695904160735e-04  -1.84578653162064e-04  
-1.83457216622721e-04  -1.82335267763254e-04  -1.81216505115388e-04  -1.80104617388539e-04  
-1.79003247994624e-04  -1.77915959574819e-04  -1.76846198871811e-04  -1.75797262293755e-04  
-1.74772262508452e-04  -1.73774096399055e-04  -1.72805414703609e-04  -1.71868593645226e-04  
-1.70965708842065e-04  -1.70098511767540e-04  -1.69268409008618e-04  -1.68476444544818e-04  
-1.67723285242061e-04  -1.67009209728090e-04  -1.66334100783311e-04  -1.65697441351255e-04  
-1.65098314234878e-04  -1.64535405514265e-04  -1.64007011684696e-04  -1.63511050479502e-04  
-1.63045075305056e-04  -1.62606293183894e-04  -1.62191586066113e-04  -1.61797535336932e-04  
-1.61420449316295e-04  -1.61056393519433e-04  -1.60701223416620e-04  -1.60350619407884e-04  
-1.60000123703671e-04  -1.59645178783912e-04  -1.59281167090849e-04  -1.58903451596455e-04  
-1.58507416875551e-04  -1.58088510307499e-04  -1.57642283027144e-04  -1.57164430244562e-04  
-1.56650830555030e-04  -1.56097583871951e-04  -1.55501047620367e-04  -1.54857870845234e-04  
-1.54165025907119e-04  -1.53419837454280e-04  -1.52620008386038e-04  -1.51763642547599e-04  
-1.50849263924547e-04  -1.49875832135196e-04  -1.48842754054003e-04  -1.47749891431197e-04  
-1.46597564410629e-04  -1.45386550885167e-04  -1.44118081666167e-04  -1.42793831481485e-04  
-1.41415905854869e-04  -1.39986823958053e-04  -1.38509497562879e-04  -1.36987206257677e-04  
-1.35423569128523e-04  -1.33822513135943e-04  -1.32188238452050e-04  -1.30525181052230e-04  
-1.28837972878636e-04  -1.27131399921741e-04  -1.25410358582905e-04  -1.23679810700354e-04  
-1.21944737635328e-04  -1.20210093825379e-04  -1.18480760218995e-04  -1.16761498009745e-04  
-1.15056903086442e-04  -1.13371361612327e-04  -1.11709007138000e-04  -1.10073679639633e-04  
-1.08468886858278e-04  -1.06897768294673e-04  -1.05363062188260e-04  -1.03867075779639e-04  
-1.02411659117067e-04  -1.00998182626429e-04  -9.96275186107572e-05  -9.83000267847438e-05  
-9.70155438727747e-05  -9.57733772103596e-05  -9.45723021755781e-05  -9.34105631422897e-05  
-9.22858774836241e-05  -9.11954419591156e-05  -9.01359405876834e-05  -8.91035528526960e-05  
-8.80939608008511e-05  -8.71023533103754e-05  -8.61234255402215e-05  -8.51513713756399e-05  
-8.41798666212164e-05  -8.32020408376298e-05  -8.22104361777060e-05  -8.11969524558130e-05  
-8.01527791101817e-05  -7.90683167735695e-05  -7.79330939349454e-05  -7.67356876382916e-05  
-7.54636612237709e-05  -7.41035365274323e-05  -7.26408223218967e-05  -7.10601245138411e-05  
-6.93453659677321e-05  -6.74801439378029e-05  -6.54482500252887e-05  -6.32343705126707e-05  
-6.08249732385691e-05  -5.82093706804657e-05  -5.53809279905494e-05  -5.23383605210056e-05  
-4.90870398002118e-05  -4.56402027164089e-05  -4.20199391415261e-05  -3.82578220443581e-05  
-3.43950447845433e-05  -3.04819455866851e-05  -2.65768307244893e-05  -2.27440555141532e-05  
-1.90513835052091e-05  -1.55667147079681e-05  -1.23543467458088e-05  -9.47100042760656e-06  
-6.96189477821437e-06  -4.85718793523819e-06  -3.16910311412837e-06  -1.89002945069189e-06  
-9.91825958397990e-07  -4.26467073041181e-07  -1.28058100181742e-07  -1.61291967093977e-08  
0.00000000000000e+00  
                Type                   L                   N
                   0                   2                   0
0.00000000000000e+00  -2.80384670670937e-04  -1.12117435214894e-03  -2.52127615501004e-03  
-4.47886894242795e-03  -6.99140386574486e-03  -1.00556051485628e-02  -1.36674711531627e-02  
-1.78222757720292e-02  -2.25145701957267e-02  -2.77381851162243e-02  -3.34862334319239e-02  
-3.97511135269982e-02  -4.65245132031275e-02  -5.37974143462551e-02  -6.15600984145005e-02  
-6.98021528358178e-02  -7.85124784053320e-02  -8.76792977724817e-02  -9.72901651071365e-02  
-1.07331977031716e-01  -1.17790984903038e-01  -1.28652808523148e-01  -1.39902451352808e-01  
-1.51524317294615e-01  -1.63502229104996e-01  -1.75819448485608e-01  -1.88458697895031e-01  
-2.01402184111156e-01  -2.14631623563452e-01  -2.28128269442392e-01  -2.41872940580882e-01  
-2.55846052089649e-01  -2.70027647715292e-01  -2.84397433876299e-01  -2.98934815318761e-01  
-3.13618932320015e-01  -3.28428699355104e-01  -3.43342845127843e-01  -3.58339953855589e-01  
-3.73398507684678e-01  -3.88496930101891e-01  -4.03613630196588e-01  -4.18727047618129e-01  
-4.33815698064245e-01  -4.48858219128015e-01  -4.63833416324287e-01  -4.78720309110672e-01  
-4.93498176713865e-01  -5.08146603568903e-01  -5.22645524177228e-01  -5.36975267188999e-01  
-5.51116598516111e-01  -5.65050763284744e-01  -5.78759526440067e-01  -5.92225211820817e-01  
-6.05430739528004e-01  -6.18359661419723e-01  -6.30996194573084e-01  -6.43325252564470e-01  
-6.55332474430589e-01  -6.67004251185148e-01  -6.78327749779149e-01  -6.89290934406897e-01  
-6.99882585074581e-01  -7.10092313363621e-01  -7.19910575336863e-01  -7.29328681551888e-01  
-7.38338804162133e-01  -7.46933981103058e-01  -7.55108117377131e-01  -7.62855983467698e-01  
-7.70173210927936e-01  -7.77056285206717e-01  -7.83502535788324e-01  -7.89510123737517e-01  
-7.95078026755108e-01  -8.00206021862133e-01  -8.04894665842612e-01  -8.09145273585793e-01  
-8.12959894478518e-01  -8.16341287006986e-01  -8.19292891734459e-01  -8.21818802827584e-01  
-8.23923738308688e-01  -8.25613009214807e-01  -8.26892487846226e-01  -8.27768575287977e-01  
-8.28248168387057e-01  -8.28338626366111e-01  -8.28047737251038e-01  -8.27383684285415e-01  
-8.26355012498902e-01  -8.24970595589931e-01  -8.23239603275048e-01  -8.21171469248404e-01  
-8.18775859885120e-01  -8.16062643811686e-01  -8.13041862455358e-01  -8.09723701672666e-01  
-8.06118464544932e-01  -8.02236545416052e-01  -7.98088405234969e-01  -7.93684548252301e-01  
-7.89035500107644e-01  -7.84151787331225e-01  -7.79043918270960e-01  -7.73722365443725e-01  
-7.68197549297785e-01  -7.62479823362062e-01  -7.56579460747225e-01  -7.50506641953692e-01  
-7.44271443932425e-01  -7.37883830336164e-01  -7.31353642891331e-01  -7.24690593814505e-01  
-7.17904259191924e-01  -7.11004073236190e-01  -7.03999323331051e-01  -6.96899145772953e-01  
-6.89712522116929e-01  -6.82448276034315e-01  -6.75115070590768e-01  -6.67721405855049e-01  
-6.60275616751971e-01  -6.52785871076778e-01  -6.45260167592951e-01  -6.37706334140955e-01  
-6.30132025691670e-01  -6.22544722285122e-01  -6.14951726802572e-01  -6.07360162527911e-01  
-5.99776970462561e-01  -5.92208906366675e-01  -5.84662537508079e-01  -5.77144239109274e-01  
-5.69660190491566e-01  -5.62216370924057e-01  -5.54818555193718e-01  -5.47472308920902e-01  
-5.40182983652439e-01  -5.32955711771731e-01  -5.25795401272041e-01  -5.18706730445253e-01  
-5.11694142543850e-01  -5.04761840478522e-01  -4.97913781617725e-01  -4.91153672758571e-01  
-4.84484965340630e-01  -4.77910850975515e-01  -4.71434257365569e-01  -4.65057844684433e-01  
-4.58784002490896e-01  -4.52614847245165e-01  -4.46552220493504e-01  -4.40597687783274e-01  
-4.34752538365614e-01  -4.29017785737515e-01  -4.23394169068877e-01  -4.17882155553315e-01  
-4.12481943714172e-01  -4.07193467689355e-01  -4.02016402510404e-01  -3.96950170382700e-01  
-3.91993947964949e-01  -3.87146674637230e-01  -3.82407061737946e-01  -3.77773602741174e-01  
-3.73244584337140e-01  -3.68818098370068e-01  -3.64492054579425e-01  -3.60264194082797e-01  
-3.56132103531314e-01  -3.52093229861731e-01  -3.48144895563170e-01  -3.44284314370991e-01  
-3.40508607295591e-01  -3.36814818889935e-01  -3.33199933656539e-01  -3.29660892492379e-01  
-3.26194609068800e-01  -3.22797986043119e-01  -3.19467930999003e-01  -3.16201372014122e-01  
-3.12995272755849e-01  -3.09846647008911e-01  -3.06752572542963e-01  -3.03710204232844e-01  
-3.00716786349926e-01  -2.97769663949305e-01  -2.94866293284592e-01  -2.92004251189694e-01  
-2.89181243375117e-01  -2.86395111594969e-01  -2.83643839649825e-01  -2.80925558199918e-01  
-2.78238548372654e-01  -2.75581244158083e-01  -2.72952233595645e-01  -2.70350258765156e-01  
-2.67774214604484e-01  -2.65223146585658e-01  -2.62696247290111e-01  -2.60192851932345e-01  
-2.57712432889422e-01  -2.55254593301259e-01  -2.52819059813686e-01  -2.50405674542519e-01  
-2.48014386342501e-01  -2.45645241469760e-01  -2.43298373730455e-01  -2.40973994211432e-01  
-2.38672380690996e-01  -2.36393866829340e-01  -2.34138831238648e-01  -2.31907686532559e-01  
-2.29700868453351e-01  -2.27518825173150e-01  -2.25362006862425e-01  -2.23230855615293e-01  
-2.21125795816582e-01  -2.19047225030322e-01  -2.16995505483397e-01  -2.14970956211532e-01  
-2.12973845927670e-01  -2.11004386665234e-01  -2.09062728240798e-01  -2.07148953572348e-01  
-2.05263074880824e-01  -2.03405030793873e-01  -2.01574684361986e-01  -1.99771821988392e-01  
-1.97996153265383e-01  -1.96247311701217e-01  -1.94524856313439e-01  -1.92828274056519e-01  
-1.91156983044098e-01  -1.89510336519059e-01  -1.87887627518025e-01  -1.86288094170890e-01  
-1.84710925570629e-01  -1.83155268143947e-01  -1.81620232449337e-01  -1.80104900325935e-01  
-1.78608332314095e-01  -1.77129575266960e-01  -1.75667670071465e-01  -1.74221659397160e-01  
-1.72790595391968e-01  -1.71373547245553e-01  -1.69969608543225e-01  -1.68577904336352e-01  
-1.67197597858934e-01  -1.65827896824385e-01  -1.64468059241491e-01  -1.63117398694075e-01  
-1.61775289034859e-01  -1.60441168450486e-01  -1.59114542861438e-01  -1.57794988627667e-01  
-1.56482154538097e-01  -1.55175763069569e-01  -1.53875610908358e-01  -1.52581568734892e-01  
-1.51293580279777e-01  -1.50011660666499e-01  -1.48735894063277e-01  -1.47466430673320e-01  
-1.46203483099187e-01  -1.44947322122962e-01  -1.43698271949525e-01  -1.42456704965223e-01  
-1.41223036068729e-01  -1.39997716634712e-01  -1.38781228174208e-01  -1.37574075758084e-01  
-1.36376781271907e-01  -1.35189876571665e-01  -1.34013896610267e-01  -1.32849372604509e-01  
-1.31696825311233e-01  -1.30556758479815e-01  -1.29429652545808e-01  -1.28315958627655e-01  
-1.27216092884876e-01  -1.26130431292043e-01  -1.25059304878272e-01  -1.24002995476883e-01  
-1.22961732024434e-01  -1.21935687442467e-01  -1.20924976129217e-01  -1.19929652082173e-01  
-1.18949707665834e-01  -1.17985073032431e-01  -1.17035616196696e-01  -1.16101143759174e-01  
-1.15181402266034e-01  -1.14276080187008e-01  -1.13384810486952e-01  -1.12507173760694e-01  
-1.11642701895350e-01  -1.10790882219186e-01  -1.09951162091472e-01  -1.09122953883606e-01  
-1.08305640298160e-01  -1.07498579969441e-01  -1.06701113286661e-01  -1.05912568378968e-01  
-1.05132267200316e-01  -1.04359531651557e-01  -1.03593689677155e-01  -1.02834081274580e-01  
-1.02080064355700e-01  -1.01331020401389e-01  -1.00586359853008e-01  -9.98455271874403e-02  
-9.91080056258954e-02  -9.83733214306937e-02  -9.76410477487182e-02  -9.69108079650388e-02  
-9.61822785354076e-02  -9.54551912717823e-02  -9.47293350607321e-02  -9.40045570004399e-02  
-9.32807629479899e-02  -9.25579174746519e-02  -9.18360432328793e-02  -9.11152197446804e-02  
-9.03955816268237e-02  -8.96773162739559e-02  -8.89606610260814e-02  -8.82458998519244e-02  
-8.75333595844201e-02  -8.68234057489155e-02  -8.61164380285572e-02  -8.54128854147672e-02  
-8.47132010936394e-02  -8.40178571214713e-02  -8.33273389444972e-02  -8.26421398191590e-02  
-8.19627551899511e-02  -8.12896770819925e-02  -8.06233885650204e-02  -7.99643583444671e-02  
-7.93130355336925e-02  -7.86698446593193e-02  -7.80351809489756e-02  -7.74094059476211e-02  
-7.67928435050653e-02  -7.61857761732869e-02  -7.55884420478123e-02  -7.50010320827308e-02  
-7.44236879039621e-02  -7.38565001402181e-02  -7.32995072857485e-02  -7.27526951034975e-02  
-7.22159965717777e-02  -7.16892923720366e-02  -7.11724119098259e-02  -7.06651348557151e-02  
-7.01671931876862e-02  -6.96782737115653e-02  -6.91980210313117e-02  -6.87260409365755e-02  
-6.82619041708658e-02  -6.78051505400034e-02  -6.73552933172846e-02  -6.69118238989952e-02  
-6.64742166616116e-02  -6.60419339702274e-02  -6.56144312864637e-02  -6.51911623233759e-02  
-6.47715841946565e-02  -6.43551625057588e-02  -6.39413763354173e-02  -6.35297230574142e-02  
-6.31197229543132e-02  -6.27109235772384e-02  -6.23029038085787e-02  -6.18952775877378e-02  
-6.14876972636651e-02  -6.10798565418775e-02  -6.06714929979613e-02  -6.02623901340877e-02  
-5.98523789598363e-02  -5.94413390835498e-02  -5.90291993054841e-02  -5.86159377091323e-02  
-5.82015812522186e-02  -5.77862048639446e-02  -5.73699300600580e-02  -5.69529230921719e-02  
-5.65353926524173e-02  -5.61175871589427e-02  -5.56997916519208e-02  -5.52823243335451e-02  
-5.48655327889719e-02  -5.44497899282366e-02  -5.40354896918309e-02  -5.36230425648383e-02  
-5.32128709462661e-02  -5.28054044214773e-02  -5.24010749863922e-02  -5.20003122724012e-02  
-5.16035388207008e-02  -5.12111654540443e-02  -5.08235867926888e-02  -5.04411769596419e-02  
-5.00642855181842e-02  -4.96932336820827e-02  -4.93283108359557e-02  -4.89697713999207e-02  
-4.86178320690019e-02  -4.82726694538152e-02  -4.79344181448478e-02  -4.76031692182309e-02  
-4.72789691963262e-02  -4.69618194717521e-02  -4.66516761987126e-02  -4.63484506507112e-02  
-4.60520100389768e-02  -4.57621787812566e-02  -4.54787402060808e-02  -4.52014386732223e-02  
-4.49299820869124e-02  -4.46640447744634e-02  -4.44032706993365e-02  -4.41472769744060e-02  
-4.38956576382537e-02  -4.36479876547934e-02  -4.34038270944101e-02  -4.31627254531174e-02  
-4.29242260650056e-02  -4.26878705624792e-02  -4.24532033384838e-02  -4.22197759650810e-02  
-4.19871515233639e-02  -4.17549088007849e-02  -4.15226463135022e-02  -4.12899861133017e-02  
-4.10565773410110e-02  -4.08220994910631e-02  -4.05862653549527e-02  -4.03488236147333e-02  
-4.01095610613930e-02  -3.98683044168704e-02  -3.96249217426044e-02  -3.93793234218028e-02  
-3.91314627070134e-02  -3.88813358290559e-02  -3.86289816678694e-02  -3.83744809903008e-02  
-3.81179552642659e-02  -3.78595650630077e-02  -3.75995080773100e-02  -3.73380167574652e-02  
-3.70753556104975e-02  -3.68118181815653e-02  -3.65477237515934e-02  -3.62834137859615e-02  
-3.60192481714922e-02  -3.57556012810117e-02  -3.54928579063694e-02  -3.52314091020020e-02  
-3.49716479818891e-02  -3.47139655130642e-02  -3.44587463487299e-02  -3.42063647434624e-02  
-3.39571805920005e-02  -3.37115356317016e-02  -3.34697498469336e-02  -3.32321181114661e-02  
-3.29989071023692e-02  -3.27703525160297e-02  -3.25466566136984e-02  -3.23279861205175e-02  
-3.21144704982778e-02  -3.19062006082621e-02  -3.17032277764866e-02  -3.15055632694916e-02  
-3.13131781846064e-02  -3.11260037543626e-02  -3.09439320604873e-02  -3.07668171487433e-02  
-3.05944765318030e-02  -3.04266930634194e-02  -3.02632171634199e-02  -3.01037693695164e-02  
-2.99480431886729e-02  -2.97957082177897e-02  -2.96464135008113e-02  -2.94997910870518e-02  
-2.93554597535904e-02  -2.92130288530305e-02  -2.90721022467619e-02  -2.89322822831157e-02  
-2.87931737794790e-02  -2.86543879675245e-02  -2.85155463612210e-02  -2.83762845082106e-02  
-2.82362555864572e-02  -2.80951338097797e-02  -2.79526176079500e-02  -2.78084325494584e-02  
-2.76623339777815e-02  -2.75141093350128e-02  -2.73635801499995e-02  -2.72106036716381e-02  
-2.70550741316712e-02  -2.68969236251760e-02  -2.67361226008810e-02  -2.65726799574738e-02  
-2.64066427461050e-02  -2.62380954833304e-02  -2.60671590827083e-02  -2.58939894171533e-02  
-2.57187755278902e-02  -2.55417374994287e-02  -2.53631240233405e-02  -2.51832096767410e-02  
-2.50022919442256e-02  -2.48206880145533e-02  -2.46387313855841e-02  -2.44567683128489e-02  
-2.42751541386218e-02  -2.40942495394889e-02  -2.39144167311279e-02  -2.37360156693423e-02  
-2.35594002863185e-02  -2.33849148005999e-02  -2.32128901384115e-02  -2.30436405027126e-02  
-2.28774601247435e-02  -2.27146202308606e-02  -2.25553662551548e-02  -2.23999153257424e-02  
-2.22484540497359e-02  -2.21011366187663e-02  -2.19580832535852e-02  -2.18193790027432e-02  
-2.16850729066712e-02  -2.15551775347112e-02  -2.14296688987998e-02  -2.13084867436312e-02  
-2.11915352092698e-02  -2.10786838583679e-02  -2.09697690564311e-02  -2.08645956899767e-02  
-2.07629392040095e-02  -2.06645479370107e-02  -2.05691457286400e-02  -2.04764347726187e-02  
-2.03860986848206e-02  -2.02978057544607e-02  -2.02112123444836e-02  -2.01259664058054e-02  
-2.00417110689866e-02  -1.99580882762119e-02  -1.98747424161345e-02  -1.97913239242075e-02  
-1.97074928115742e-02  -1.96229220864150e-02  -1.95373010328436e-02  -1.94503383139952e-02  
-1.93617648678363e-02  -1.92713365664326e-02  -1.91788366119132e-02  -1.90840776451369e-02  
-1.89869035460776e-02  -1.88871909081626e-02  -1.87848501721870e-02  -1.86798264089644e-02  
-1.85720997435011e-02  -1.84616854171887e-02  -1.83486334882321e-02  -1.82330281742484e-02  
-1.81149868446421e-02  -1.79946586739395e-02  -1.78722229707279e-02  -1.77478872001446e-02  
-1.76218847209684e-02  -1.74944722612558e-02  -1.73659271590958e-02  -1.72365443974138e-02  
-1.71066334638093e-02  -1.69765150681437e-02  -1.68465177519831e-02  -1.67169744250460e-02  
-1.65882188644723e-02  -1.64605822130478e-02  -1.63343895124402e-02  -1.62099563070807e-02  
-1.60875853535142e-02  -1.59675634688904e-02  -1.58501585507696e-02  -1.57356167985848e-02  
-1.56241601649728e-02  -1.55159840627619e-02  -1.54112553507279e-02  -1.53101106183113e-02  
-1.52126547863830e-02  -1.51189600378537e-02  -1.50290650885076e-02  -1.49429748049217e-02  
-1.48606601727467e-02  -1.47820586150179e-02  -1.47070746565626e-02  -1.46355809270184e-02  
-1.45674194915074e-02  -1.45024034946614e-02  -1.44403191004915e-02  -1.43809277075916e-02  
-1.43239684163577e-02  -1.42691607223644e-02  -1.42162074077517e-02  -1.41647976004879e-02  
-1.41146099697019e-02  -1.40653160239274e-02  -1.40165834781052e-02  -1.39680796545324e-02  
-1.39194748826624e-02  -1.38704458627249e-02  -1.38206789585662e-02  -1.37698733858955e-02  
-1.37177442632517e-02  -1.36640254944693e-02  -1.36084724532110e-02  -1.35508644422067e-02  
-1.34910069022131e-02  -1.34287333483095e-02  -1.33639070139946e-02  -1.32964221865811e-02  
-1.32262052205883e-02  -1.31532152191680e-02  -1.30774443770266e-02  -1.29989179818056e-02  
-1.29176940743964e-02  -1.28338627721814e-02  -1.27475452626524e-02  -1.26588924782442e-02  
-1.25680834664859e-02  -1.24753234726891e-02  -1.23808417553315e-02  -1.22848891570173e-02  
-1.21877354563803e-02  -1.20896665285238e-02  -1.19909813435214e-02  -1.18919888341352e-02  
-1.17930046652158e-02  -1.16943479382204e-02  -1.15963378649107e-02  -1.14992904445719e-02  
-1.14035151790122e-02  -1.13093118591795e-02  -1.12169674564463e-02  -1.11267531505064e-02  
-1.10389215243783e-02  -1.09537039552568e-02  -1.08713082279066e-02  -1.07919163949680e-02  
-1.07156829059770e-02  -1.06427330241115e-02  -1.05731615466888e-02  -1.05070318422989e-02  
-1.04443752141751e-02  -1.03851905960424e-02  -1.03294445832439e-02  -1.02770717984918e-02  
-1.02279755881418e-02  -1.01820290414869e-02  -1.01390763222423e-02  -1.00989342981880e-02  
-1.00613944518727e-02  -1.00262250523980e-02  -9.99317356563068e-03  -9.96196927774766e-03  
-9.93232610483702e-03  -9.90394555938605e-03  -9.87651984288289e-03  -9.84973503248575e-03  
-9.82327432876322e-03  -9.79682133089752e-03  -9.77006330548748e-03  -9.74269441516572e-03  
-9.71441887368620e-03  -9.68495399490908e-03  -9.65403310422380e-03  -9.62140828238571e-03  
-9.58685291348350e-03  -9.55016401078660e-03  -9.51116429652532e-03  -9.46970401420219e-03  
-9.42566245480057e-03  -9.37894918121236e-03  -9.32950493832470e-03  -9.27730223945143e-03  
-9.22234562313326e-03  -9.16467157773466e-03  -9.10434813468843e-03  -9.04147413465834e-03  
-8.97617817425943e-03  -8.90861724427342e-03  -8.83897507346833e-03  -8.76746019517563e-03  
-8.69430375662740e-03  -8.61975709371010e-03  -8.54408909621331e-03  -8.46758339080488e-03  
-8.39053537085146e-03  -8.31324910377736e-03  -8.23603414792528e-03  -8.15920231181435e-03  
-8.08306438929251e-03  -8.00792690433135e-03  -7.93408889912115e-03  -7.86183879868086e-03  
-7.79145138442146e-03  -7.72318490798300e-03  -7.65727837523048e-03  -7.59394902854921e-03  
-7.53339005354577e-03  -7.47576853395914e-03  -7.42122367603424e-03  -7.36986532084804e-03  
-7.32177276011238e-03  -7.27699386786436e-03  -7.23554455720056e-03  -7.19740856787145e-03  
-7.16253758714293e-03  -7.13085170290081e-03  -7.10224018455032e-03  -7.07656258388035e-03  
-7.05365014476247e-03  -7.03330750736257e-03  -7.01531468949772e-03  -6.99942932490344e-03  
-6.98538913551183e-03  -6.97291461240840e-03  -6.96171187796820e-03  -6.95147569977220e-03  
-6.94189262532072e-03  -6.93264420527853e-03  -6.92341027204361e-03  -6.91387223982563e-03  
-6.90371639215899e-03  -6.89263712286550e-03  -6.88034009692000e-03  -6.86654529845421e-03  
-6.85098993425314e-03  -6.83343116254569e-03  -6.81364861864313e-03  -6.79144671103375e-03  
-6.76665666386207e-03  -6.73913828429447e-03  -6.70878143606980e-03  -6.67550720352537e-03  
-6.63926873354454e-03  -6.60005174616383e-03  -6.55787470796483e-03  -6.51278866583443e-03  
-6.46487674215819e-03  -6.41425329599436e-03  -6.36106275821391e-03  -6.30547815195410e-03  
-6.24769931298814e-03  -6.18795082772086e-03  -6.12647970945324e-03  -6.06355283629092e-03  
-5.99945417656148e-03  -5.93448182984327e-03  -5.86894491366237e-03  -5.80316032755944e-03  
-5.73744942756465e-03  -5.67213464510714e-03  -5.60753608504349e-03  -5.54396813778066e-03  
-5.48173614041814e-03  -5.42113312141760e-03  -5.36243666254256e-03  -5.30590591070325e-03  
-5.25177877089149e-03  -5.20026930963058e-03  -5.15156539629044e-03  -5.10582660726981e-03  
-5.06318241543278e-03  -5.02373068434356e-03  -4.98753648378762e-03  -4.95463123984520e-03  
-4.92501222941125e-03  -4.89864242557428e-03  -4.87545069671848e-03  -4.85533235861648e-03  
-4.83815007518900e-03  -4.82373510004303e-03  -4.81188884741409e-03  -4.80238477774491e-03  
-4.79497057989405e-03  -4.78937062888437e-03  -4.78528869524050e-03  -4.78241087931576e-03  
-4.78040874163979e-03  -4.77894259822203e-03  -4.77766494795634e-03  -4.77622399781419e-03  
-4.77426725039358e-03  -4.77144511761414e-03  -4.76741452395267e-03  -4.76184246256162e-03  
-4.75440946794558e-03  -4.74481296956036e-03  -4.73277049174763e-03  -4.71802266682414e-03  
-4.70033602987381e-03  -4.67950556585603e-03  -4.65535698199617e-03  -4.62774868106246e-03  
-4.59657341402094e-03  -4.56175959367395e-03  -4.52327225419348e-03  -4.48111364492780e-03  
-4.43532345046126e-03  -4.38597863258854e-03  -4.33319289361573e-03  -4.27711576416196e-03  
-4.21793132238011e-03  -4.15585655521082e-03  -4.09113937587635e-03  -4.02405631529983e-03  
-3.95490990843929e-03  -3.88402579964401e-03  -3.81174959402660e-03  -3.73844348447765e-03  
-3.66448268629911e-03  -3.59025171347800e-03  -3.51614053233585e-03  -3.44254062966164e-03  
-3.36984103344413e-03  -3.29842432495728e-03  -3.22866268120014e-03  -3.16091398656167e-03  
-3.09551805204111e-03  -3.03279297942247e-03  -2.97303170646066e-03  -2.91649876738012e-03  
-2.86342730080246e-03  -2.81401633458402e-03  -2.76842837392077e-03  -2.72678731541045e-03  
-2.68917670547061e-03  -2.65563835648624e-03  -2.62617132814511e-03  -2.60073127444994e-03  
-2.57923014863007e-03  -2.56153624841523e-03  -2.54747457265259e-03  -2.53682744693763e-03  
-2.52933536083170e-03  -2.52469794270907e-03  -2.52257498112427e-03  -2.52258738528690e-03  
-2.52431796409655e-03  -2.52731189661010e-03  -2.53107677127268e-03  -2.53508209236942e-03  
-2.53875819634502e-03  -2.54149459452463e-03  -2.54263786816655e-03  -2.54148939027682e-03  
-2.53730333576555e-03  -2.52928566076636e-03  -2.51659496861463e-03  -2.49834640977130e-03  
-2.47361995129847e-03  -2.44147445453242e-03  -2.40096896724160e-03  -2.35119241797974e-03  
-2.29130245170090e-03  -2.22057343998966e-03  -2.13845273682653e-03  -2.04462306912945e-03  
-1.93906763191985e-03  -1.82213312814349e-03  -1.69458482067571e-03  -1.55764684330231e-03  
-1.41302074750632e-03  -1.26287571736474e-03  -1.10980518348390e-03  -9.56746738254726e-04  
-8.06865215869039e-04  -6.63402344630845e-04  -5.29500181171727e-04  -4.08009179001337e-04  
-3.01294762739774e-04  -2.11058221996851e-04  -1.38188231764213e-04  -8.26581186327253e-05  
-4.34810857336801e-05  -1.87311637792432e-05  -5.63206402786038e-06  -7.09940363257413e-07  
0.00000000000000e+00  
