0	0.04044060302220302
1	0.03301698497194036
2	0.027714001280312272
3	0.02454100918102485
4	0.02277877817716543
5	0.021516341882623406
6	0.020372124748824764
7	0.01924475480886853
8	0.01812230433903948
9	0.017017233414301555
10	0.015944715134150637
11	0.0149162224525672
12	0.013939110449233027
13	0.013018041205339618
14	0.0121562988573728
15	0.011356213188438035
16	0.010618898071754871
17	0.009943964217782729
18	0.009329593225612826
19	0.008772974010108818
20	0.00827075769483698
21	0.00781919609202142
22	0.007414099736477829
23	0.007050952287049139
24	0.00672525278486297
25	0.006432834149647905
26	0.006169985414809492
27	0.0059335134284051825
28	0.005720897988364135
29	0.005530380135095471
30	0.005360732458382896
31	0.005210816149733509
32	0.005079235416834409
33	0.004964233260787438
34	0.004863716293058611
35	0.004775286378149237
36	0.004696331598483539
37	0.004624232923724271
38	0.004556580429554392
39	0.0044912604000987445
40	0.004426432297237811
41	0.004360518063265912
42	0.004292252997521385
43	0.004220740633715805
44	0.004145470933864472
45	0.004066332792890663
46	0.003983641825460968
47	0.0038981365449379155
48	0.0038108869377364765
49	0.0037231353183478054
50	0.003636151274070877
51	0.0035511464665330984
52	0.0034692128362909715
53	0.0033912432918533388
54	0.0033178587169260102
55	0.0032493824505896167
56	0.0031858627627530866
57	0.003127121926298996
58	0.0030728172222937566
59	0.0030224990779927673
60	0.0029756537812916997
61	0.002931734262816998
62	0.0028901937483968606
63	0.002850532092284008
64	0.002812347255973894
65	0.0027753686503020417
66	0.0027394521055926846
67	0.0027045389998507025
68	0.002670603781040476
69	0.0026376168047317727
70	0.0026055357319699195
71	0.002574321245902473
72	0.0025439606666569532
73	0.0025144810803214117
74	0.0024859425622730936
75	0.0024584161406300967
76	0.0024319606795336966
77	0.0024066115834809054
78	0.0023823841087720924
79	0.0023592837519577406
80	0.002337313491504068
81	0.002316472945125096
82	0.0022967520454237034
83	0.0022781261293997215
84	0.002260558150940178
85	0.0022440079968718447
86	0.002228442885551727
87	0.002213841886792295
88	0.002200192671605925
89	0.0021874846498269947
90	0.0021757041665174197
91	0.00216483404787461
92	0.0021548555705636447
93	0.0021457494599818067
94	0.002137494092098265
95	0.002130061765857353
96	0.0021234156644024805
97	0.0021175097335258235
98	0.0021122915158963496
99	0.002107705935587794
100	0.0021036979534029172
101	0.002100213602921767
102	0.0020972002355164774
103	0.0020946067350973265
104	0.002092383764612575
105	0.00209048391444369
106	0.002088861925682411
107	0.002087475261226302
108	0.0020862850158720426
109	0.002085256858019703
110	0.0020843616059733417
111	0.00208357515917298
112	0.002082877836311076
113	0.0020822535611343613
114	0.002081689372278754
115	0.0020811752867734025
116	0.0020807041182072114
117	0.002080270953593018
118	0.0020798724371982914
119	0.0020795062144645946
120	0.0020791706864048214
121	0.002078864937841002
122	0.0020785886083161597
123	0.0020783415764697444
124	0.0020781235294494963
125	0.002077933649997481
126	0.002077770599522642
127	0.00207763271487375
128	0.002077518158176394
129	0.0020774248792271364
130	0.00207735050223611
131	0.0020772923293521143
132	0.002077247520262556
133	0.0020772133494388
134	0.0020771873955624893
135	0.0020771675811536
136	0.00207715209844303
137	0.0020771393395354544
138	0.0020771279132418665
139	0.0020771167180024153
140	0.0020771049858982846
141	0.002077092263723117
142	0.002077078361239682
143	0.002077063299112244
144	0.002077047259713875
145	0.0020770305323017327
146	0.002077013450377099
147	0.002076996330431315
148	0.0020769794314859547
149	0.0020769629493627025
150	0.002076947035048524
151	0.002076931812032696
152	0.0020769173815182694
153	0.002076903822952701
154	0.002076891195995686
155	0.0020768795412224655
156	0.0020768688781777605
157	0.002076859204404696
158	0.0020768504979446346
159	0.0020768427224114885
160	0.002076835832250315
161	0.00207682977512943
162	0.0020768244907303415
163	0.002076819910318212
164	0.002076815961487532
165	0.0020768125751560243
166	0.0020768096880110906
167	0.0020768072389789186
168	0.002076805164921085
169	0.002076803400531139
170	0.002076801882832798
171	0.002076800556772536
172	0.002076799377953291
173	0.0020767983115797996
174	0.0020767973304334324
175	0.002076796414536456
176	0.002076795551687727
177	0.0020767947365803734
178	0.002076793968206523
179	0.002076793247342883
180	0.0020767925754347546
181	0.002076791954705304
182	0.002076791388294561
183	0.0020767908794892377
184	0.0020767904303959726
185	0.0020767900412030815
186	0.0020767897104958764
187	0.002076789435883871
188	0.0020767892141592076
189	0.00207678904108996
190	0.0020767889112897333
191	0.0020767888184723225
192	0.0020767887559842695
193	0.0020767887173333915
194	0.0020767886964578233
195	0.002076788687815205
196	0.0020767886864250244
197	0.0020767886878962916
198	0.002076788688445719
199	0.0020767886849620736
200	0.002076788675153044
201	0.00207678865767429
202	0.0020767886321098423
203	0.0020767885988154182
204	0.0020767885586994027
205	0.002076788513037731
206	0.0020767884633504513
207	0.002076788411269005
208	0.002076788358395426
209	0.002076788306182322
210	0.0020767882559067107
211	0.0020767882086606083
212	0.002076788165325574
213	0.0020767881265064967
214	0.0020767880924929157
215	0.0020767880632930062
216	0.0020767880387047733
217	0.0020767880183994833
218	0.0020767880019357714
219	0.0020767879887840877
220	0.0020767879783739614
221	0.0020767879701508616
222	0.002076787963634674
223	0.002076787958418414
224	0.0020767879541576176
225	0.002076787950560414
226	0.0020767879473933214
227	0.002076787944486852
228	0.0020767879417311064
229	0.0020767879390628284
230	0.002076787936459132
231	0.002076787933928868
232	0.0020767879315106976
233	0.0020767879292484786
234	0.002076787927189637
235	0.0020767879253683775
236	0.0020767879238067937
237	0.0020767879225196567
238	0.0020767879215097896
239	0.002076787920761933
240	0.002076787920253071
241	0.0020767879199473684
242	0.002076787919797206
243	0.002076787919759407
244	0.0020767879197825124
245	0.0020767879198281434
246	0.002076787919860831
247	0.0020767879198533546
248	0.0020767879197848196
249	0.002076787919647191
250	0.00207678791943769
251	0.002076787919160436
252	0.002076787918827691
253	0.0020767879184498766
254	0.002076787918044014
255	0.0020767879176231273
256	0.002076787917203575
257	0.0020767879167987533
258	0.0020767879164180006
259	0.0020767879160711444
260	0.00207678791576259
261	0.0020767879154954404
262	0.002076787915269338
263	0.0020767879150838282
264	0.0020767879149349044
265	0.002076787914821075
266	0.002076787914736565
267	0.0020767879146774615
268	0.002076787914636318
269	0.0020767879146112857
270	0.002076787914595323
271	0.0020767879145862952
272	0.0020767879145799466
273	0.0020767879145756987
274	0.0020767879145684163
275	0.002076787914558614
276	0.002076787914547049
277	0.002076787914532211
278	0.0020767879145161205
279	0.0020767879144980798
280	0.002076787914480082
281	0.002076787914462037
282	0.002076787914445641
283	0.0020767879144314282
284	0.0020767879144180314
285	0.002076787914407235
286	0.002076787914399119
287	0.0020767879143919494
288	0.0020767879143869772
289	0.0020767879143833686
290	0.0020767879143804083
291	0.0020767879143779727
292	0.002076787914375845
293	0.0020767879143741208
294	0.002076787914371988
295	0.002076787914370017
296	0.0020767879143681616
297	0.002076787914364954
298	0.002076787914362425
299	0.0020767879143590343
300	0.002076787914356213
301	0.0020767879143532616
302	0.002076787914350405
303	0.002076787914347104
304	0.0020767879143448074
305	0.002076787914342672
306	0.00207678791434002
307	0.0020767879143396973
308	0.0020767879143385264
309	0.002076787914337227
310	0.0020767879143360414
311	0.002076787914335374
312	0.002076787914334599
313	0.0020767879143346792
314	0.0020767879143342815
315	0.002076787914334727
316	0.002076787914334912
317	0.002076787914334497
318	0.0020767879143337676
319	0.0020767879143336297
320	0.002076787914333589
321	0.0020767879143341814
322	0.0020767879143333587
323	0.002076787914333314
324	0.002076787914333089
325	0.002076787914332778
326	0.00207678791433336
327	0.002076787914333418
328	0.0020767879143329063
329	0.002076787914332832
330	0.002076787914332954
331	0.002076787914332365
332	0.0020767879143329592
333	0.0020767879143325646
334	0.002076787914332799
335	0.002076787914332019
336	0.0020767879143315997
337	0.0020767879143313555
338	0.0020767879143321986
339	0.0020767879143317697
340	0.002076787914332104
341	0.0020767879143317957
342	0.0020767879143321014
343	0.0020767879143315454
344	0.0020767879143319718
345	0.0020767879143323217
346	0.0020767879143307653
347	0.00207678791433191
348	0.002076787914331983
349	0.002076787914332318
350	0.0020767879143319184
351	0.0020767879143314717
352	0.0020767879143316703
353	0.002076787914331884
354	0.002076787914331258
355	0.0020767879143324293
356	0.0020767879143322432
357	0.0020767879143313455
358	0.0020767879143315177
359	0.0020767879143315008
360	0.0020767879143315394
361	0.0020767879143315402
362	0.0020767879143316114
363	0.0020767879143324284
364	0.0020767879143323152
365	0.002076787914331918
366	0.002076787914331565
367	0.002076787914332113
368	0.0020767879143319804
369	0.002076787914331696
370	0.0020767879143326483
371	0.0020767879143321105
372	0.0020767879143316213
373	0.0020767879143311872
374	0.00207678791433185
375	0.0020767879143326648
376	0.002076787914332687
377	0.002076787914332001
378	0.0020767879143322333
379	0.002076787914331702
380	0.002076787914332167
381	0.002076787914331854
382	0.0020767879143312033
383	0.0020767879143322324
384	0.002076787914331517
385	0.002076787914331652
386	0.0020767879143315502
387	0.0020767879143317714
388	0.002076787914331573
389	0.0020767879143324033
390	0.0020767879143316305
391	0.002076787914331738
392	0.0020767879143313113
393	0.002076787914331872
394	0.002076787914331125
395	0.00207678791433234
396	0.002076787914331864
397	0.002076787914331704
