<Coefficient>
	 11 Total number of radial orbitals.
	Type	L	Zeta-Orbital
	  Te 	0	    1
	   0.23977715087492
	  -0.00767539234092
	   0.01028858511797
	  -0.01662250220621
	  -0.00749271848803
	  -0.01264670286594
	  -0.00032576154862
	  -0.00480924270985
	   0.00466362960581
	  -0.00349429859114
	   0.00518662605203
	  -0.00523333817421
	   0.00561533992848
	  -0.00650843603087
	   0.00698318051961
	  -0.00762949667773
	   0.00888920596009
	  -0.00954024394452
	   0.01106804746834
	  -0.01260591245644
	   0.01538694268734
	  -0.02549659772951
	Type	L	Zeta-Orbital
	  Te 	0	    2
	   0.02699908962910
	  -0.44355236939163
	  -0.15880191135197
	   0.09292757311854
	   0.23708624888292
	   0.22231843883706
	   0.16480449631561
	   0.07872448092524
	   0.03375689794235
	  -0.00412372674868
	   0.00080569773861
	  -0.00815663836604
	   0.00971830009333
	  -0.00432489358100
	   0.00993758560098
	  -0.01094610624476
	   0.00754050121704
	  -0.01468940313871
	   0.01194424486685
	  -0.01543665943667
	   0.01935832977381
	  -0.03057570048820
	Type	L	Zeta-Orbital
	  Te 	0	    3
	  -0.21868976224937
	  -0.58934008140991
	   0.02076077797199
	  -0.54401215110205
	  -0.81874694898353
	  -0.53799958032311
	  -0.36023453974467
	  -0.10047888683468
	   0.01322997016078
	   0.08208419472591
	   0.02688035677997
	  -0.00997648162826
	  -0.02070111716725
	  -0.02853038348726
	  -0.00281976347467
	   0.02280154112226
	   0.03582040118597
	   0.01130255451541
	   0.01368218078931
	  -0.01532419617669
	   0.01200638582138
	  -0.02304953249689
	Type	L	Zeta-Orbital
	  Te 	1	    1
	  -0.26982432181796
	  -0.34907467780361
	  -0.20612652332026
	  -0.06186446366690
	   0.01758302142294
	   0.05205726230115
	   0.04633410956468
	   0.03420540451046
	   0.01358976747988
	   0.00603807803407
	  -0.00275219033300
	   0.00104487345230
	  -0.00225576936139
	   0.00380036543585
	  -0.00216190779675
	   0.00332236110001
	  -0.00432475648817
	   0.00287619003355
	  -0.00507173577122
	   0.00532812119116
	  -0.00561717067350
	   0.01995460842488
	Type	L	Zeta-Orbital
	  Te 	1	    2
	  -0.25033744050396
	  -0.18057008031476
	   0.48096412545366
	   0.21026666679828
	  -0.11559989926504
	  -0.17621486903376
	  -0.16874587595107
	  -0.08980555210720
	  -0.03952648787837
	  -0.00436070119105
	   0.00707418953162
	  -0.00183199439717
	  -0.00098019266992
	  -0.00525159419737
	   0.00156993740422
	   0.00326115691387
	   0.01494533748244
	   0.00209917725175
	   0.00694677037146
	  -0.01518584342989
	  -0.00111417833294
	  -0.03803766643311
	Type	L	Zeta-Orbital
	  Te 	1	    3
	  -0.92048440536646
	   0.89513615409433
	  -0.07784961335975
	  -0.33443326811873
	   0.08104064435301
	  -0.03497310467352
	   0.10812435684023
	  -0.00167376521013
	   0.03627920611675
	  -0.00433716722715
	  -0.00380578986456
	   0.00054893668067
	  -0.01443065961932
	   0.01943469636696
	  -0.01003392302253
	   0.03576083201012
	  -0.02848164879623
	   0.04250577975740
	  -0.05289980942217
	   0.05107741585148
	  -0.08521094983451
	   0.21414470904590
	Type	L	Zeta-Orbital
	  Te 	2	    1
	  -0.03526625714513
	  -0.14082804965133
	  -0.27550787501825
	  -0.45644524035830
	  -0.58789350049637
	  -0.67686289957618
	  -0.70146885299831
	  -0.69723173411715
	  -0.62893595627217
	  -0.54918342156516
	  -0.43614388509529
	  -0.33088483438094
	  -0.22444464481363
	  -0.14434958992036
	  -0.07464601614904
	  -0.03892762535048
	  -0.00839499215190
	  -0.00522247066906
	   0.00537293209648
	  -0.00377642486026
	   0.00255596086346
	  -0.03855307149709
	Type	L	Zeta-Orbital
	  Te 	2	    2
	  -0.28632327134872
	  -0.45545825796642
	  -0.39602772414448
	  -0.15388740534021
	  -0.02212777284219
	   0.03953379710618
	   0.06402247420910
	   0.09406309903749
	   0.09501413826403
	   0.10499446684910
	   0.09103088061901
	   0.09037786575995
	   0.06795360376726
	   0.06159986439609
	   0.03222355128988
	   0.02981231935641
	   0.00421225559076
	   0.01136340367128
	  -0.00935239753223
	   0.00702698732110
	  -0.00786724947164
	   0.08055494168085
	Type	L	Zeta-Orbital
	  Te 	2	    3
	  -0.60418015033649
	  -0.36536711944000
	   1.27607771490252
	  -0.08747418964435
	  -0.25905669359334
	  -0.36021685447287
	   0.15853585460170
	  -0.55666496751910
	   0.03733892725331
	  -0.45613070507377
	  -0.09681997068931
	  -0.28206466753565
	  -0.05759332283583
	  -0.25899178150422
	   0.06767504492674
	  -0.20832422492164
	   0.14178468565502
	  -0.18923805571311
	   0.20253814003665
	  -0.20551758267371
	   0.15813033265794
	  -1.82230081118767
	Type	L	Zeta-Orbital
	  Te 	3	    1
	  -0.17919884377842
	  -0.58425444437470
	  -0.52396338814379
	  -0.42314992722700
	  -0.20934276918222
	  -0.17759454194078
	  -0.09122209456150
	  -0.08875159646706
	  -0.02447603760832
	  -0.04122795504667
	   0.00519435025069
	  -0.02531643883581
	   0.01802699510729
	  -0.02239376542559
	   0.02033628234419
	  -0.02372424814986
	   0.02619670853110
	  -0.02526825896803
	   0.02426037499488
	  -0.01864753984471
	  -0.10185904331331
	  -0.60827441782999
	Type	L	Zeta-Orbital
	  Te 	3	    2
	  -0.25514284447253
	   0.17139323283403
	   1.49402286729695
	   1.02313706676771
	   0.52918252532971
	   0.31285573845968
	   0.24567058660835
	   0.15348556890955
	   0.10638270548033
	   0.04301528199190
	   0.05526850130082
	   0.00698914829943
	   0.04494944780908
	  -0.01546172198046
	   0.03699570319534
	  -0.03196481279033
	   0.02487715228371
	  -0.03497202634792
	   0.03788891580326
	  -0.02173566546089
	  -0.13901796966190
	  -0.80029479838308
</Coefficient>
<Mkb>
Left spillage = 1.6911281917e-03
</Mkb>
