0	5.597616479492334
1	4.496506474248547
2	3.760072865723859
3	3.2591016959335968
4	2.9106632095007705
5	2.395480482861891
6	2.0396345256999697
7	1.8465193116707723
8	1.6843494153804097
9	1.5402379907827728
10	1.4090402035288199
11	1.2886119178785047
12	1.177441716542282
13	1.0743603618141693
14	0.9784514207562145
15	0.8889872737054015
16	0.8053796370141038
17	0.7271425347792345
18	0.6538740281349259
19	0.5852547353691123
20	0.521049564997318
21	0.4611029909066622
22	0.40532817051454
23	0.3536934365734381
24	0.3062069777133654
25	0.2628976636642054
26	0.22379076078644325
27	0.18888119180895335
28	0.1581102129324687
29	0.13135118396535325
30	0.1084070579191948
31	0.08901849433082779
32	0.07287890413789426
33	0.05965203631523061
34	0.048988662730239316
35	0.04054057446370846
36	0.03397153489976467
37	0.028965600572009066
38	0.02523335427451854
39	0.022516353509713205
40	0.020589791765032072
41	0.01926325826535555
42	0.018379644811162225
43	0.017812550446698515
44	0.0174627560801134
45	0.0172543551744105
46	0.017130956294325105
47	0.01705213454740471
48	0.01699013278517053
49	0.016926779685554606
50	0.016850683047310844
51	0.016754869550499516
52	0.016635065113498753
53	0.016488703076233922
54	0.016314562923327298
55	0.016112781913560144
56	0.015884932192246033
57	0.015633938075264704
58	0.015363769358297247
59	0.015078995795524883
60	0.014784352913358936
61	0.01448443489351355
62	0.014183538089894258
63	0.013885595078599385
64	0.013594113263932533
65	0.013312069914469583
66	0.01304178235387794
67	0.012784819626534343
68	0.012542020161466525
69	0.012313632833376604
70	0.012099538062332401
71	0.011899468486463345
72	0.01171315532287096
73	0.011540369518768785
74	0.01138087899307795
75	0.01123437590020989
76	0.011100427232358217
77	0.010978474986838337
78	0.010867878461733949
79	0.010767970376400206
80	0.010678098418069597
81	0.010597639018636095
82	0.010525988057755637
83	0.01046254313013811
84	0.010406691045682948
85	0.010357806625888673
86	0.010315261279795603
87	0.010278436354667015
88	0.010246736649617581
89	0.010219601156597364
90	0.010196509101239322
91	0.010176979850591884
92	0.010160566552365314
93	0.010146845954387453
94	0.010135409397540556
95	0.01012586032479743
96	0.010117820817347025
97	0.010110944999212605
98	0.010104933532579453
99	0.010099543162151135
100	0.010094588344154394
101	0.010089936143435056
102	0.010085498047697134
103	0.010081221921748679
104	0.010077085033060915
105	0.01007308711993759
106	0.010069242378485391
107	0.010065570781294445
108	0.010062090720996909
109	0.010058815090417134
110	0.010055751365317238
111	0.01005290420696244
112	0.010050278052300014
113	0.010047877767471985
114	0.010045707112186181
115	0.010043766243947164
116	0.010042049868933587
117	0.010040546936389241
118	0.010039241719387373
119	0.010038115503620193
120	0.010037148166216762
121	0.010036319361014154
122	0.01003560937436487
123	0.010034999769463858
124	0.010034473824367214
125	0.010034016719283428
126	0.010033615517035346
127	0.010033259085735796
128	0.010032938089121377
129	0.010032645022484321
130	0.010032374152223288
131	0.010032121258149049
132	0.010031883250226827
133	0.010031657865466054
134	0.010031443602885966
135	0.010031239851206448
136	0.010031046981517472
137	0.010030866180266136
138	0.010030698989476549
139	0.010030546742239606
140	0.010030410154664543
141	0.010030289216192236
142	0.010030183322459123
143	0.010030091479872556
144	0.010030012447853134
145	0.010029944807272201
146	0.010029887028615047
147	0.0100298375951585
148	0.01002979515399454
149	0.010029758612650652
150	0.010029727124536468
151	0.010029699985113836
152	0.01002967651961873
153	0.01002965603516597
154	0.010029637850730903
155	0.010029621362665163
156	0.01002960609229123
157	0.010029591691777594
158	0.010029577920210888
159	0.01002956461457167
160	0.01002955166967993
161	0.010029539026215903
162	0.01002952666171294
163	0.010029514584216808
164	0.010029502830915981
165	0.010029491469538972
166	0.010029480594748225
167	0.010029470313523409
168	0.010029460722751404
169	0.010029451890014706
170	0.010029443846913183
171	0.010029436594763524
172	0.010029430114259686
173	0.010029424371091104
174	0.010029419316815403
175	0.010029414890510669
176	0.010029411025835445
177	0.01002940766190707
178	0.010029404751644709
179	0.010029402262572373
180	0.010029400170747209
181	0.010029398452925097
182	0.010029397081690566
183	0.010029396024461535
184	0.010029395244199489
185	0.010029394699796686
186	0.010029394346272863
187	0.010029394136319031
188	0.010029394023871272
189	0.010029393968480127
190	0.010029393938370877
191	0.010029393910936001
192	0.01002939387108154
193	0.010029393808842183
194	0.010029393717473732
195	0.010029393592450721
196	0.010029393431208589
197	0.010029393233325787
198	0.010029393000843226
199	0.010029392738417062
200	0.01002939245300853
201	0.01002939215307912
202	0.01002939184755658
203	0.010029391544963448
204	0.010029391252900019
205	0.010029390977772347
206	0.010029390724572625
207	0.010029390496668112
208	0.01002939029575378
209	0.01002939012207199
210	0.010029389974841697
211	0.01002938985265033
212	0.01002938975365637
213	0.010029389675631818
214	0.010029389615994283
215	0.010029389571940262
216	0.010029389540648784
217	0.010029389519451403
218	0.010029389505919854
219	0.010029389497898625
220	0.010029389493535957
221	0.010029389491316567
222	0.010029389490081642
223	0.0100293894889952
224	0.010029389487477846
225	0.010029389485138719
226	0.010029389481723968
227	0.010029389477090209
228	0.010029389471184745
229	0.010029389464040011
230	0.01002938945577777
231	0.010029389446597028
232	0.010029389436749192
233	0.010029389426495726
234	0.010029389416074676
235	0.010029389405694112
236	0.010029389395549515
237	0.010029389385838328
238	0.010029389376754825
239	0.010029389368470384
240	0.010029389361110077
241	0.010029389354753442
242	0.010029389349431197
243	0.010029389345135928
244	0.010029389341819543
245	0.010029389339397753
246	0.010029389337757301
247	0.010029389336774643
248	0.01002938933632134
249	0.010029389336277086
250	0.010029389336524667
251	0.010029389336955281
252	0.010029389337468822
253	0.010029389337980183
254	0.010029389338418324
255	0.010029389338730868
256	0.010029389338880298
257	0.010029389338848291
258	0.010029389338634318
259	0.010029389338254245
260	0.01002938933773701
261	0.010029389337119022
262	0.010029389336440086
263	0.010029389335740418
264	0.010029389335054662
265	0.01002938933440871
266	0.010029389333820525
267	0.010029389333300524
268	0.010029389332853137
269	0.010029389332479589
270	0.010029389332177297
271	0.010029389331940836
272	0.010029389331762915
273	0.010029389331635226
274	0.010029389331548637
275	0.010029389331493945
276	0.010029389331462548
277	0.0100293893314468
278	0.01002938933144002
279	0.010029389331437641
280	0.01002938933143579
281	0.010029389331433785
282	0.010029389331429247
283	0.010029389331422306
284	0.01002938933141202
285	0.010029389331399841
286	0.010029389331385325
287	0.010029389331369517
288	0.010029389331352298
289	0.010029389331334402
290	0.010029389331316545
291	0.010029389331298601
292	0.010029389331281783
293	0.010029389331264753
294	0.01002938933124902
295	0.010029389331233976
296	0.010029389331219905
297	0.010029389331206779
298	0.010029389331194936
299	0.010029389331183079
300	0.01002938933117291
301	0.010029389331164248
302	0.010029389331156286
303	0.010029389331149748
304	0.010029389331143638
305	0.010029389331138741
306	0.01002938933113538
307	0.010029389331132125
308	0.010029389331129367
309	0.010029389331127238
310	0.010029389331125453
311	0.010029389331124239
312	0.010029389331122738
313	0.01002938933112142
314	0.010029389331120143
315	0.010029389331119236
316	0.010029389331118528
317	0.010029389331116885
318	0.010029389331115949
319	0.010029389331115144
320	0.010029389331114481
321	0.010029389331113683
322	0.010029389331112934
323	0.01002938933111253
324	0.010029389331111879
325	0.01002938933111142
326	0.010029389331111267
327	0.010029389331110746
328	0.010029389331110727
329	0.010029389331110045
330	0.010029389331109856
331	0.010029389331110406
332	0.010029389331109594
333	0.010029389331109964
334	0.010029389331109678
335	0.010029389331109691
336	0.010029389331109266
337	0.010029389331108944
338	0.01002938933110904
339	0.010029389331108859
340	0.010029389331108793
341	0.010029389331108278
342	0.010029389331108024
343	0.01002938933110799
344	0.010029389331107806
345	0.010029389331108116
346	0.010029389331108059
347	0.010029389331107981
348	0.010029389331108002
349	0.01002938933110758
350	0.01002938933110805
351	0.010029389331107925
352	0.010029389331108099
353	0.010029389331107792
354	0.010029389331108089
355	0.010029389331107362
356	0.010029389331107547
357	0.010029389331107759
358	0.010029389331107872
359	0.010029389331107643
360	0.010029389331108021
361	0.010029389331107726
362	0.010029389331107657
363	0.010029389331107438
364	0.010029389331107768
365	0.010029389331107365
366	0.010029389331107688
367	0.010029389331107374
368	0.010029389331107882
369	0.010029389331107561
370	0.010029389331107362
371	0.010029389331107672
372	0.010029389331107589
373	0.010029389331107355
374	0.010029389331107382
375	0.010029389331107622
376	0.010029389331108113
377	0.010029389331107379
378	0.01002938933110748
379	0.010029389331107115
380	0.010029389331107549
381	0.010029389331107641
382	0.010029389331107474
383	0.010029389331107542
384	0.010029389331107455
385	0.010029389331107407
386	0.010029389331107069
387	0.01002938933110735
388	0.010029389331107611
389	0.01002938933110741
390	0.010029389331106994
391	0.010029389331107237
392	0.01002938933110759
393	0.010029389331107948
394	0.010029389331107174
395	0.010029389331107228
396	0.010029389331107407
397	0.010029389331107252
398	0.01002938933110731
399	0.010029389331107499
400	0.01002938933110733
401	0.010029389331107058
402	0.010029389331107474
403	0.010029389331107776
404	0.010029389331107585
405	0.010029389331107339
406	0.010029389331107462
407	0.010029389331107424
408	0.010029389331107811
409	0.010029389331107972
410	0.010029389331107237
411	0.010029389331107788
412	0.0100293893311073
413	0.010029389331107821
414	0.010029389331107664
415	0.010029389331107112
416	0.01002938933110746
417	0.010029389331107351
418	0.010029389331107742
419	0.010029389331107313
420	0.01002938933110741
421	0.01002938933110758
422	0.010029389331107526
423	0.010029389331107636
424	0.01002938933110777
425	0.010029389331107339
426	0.010029389331107504
427	0.0100293893311075
428	0.010029389331107537
429	0.010029389331107728
430	0.010029389331107542
431	0.010029389331107887
432	0.010029389331107391
433	0.010029389331107303
434	0.010029389331107478
435	0.010029389331107799
436	0.01002938933110742
437	0.010029389331107296
438	0.010029389331107176
439	0.010029389331107585
440	0.010029389331107256
441	0.010029389331107488
