<Coefficient>
	 2 Total number of radial orbitals.
	Type	L	Zeta-Orbital
	  Ar 	0	    1
	  -0.22559100199999
	  -0.64512376202497
	  -0.88367117962140
	  -0.83294673150925
	  -0.60207123632214
	  -0.30395537384717
	  -0.02988119495196
	   0.18437706300632
	   0.32350048707104
	   0.39463102159486
	   0.41133607648085
	   0.39048794305960
	   0.34561755037358
	   0.28850805626530
	   0.22846726478318
	   0.17231264546870
	   0.12315427313425
	   0.08345390521835
	   0.05248204523146
	   0.03087547891206
	   0.01596887253034
	   0.00735388741881
	   0.00216401564195
	   0.00039552924042
	  -0.00062874147957
	  -0.00007248623192
	  -0.00027144565388
	   0.00056333067608
	Type	L	Zeta-Orbital
	  Ar 	1	    1
	   0.18178111948998
	   0.48882016285950
	   0.70348274077615
	   0.77016767041375
	   0.73221572819044
	   0.63177742413872
	   0.50775630485968
	   0.37745029509917
	   0.26227915436721
	   0.16664230904876
	   0.09422974077790
	   0.04042010396133
	   0.00541416289580
	  -0.01629461013215
	  -0.02550833942059
	  -0.02861986452059
	  -0.02572545448307
	  -0.02170207744564
	  -0.01535796153279
	  -0.01087780750100
	  -0.00571690913255
	  -0.00345077162638
	  -0.00051097996819
	  -0.00048775671702
	   0.00097703587315
	  -0.00032002193298
	   0.00093433159557
	  -0.00160889289050
</Coefficient>
<Mkb>
Left spillage = 1.0486555232e-03
</Mkb>
