<Coefficient>
	 14 Total number of radial orbitals.
	Type	L	Zeta-Orbital
	  Ir 	0	    1
	   0.10545662461614
	   0.17008901576310
	   0.10422084223284
	   0.02637199994666
	  -0.02001320380118
	  -0.03908677065745
	  -0.04150126535870
	  -0.03644916054991
	  -0.02947784237023
	  -0.02327858099511
	  -0.01791887998133
	  -0.01307564740595
	  -0.00838674977662
	  -0.00485075774368
	  -0.00173587551533
	   0.00051730174650
	   0.00259233765292
	   0.00371175200793
	   0.00460439771551
	   0.00453503566212
	   0.00450521487340
	   0.00365359988441
	   0.00316118681678
	   0.00198721462883
	   0.00148479800142
	   0.00043247752078
	   0.00029981528438
	  -0.00044884490028
	  -0.00013357535812
	  -0.00063431897380
	   0.00006117871945
	Type	L	Zeta-Orbital
	  Ir 	0	    2
	  -0.01889148303802
	   0.02724088015700
	   0.15328539991574
	   0.27217304460459
	   0.34194141796772
	   0.35444357630454
	   0.31865872539080
	   0.25238490782438
	   0.17099994497952
	   0.08988048581306
	   0.01791726648658
	  -0.03885250050626
	  -0.07913893568308
	  -0.10208397507508
	  -0.11093878352345
	  -0.10805287725582
	  -0.09781198877925
	  -0.08252382304272
	  -0.06592748703968
	  -0.04925312145639
	  -0.03475061217261
	  -0.02253012293192
	  -0.01360883128938
	  -0.00697638277428
	  -0.00313548284946
	  -0.00064752218290
	   0.00006574354488
	   0.00056894326986
	   0.00009609975902
	   0.00018722025597
	  -0.00042825442025
	Type	L	Zeta-Orbital
	  Ir 	0	    3
	  -0.12433255201901
	   0.12680924824473
	   0.03351830961960
	  -0.02646144021019
	  -0.04285335151642
	  -0.00651287053627
	  -0.00397881594668
	   0.02398566970212
	   0.01459959026733
	   0.01107699743589
	  -0.01357620790749
	  -0.00941104879006
	  -0.01027199160139
	  -0.00246083394805
	  -0.00985739391607
	  -0.00388099547521
	  -0.00782140573944
	   0.00140144796870
	  -0.00469046341980
	   0.00210382666097
	  -0.00492227960166
	   0.00386005807623
	  -0.00383712193899
	   0.00508084804469
	  -0.00445717056268
	   0.00526146825995
	  -0.00552601381186
	   0.00597616735603
	  -0.00670505252674
	   0.00707915211958
	  -0.00866044359850
	Type	L	Zeta-Orbital
	  Ir 	0	    4
	   0.10902518642838
	   0.09433614148108
	  -0.16963323082972
	  -0.15483150719923
	  -0.02590202347436
	   0.07342755610860
	   0.11484092585851
	   0.12526508123764
	   0.10399357289332
	   0.07887716598350
	   0.05342168040885
	   0.04092896327613
	   0.02927421868015
	   0.01943446617011
	   0.00674073561940
	  -0.00202213155245
	  -0.00952894867040
	  -0.01191278336995
	  -0.01574439796456
	  -0.01505328696883
	  -0.01576496641758
	  -0.01212849238918
	  -0.01079851110625
	  -0.00605954692555
	  -0.00542236804522
	  -0.00107677797193
	  -0.00149620947999
	   0.00198209304519
	  -0.00006824653260
	   0.00269230167041
	  -0.00097516891752
	Type	L	Zeta-Orbital
	  Ir 	0	    5
	   0.73296609137560
	  -0.46019927716897
	   0.42434760980864
	   0.17452394551360
	  -0.47025295444455
	  -0.44360481255939
	   0.10952403910652
	   0.68499695520069
	   0.91503865443256
	   0.32156629901605
	   0.15900103156320
	   0.19689057972377
	   0.34079565580439
	   0.29228937672941
	   0.17207563016876
	  -0.03246625828977
	  -0.03941238582883
	  -0.08988792060368
	  -0.04195119163291
	  -0.10329341131807
	  -0.06218126216969
	  -0.11115488625725
	  -0.04137470016403
	  -0.07729377567697
	   0.00515838492919
	  -0.03913721937590
	   0.04642631932966
	  -0.02370265694453
	   0.05273458899170
	  -0.03255757232795
	   0.05875550716585
	Type	L	Zeta-Orbital
	  Ir 	0	    6
	  -0.85401638041424
	   0.42190260369610
	  -0.34575621627400
	   0.07611173106895
	   0.72234848133262
	   0.35827452288907
	  -0.21575891324442
	  -0.56582077457983
	  -0.36187538722992
	   0.49078916516195
	   0.89980598338149
	   0.88581000567677
	   0.82175972313243
	   0.82013455240659
	   0.77698092445266
	   0.69824891426528
	   0.52652966061789
	   0.38510649697175
	   0.19918654681923
	   0.11667433040320
	   0.00745298984602
	  -0.00820740910041
	  -0.06361219580388
	  -0.02441656100107
	  -0.06675886517760
	  -0.00266549067042
	  -0.03400974019103
	   0.03260572780268
	  -0.01998925728705
	   0.05422409192956
	  -0.03151159507250
	Type	L	Zeta-Orbital
	  Ir 	1	    1
	   0.01632699191134
	   0.06854935828182
	   0.15149817167385
	   0.24343941113254
	   0.32194737352714
	   0.37134738092306
	   0.38796552165386
	   0.37400521166006
	   0.33716482849123
	   0.28570287050070
	   0.22801784670509
	   0.16955043461216
	   0.11578687307073
	   0.06958628306724
	   0.03239305722281
	   0.00466533557629
	  -0.01407814584049
	  -0.02520813995828
	  -0.02991387545135
	  -0.03004814940809
	  -0.02686364872830
	  -0.02200261319819
	  -0.01628701506109
	  -0.01084620120774
	  -0.00596869924254
	  -0.00232679957371
	   0.00036467308042
	   0.00174960806188
	   0.00243154370863
	   0.00217609411935
	   0.00168051647982
	Type	L	Zeta-Orbital
	  Ir 	1	    2
	   0.10496444308858
	   0.21350838461586
	   0.22460324103486
	   0.12244014944687
	  -0.00803859427007
	  -0.12975203122603
	  -0.19301974182877
	  -0.19937083163109
	  -0.17370187359444
	  -0.14210772607782
	  -0.10890491303308
	  -0.08431922004196
	  -0.05698315559752
	  -0.03353714760995
	  -0.01415368581495
	  -0.00209788215493
	   0.00879012758428
	   0.01330499735046
	   0.01672698454783
	   0.01601958473655
	   0.01578775549886
	   0.01174855344879
	   0.00999479582022
	   0.00572345898858
	   0.00456037912549
	   0.00101657886114
	   0.00123081333427
	  -0.00162448912645
	  -0.00002280245491
	  -0.00233253696687
	   0.00100019103125
	Type	L	Zeta-Orbital
	  Ir 	1	    3
	  -0.80661557202359
	  -0.67080787194044
	   0.23279418105258
	   0.67073026566942
	   0.57236374982694
	   0.23950684444300
	  -0.11895765073965
	  -0.39447177052295
	  -0.49170276605450
	  -0.31774525368136
	  -0.15698595672557
	  -0.10456607495639
	  -0.09487861779943
	  -0.06924007315734
	  -0.04520740727421
	   0.00058437792766
	   0.01864568663661
	   0.03562956114726
	   0.03069367471921
	   0.03792983056072
	   0.02575806799437
	   0.03193810906112
	   0.01742012538192
	   0.02056393159848
	   0.00427140883546
	   0.01212254083456
	  -0.00538714998013
	   0.00589165596969
	  -0.00962805946849
	   0.00706657853875
	  -0.01771505327148
	Type	L	Zeta-Orbital
	  Ir 	2	    1
	   0.05120921648918
	   0.13856949892128
	   0.22440588103012
	   0.28929441190515
	   0.32833166175692
	   0.33996742334836
	   0.33285668556576
	   0.31022131037214
	   0.27955814109216
	   0.24304021457126
	   0.20517046507206
	   0.16669651215278
	   0.13188938260899
	   0.09987591815070
	   0.07321553067376
	   0.05079487289885
	   0.03382509580435
	   0.02038317232785
	   0.01146928989252
	   0.00477368947920
	   0.00144938988867
	  -0.00100781287517
	  -0.00125489492315
	  -0.00176894117976
	  -0.00082179074486
	  -0.00089556212630
	   0.00021262432395
	  -0.00016223654631
	   0.00078422565369
	  -0.00015704285143
	   0.00170607472076
	Type	L	Zeta-Orbital
	  Ir 	2	    2
	  -0.18143134337905
	  -0.23948243337155
	  -0.12027491179707
	   0.02958013395653
	   0.13951001719925
	   0.22351192780327
	   0.23342526547430
	   0.18546741558514
	   0.12623689345429
	   0.11032979428855
	   0.10095028725139
	   0.09364633149561
	   0.07222981343303
	   0.05417306353773
	   0.03296083606390
	   0.02368445961756
	   0.01245474732384
	   0.01007567207737
	   0.00204846246506
	   0.00201894614893
	  -0.00365859189721
	  -0.00044742989391
	  -0.00420387565660
	   0.00050669803135
	  -0.00338616045207
	   0.00188862173891
	  -0.00292131595326
	   0.00302790514288
	  -0.00321230669634
	   0.00451530842582
	  -0.01200601404449
	Type	L	Zeta-Orbital
	  Ir 	2	    3
	   0.53418451582532
	   0.19240786292235
	  -0.35404336847032
	  -0.77926332272416
	  -0.67534830684575
	  -0.04876936373174
	   0.53632039837328
	   0.64017218227601
	   0.46189942695683
	   0.23550733787805
	   0.25514008211872
	   0.29105224470056
	   0.29997059840947
	   0.19371997009976
	   0.11528687522375
	   0.05150657097860
	   0.06352472430221
	   0.03467925169874
	   0.03432333288469
	  -0.00966022242309
	   0.00050287731693
	  -0.02604296282605
	  -0.00109416200151
	  -0.02506458712755
	   0.00766522034395
	  -0.01859755353492
	   0.01409432944617
	  -0.01917789225400
	   0.02316001604805
	  -0.02650886326025
	   0.07292882757791
	Type	L	Zeta-Orbital
	  Ir 	3	    1
	   0.01432409150653
	   0.09707404816211
	   0.23444285960831
	   0.34076545459061
	   0.40230911203777
	   0.44183627045627
	   0.43380110739708
	   0.33471640171032
	   0.21819135530061
	   0.15662675411056
	   0.13482002425101
	   0.12007528196861
	   0.10218120871486
	   0.07721203338106
	   0.05195965575066
	   0.03307075935484
	   0.02175357243189
	   0.01356653917504
	   0.00875697437274
	   0.00429406455762
	   0.00238323181561
	   0.00152296899457
	   0.00233089004504
	   0.00187491581065
	   0.00230021946280
	   0.00121306565910
	   0.00071665560354
	  -0.00064776545777
	  -0.00025623801977
	  -0.00146821419543
	   0.00120733456803
	Type	L	Zeta-Orbital
	  Ir 	3	    2
	  -0.62169762366139
	  -0.97193443587144
	  -0.93502064214019
	  -0.51240623902837
	  -0.01871797503649
	   0.34388708497893
	   0.60169067014427
	   0.43828717452831
	  -0.01217957290525
	  -0.11209692098579
	  -0.00318928898862
	   0.08946214902540
	   0.10600002403146
	   0.08221754741975
	   0.02944186918172
	   0.03206337616040
	   0.02017775807729
	   0.02329827489189
	   0.00427098322046
	   0.01475789560706
	  -0.00650205269119
	   0.00383747586499
	  -0.00910122396834
	   0.00725426346609
	  -0.01131353991016
	   0.01074350633099
	  -0.00970550372193
	   0.00902476968529
	  -0.01209895470171
	   0.00935173380561
	  -0.10071277972590
</Coefficient>
<Mkb>
Left spillage = 2.3941092277e-04
</Mkb>
