<Coefficient>
	 7 Total number of radial orbitals.
	Type	L	Zeta-Orbital
	  Sn 	0	    1
	  -0.08991246037608
	  -0.18342328660905
	  -0.15055203840715
	  -0.04895476627073
	   0.03713284096923
	   0.08280075570391
	   0.09275549760423
	   0.07997274436585
	   0.05732737606710
	   0.03424322864799
	   0.01591393831044
	   0.00418878120844
	  -0.00148079699165
	  -0.00264453318514
	  -0.00177719756618
	  -0.00003778701246
	   0.00120128419821
	   0.00176418085658
	   0.00139040597830
	   0.00096424731100
	   0.00027787986305
	   0.00006804800498
	  -0.00022372899213
	  -0.00002408836368
	  -0.00013584451073
	   0.00013417786061
	  -0.00007171423730
	   0.00014990926437
	  -0.00014796755197
	   0.00013560280341
	  -0.00020729408181
	Type	L	Zeta-Orbital
	  Sn 	0	    2
	  -0.40681741767414
	  -0.02329976164406
	   0.27738855580266
	   0.13024137289535
	  -0.20948217347049
	  -0.39449154908109
	  -0.45600951512525
	  -0.36909073978285
	  -0.25485325654264
	  -0.14444205865105
	  -0.06688709794604
	  -0.01172667937687
	   0.00420209244502
	   0.00910870920183
	   0.00093649857287
	  -0.00307990478589
	  -0.01534165625671
	  -0.01011774263890
	  -0.01197205970782
	  -0.00175819492146
	  -0.00526238322214
	   0.00407675109656
	  -0.00387623463076
	   0.00447563398618
	  -0.00526339364456
	   0.00452417101987
	  -0.00648648283334
	   0.00615462289748
	  -0.00632412704462
	   0.00831186778774
	  -0.00886097189165
	Type	L	Zeta-Orbital
	  Sn 	1	    1
	  -0.13005894983155
	  -0.21947482916558
	  -0.19694235210525
	  -0.11969720643885
	  -0.05189903380168
	  -0.00267348315525
	   0.02147970787724
	   0.02989225409803
	   0.02655170270867
	   0.01930766014748
	   0.01025138927999
	   0.00386252714940
	  -0.00102089608297
	  -0.00179638670895
	  -0.00222805772945
	  -0.00037599907514
	   0.00031782030160
	   0.00202469336173
	   0.00137623828728
	   0.00204521377097
	   0.00059445022123
	   0.00110637905338
	  -0.00040509609467
	   0.00058636482178
	  -0.00076391553865
	   0.00067509688846
	  -0.00079753523879
	   0.00089887349073
	  -0.00095321412437
	   0.00119953878541
	  -0.00187022146926
	Type	L	Zeta-Orbital
	  Sn 	1	    2
	   0.49485636623921
	   0.11444047132807
	  -0.33012742555736
	  -0.26920161198039
	  -0.11838945900002
	   0.03783300069103
	   0.11218904139721
	   0.11700064660129
	   0.08332011874183
	   0.05005861540443
	   0.02083673317825
	   0.00035370452536
	  -0.00782626566780
	  -0.00660942187778
	  -0.00223004813196
	  -0.00024210004189
	   0.00922392009850
	   0.00908950108170
	   0.01076009001057
	   0.00363250353656
	   0.00567893132966
	  -0.00198411066255
	   0.00270483338197
	  -0.00407035072857
	   0.00352033390427
	  -0.00376157726514
	   0.00543217277132
	  -0.00441523739937
	   0.00631802156770
	  -0.00692337994260
	   0.01101180334115
	Type	L	Zeta-Orbital
	  Sn 	2	    1
	  -0.01178052166800
	  -0.05053599009176
	  -0.11819090140748
	  -0.20210463520776
	  -0.28752816459771
	  -0.36306070042876
	  -0.42041838836217
	  -0.45454050425405
	  -0.46313825341306
	  -0.44699176291247
	  -0.40891251742952
	  -0.35372859514070
	  -0.28906301700517
	  -0.22142173494230
	  -0.15766673298623
	  -0.10326903439076
	  -0.06062797095351
	  -0.03069903617522
	  -0.01210904910966
	  -0.00242091081668
	   0.00112000791035
	   0.00136807989127
	   0.00030483756019
	  -0.00070834872631
	  -0.00120828141892
	  -0.00108965501766
	  -0.00069514865539
	  -0.00020527635239
	   0.00007990835097
	   0.00023394783596
	   0.00009141349051
	Type	L	Zeta-Orbital
	  Sn 	2	    2
	  -0.15464923894141
	  -0.50582171346734
	  -0.57781276109430
	  -0.45884181998921
	  -0.30417230515769
	  -0.15650832368872
	  -0.02699277920192
	   0.05044162963648
	   0.10009567875060
	   0.13849321003586
	   0.17240959552427
	   0.19317070911420
	   0.20784980763610
	   0.20682257064482
	   0.19511402551638
	   0.16785892012686
	   0.13777472809494
	   0.10147393487881
	   0.06957201469174
	   0.03683651907192
	   0.01616593547670
	  -0.00221061290088
	  -0.00750248623969
	  -0.01292111353314
	  -0.00825965057811
	  -0.00884392813167
	  -0.00139173743499
	  -0.00297644241391
	   0.00348125036375
	  -0.00239418148716
	   0.00989391552095
	Type	L	Zeta-Orbital
	  Sn 	3	    1
	   0.00630404928331
	   0.32877990322642
	   0.65013046722594
	   0.73657293643982
	   0.67892646631047
	   0.58499582103482
	   0.41083928812740
	   0.26876548729697
	   0.20210127362901
	   0.17571498212917
	   0.14986915878869
	   0.13318372081119
	   0.10268468081223
	   0.07599546877640
	   0.05079820643405
	   0.04336688283041
	   0.02965869686657
	   0.02152230564449
	   0.00665279326050
	   0.00595804334973
	  -0.00162895216604
	   0.00283956539014
	  -0.00274225557425
	   0.00384726568842
	  -0.00148300030845
	   0.00569789731574
	  -0.00189809361657
	   0.00501333408637
	  -0.00368765157603
	   0.00137092006838
	  -0.03918045443616
</Coefficient>
<Mkb>
Left spillage = 4.6108018089e-04
</Mkb>
