<Coefficient>
	 8 Total number of radial orbitals.
	Type	L	Zeta-Orbital
	  Li 	0	    1
	   0.16911373800668
	  -0.15335452541142
	  -0.15558763728716
	  -0.08763201369066
	  -0.10903685125828
	  -0.07398174447894
	  -0.07664028245292
	  -0.06118683704629
	  -0.05995957236358
	  -0.04658512212408
	  -0.04270542402075
	  -0.03317960079656
	  -0.02773881904929
	  -0.02255949190002
	  -0.01634609113020
	  -0.01398381562175
	  -0.00771892512392
	  -0.00842974594942
	  -0.00169657350182
	  -0.00529163729985
	   0.00204837685171
	  -0.00422348971748
	   0.00437372479512
	  -0.00512694315479
	   0.00773891729332
	Type	L	Zeta-Orbital
	  Li 	0	    2
	   0.16388670313321
	   0.21581192304970
	   0.01590591406241
	   0.00112664164900
	  -0.01354848496398
	  -0.01022425075033
	  -0.01451206829636
	  -0.01092183579654
	  -0.01359140157213
	  -0.01046095854001
	  -0.01095645675337
	  -0.00885355904370
	  -0.00951268382336
	  -0.00568235186071
	  -0.00639126841792
	  -0.00340655693688
	  -0.00470098653092
	  -0.00140105480904
	  -0.00318274845720
	   0.00021182862298
	  -0.00230293680455
	   0.00133458192344
	  -0.00204483485531
	   0.00223049273373
	  -0.00301939925960
	Type	L	Zeta-Orbital
	  Li 	0	    3
	   0.16576993026593
	  -0.18109816981077
	   0.00655688340235
	   0.16547413727897
	   0.05514152325236
	   0.11639083481794
	   0.09303145513126
	   0.11323107060875
	   0.09256454433979
	   0.09171741430773
	   0.07014337592764
	   0.06532005252416
	   0.04719571650320
	   0.03651465667660
	   0.02198814781428
	   0.01291490506066
	   0.00491511431021
	  -0.00159181124056
	  -0.00281060577442
	  -0.00604934833370
	  -0.00194574768754
	  -0.00480111478823
	   0.00184888308341
	  -0.00331325335958
	   0.00582401539415
	Type	L	Zeta-Orbital
	  Li 	0	    4
	  -0.14300340974394
	   0.19454287689270
	   0.18010781471294
	   0.06896066520926
	  -0.13588988214949
	  -0.18561468944043
	  -0.21173827324104
	  -0.20408962120412
	  -0.19639699440758
	  -0.18917260761790
	  -0.17287115878082
	  -0.15029033992969
	  -0.13142362487586
	  -0.10666696433023
	  -0.09317384829630
	  -0.06955780274865
	  -0.06044521826095
	  -0.03867247867656
	  -0.03614847708897
	  -0.01457592492596
	  -0.01833297728141
	   0.00157672201638
	  -0.00986020067160
	   0.01083118904835
	  -0.01269843021787
	Type	L	Zeta-Orbital
	  Li 	0	    5
	  -0.03381168938230
	  -0.15523658380915
	  -0.09603961572551
	  -0.05498521124684
	   0.45940142819677
	   0.28422109908648
	  -0.32208557132883
	  -0.22578558570701
	  -0.34209602772235
	  -0.23037074224111
	  -0.25514166590687
	  -0.07143200175078
	  -0.00735077125041
	   0.09098339861460
	   0.09467001538588
	   0.16734671182904
	   0.14284974115652
	   0.15617803907122
	   0.10984996917579
	   0.11819792796582
	   0.05532699828031
	   0.05612831710845
	   0.01119492419323
	   0.02617910523596
	  -0.03268775484960
	Type	L	Zeta-Orbital
	  Li 	0	    6
	   0.63394706820323
	  -0.92395180622822
	   0.74347793963726
	  -0.56802771854516
	  -0.18873918776952
	  -0.04828625268693
	  -0.01038916793544
	   0.04786120039785
	   0.03877112406335
	  -0.00459519531212
	  -0.02805354796256
	  -0.07787843072700
	  -0.07683903191937
	  -0.14862457122658
	  -0.11565166665532
	  -0.18784451447777
	  -0.10986752763585
	  -0.18440964278242
	  -0.06793274929839
	  -0.15331520478549
	   0.00055366807581
	  -0.11017081235786
	   0.06858151517451
	  -0.09996824630819
	   0.15090381164265
	Type	L	Zeta-Orbital
	  Li 	1	    1
	   0.14960599931383
	   0.37637422254024
	   0.19443331473944
	   0.16226833125860
	   0.09458348447071
	   0.08642732917866
	   0.06160980242789
	   0.06541190696971
	   0.04845029629011
	   0.04894219789619
	   0.03204392411832
	   0.03191607029180
	   0.01345230118639
	   0.01694718892475
	   0.00509402815564
	   0.01408209966704
	   0.00231103032503
	   0.01335966529007
	  -0.00033030898046
	   0.01211921723730
	  -0.00477962258521
	   0.00982835489194
	  -0.01043567110800
	   0.01152821241207
	  -0.03147149440606
	Type	L	Zeta-Orbital
	  Li 	1	    2
	  -0.61664896302657
	   0.22092661312817
	  -0.06385342434867
	   0.07461935067330
	  -0.02719700250593
	   0.03073754424236
	  -0.01790674237288
	   0.04165140538007
	   0.00029893911296
	   0.04505377076957
	  -0.00292294234403
	   0.03837428957024
	  -0.02272944488084
	   0.02406540502237
	  -0.03155475484256
	   0.03086640970373
	  -0.03217172437391
	   0.03966491551740
	  -0.03551955109236
	   0.04812398179395
	  -0.04490925026052
	   0.05421780757021
	  -0.06379969174774
	   0.07650712332266
	  -0.18575007141557
</Coefficient>
<Mkb>
Left spillage = 1.4216785293e-02
</Mkb>
