  0.000000   -0.39602682118808    0.72354047906503    0.00000000000000    0.00000000000000  
  0.010000   -0.39614822831750    0.72376325218127    0.01619655902233   -0.00007123855769  
  0.020000   -0.39651217985313    0.72443112954763    0.03239339030044   -0.00028538762047  
  0.030000   -0.39711786719028    0.72554278586301    0.04859074630913   -0.00064374241471  
  0.040000   -0.39796394582638    0.72709601444664    0.06478884003791   -0.00114844522139  
  0.050000   -0.39904854010043    0.72908773047304    0.08098782543975   -0.00180246089296  
  0.060000   -0.40036924979149    0.73151397550756    0.09718777810866   -0.00260954289799  
  0.070000   -0.40192315853976    0.73436992334906    0.11338867626126   -0.00357419021123  
  0.080000   -0.40370684404393    0.73764988718759    0.12959038209622   -0.00470159545213  
  0.090000   -0.40571638997872    0.74134732808655    0.14579262360433   -0.00599758475692  
  0.100000   -0.40794739956734    0.74545486479981    0.16199497690008   -0.00746854994681  
  0.110000   -0.41039501073492    0.74996428493505    0.17819684914421   -0.00912137362691  
  0.120000   -0.41305391276055    0.75486655747512    0.19439746212419   -0.01096334791695  
  0.130000   -0.41591836433808    0.76015184666948    0.21059583655756   -0.01300208757463  
  0.140000   -0.41898221294846    0.76580952730748    0.22679077718043   -0.01524543832530  
  0.150000   -0.42223891544060    0.77182820138447    0.24298085868058   -0.01770138125682  
  0.160000   -0.42568155971142    0.77819571617096    0.25916441253180   -0.02037793417589  
  0.170000   -0.42930288737143    0.78489918369340    0.27533951478277   -0.02328305085110  
  0.180000   -0.43309531727775    0.79192500163306    0.29150397485054   -0.02642451908850  
  0.190000   -0.43705096981334    0.79925887564745    0.30765532536497   -0.02980985859720  
  0.200000   -0.44116169178866    0.80688584311549    0.32379081310694   -0.03344621960546  
  0.210000   -0.44541908184054    0.81479029830453    0.33990739107915   -0.03734028318178  
  0.220000   -0.44981451620193    0.82295601895348    0.35600171174438   -0.04149816420093  
  0.230000   -0.45433917471673    0.83136619426212    0.37207012146191   -0.04592531787114  
  0.240000   -0.45898406697433    0.84000345427214    0.38810865614855   -0.05062645070739  
  0.250000   -0.46374005844059    0.84884990062017    0.40411303818644   -0.05560543679540  
  0.260000   -0.46859789646432    0.85788713863816    0.42007867459524   -0.06086524014352  
  0.270000   -0.47354823604158    0.86709631077025    0.43600065648190   -0.06640784386479  
  0.280000   -0.47858166522438    0.87645813126977    0.45187375977673   -0.07223418686958  
  0.290000   -0.48368873006484    0.88595292213340    0.46769244725964   -0.07834410868156  
  0.300000   -0.48885995899139    0.89556065022336    0.48345087187618   -0.08473630291605  
  0.310000   -0.49408588651961    0.90526096552161    0.49914288133807   -0.09140827988177  
  0.320000   -0.49935707620681    0.91503324045369    0.51476202399852   -0.09835633868432  
  0.330000   -0.50466414276655    0.92485661021272    0.53030155598799   -0.10557554912394  
  0.340000   -0.50999777326673    0.93471001400758    0.54575444959151   -0.11305974359192  
  0.350000   -0.51534874734290    0.94457223715242    0.56111340284436   -0.12080151907946  
  0.360000   -0.52070795636647    0.95442195390809    0.57637085031827   -0.12879224932228  
  0.370000   -0.52606642151599    0.96423777097983    0.59151897506625   -0.13702210701259  
  0.380000   -0.53141531070833    0.97399827156898    0.60654972168997   -0.14548009592004  
  0.390000   -0.53674595435533    0.98368205987105    0.62145481048936   -0.15415409267438  
  0.400000   -0.54204985991993    0.99326780590651    0.63622575265043   -0.16303089787627  
  0.410000   -0.54731872525513    1.00273429056578    0.65085386642342   -0.17209629611937  
  0.420000   -0.55254445071709    1.01206045074484    0.66533029423988   -0.18133512442793  
  0.430000   -0.55771915005254    1.02122542444420    0.67964602071376   -0.19073134853940  
  0.440000   -0.56283516006889    1.03020859569966    0.69379189146859   -0.20026814639254  
  0.450000   -0.56788504910315    1.03898963921063    0.70775863272953   -0.20992799811849  
  0.460000   -0.57286162431358    1.04754856452915    0.72153687161668   -0.21969278177534  
  0.470000   -0.57775793782511    1.05586575967108    0.73511715707309   -0.22954387401760  
  0.480000   -0.58256729176627    1.06392203400950    0.74848998135883   -0.23946225484974  
  0.490000   -0.58728324224159    1.07169866031043    0.76164580204038   -0.24942861557864  
  0.500000   -0.59189960228930    1.07917741577095    0.77457506440279   -0.25942346905413  
  0.510000   -0.59641044387902    1.08634062192114    0.78726822421039   -0.26942726126866  
  0.520000   -0.60081009900886    1.09317118325289    0.79971577074076   -0.27942048337838  
  0.530000   -0.60509315996499    1.09965262444166    0.81190825001550   -0.28938378320689  
  0.540000   -0.60925447881031    1.10576912603025    0.82383628815061   -0.29929807530120  
  0.550000   -0.61328916617092    1.11150555844807    0.83549061474904   -0.30914464862525  
  0.560000   -0.61719258939138    1.11684751424433    0.84686208625748   -0.31890527100147  
  0.570000   -0.62096037013073    1.12178133841897    0.85794170920992   -0.32856228944283  
  0.580000   -0.62458838147171    1.12629415674191    0.86872066328060   -0.33809872555842  
  0.590000   -0.62807274461569    1.13037390195775    0.87919032406991   -0.34749836526276  
  0.600000   -0.63140982523460    1.13400933778121    0.88934228554764   -0.35674584207336  
  0.610000   -0.63459622955024    1.13719008059637    0.89916838207905   -0.36582671334148  
  0.620000   -0.63762880020880    1.13990661878208    0.90866070996124   -0.37472752882704  
  0.630000   -0.64050461201602    1.14215032959479    0.91781164839837   -0.38343589109995  
  0.640000   -0.64322096759534    1.14391349355020    0.92661387984695   -0.39194050732545  
  0.650000   -0.64577539302746    1.14518930625505    0.93506040966431   -0.40023123207005  
  0.660000   -0.64816563352581    1.14597188765100    0.94314458499599   -0.40829910084707  
  0.670000   -0.65038964919770    1.14625628864329    0.95086011284059   -0.41613635420422  
  0.680000   -0.65244561093630    1.14603849509794    0.95820107723347   -0.42373645224157  
  0.690000   -0.65433189648297    1.14531542920217    0.96516195549405   -0.43109407953388  
  0.700000   -0.65604708669437    1.14408494819424    0.97173763348457   -0.43820514051696  
  0.710000   -0.65758996204284    1.14234584047978    0.97792341983207   -0.44506674548225  
  0.720000   -0.65895949937294    1.14009781916307    0.98371505906868   -0.45167718740643  
  0.730000   -0.66015486893089    1.13734151303258    0.98910874364951   -0.45803590992301  
  0.740000   -0.66117543167800    1.13407845505096    0.99410112481128   -0.46414346681959  
  0.750000   -0.66202073689313    1.13031106841015    0.99868932223909   -0.47000147351684  
  0.760000   -0.66269052006335    1.12604265022242    1.00287093251264   -0.47561255105379  
  0.770000   -0.66318470105662    1.12127735292819    1.00664403630813   -0.48098026316610  
  0.780000   -0.66350338256436    1.11602016351041    1.01000720433582   -0.48610904710123  
  0.790000   -0.66364684879719    1.11027688061446    1.01295950199820   -0.49100413886471  
  0.800000   -0.66361556441159    1.10405408968059    1.01550049275777   -0.49567149363544  
  0.810000   -0.66341017364105    1.09735913620363    1.01763024020845   -0.50011770212455  
  0.820000   -0.66303149960104    1.09020009724164    1.01934930884857   -0.50434990368149  
  0.830000   -0.66248054373315    1.08258575130148    1.02065876355831   -0.50837569697235  
  0.840000   -0.66175848535075    1.07452554673475    1.02156016778877   -0.51220304906913  
  0.850000   -0.66086668124538    1.06602956878246    1.02205558047418   -0.51584020379453  
  0.860000   -0.65980666531087    1.05710850541062    1.02214755168311   -0.51929559016441  
  0.870000   -0.65858014814060    1.04777361208226    1.02183911702903   -0.52257773176043  
  0.880000   -0.65718901655151    1.03803667561366    1.02113379086415   -0.52569515784741  
  0.890000   -0.65563533298835    1.02790997726420    1.02003555828521   -0.52865631702518  
  0.900000   -0.65392133476099    1.01740625520986    1.01854886598306   -0.53146949417214  
  0.910000   -0.65204943306841    1.00653866655042    1.01667861197214   -0.53414273139888  
  0.920000   -0.65002221176340    0.99532074899934    1.01443013423931   -0.53668375368459  
  0.930000   -0.64784242581396    0.98376638240379    1.01180919835474   -0.53909989981786  
  0.940000   -0.64551299941908    0.97188975023960    1.00882198409115   -0.54139805920622  
  0.950000   -0.64303702373884    0.95970530122292    1.00547507110027   -0.54358461505781  
  0.960000   -0.64041775420223    0.94722771117627    1.00177542369848   -0.54566539437211  
  0.970000   -0.63765860735880    0.93447184528213    0.99773037481597   -0.54764562510797  
  0.980000   -0.63476315724443    0.92145272085190    0.99334760916632   -0.54952990082443  
  0.990000   -0.63173513123556    0.90818547073242    0.98863514569510   -0.55132215301590  
  1.000000   -0.62857840537034    0.89468530746565    0.98360131936852   -0.55302563128721  
  1.010000   -0.62529699912039    0.88096748831026    0.97825476236418   -0.55464289143784  
  1.020000   -0.62189506960132    0.86704728122686    0.97260438472770   -0.55617579144787  
  1.030000   -0.61837690521561    0.85293993192049    0.96665935456009   -0.55762549528295  
  1.040000   -0.61474691872654    0.83866063202637    0.96042907780130   -0.55899248436104  
  1.050000   -0.61100963976737    0.82422448851641    0.95392317767624   -0.56027657645179  
  1.060000   -0.60716970679517    0.80964649439564    0.94715147386979   -0.56147695171046  
  1.070000   -0.60323185850427    0.79494150074905    0.94012396149734   -0.56259218548231  
  1.080000   -0.59920092471948    0.78012419019072    0.93285078993730   -0.56362028745196  
  1.090000   -0.59508181679443    0.76520905175835    0.92534224159141   -0.56455874665545  
  1.100000   -0.59087951754548    0.75021035728761    0.91760871063829   -0.56540458182065  
  1.110000   -0.58659907075643    0.73514213929243    0.90966068184438   -0.56615439645579  
  1.120000   -0.58224557029374    0.72001817036847    0.90150870949560   -0.56680443806570  
  1.130000   -0.57782414887635    0.70485194412933    0.89316339651138   -0.56735066084137  
  1.140000   -0.57333996654801    0.68965665767665    0.88463537380133   -0.56778879114161  
  1.150000   -0.56879819890366    0.67444519559809    0.87593527992291   -0.56811439506511  
  1.160000   -0.56420402512439    0.65923011547937    0.86707374109638   -0.56832294739780  
  1.170000   -0.55956261587845    0.64402363491011    0.85806135163138   -0.56840990121429  
  1.180000   -0.55487912114764    0.62883761995642    0.84890865481668   -0.56837075741296  
  1.190000   -0.55015865804065    0.61368357506741    0.83962612432261   -0.56820113347184  
  1.200000   -0.54540629865559    0.59857263437707    0.83022414616263   -0.56789683072736  
  1.210000   -0.54062705805533    0.58351555435804    0.82071300125781   -0.56745389949908  
  1.220000   -0.53582588241883    0.56852270777929    0.81110284864517   -0.56686870141144  
  1.230000   -0.53100763743190    0.55360407891582    0.80140370936746   -0.56613796829728  
  1.240000   -0.52617709697968    0.53876925995496    0.79162545107935   -0.56525885710734  
  1.250000   -0.52133893220187    0.52402744854113    0.78177777340113   -0.56422900029489  
  1.260000   -0.51649770096990    0.50938744639854    0.77187019404839   -0.56304655119412  
  1.270000   -0.51165783784309    0.49485765896966    0.76191203576227   -0.56171022396481  
  1.280000   -0.50682364455769    0.48044609600597    0.75191241406202   -0.56021932773347  
  1.290000   -0.50199928109981    0.46616037304685    0.74188022583771   -0.55857379462175  
  1.300000   -0.49718875740944    0.45200771372238    0.73182413879805   -0.55677420141638  
  1.310000   -0.49239592575881    0.43799495281610    0.72175258178456   -0.55482178469974  
  1.320000   -0.48762447384390    0.42412854002438    0.71167373596009   -0.55271844932670  
  1.330000   -0.48287791862324    0.41041454435063    0.70159552687648   -0.55046677020032  
  1.340000   -0.47815960093333    0.39685865907381    0.69152561742280   -0.54806998736561  
  1.350000   -0.47347268090452    0.38346620723290    0.68147140165233   -0.54553199450688  
  1.360000   -0.46882013419630    0.37024214757136    0.67143999948363   -0.54285732099870  
  1.370000   -0.46420474906489    0.35719108088795    0.66143825226767   -0.54005110772332  
  1.380000   -0.45962912427094    0.34431725674348    0.65147271921030   -0.53711907692737  
  1.390000   -0.45509566782915    0.33162458047592    0.64154967463652   -0.53406749644764  
  1.400000   -0.45060659659622    0.31911662047964    0.63167510608015   -0.53090313868885  
  1.410000   -0.44616393668784    0.30679661570799    0.62185471318019   -0.52763323478540  
  1.420000   -0.44176952470996    0.29466748336175    0.61209390736251   -0.52426542442332  
  1.430000   -0.43742500978420    0.28273182672991    0.60239781228337   -0.52080770183799  
  1.440000   -0.43313185634231    0.27099194315217    0.59277126500917   -0.51726835853714  
  1.450000   -0.42889134765928    0.25944983207683    0.58321881790466   -0.51365592332659  
  1.460000   -0.42470459009043    0.24810720319055    0.57374474120032   -0.50997910023884  
  1.470000   -0.42057251797313    0.23696548460027    0.56435302620786   -0.50624670498048  
  1.480000   -0.41649589914999    0.22602583105068    0.55504738915114   -0.50246760052451  
  1.490000   -0.41247534106660    0.21528913216354    0.54583127557892   -0.49865063247731  
  1.500000   -0.40851129739366    0.20475602068853    0.53670786532433   -0.49480456484764  
  1.510000   -0.40460407512042    0.19442688075738    0.52768007797529   -0.49093801683599  
  1.520000   -0.40075384206425    0.18430185613597    0.51875057881917   -0.48705940124830  
  1.530000   -0.39696063473868    0.17438085847109    0.50992178522446   -0.48317686511718  
  1.540000   -0.39322436652137    0.16466357553042    0.50119587342185   -0.47929823308770  
  1.550000   -0.38954483606204    0.15514947943620    0.49257478564665   -0.47543095409324  
  1.560000   -0.38592173587009    0.14583783489406    0.48406023760476   -0.47158205181076  
  1.570000   -0.38235466102144    0.13672770741987    0.47565372622402   -0.46775807934344  
  1.580000   -0.37884311792480    0.12781797156815    0.46735653765338   -0.46396507853410  
  1.590000   -0.37538653308821    0.11910731916598    0.45916975547258   -0.46020854426360  
  1.600000   -0.37198426182825    0.11059426755669    0.45109426907543   -0.45649339403712  
  1.610000   -0.36863559686600    0.10227716785742    0.44313078219065   -0.45282394310640  
  1.620000   -0.36533977675607    0.09415421323444    0.43527982150496   -0.44920388532005  
  1.630000   -0.36209599409771    0.08622344719935    0.42754174535386   -0.44563627983571  
  1.640000   -0.35890340347984    0.07848277192870    0.41991675244704   -0.44212354376972  
  1.650000   -0.35576112911523    0.07092995660820    0.41240489059580   -0.43866745080043  
  1.660000   -0.35266827212270    0.06356264580184    0.40500606541192   -0.43526913568305  
  1.670000   -0.34962391742002    0.05637836784453    0.39772004894807   -0.43192910457596  
  1.680000   -0.34662714019438    0.04937454325555    0.39054648825173   -0.42864725102213  
  1.690000   -0.34367701192155    0.04254849316825    0.38348491380588   -0.42542287737516  
  1.700000   -0.34077260590935    0.03589744776989    0.37653474783128   -0.42225472140750  
  1.710000   -0.33791300234565    0.02941855474356    0.36969531242694   -0.41914098778987  
  1.720000   -0.33509729283570    0.02310888770235    0.36296583752682   -0.41607938408556  
  1.730000   -0.33232458441839    0.01696545460412    0.35634546865272   -0.41306716086195  
  1.740000   -0.32959400305557    0.01098520613326    0.34983327444486   -0.41010115548476  
  1.750000   -0.32690469659333    0.00516504403436    0.34342825395353   -0.40717783912795  
  1.760000   -0.32425583719866   -0.00049817061923    0.33712934367690   -0.40429336650462  
  1.770000   -0.32164662327907   -0.00600760924047    0.33093542433185   -0.40144362780235  
  1.780000   -0.31907628089744   -0.01136646764721    0.32484532734635   -0.39862430228894  
  1.790000   -0.31654406469803   -0.01657795810543    0.31885784106381   -0.39583091304318  
  1.800000   -0.31404925836354   -0.02164530151953    0.31297171665141   -0.39305888225934  
  1.810000   -0.31159117462665   -0.02657171979289    0.30718567370612   -0.39030358657343  
  1.820000   -0.30916915486277   -0.03136042838242    0.30149840555382   -0.38756041186445  
  1.830000   -0.30678256829354   -0.03601462907169    0.29590858423842   -0.38482480699421  
  1.840000   -0.30443081083342   -0.04053750298707    0.29041486519957   -0.38209233596513  
  1.850000   -0.30211330361371   -0.04493220388146    0.28501589163894   -0.37935872799595  
  1.860000   -0.29982949122050   -0.04920185170992    0.27971029857642   -0.37661992504143  
  1.870000   -0.29757883968441   -0.05334952652090    0.27449671659920   -0.37387212631141  
  1.880000   -0.29536083426097   -0.05737826268609    0.26937377530764   -0.37111182937982  
  1.890000   -0.29317497704160   -0.06129104349064    0.26434010646333   -0.36833586751165  
  1.900000   -0.29102078443494   -0.06509079610459    0.25939434684576   -0.36554144287762  
  1.910000   -0.28889778455889   -0.06878038695429    0.25453514082509   -0.36272615537107  
  1.920000   -0.28680551458259   -0.07236261751132    0.24976114265941   -0.35988802678791  
  1.930000   -0.28474351805735   -0.07584022051414    0.24507101852600   -0.35702552017994  
  1.940000   -0.28271134227404   -0.07921585663560    0.24046344829653   -0.35413755424206  
  1.950000   -0.28070853568307   -0.08249211160699    0.23593712706724   -0.35122351264518  
  1.960000   -0.27873464541133   -0.08567149380701    0.23149076645547   -0.34828324827867  
  1.970000   -0.27678921490813   -0.08875643232112    0.22712309567463   -0.34531708241772  
  1.980000   -0.27487178175019   -0.09174927547396    0.22283286239999   -0.34232579888221  
  1.990000   -0.27298187563260   -0.09465228983496    0.21861883343817   -0.33931063330380  
  2.000000   -0.27111901657025   -0.09746765969389    0.21447979521354   -0.33627325766600  
  2.010000   -0.26928271333101   -0.10019748700045    0.21041455408451   -0.33321576032879  
  2.020000   -0.26747246211879   -0.10284379175889    0.20642193650356   -0.33014062179265  
  2.030000   -0.26568774552120   -0.10540851286565    0.20250078903406   -0.32705068649809  
  2.040000   -0.26392803173348   -0.10789350937533    0.19864997823751   -0.32394913099389  
  2.050000   -0.26219277406646   -0.11030056217697    0.19486839044446   -0.32083942884124  
  2.060000   -0.26048141074325   -0.11263137606062    0.19115493142209   -0.31772531265075  
  2.070000   -0.25879336498575   -0.11488758215078    0.18750852595153   -0.31461073367455  
  2.080000   -0.25712804538872   -0.11707074068148    0.18392811732730   -0.31149981939702  
  2.090000   -0.25548484657572   -0.11918234408522    0.18041266679105   -0.30839682958351  
  2.100000   -0.25386315012840   -0.12122382036584    0.17696115291154   -0.30530611125854  
  2.110000   -0.25226232577711   -0.12319653672385    0.17357257092199   -0.30223205309081  
  2.120000   -0.25068173283828   -0.12510180340087    0.17024593202568   -0.29917903966472  
  2.130000   -0.24912072188119   -0.12694087770864    0.16698026268004   -0.29615140611442  
  2.140000   -0.24757863660441   -0.12871496820700    0.16377460386883   -0.29315339358855  
  2.150000   -0.24605481589972   -0.13042523899434    0.16062801037160   -0.29018910600118  
  2.160000   -0.24454859607987   -0.13207281407372    0.15753955003871   -0.28726246850701  
  2.170000   -0.24305931324430   -0.13365878175745    0.15450830307971   -0.28437718811733  
  2.180000   -0.24158630575602   -0.13518419907330    0.15153336137225   -0.28153671684775  
  2.190000   -0.24012891680152   -0.13665009613562    0.14861382779780   -0.27874421775897  
  2.200000   -0.23868649700498   -0.13805748044571    0.14574881560997   -0.27600253421924  
  2.210000   -0.23725840706747   -0.13940734108639    0.14293744784049   -0.27331416268094  
  2.220000   -0.23584402040176   -0.14070065277751    0.14017885674711   -0.27068122922522  
  2.230000   -0.23444272573359   -0.14193837976023    0.13747218330715   -0.26810547008761  
  2.240000   -0.23305392964065   -0.14312147948009    0.13481657675969   -0.26558821633459  
  2.250000   -0.23167705900126   -0.14425090604081    0.13221119419867   -0.26313038281710  
  2.260000   -0.23031156332606   -0.14532761340314    0.12965520021871   -0.26073246148178  
  2.270000   -0.22895691694697   -0.14635255830557    0.12714776661464   -0.25839451907492  
  2.280000   -0.22761262103968   -0.14732670288638    0.12468807213529   -0.25611619922892  
  2.290000   -0.22627820545743   -0.14825101698965    0.12227530229145   -0.25389672887553  
  2.300000   -0.22495323035622   -0.14912648014035    0.11990864921741   -0.25173492888615  
  2.310000   -0.22363728759345   -0.14995408317729    0.11758731158491   -0.24962922879673  
  2.320000   -0.22233000188486   -0.15073482953562    0.11531049456808   -0.24757768543349  
  2.330000   -0.22103103170673   -0.15146973617375    0.11307740985713   -0.24557800521725  
  2.340000   -0.21974006993350   -0.15215983414319    0.11088727571859   -0.24362756988763  
  2.350000   -0.21845684420312   -0.15280616880264    0.10873931709921   -0.24172346535532  
  2.360000   -0.21718111700594   -0.15340979968129    0.10663276577051   -0.23986251336040  
  2.370000   -0.21591268549517   -0.15397179999914    0.10456686051061   -0.23804130558842  
  2.380000   -0.21465138102037   -0.15449325585551    0.10254084731961   -0.23625623987310  
  2.390000   -0.21339706838777   -0.15497526509966    0.10055397966500   -0.23450355809597  
  2.400000   -0.21214964485433   -0.15541893590025    0.09860551875285   -0.23277938537855  
  2.410000   -0.21090903886507   -0.15582538503337    0.09669473382090   -0.23107977015250  
  2.420000   -0.20967520854554   -0.15619573591061    0.09482090244929   -0.22940072468746  
  2.430000   -0.20844813996425   -0.15653111637174    0.09298331088485   -0.22773826565429  
  2.440000   -0.20722784518155   -0.15683265626768    0.09118125437463   -0.22608845430473  
  2.450000   -0.20601436010413   -0.15710148486201    0.08941403750460   -0.22444743585534  
  2.460000   -0.20480774216572   -0.15733872808001    0.08768097453938   -0.22281147767505  
  2.470000   -0.20360806785668   -0.15754550563593    0.08598138975903   -0.22117700589089  
  2.480000   -0.20241543012634   -0.15772292806984    0.08431461778899   -0.21954064004584  
  2.490000   -0.20122993568320   -0.15787209372600    0.08268000391950   -0.21789922546554  
  2.500000   -0.20005170221910   -0.15799408570518    0.08107690441103   -0.21624986301686  
  2.510000   -0.19888085558425   -0.15808996882308    0.07950468678225   -0.21458993597071  
  2.520000   -0.19771752694006   -0.15816078660692    0.07796273007762   -0.21291713371344  
  2.530000   -0.19656184991728   -0.15820755836157    0.07645042511169   -0.21122947208581  
  2.540000   -0.19541395780645   -0.15823127633570    0.07496717468758   -0.20952531016499  
  2.550000   -0.19427398080754   -0.15823290301717    0.07351239378727   -0.20780336334310  
  2.560000   -0.19314204336469   -0.15821336858569    0.07208550973192   -0.20606271259554  
  2.570000   -0.19201826161129   -0.15817356854875    0.07068596231025   -0.20430280987210  
  2.580000   -0.19090274094932   -0.15811436158506    0.06931320387387   -0.20252347958503  
  2.590000   -0.18979557378531   -0.15803656761771    0.06796669939831   -0.20072491620833  
  2.600000   -0.18869683744409   -0.15794096613656    0.06664592650915   -0.19890767804321  
  2.610000   -0.18760659227906   -0.15782829478712    0.06535037547264   -0.19707267724350  
  2.620000   -0.18652487999620   -0.15769924824056    0.06407954915089   -0.19522116623337  
  2.630000   -0.18545172220663   -0.15755447735637    0.06283296292166   -0.19335472068565  
  2.640000   -0.18438711922012   -0.15739458864659    0.06161014456322   -0.19147521926390  
  2.650000   -0.18333104908981   -0.15722014404747    0.06041063410522   -0.18958482036327  
  2.660000   -0.18228346691558   -0.15703166100146    0.05923398364633   -0.18768593611463  
  2.670000   -0.18124430441110   -0.15682961284921    0.05807975714017   -0.18578120394306  
  2.680000   -0.18021346973691   -0.15661442952868    0.05694753015093   -0.18387345599489  
  2.690000   -0.17919084759917   -0.15638649857501    0.05583688958055   -0.18196568676758  
  2.700000   -0.17817629961137   -0.15614616641235    0.05474743336924   -0.18006101929281  
  2.710000   -0.17716966491323   -0.15589373992579    0.05367877017177   -0.17816267023583  
  2.720000   -0.17617076103904   -0.15562948829903    0.05263051901150   -0.17627391428270  
  2.730000   -0.17517938502484   -0.15535364510084    0.05160230891498   -0.17439804819178  
  2.740000   -0.17419531474172   -0.15506641060108    0.05059377852932   -0.17253835488682  
  2.750000   -0.17321831044045   -0.15476795429494    0.04960457572540   -0.17069806796579  
  2.760000   -0.17224811649021   -0.15445841761206    0.04863435718926   -0.16888033699257  
  2.770000   -0.17128446329299   -0.15413791678551    0.04768278800482   -0.16708819392807  
  2.780000   -0.17032706935286   -0.15380654585433    0.04674954123054   -0.16532452104287  
  2.790000   -0.16937564347855   -0.15346437977193    0.04583429747288   -0.16359202063573  
  2.800000   -0.16842988709598   -0.15311147759180    0.04493674445947   -0.16189318686121  
  2.810000   -0.16748949664683   -0.15274788570150    0.04405657661462   -0.16023027994569  
  2.820000   -0.16655416604825   -0.15237364107533    0.04319349463988   -0.15860530304413  
  2.830000   -0.16562358918843   -0.15198877451610    0.04234720510243   -0.15701998196078  
  2.840000   -0.16469746243239   -0.15159331385674    0.04151742003348   -0.15547574792559  
  2.850000   -0.16377548711258   -0.15118728709273    0.04070385653943   -0.15397372358507  
  2.860000   -0.16285737197890   -0.15077072541746    0.03990623642777   -0.15251471233148  
  2.870000   -0.16194283558338   -0.15034366613323    0.03912428584985   -0.15109919105898  
  2.880000   -0.16103160857564   -0.14990615541233    0.03835773496252   -0.14972730639857  
  2.890000   -0.16012343588589   -0.14945825088387    0.03760631761027   -0.14839887444749  
  2.900000   -0.15921807877392   -0.14900002402382    0.03686977102945   -0.14711338397173  
  2.910000   -0.15831531672349   -0.14853156232791    0.03614783557587   -0.14587000302469  
  2.920000   -0.15741494916355   -0.14805297124895    0.03544025447687   -0.14466758888930  
  2.930000   -0.15651679699919   -0.14756437588246    0.03474677360885   -0.14350470121708  
  2.940000   -0.15562070393742   -0.14706592238726    0.03406714130076   -0.14237961820515  
  2.950000   -0.15472653759486   -0.14655777912980    0.03340110816421   -0.14129035562135  
  2.960000   -0.15383419037669   -0.14604013754413    0.03274842695023   -0.14023468845918  
  2.970000   -0.15294358011850   -0.14551321270184    0.03210885243280   -0.13921017497840  
  2.980000   -0.15205465048503   -0.14497724358932    0.03148214131893   -0.13821418286349  
  2.990000   -0.15116737112244   -0.14443249309231    0.03086805218472   -0.13724391721219  
  3.000000   -0.15028173756282   -0.14387924769067    0.03026634543702   -0.13629645004870  
  3.010000   -0.14939777088260   -0.14331781686886    0.02967678329957   -0.13536875104241  
  3.020000   -0.14851551711857   -0.14274853225065    0.02909912982283   -0.13445771910244  
  3.030000   -0.14763504644776   -0.14217174646871    0.02853315091613   -0.13356021451117  
  3.040000   -0.14675645213987   -0.14158783178268    0.02797861440092   -0.13267309125650  
  3.050000   -0.14587984929299   -0.14099717846127    0.02743529008350   -0.13179322922274  
  3.060000   -0.14500537336555   -0.14040019294657    0.02690294984561   -0.13091756590361  
  3.070000   -0.14413317851939   -0.13979729582016    0.02638136775116   -0.13004312730797  
  3.080000   -0.14326343579080   -0.13918891959312    0.02587032016719   -0.12916705773940  
  3.090000   -0.14239633110778   -0.13857550634297    0.02536958589711   -0.12828664814475  
  3.100000   -0.14153206317348   -0.13795750522240    0.02487894632420   -0.12739936274333  
  3.110000   -0.14067084123698   -0.13733536986552    0.02439818556333   -0.12650286366861  
  3.120000   -0.13981288277345   -0.13670955571830    0.02392709061878   -0.12559503337637  
  3.130000   -0.13895841109686   -0.13608051732047    0.02346545154602   -0.12467399459862  
  3.140000   -0.13810765292880   -0.13544870556651    0.02301306161542   -0.12373812764921  
  3.150000   -0.13726083594738   -0.13481456497327    0.02256971747574   -0.12278608491639  
  3.160000   -0.13641818634025   -0.13417853098192    0.02213521931542   -0.12181680240784  
  3.170000   -0.13557992638591   -0.13354102732099    0.02170937101959   -0.12082950824537  
  3.180000   -0.13474627208678   -0.13290246345695    0.02129198032105   -0.11982372803934  
  3.190000   -0.13391743087717   -0.13226323215758    0.02088285894329   -0.11879928710560  
  3.200000   -0.13309359942839   -0.13162370719222    0.02048182273384   -0.11775630952143  
  3.210000   -0.13227496157227   -0.13098424119161    0.02008869178643   -0.11669521404983  
  3.220000   -0.13146168636300   -0.13034516368822    0.01970329055044   -0.11561670699438  
  3.230000   -0.13065392629599   -0.12970677935637    0.01932544792640   -0.11452177207854  
  3.240000   -0.12985181570061   -0.12906936646908    0.01895499734618   -0.11341165747388  
  3.250000   -0.12905546932204   -0.12843317558672    0.01859177683720   -0.11228786013114  
  3.260000   -0.12826498110564   -0.12779842848998    0.01823562906939   -0.11115210759500  
  3.270000   -0.12748042319489   -0.12716531736739    0.01788640138467   -0.11000633750905  
  3.280000   -0.12670184515223   -0.12653400426491    0.01754394580809   -0.10885267504030  
  3.290000   -0.12592927340953   -0.12590462080282    0.01720811904054   -0.10769340847318  
  3.300000   -0.12516271095290   -0.12527726816208    0.01687878243282   -0.10653096324040  
  3.310000   -0.12440213724410   -0.12465201734015    0.01655580194107   -0.10536787467333  
  3.320000   -0.12364750837843   -0.12402890967326    0.01623904806386   -0.10420675976586  
  3.330000   -0.12289875747680   -0.12340795761967    0.01592839576125   -0.10305028825472  
  3.340000   -0.12215579530725   -0.12278914579598    0.01562372435640   -0.10190115332425  
  3.350000   -0.12141851112891   -0.12217243225596    0.01532491742043   -0.10076204224622  
  3.360000   -0.12068677374939   -0.12155774999916    0.01503186264145   -0.09963560726371  
  3.370000   -0.11996043278438   -0.12094500869430    0.01474445167863   -0.09852443702399  
  3.380000   -0.11923932010617   -0.12033409660028    0.01446258000259   -0.09743102885775  
  3.390000   -0.11852325146631   -0.11972488266603    0.01418614672325   -0.09635776219135  
  3.400000   -0.11781202827556   -0.11911721878848    0.01391505440651   -0.09530687336524  
  3.410000   -0.11710543952306   -0.11851094220654    0.01364920888136   -0.09428043211540  
  3.420000   -0.11640326381525   -0.11790587800773    0.01338851903867   -0.09328031995567  
  3.430000   -0.11570527151383   -0.11730184172304    0.01313289662351   -0.09230821067744  
  3.440000   -0.11501122695124   -0.11669864198488    0.01288225602253   -0.09136555315976  
  3.450000   -0.11432089070155   -0.11609608322223    0.01263651404803   -0.09045355665759  
  3.460000   -0.11363402188381   -0.11549396836706    0.01239558972061   -0.08957317870869  
  3.470000   -0.11295038047504   -0.11489210154601    0.01215940405179   -0.08872511577166  
  3.480000   -0.11226972960979   -0.11429029073118    0.01192787982859   -0.08790979667782  
  3.490000   -0.11159183784342   -0.11368835032503    0.01170094140157   -0.08712737895021  
  3.500000   -0.11091648135670   -0.11308610365440    0.01147851447793   -0.08637774801168  
  3.510000   -0.11024344608000   -0.11248338534998    0.01126052592132   -0.08566051927450  
  3.520000   -0.10957252971611   -0.11188004358884    0.01104690355979   -0.08497504307270  
  3.530000   -0.10890354364181   -0.11127594217863    0.01083757600324   -0.08432041236939  
  3.540000   -0.10823631466971   -0.11067096246409    0.01063247247181   -0.08369547314206  
  3.550000   -0.10757068665299   -0.11006500503793    0.01043152263628   -0.08309883732137  
  3.560000   -0.10690652191757   -0.10945799124045    0.01023465647165   -0.08252889813267  
  3.570000   -0.10624370250787   -0.10884986443395    0.01004180412473   -0.08198384766519  
  3.580000   -0.10558213123418   -0.10824059104066    0.00985289579680   -0.08146169647106  
  3.590000   -0.10492173251158   -0.10763016133488    0.00966786164176   -0.08096029497632  
  3.600000   -0.10426245298271   -0.10701858998271    0.00948663168045   -0.08047735646802  
  3.610000   -0.10360426191841   -0.10640591632501    0.00930913573157   -0.08001048140617  
  3.620000   -0.10294715139300   -0.10579220440191    0.00913530335925   -0.07955718279692  
  3.630000   -0.10229113623256   -0.10517754271964    0.00896506383759   -0.07911491235324  
  3.640000   -0.10163625373755   -0.10456204376299    0.00879834613190   -0.07868108716290  
  3.650000   -0.10098256318263   -0.10394584325908    0.00863507889657   -0.07825311657950  
  3.660000   -0.10033014509930   -0.10332909920074    0.00847519048905   -0.07782842905158  
  3.670000   -0.09967910034866   -0.10271199063986    0.00831860899960   -0.07740449860683  
  3.680000   -0.09902954899418   -0.10209471626356    0.00816526229605   -0.07697887071396  
  3.690000   -0.09838162898564   -0.10147749276783    0.00801507808277   -0.07654918725225  
  3.700000   -0.09773549466792   -0.10086055304551    0.00786798397306   -0.07611321033020  
  3.710000   -0.09709131512960   -0.10024414420704    0.00772390757383   -0.07566884470786  
  3.720000   -0.09644927240798   -0.09962852545406    0.00758277658154   -0.07521415859349  
  3.730000   -0.09580955956865   -0.09901396582741    0.00744451888814   -0.07474740260373  
  3.740000   -0.09517237867868   -0.09840074185213    0.00730906269572   -0.07426702669659  
  3.750000   -0.09453793869381   -0.09778913510302    0.00717633663851   -0.07377169490937  
  3.760000   -0.09390645328071   -0.09717942971515    0.00704626991088   -0.07326029775731  
  3.770000   -0.09327813859573   -0.09657190986411    0.00691879239979   -0.07273196217434  
  3.780000   -0.09265321104255   -0.09596685724096    0.00679383482023   -0.07218605890388  
  3.790000   -0.09203188503060   -0.09536454854699    0.00667132885225   -0.07162220727500  
  3.800000   -0.09141437075667   -0.09476525303297    0.00655120727797   -0.07104027732702  
  3.810000   -0.09080087203140   -0.09416923010727    0.00643340411706   -0.07044038927419  
  3.820000   -0.09019158417226   -0.09357672703628    0.00631785475941   -0.06982291032975  
  3.830000   -0.08958669198360   -0.09298797675979    0.00620449609342   -0.06918844893684  
  3.840000   -0.08898636784369   -0.09240319584276    0.00609326662855   -0.06853784648053  
  3.850000   -0.08839076991738   -0.09182258258340    0.00598410661100   -0.06787216658181  
  3.860000   -0.08780004051198   -0.09124631529614    0.00587695813104   -0.06719268209918  
  3.870000   -0.08721430459228   -0.09067455078608    0.00577176522117   -0.06650085998696  
  3.880000   -0.08663366846920   -0.09010742302975    0.00566847394376   -0.06579834418172  
  3.890000   -0.08605821867467   -0.08954504207497    0.00556703246758   -0.06508693670779  
  3.900000   -0.08548802103372   -0.08898749317025    0.00546739113211   -0.06436857721090  
  3.910000   -0.08492311994251   -0.08843483613209    0.00536950249918   -0.06364532114444  
  3.920000   -0.08436353785916   -0.08788710495612    0.00527332139122   -0.06291931684616  
  3.930000   -0.08380927501214   -0.08734430767560    0.00517880491586   -0.06219278175337  
  3.940000   -0.08326030932873   -0.08680642646834    0.00508591247638   -0.06146797801281  
  3.950000   -0.08271659658391   -0.08627341801082    0.00499460576813   -0.06074718774648  
  3.960000   -0.08217807076799   -0.08574521407559    0.00490484876064   -0.06003268823685  
  3.970000   -0.08164464466884   -0.08522172236597    0.00481660766575   -0.05932672729485  
  3.980000   -0.08111621066293   -0.08470282757943    0.00472985089192   -0.05863149907023  
  3.990000   -0.08059264170674   -0.08418839268914    0.00464454898515   -0.05794912055861  
  4.000000   -0.08007379251880   -0.08367826043074    0.00456067455696   -0.05728160905029  
  4.010000   -0.07955950094011   -0.08317225497958    0.00447820220025   -0.05663086075529  
  4.020000   -0.07904958945945   -0.08267018380178    0.00439710839360   -0.05599863082502  
  4.030000   -0.07854386688822   -0.08217183966080    0.00431737139497   -0.05538651497560  
  4.040000   -0.07804213016804   -0.08167700275964    0.00423897112577   -0.05479593289949  
  4.050000   -0.07754416629305   -0.08118544299763    0.00416188904637   -0.05422811363264  
  4.060000   -0.07704975432786   -0.08069692231946    0.00408610802409   -0.05368408302259  
  4.070000   -0.07655866750094   -0.08021119713347    0.00401161219499   -0.05316465342020  
  4.080000   -0.07607067535276   -0.07972802077542    0.00393838682062   -0.05267041569338  
  4.090000   -0.07558554591736   -0.07924714599357    0.00386641814109   -0.05220173363647  
  4.100000   -0.07510304791569   -0.07876832743066    0.00379569322573   -0.05175874082274  
  4.110000   -0.07462295293908   -0.07829132407871    0.00372619982280   -0.05134133992177  
  4.120000   -0.07414503760120   -0.07781590168244    0.00365792620939   -0.05094920447713  
  4.130000   -0.07366908563741   -0.07734183506799    0.00359086104313   -0.05058178311364  
  4.140000   -0.07319488993053   -0.07686891037425    0.00352499321677   -0.05023830611809  
  4.150000   -0.07272225444336   -0.07639692716503    0.00346031171710   -0.04991779431216  
  4.160000   -0.07225099603880   -0.07592570040159    0.00339680548936   -0.04961907011271  
  4.170000   -0.07178094616967   -0.07545506225642    0.00333446330838   -0.04934077065149  
  4.180000   -0.07131195242175   -0.07498486375075    0.00327327365747   -0.04908136280555  
  4.190000   -0.07084387989475   -0.07451497619990    0.00321322461626   -0.04883915996954  
  4.200000   -0.07037661240798   -0.07404529245261    0.00315430375826   -0.04861234038389  
  4.210000   -0.06991005351867   -0.07357572791261    0.00309649805913   -0.04839896681691  
  4.220000   -0.06944412734323   -0.07310622133245    0.00303979381630   -0.04819700738546  
  4.230000   -0.06897877917342   -0.07263673537238    0.00298417658068   -0.04800435728773  
  4.240000   -0.06851397588158   -0.07216725691893    0.00292963110087   -0.04781886121321  
  4.250000   -0.06804970611101   -0.07169779716044    0.00287614128032   -0.04763833618847  
  4.260000   -0.06758598024982   -0.07122839141916    0.00282369014774   -0.04746059461403  
  4.270000   -0.06712283018874   -0.07075909874183    0.00277225984080   -0.04728346724676  
  4.280000   -0.06666030886533   -0.07029000125299    0.00272183160322   -0.04710482588360  
  4.290000   -0.06619848959935   -0.06982120327791    0.00267238579513   -0.04692260550695  
  4.300000   -0.06573746522603   -0.06935283024374    0.00262390191636   -0.04673482565866  
  4.310000   -0.06527734703583   -0.06888502737021    0.00257635864246   -0.04653961081889  
  4.320000   -0.06481826353142   -0.06841795816277    0.00252973387273   -0.04633520957756  
  4.330000   -0.06436035901426   -0.06795180272348    0.00248400478993   -0.04612001239976  
  4.340000   -0.06390379201485   -0.06748675589617    0.00243914793070   -0.04589256780263  
  4.350000   -0.06344873358224   -0.06702302526462    0.00239513926608   -0.04565159677845  
  4.360000   -0.06299536544988   -0.06656082902337    0.00235195429106   -0.04539600531828  
  4.370000   -0.06254387809594   -0.06610039374237    0.00230956812228   -0.04512489491118  
  4.380000   -0.06209446871739   -0.06564195204767    0.00226795560280   -0.04483757091624  
  4.390000   -0.06164733913788   -0.06518574024097    0.00222709141271   -0.04453354872732  
  4.400000   -0.06120269367015   -0.06473199588153    0.00218695018450   -0.04421255767462  
  4.410000   -0.06076073695426   -0.06428095535451    0.00214750662196   -0.04387454263126  
  4.420000   -0.06032167179274   -0.06383285144955    0.00210873562129   -0.04351966331747  
  4.430000   -0.05988569700447   -0.06338791097357    0.00207061239316   -0.04314829131971  
  4.440000   -0.05945300531815   -0.06294635242131    0.00203311258449   -0.04276100486615  
  4.450000   -0.05902378132644   -0.06250838372658    0.00199621239867   -0.04235858142357  
  4.460000   -0.05859819952089   -0.06207420011644    0.00195988871286   -0.04194198820368  
  4.470000   -0.05817642242704   -0.06164398208933    0.00192411919131   -0.04151237068874  
  4.480000   -0.05775859885829   -0.06121789353721    0.00188888239346   -0.04107103930696  
  4.490000   -0.05734486230555   -0.06079608003018    0.00185415787556   -0.04061945440713  
  4.500000   -0.05693532947881   -0.06037866728041    0.00181992628505   -0.04015920969979  
  4.510000   -0.05653009901491   -0.05996575980063    0.00178616944637   -0.03969201434744  
  4.520000   -0.05612925036431   -0.05955743977040    0.00175287043762   -0.03921967390023  
  4.530000   -0.05573284286790   -0.05915376612126    0.00172001365700   -0.03874407028492  
  4.540000   -0.05534091503296   -0.05875477384993    0.00168758487856   -0.03826714106419  
  4.550000   -0.05495348401538   -0.05836047356632    0.00165557129644   -0.03779085819025  
  4.560000   -0.05457054531339   -0.05797085128074    0.00162396155730   -0.03731720648118  
  4.570000   -0.05419207267576   -0.05758586843275    0.00159274578051   -0.03684816205056  
  4.580000   -0.05381801822546   -0.05720546216105    0.00156191556577   -0.03638567092042  
  4.590000   -0.05344831279746   -0.05682954581224    0.00153146398823   -0.03593162804475  
  4.600000   -0.05308286648765   -0.05645800968315    0.00150138558087   -0.03548785696566  
  4.610000   -0.05272156940716   -0.05609072198984    0.00147167630454   -0.03505609031633  
  4.620000   -0.05236429263489   -0.05572753005362    0.00144233350566   -0.03463795137565  
  4.630000   -0.05201088935889   -0.05536826169264    0.00141335586209   -0.03423493686670  
  4.640000   -0.05166119619520   -0.05501272680539    0.00138474331762   -0.03384840117805  
  4.650000   -0.05131503467138   -0.05466071913067    0.00135649700571   -0.03347954217032  
  4.660000   -0.05097221285994   -0.05431201816688    0.00132861916307   -0.03312938871338  
  4.670000   -0.05063252714577   -0.05396639123173    0.00130111303408   -0.03279879008050  
  4.680000   -0.05029576410995   -0.05362359564231    0.00127398276670   -0.03248840730539  
  4.690000   -0.04996170251157   -0.05328338099415    0.00124723330105   -0.03219870658683  
  4.700000   -0.04963011534788   -0.05294549151693    0.00122087025156   -0.03192995480357  
  4.710000   -0.04930077197258   -0.05260966848373    0.00119489978396   -0.03168221717928  
  4.720000   -0.04897344025122   -0.05227565265029    0.00116932848800   -0.03145535711441  
  4.730000   -0.04864788873250   -0.05194318670020    0.00114416324744   -0.03124903817859  
  4.740000   -0.04832388881404   -0.05161201767220    0.00111941110828   -0.03106272823432  
  4.750000   -0.04800121688121   -0.05128189934553    0.00109507914652   -0.03089570563989  
  4.760000   -0.04767965639785   -0.05095259456014    0.00107117433684   -0.03074706745766  
  4.770000   -0.04735899992820   -0.05062387744866    0.00104770342323   -0.03061573957273  
  4.780000   -0.04703905107003   -0.05029553555840    0.00102467279300   -0.03050048860691  
  4.790000   -0.04671962627980   -0.04996737184236    0.00100208835518   -0.03039993549411  
  4.800000   -0.04640055657174   -0.04963920649950    0.00097995542457   -0.03031257056635  
  4.810000   -0.04608168907402   -0.04931087864635    0.00095827861252   -0.03023676998355  
  4.820000   -0.04576288842633   -0.04898224780315    0.00093706172538   -0.03017081332694  
  4.830000   -0.04544403800524   -0.04865319517989    0.00091630767173   -0.03011290216388  
  4.840000   -0.04512504096478   -0.04832362474949    0.00089601837911   -0.03006117938227  
  4.850000   -0.04480582108202   -0.04799346409729    0.00087619472111   -0.03001374908524  
  4.860000   -0.04448632339893   -0.04766266503842    0.00085683645551   -0.02996869683157  
  4.870000   -0.04416651465412   -0.04733120399662    0.00083794217394   -0.02992411000416  
  4.880000   -0.04384638349997   -0.04699908214069    0.00081950926368   -0.02987809808851  
  4.890000   -0.04352594050263   -0.04666632527696    0.00080153388180   -0.02982881264472  
  4.900000   -0.04320521792490   -0.04633298349847    0.00078401094198   -0.02977446676035  
  4.910000   -0.04288426929369   -0.04599913059420    0.00076693411400   -0.02971335377822  
  4.920000   -0.04256316875613   -0.04566486322377    0.00075029583599   -0.02964386510093  
  4.930000   -0.04224201023056   -0.04533029986546    0.00073408733925   -0.02956450688523  
  4.940000   -0.04192090636038   -0.04499557954768    0.00071829868538   -0.02947391545100  
  4.950000   -0.04159998728091   -0.04466086037596    0.00070291881533   -0.02937087124456  
  4.960000   -0.04127939921121   -0.04432631786984    0.00068793560995   -0.02925431121157  
  4.970000   -0.04095930288456   -0.04399214312554    0.00067333596129   -0.02912333945240  
  4.980000   -0.04063987183278   -0.04365854082240    0.00065910585415   -0.02897723605159  
  4.990000   -0.04032129054127   -0.04332572709233    0.00064523045683   -0.02881546399281  
  5.000000   -0.04000375249267   -0.04299392727309    0.00063169422046   -0.02863767409143  
  5.010000   -0.03968745811840   -0.04266337356722    0.00061848098570   -0.02844370789841  
  5.020000   -0.03937261267814   -0.04233430262953    0.00060557409586   -0.02823359855068  
  5.030000   -0.03905942408810   -0.04200695310673    0.00059295651539   -0.02800756956549  
  5.040000   -0.03874810071934   -0.04168156315320    0.00058061095251   -0.02776603159813  
  5.050000   -0.03843884918804   -0.04135836794743    0.00056851998477   -0.02750957720396  
  5.060000   -0.03813187215938   -0.04103759723331    0.00055666618637   -0.02723897366708  
  5.070000   -0.03782736618674   -0.04071947291073    0.00054503225601   -0.02695515397840  
  5.080000   -0.03752551960778   -0.04040420669890    0.00053360114395   -0.02665920606529  
  5.090000   -0.03722651051812   -0.04009199789582    0.00052235617712   -0.02635236039354  
  5.100000   -0.03693050484284   -0.03978303125587    0.00051128118100   -0.02603597607931  
  5.110000   -0.03663765452511   -0.03947747500660    0.00050036059722   -0.02571152566428  
  5.120000   -0.03634809584997   -0.03917547902457    0.00048957959548   -0.02538057872107  
  5.130000   -0.03606194792020   -0.03887717318844    0.00047892417903   -0.02504478446810  
  5.140000   -0.03577931129953   -0.03858266592576    0.00046838128239   -0.02470585358300  
  5.150000   -0.03550026683709   -0.03829204296827    0.00045793886058   -0.02436553941189  
  5.160000   -0.03522487468501   -0.03800536632832    0.00044758596887   -0.02402561877757  
  5.170000   -0.03495317351942   -0.03772267350696    0.00043731283233   -0.02368787259359  
  5.180000   -0.03468517997285   -0.03744397694196    0.00042711090447   -0.02335406649251  
  5.190000   -0.03442088828435   -0.03716926370191    0.00041697291444   -0.02302593167608  
  5.200000   -0.03416027017116   -0.03689849542972    0.00040689290233   -0.02270514619199  
  5.210000   -0.03390327492388   -0.03663160853700    0.00039686624219   -0.02239331683688  
  5.220000   -0.03364982972467   -0.03636851464775    0.00038688965256   -0.02209196187801  
  5.230000   -0.03339984018602   -0.03610910128786    0.00037696119449   -0.02180249477666  
  5.240000   -0.03315319110533   -0.03585323281426    0.00036708025692   -0.02152620908522  
  5.250000   -0.03290974742848   -0.03560075157515    0.00035724752967   -0.02126426467703  
  5.260000   -0.03266935541350   -0.03535147929073    0.00034746496432   -0.02101767545299  
  5.270000   -0.03243184398336   -0.03510521864135    0.00033773572324   -0.02078729865334  
  5.280000   -0.03219702625530   -0.03486175504826    0.00032806411740   -0.02057382588496  
  5.290000   -0.03196470123188   -0.03462085863003    0.00031845553347   -0.02037777595630  
  5.300000   -0.03173465563796   -0.03438228631587    0.00030891635096   -0.02019948959237  
  5.310000   -0.03150666588561   -0.03414578409587    0.00029945385018   -0.02003912608170  
  5.320000   -0.03128050014827   -0.03391108938636    0.00029007611198   -0.01989666188671  
  5.330000   -0.03105592052404   -0.03367793348766    0.00028079191008   -0.01977189122771  
  5.340000   -0.03083268526712   -0.03344604411055    0.00027161059726   -0.01966442862933  
  5.350000   -0.03061055106558   -0.03321514794682    0.00026254198632   -0.01957371339771  
  5.360000   -0.03038927534345   -0.03298497325904    0.00025359622708   -0.01949901597560  
  5.370000   -0.03016861856442   -0.03275525246426    0.00024478368052   -0.01943944610311  
  5.380000   -0.02994834651454   -0.03252572468633    0.00023611479140   -0.01939396269202  
  5.390000   -0.02972823254154   -0.03229613825189    0.00022759996048   -0.01936138530403  
  5.400000   -0.02950805972857   -0.03206625310536    0.00021924941767   -0.01934040710600  
  5.410000   -0.02928762298070   -0.03183584311913    0.00021107309727   -0.01932960915969  
  5.420000   -0.02906673100360   -0.03160469827601    0.00020308051652   -0.01932747588977  
  5.430000   -0.02884520815439   -0.03137262670224    0.00019528065873   -0.01933241156119  
  5.440000   -0.02862289614620   -0.03113945653051    0.00018768186201   -0.01934275758694  
  5.450000   -0.02839965558896   -0.03090503757440    0.00018029171473   -0.01935681047825  
  5.460000   -0.02817536735102   -0.03066924279713    0.00017311695872   -0.01937284024314  
  5.470000   -0.02794993372717   -0.03043196955939    0.00016616340119   -0.01938910903456  
  5.480000   -0.02772327940119   -0.03019314063347    0.00015943583615   -0.01940388984719  
  5.490000   -0.02749535219245   -0.02995270497275    0.00015293797614   -0.01941548506165  
  5.500000   -0.02726612357852   -0.02971063822802    0.00014667239499   -0.01942224463718  
  5.510000   -0.02703558898764   -0.02946694300483    0.00014064048204   -0.01942258375755  
  5.520000   -0.02680376785730   -0.02922164885802    0.00013484240838   -0.01941499974153  
  5.530000   -0.02657070345733   -0.02897481202262    0.00012927710538   -0.01939808803727  
  5.540000   -0.02633646247824   -0.02872651488250    0.00012394225579   -0.01937055713007  
  5.550000   -0.02610113438774   -0.02847686518088    0.00011883429737   -0.01933124220496  
  5.560000   -0.02586483056075   -0.02822599497927    0.00011394843918   -0.01927911741921  
  5.570000   -0.02562768319047   -0.02797405937377    0.00010927869025   -0.01921330665477  
  5.580000   -0.02538984398985   -0.02772123498032    0.00010481790045   -0.01913309263741  
  5.590000   -0.02515148269551   -0.02746771820226    0.00010055781303   -0.01903792432676  
  5.600000   -0.02491278538757   -0.02721372329642    0.00009648912850   -0.01892742250042  
  5.610000   -0.02467395264086   -0.02695948025519    0.00009260157909   -0.01880138347427  
  5.620000   -0.02443519752491   -0.02670523252451    0.00008888401315   -0.01865978092187  
  5.630000   -0.02419674347124   -0.02645123457905    0.00008532448860   -0.01850276577552  
  5.640000   -0.02395882202819   -0.02619774937738    0.00008191037461   -0.01833066421269  
  5.650000   -0.02372167052456   -0.02594504572117    0.00007862846041   -0.01814397375183  
  5.660000   -0.02348552966420   -0.02569339554360    0.00007546507034   -0.01794335750165  
  5.670000   -0.02325064107480   -0.02544307115278    0.00007240618376   -0.01772963662807  
  5.680000   -0.02301724483416   -0.02519434245670    0.00006943755895   -0.01750378112169  
  5.690000   -0.02278557699811   -0.02494747419638    0.00006654485956   -0.01726689896693  
  5.700000   -0.02255586715391   -0.02470272321398    0.00006371378249   -0.01702022383112  
  5.710000   -0.02232833602302   -0.02446033578257    0.00006093018588   -0.01676510140726  
  5.720000   -0.02210319313679   -0.02422054502350    0.00005818021602   -0.01650297455865  
  5.730000   -0.02188063460791   -0.02398356843684    0.00005545043190   -0.01623536742646  
  5.740000   -0.02166084101980   -0.02374960556931    0.00005272792620   -0.01596386867182  
  5.750000   -0.02144397545493   -0.02351883584294    0.00005000044144   -0.01569011403358  
  5.760000   -0.02123018168202   -0.02329141656626    0.00004725648029   -0.01541576838989  
  5.770000   -0.02101958252044   -0.02306748114808    0.00004448540880   -0.01514250751681  
  5.780000   -0.02081227839870   -0.02284713753244    0.00004167755166   -0.01487199974057  
  5.790000   -0.02060834612203   -0.02263046687079    0.00003882427844   -0.01460588768078  
  5.800000   -0.02040783786224   -0.02241752244567    0.00003591807996   -0.01434577028105  
  5.810000   -0.02021078038076   -0.02220832885775    0.00003295263407   -0.01409318532012  
  5.820000   -0.02001717449398   -0.02200288148538    0.00002992286015   -0.01384959259146  
  5.830000   -0.01982699478728   -0.02180114622380    0.00002682496174   -0.01361635793208  
  5.840000   -0.01964018958217   -0.02160305950786    0.00002365645693   -0.01339473827193  
  5.850000   -0.01945668115842   -0.02140852862002    0.00002041619603   -0.01318586786459  
  5.860000   -0.01927636623051   -0.02121743228238    0.00001710436654   -0.01299074584695  
  5.870000   -0.01909911667564   -0.02102962152883    0.00001372248513   -0.01281022526164  
  5.880000   -0.01892478050783   -0.02084492085079    0.00001027337679   -0.01264500365997  
  5.890000   -0.01875318309024   -0.02066312960737    0.00000676114132   -0.01249561538646  
  5.900000   -0.01858412857599   -0.02048402368821    0.00000319110734   -0.01236242562800  
  5.910000   -0.01841740156479   -0.02030735741480   -0.00000043022563   -0.01224562629173  
  5.920000   -0.01825276896138   -0.02013286566376   -0.00000409525651   -0.01214523375628  
  5.930000   -0.01808998201903   -0.01996026619333   -0.00000779536292   -0.01206108852097  
  5.940000   -0.01792877855025   -0.01978926215244   -0.00001152099138   -0.01199285675729  
  5.950000   -0.01776888528435   -0.01961954474962   -0.00001526175685   -0.01194003374667  
  5.960000   -0.01761002035082   -0.01945079605770   -0.00001900655044   -0.01190194916844  
  5.970000   -0.01745189586551   -0.01928269192856   -0.00002274365442   -0.01187777418215  
  5.980000   -0.01729422059592   -0.01911490499112   -0.00002646086340   -0.01186653022913  
  5.990000   -0.01713670268075   -0.01894710770488   -0.00003014561047   -0.01186709945999  
  6.000000   -0.01697905237842   -0.01877897544049   -0.00003378509718   -0.01187823667729  
  6.010000   -0.01682098481866   -0.01861018955857   -0.00003736642597   -0.01189858266643  
  6.020000   -0.01666222273114   -0.01844044045765   -0.00004087673396   -0.01192667877296  
  6.030000   -0.01650249912534   -0.01826943056237   -0.00004430332665   -0.01196098257119  
  6.040000   -0.01634155989582   -0.01809687722351   -0.00004763381025   -0.01199988445721  
  6.050000   -0.01617916632788   -0.01792251550177   -0.00005085622144   -0.01204172498962  
  6.060000   -0.01601509747928   -0.01774610080853   -0.00005395915323   -0.01208481279299  
  6.070000   -0.01584915241465   -0.01756741137767   -0.00005693187564   -0.01212744283318  
  6.080000   -0.01568115227048   -0.01738625054406   -0.00005976445007   -0.01216791486942  
  6.090000   -0.01551094213018   -0.01720244880615   -0.00006244783626   -0.01220455188597  
  6.100000   -0.01533839268991   -0.01701586565148   -0.00006497399065   -0.01223571830642  
  6.110000   -0.01516340169831   -0.01682639112658   -0.00006733595526   -0.01225983779564  
  6.120000   -0.01498589515469   -0.01663394713450   -0.00006952793614   -0.01227541045856  
  6.130000   -0.01480582825276   -0.01643848844598   -0.00007154537061   -0.01228102925143  
  6.140000   -0.01462318605907   -0.01624000341245   -0.00007338498257   -0.01227539542896  
  6.150000   -0.01443798391774   -0.01603851437220   -0.00007504482525   -0.01225733286116  
  6.160000   -0.01425026757569   -0.01583407774329   -0.00007652431107   -0.01222580106516  
  6.170000   -0.01406011302485   -0.01562678380017   -0.00007782422807   -0.01217990681092  
  6.180000   -0.01386762606064   -0.01541675613334   -0.00007894674280   -0.01211891417457  
  6.190000   -0.01367294155856   -0.01520415079467   -0.00007989538962   -0.01204225292926  
  6.200000   -0.01347622247329   -0.01498915513377   -0.00008067504629   -0.01194952518108  
  6.210000   -0.01327765856727   -0.01477198633350   -0.00008129189617   -0.01184051017573  
  6.220000   -0.01307746487844   -0.01455288965583   -0.00008175337720   -0.01171516722096  
  6.230000   -0.01287587993884   -0.01433213641171   -0.00008206811820   -0.01157363668961  
  6.240000   -0.01267316375874   -0.01411002167128   -0.00008224586291   -0.01141623908813  
  6.250000   -0.01246959559262   -0.01388686173329   -0.00008229738253   -0.01124347219590  
  6.260000   -0.01226547150571   -0.01366299137485   -0.00008223437749   -0.01105600630097  
  6.270000   -0.01206110176178   -0.01343876090470   -0.00008206936930   -0.01085467757782  
  6.280000   -0.01185680805445   -0.01321453304520   -0.00008181558353   -0.01064047967242  
  6.290000   -0.01165292060587   -0.01299067966999   -0.00008148682493   -0.01041455357871  
  6.300000   -0.01144977515822   -0.01276757842555   -0.00008109734582   -0.01017817590874  
  6.310000   -0.01124770988417   -0.01254560926629   -0.00008066170902   -0.00993274567572  
  6.320000   -0.01104706224381   -0.01232515093368   -0.00008019464658   -0.00967976972493  
  6.330000   -0.01084816581581   -0.01210657741071   -0.00007971091555   -0.00942084696192  
  6.340000   -0.01065134713123   -0.01189025438312   -0.00007922515222   -0.00915765154019  
  6.350000   -0.01045692253842   -0.01167653573938   -0.00007875172623   -0.00889191518172  
  6.360000   -0.01026519512727   -0.01146576014069   -0.00007830459575   -0.00862540881305  
  6.370000   -0.01007645174090   -0.01125824769238   -0.00007789716536   -0.00835992370712  
  6.380000   -0.00989096010195   -0.01105429674680   -0.00007754214778   -0.00809725232642  
  6.390000   -0.00970896607981   -0.01085418086698   -0.00007725143087   -0.00783916906652  
  6.400000   -0.00953069112390   -0.01065814597897   -0.00007703595115   -0.00758741110039  
  6.410000   -0.00935632988659   -0.01046640773877   -0.00007690557506   -0.00734365952294  
  6.420000   -0.00918604805734   -0.01027914913788   -0.00007686898922   -0.00710952099242  
  6.430000   -0.00901998042760   -0.01009651836895   -0.00007693360054   -0.00688651006011  
  6.440000   -0.00885822920320   -0.00991862696985   -0.00007710544739   -0.00667603237251  
  6.450000   -0.00870086257782   -0.00974554826110   -0.00007738912258   -0.00647936892050  
  6.460000   -0.00854791357732   -0.00957731608728   -0.00007778770885   -0.00629766149866  
  6.470000   -0.00839937918024   -0.00941392386775   -0.00007830272759   -0.00613189952343  
  6.480000   -0.00825521971407   -0.00925532395610   -0.00007893410107   -0.00598290834249  
  6.490000   -0.00811535852018   -0.00910142729980   -0.00007968012857   -0.00585133914876  
  6.500000   -0.00797968187208   -0.00895210338247   -0.00008053747620   -0.00573766058964  
  6.510000   -0.00784803912170   -0.00880718041980   -0.00008150118039   -0.00564215213697  
  6.520000   -0.00772024303595   -0.00866644576656   -0.00008256466420   -0.00556489925274  
  6.530000   -0.00759607027191   -0.00852964647584   -0.00008371976559   -0.00550579035118  
  6.540000   -0.00747526192180   -0.00839648993297   -0.00008495677625   -0.00546451551671  
  6.550000   -0.00735752404056   -0.00826664446540   -0.00008626448873   -0.00544056689062  
  6.560000   -0.00724252804849   -0.00813973980716   -0.00008763024954   -0.00543324058455  
  6.570000   -0.00712991088167   -0.00801536727394   -0.00008904001458   -0.00544163991804  
  6.580000   -0.00701927474510   -0.00789307948514   -0.00009047840306   -0.00546467971073  
  6.590000   -0.00691018631164   -0.00777238945566   -0.00009192874495   -0.00550109129088  
  6.600000   -0.00680217520861   -0.00765276887858   -0.00009337311673   -0.00554942781664  
  6.610000   -0.00669473164854   -0.00753364543688   -0.00009479235983   -0.00560806945438  
  6.620000   -0.00658730309972   -0.00741439902610   -0.00009616607624   -0.00567522793275  
  6.630000   -0.00647928996195   -0.00729435684893   -0.00009747259703   -0.00574895000998  
  6.640000   -0.00637004032326   -0.00717278746710   -0.00009868892109   -0.00582711947777  
  6.650000   -0.00625884402932   -0.00704889407226   -0.00009979062508   -0.00590745750184  
  6.660000   -0.00614492650322   -0.00692180747020   -0.00010075175001   -0.00598752139223  
  6.670000   -0.00602744300838   -0.00679057956058   -0.00010154467691   -0.00606470232490  
  6.680000   -0.00590547434106   -0.00665417842655   -0.00010214001173   -0.00613622310908  
  6.690000   -0.00577802525403   -0.00651148650422   -0.00010250650968   -0.00619913780323  
  6.700000   -0.00564402721827   -0.00636130364670   -0.00010261107926   -0.00625033579028  
  6.710000   -0.00550234738172   -0.00620235718256   -0.00010241891635   -0.00628655376158  
  6.720000   -0.00535180573032   -0.00603332123313   -0.00010189382655   -0.00630439982173  
  6.730000   -0.00519120243261   -0.00585284752633   -0.00010099879860   -0.00630039447013  
  6.740000   -0.00501935709243   -0.00565960965437   -0.00009969688954   -0.00627103336608  
  6.750000   -0.00483516108557   -0.00545236210296   -0.00009795247298   -0.00621287635649  
  6.760000   -0.00463764327671   -0.00523001438675   -0.00009573288142   -0.00612266606569  
  6.770000   -0.00442604819384   -0.00499171924853   -0.00009301044336   -0.00599747728663  
  6.780000   -0.00419992421113   -0.00473697215732   -0.00008976487362   -0.00583489543156  
  6.790000   -0.00395921754618   -0.00446571736992   -0.00008598592459   -0.00563321847681  
  6.800000   -0.00370436605531   -0.00417845376458   -0.00008167614942   -0.00539167240558  
  6.810000   -0.00343638511082   -0.00387633173663   -0.00007685357170   -0.00511062551396  
  6.820000   -0.00315693650422   -0.00356123093506   -0.00007155400636   -0.00479178265503  
  6.830000   -0.00286837059934   -0.00323580780721   -0.00006583274309   -0.00443833722269  
  6.840000   -0.00257373210248   -0.00290350208188   -0.00005976529309   -0.00405505713335  
  6.850000   -0.00227672101783   -0.00256849267784   -0.00005344692134   -0.00364828190140  
  6.860000   -0.00198160271548   -0.00223559618877   -0.00004699074356   -0.00322581160174  
  6.870000   -0.00169306453161   -0.00191010503702   -0.00004052426110   -0.00279667525486  
  6.880000   -0.00141602076733   -0.00159756740753   -0.00003418433428   -0.00237077575574  
  6.890000   -0.00115537301964   -0.00130351679042   -0.00002811074549   -0.00195842025761  
  6.900000   -0.00091573798906   -0.00103316484014   -0.00002243866513   -0.00156975784344  
  6.910000   -0.00070115968873   -0.00079107665087   -0.00001729048663   -0.00121415895299  
  6.920000   -0.00051482671546   -0.00058085176154   -0.00001276762304   -0.00089958176317  
  6.930000   -0.00035881736659   -0.00040483659653   -0.00000894293756   -0.00063197793840  
  6.940000   -0.00023389544999   -0.00026389411831   -0.00000585449831   -0.00041479251947  
  6.950000   -0.00013937739822   -0.00015725394258   -0.00000350129431   -0.00024860933063  
  6.960000   -0.00007308677554   -0.00008246106344   -0.00000184142414   -0.00013098394883  
  6.970000   -0.00003140575703   -0.00003543399130   -0.00000079307841   -0.00005649155956  
  6.980000   -0.00000942522867   -0.00001063415926   -0.00000023839971   -0.00001699824322  
  6.990000   -0.00000118658580   -0.00000133878449   -0.00000003004253   -0.00000214335156  
  7.000000   -0.00000000000000    0.00000000000000   -0.00000000000000   -0.00000000000000  
