0	6.448262881643265e-05
1	6.117680672015254e-05
2	5.8645582474804356e-05
3	5.680002828674397e-05
4	5.556500189231832e-05
5	5.482984585846197e-05
6	5.408414495355279e-05
7	5.323411477445993e-05
8	5.235268835307915e-05
9	5.146870347602885e-05
10	5.060567683130421e-05
11	4.977045878236242e-05
12	4.894773748672627e-05
13	4.811914403336087e-05
14	4.7280913521493316e-05
15	4.644297868992359e-05
16	4.561830444476171e-05
17	4.481518597514075e-05
18	4.403630284980796e-05
19	4.328204913218392e-05
20	4.255323606923309e-05
21	4.185079946389266e-05
22	4.117420756289268e-05
23	4.0521271981173606e-05
24	3.988986049977272e-05
25	3.9279594897465315e-05
26	3.8691962760189286e-05
27	3.8129293511066865e-05
28	3.759387516462699e-05
29	3.7087784606551556e-05
30	3.661303372522861e-05
31	3.617146052221773e-05
32	3.576432568567881e-05
33	3.5391897751402264e-05
34	3.505324741394221e-05
35	3.4746360211304566e-05
36	3.446854111028075e-05
37	3.421694165338522e-05
38	3.39889269370909e-05
39	3.378211966886807e-05
40	3.359429276077809e-05
41	3.342340155883307e-05
42	3.3267794877275565e-05
43	3.3126296257969634e-05
44	3.299797410327859e-05
45	3.288182742682188e-05
46	3.2776664461701616e-05
47	3.2681175213205396e-05
48	3.2594063603481985e-05
49	3.251420884191618e-05
50	3.244084201997053e-05
51	3.237362681188786e-05
52	3.2312550467679094e-05
53	3.225769845127563e-05
54	3.220906748049494e-05
55	3.2166480486683085e-05
56	3.212956044188437e-05
57	3.209773120882827e-05
58	3.207026572147367e-05
59	3.204638116571375e-05
60	3.202532787638067e-05
61	3.200643053251284e-05
62	3.198909940159444e-05
63	3.19728454938192e-05
64	3.195729794490676e-05
65	3.194220338083922e-05
66	3.192741007832885e-05
67	3.191285601243783e-05
68	3.1898562556635226e-05
69	3.18846190934817e-05
70	3.18711560855642e-05
71	3.185832075524375e-05
72	3.1846262643878725e-05
73	3.183512075862279e-05
74	3.1825006323501585e-05
75	3.181598775425562e-05
76	3.180808428478315e-05
77	3.18012646451649e-05
78	3.179544639387025e-05
79	3.179050034497703e-05
80	3.1786265883523284e-05
81	3.1782573497933735e-05
82	3.177926514073616e-05
83	3.177620802845961e-05
84	3.1773303115296456e-05
85	3.177048817653432e-05
86	3.176773365263239e-05
87	3.1765033141379125e-05
88	3.176239421564726e-05
89	3.1759832719021876e-05
90	3.175736886181728e-05
91	3.175502331421874e-05
92	3.1752814230020704e-05
93	3.1750755950710964e-05
94	3.174885812714116e-05
95	3.174712454506681e-05
96	3.174555282174486e-05
97	3.174413560032406e-05
98	3.174286187865531e-05
99	3.174171752583261e-05
100	3.174068580022162e-05
101	3.1739748597639487e-05
102	3.17388877553284e-05
103	3.17380860502108e-05
104	3.173732843048774e-05
105	3.173660349147053e-05
106	3.173590422240069e-05
107	3.1735227604126044e-05
108	3.17345737207339e-05
109	3.173394475076607e-05
110	3.1733343687102814e-05
111	3.17327729939242e-05
112	3.173223383874267e-05
113	3.173172597159815e-05
114	3.173124780831221e-05
115	3.173079665774675e-05
116	3.1730369206952835e-05
117	3.1729962057378126e-05
118	3.172957212129404e-05
119	3.172919690562822e-05
120	3.172883477711359e-05
121	3.172848505805406e-05
122	3.172814782021527e-05
123	3.172782357565574e-05
124	3.1727513013504924e-05
125	3.172721674269204e-05
126	3.172693510443409e-05
127	3.172666813561742e-05
128	3.172641564443146e-05
129	3.172617723544097e-05
130	3.172595232313156e-05
131	3.1725740189020664e-05
132	3.1725540063293916e-05
133	3.172535117203984e-05
134	3.172517277840056e-05
135	3.172500422030467e-05
136	3.17248448890162e-05
137	3.172469418735175e-05
138	3.17245514986921e-05
139	3.172441620971608e-05
140	3.172428773132743e-05
141	3.172416553897662e-05
142	3.172404920499324e-05
143	3.17239384202946e-05
144	3.1723832962395416e-05
145	3.172373267845196e-05
146	3.172363745401045e-05
147	3.172354717384252e-05
148	3.172346169360204e-05
149	3.172338082253517e-05
150	3.172330431879236e-05
151	3.1723231904747996e-05
152	3.1723163270531705e-05
153	3.172309811764262e-05
154	3.172303618290579e-05
155	3.1722977246439924e-05
156	3.172292114772266e-05
157	3.172286776994449e-05
158	3.1722817029093014e-05
159	3.1722768848003755e-05
160	3.172272314905864e-05
161	3.1722679847117e-05
162	3.172263884405343e-05
163	3.172260003535902e-05
164	3.172256331552091e-05
165	3.1722528579566475e-05
166	3.172249572298279e-05
167	3.1722464647718514e-05
168	3.17224352624524e-05
169	3.172240748077865e-05
170	3.172238122097394e-05
171	3.172235640384961e-05
172	3.172233295392427e-05
173	3.172231079585155e-05
174	3.172228986348235e-05
175	3.1722270093622874e-05
176	3.172225143049558e-05
177	3.172223382123363e-05
178	3.172221721607944e-05
179	3.172220156548698e-05
180	3.172218682036514e-05
181	3.172217293055113e-05
182	3.172215984654762e-05
183	3.1722147517144454e-05
184	3.172213589622364e-05
185	3.172212493836895e-05
186	3.172211460405658e-05
187	3.172210485664974e-05
188	3.172209566288273e-05
189	3.1722086994071376e-05
190	3.172207882455225e-05
191	3.1722071128793867e-05
192	3.1722063883058523e-05
193	3.1722057063840644e-05
194	3.1722050648140276e-05
195	3.172204461275253e-05
196	3.1722038937099854e-05
197	3.172203360092643e-05
198	3.17220285826048e-05
199	3.172202386474939e-05
200	3.172201942937126e-05
201	3.172201526195835e-05
202	3.172201134639883e-05
203	3.17220076678201e-05
204	3.1722004213981986e-05
205	3.172200097121985e-05
206	3.172199792794421e-05
207	3.172199507336243e-05
208	3.172199239506084e-05
209	3.172198988410113e-05
210	3.1721987530505344e-05
211	3.172198532381247e-05
212	3.172198325624859e-05
213	3.1721981318996105e-05
214	3.172197950176635e-05
215	3.172197780083304e-05
216	3.172197620659277e-05
217	3.1721974714387657e-05
218	3.1721973314182963e-05
219	3.1721972003623874e-05
220	3.172197077740139e-05
221	3.1721969627196246e-05
222	3.1721968552877085e-05
223	3.172196754588719e-05
224	3.1721966604969084e-05
225	3.172196572357658e-05
226	3.172196489900687e-05
227	3.172196412849364e-05
228	3.172196340665862e-05
229	3.172196273176926e-05
230	3.17219621000534e-05
231	3.172196150913614e-05
232	3.1721960957059453e-05
233	3.17219604391203e-05
234	3.172195995749845e-05
235	3.172195950470427e-05
236	3.17219590815175e-05
237	3.172195868650197e-05
238	3.172195831647007e-05
239	3.172195797033387e-05
240	3.1721957647315265e-05
241	3.172195734517411e-05
242	3.172195706196244e-05
243	3.172195679605087e-05
244	3.172195654940334e-05
245	3.1721956317350535e-05
246	3.172195609992964e-05
247	3.172195589667528e-05
248	3.1721955707447876e-05
249	3.172195552738827e-05
250	3.172195536119417e-05
251	3.172195520492354e-05
252	3.1721955058410276e-05
253	3.172195492193709e-05
254	3.172195479187599e-05
255	3.1721954671175165e-05
256	3.172195455763402e-05
257	3.172195445068514e-05
258	3.1721954351965554e-05
259	3.172195425719986e-05
260	3.1721954169577405e-05
261	3.172195408633527e-05
262	3.172195400772134e-05
263	3.172195393410329e-05
264	3.172195386587967e-05
265	3.172195380046738e-05
266	3.172195373864619e-05
267	3.172195368075976e-05
268	3.172195362739986e-05
269	3.17219535753601e-05
270	3.172195352733089e-05
271	3.172195347939751e-05
272	3.1721953437093914e-05
273	3.172195339501078e-05
274	3.172195335709854e-05
275	3.1721953320367414e-05
276	3.172195328595927e-05
277	3.172195325324444e-05
278	3.1721953221084094e-05
279	3.172195319115877e-05
280	3.1721953162783216e-05
281	3.1721953135439434e-05
282	3.1721953110583685e-05
283	3.1721953085689136e-05
284	3.172195306323505e-05
285	3.172195304163208e-05
286	3.172195302024828e-05
287	3.1721953000187394e-05
288	3.172195298207912e-05
289	3.172195296420929e-05
290	3.1721952945652276e-05
291	3.1721952929069803e-05
292	3.1721952913210135e-05
293	3.172195289821856e-05
294	3.172195288447283e-05
295	3.172195287040702e-05
296	3.17219528576245e-05
297	3.172195284507085e-05
298	3.1721952832088454e-05
299	3.172195282120187e-05
300	3.1721952810418865e-05
301	3.172195279921797e-05
302	3.172195278924417e-05
303	3.172195277977462e-05
304	3.172195277067586e-05
305	3.1721952761334336e-05
306	3.172195275328103e-05
307	3.17219527444262e-05
308	3.1721952736576775e-05
309	3.172195272819293e-05
310	3.172195272084725e-05
311	3.172195271443151e-05
312	3.17219527077353e-05
313	3.172195270094e-05
314	3.172195269424412e-05
315	3.1721952689715545e-05
316	3.1721952683284674e-05
317	3.1721952677222575e-05
318	3.172195267284402e-05
319	3.172195266800672e-05
320	3.172195266293785e-05
321	3.172195265823094e-05
322	3.1721952653283994e-05
323	3.1721952649635755e-05
324	3.172195264515652e-05
325	3.17219526412765e-05
326	3.172195263743834e-05
327	3.1721952633973465e-05
328	3.1721952629194783e-05
329	3.1721952626011335e-05
330	3.172195262326733e-05
331	3.1721952620309164e-05
332	3.1721952617025454e-05
333	3.172195261419928e-05
334	3.172195261114501e-05
335	3.172195260867672e-05
336	3.172195260577311e-05
337	3.172195260289822e-05
338	3.17219526010231e-05
339	3.172195259876478e-05
340	3.1721952596391894e-05
341	3.172195259484079e-05
342	3.172195259260733e-05
343	3.172195259062009e-05
344	3.172195258892092e-05
345	3.1721952587189986e-05
346	3.1721952583772947e-05
347	3.1721952583609076e-05
348	3.172195258190939e-05
349	3.172195257948382e-05
350	3.1721952578987434e-05
351	3.1721952577295076e-05
352	3.1721952576277044e-05
353	3.172195257512646e-05
354	3.1721952573439355e-05
355	3.1721952572005125e-05
356	3.172195257118344e-05
357	3.17219525697291e-05
358	3.1721952569430144e-05
359	3.172195256833312e-05
360	3.17219525680907e-05
361	3.172195256624905e-05
362	3.1721952565792104e-05
363	3.1721952564342336e-05
364	3.1721952563735996e-05
365	3.172195256302253e-05
366	3.172195256216031e-05
367	3.172195256154701e-05
368	3.17219525603086e-05
369	3.172195256092846e-05
370	3.1721952559489325e-05
371	3.172195255952933e-05
372	3.172195255931157e-05
373	3.1721952558297794e-05
374	3.172195255739347e-05
375	3.1721952556570666e-05
376	3.1721952556552974e-05
377	3.172195255614341e-05
378	3.172195255470982e-05
379	3.17219525551733e-05
380	3.172195255445018e-05
381	3.1721952554260326e-05
382	3.17219525536548e-05
383	3.1721952553489784e-05
384	3.1721952553327384e-05
385	3.172195255297061e-05
386	3.172195255222828e-05
387	3.172195255186542e-05
388	3.172195255189298e-05
389	3.172195255177421e-05
390	3.172195255084482e-05
391	3.1721952550888376e-05
392	3.172195255112187e-05
393	3.1721952550398615e-05
394	3.172195255056247e-05
395	3.1721952549496295e-05
396	3.1721952550139884e-05
397	3.1721952549843565e-05
398	3.172195254969038e-05
399	3.172195254886927e-05
400	3.172195254975611e-05
401	3.172195254968345e-05
402	3.172195254948855e-05
403	3.172195254803286e-05
404	3.1721952548652657e-05
405	3.1721952547952763e-05
406	3.172195254830328e-05
407	3.172195254764341e-05
408	3.172195254918882e-05
409	3.17219525481111e-05
410	3.1721952548082346e-05
411	3.1721952547599164e-05
412	3.1721952547364306e-05
413	3.1721952547241134e-05
414	3.1721952547840474e-05
415	3.172195254756465e-05
416	3.172195254772475e-05
417	3.172195254709138e-05
418	3.172195254718997e-05
419	3.172195254749007e-05
420	3.172195254668582e-05
421	3.172195254798664e-05
422	3.172195254731314e-05
423	3.1721952547875826e-05
424	3.172195254776701e-05
425	3.172195254772385e-05
426	3.172195254702132e-05
427	3.1721952546655834e-05
428	3.1721952546241635e-05
429	3.172195254592024e-05
430	3.172195254727148e-05
431	3.172195254546156e-05
432	3.172195254598514e-05
433	3.172195254699491e-05
434	3.1721952546901264e-05
435	3.172195254693598e-05
436	3.1721952545749394e-05
437	3.1721952545951394e-05
438	3.17219525462122e-05
439	3.172195254610145e-05
440	3.1721952546790065e-05
441	3.1721952546744054e-05
442	3.172195254602209e-05
443	3.172195254663615e-05
444	3.172195254635701e-05
445	3.172195254681523e-05
446	3.172195254641522e-05
447	3.172195254643561e-05
448	3.1721952546641245e-05
449	3.1721952545866636e-05
450	3.172195254694455e-05
451	3.172195254587685e-05
452	3.172195254590449e-05
453	3.1721952545771484e-05
454	3.172195254704938e-05
455	3.172195254694843e-05
456	3.172195254586411e-05
457	3.1721952546489836e-05
458	3.1721952545826446e-05
459	3.172195254639112e-05
460	3.172195254631893e-05
461	3.172195254604648e-05
462	3.172195254688117e-05
463	3.1721952545984835e-05
464	3.172195254518391e-05
465	3.172195254646608e-05
466	3.172195254647057e-05
467	3.172195254659596e-05
468	3.172195254664038e-05
469	3.1721952546238274e-05
470	3.172195254634714e-05
471	3.1721952546126005e-05
472	3.1721952545432176e-05
473	3.172195254650124e-05
474	3.172195254514707e-05
475	3.172195254642674e-05
476	3.172195254592844e-05
477	3.172195254680647e-05
478	3.172195254583791e-05
479	3.1721952545638724e-05
480	3.172195254563741e-05
481	3.172195254609307e-05
482	3.172195254624548e-05
483	3.172195254666592e-05
484	3.1721952545349425e-05
485	3.172195254709367e-05
486	3.172195254546607e-05
487	3.172195254641769e-05
488	3.1721952546611226e-05
489	3.1721952546142756e-05
490	3.1721952545643006e-05
491	3.1721952545806036e-05
492	3.172195254582147e-05
493	3.172195254615369e-05
494	3.172195254603294e-05
495	3.172195254631168e-05
496	3.172195254563104e-05
497	3.172195254616685e-05
498	3.172195254661234e-05
499	3.172195254589976e-05
500	3.172195254539387e-05
501	3.172195254605104e-05
502	3.172195254554088e-05
503	3.172195254656488e-05
504	3.172195254562834e-05
505	3.172195254590357e-05
506	3.172195254593233e-05
507	3.1721952547074194e-05
508	3.1721952545928246e-05
509	3.172195254577243e-05
510	3.1721952546263766e-05
511	3.172195254582824e-05
512	3.1721952545699046e-05
513	3.172195254589039e-05
514	3.1721952546118924e-05
515	3.1721952546299464e-05
516	3.172195254610572e-05
517	3.172195254581503e-05
518	3.172195254536762e-05
519	3.172195254624615e-05
520	3.17219525462701e-05
521	3.17219525466355e-05
522	3.172195254648311e-05
523	3.172195254608671e-05
524	3.172195254637022e-05
525	3.172195254550164e-05
