<Coefficient>
	 11 Total number of radial orbitals.
	Type	L	Zeta-Orbital
	  Te 	0	    1
	   0.10097367429888
	   0.21659863991894
	   0.18603769427380
	   0.06500824241473
	  -0.04537974988313
	  -0.10947456481045
	  -0.12589224801761
	  -0.11102627849033
	  -0.08117161654888
	  -0.04991884058704
	  -0.02432160231587
	  -0.00768848469580
	   0.00071167892931
	   0.00277794399517
	   0.00175742506156
	  -0.00038556094340
	  -0.00162813057974
	  -0.00187955901355
	  -0.00087674452758
	   0.00006831927431
	   0.00126929648676
	   0.00156388964395
	   0.00169523767866
	   0.00090428933881
	   0.00056006435484
	  -0.00024625147222
	  -0.00011328966235
	  -0.00052557494339
	Type	L	Zeta-Orbital
	  Te 	0	    2
	  -0.14807358126766
	  -0.00504826704673
	   0.11998867238998
	   0.04610996416072
	  -0.09995066696534
	  -0.19595200452751
	  -0.23314421367705
	  -0.18770482251037
	  -0.13276178261570
	  -0.07621426445981
	  -0.03380548321433
	  -0.00279287228488
	   0.00606161900792
	   0.00938223183869
	   0.00150342084996
	  -0.00231277399253
	  -0.00729141452212
	  -0.00213568268883
	  -0.00279441654901
	   0.00266444120486
	   0.00154419940507
	   0.00724108888632
	   0.00240768165265
	   0.00509108746234
	  -0.00161270482240
	   0.00257600111829
	  -0.00435420297566
	   0.00327312964155
	Type	L	Zeta-Orbital
	  Te 	0	    3
	   0.10905755003820
	  -0.01731132569662
	   0.30869747038612
	   1.06372199893949
	   0.76964260268392
	   0.23093232680663
	   0.18563833851956
	   0.13378797246329
	   0.00062531527392
	  -0.06396945529599
	  -0.08582757238804
	  -0.08902226380588
	  -0.07358884328517
	  -0.05193052277132
	  -0.01030003430150
	   0.02565911205766
	   0.03326120256621
	   0.00936670666802
	  -0.00557515322324
	  -0.00387852461863
	  -0.00886769308425
	  -0.01966477321360
	  -0.01791005086974
	  -0.00923092586315
	  -0.00402266265061
	  -0.00120154664218
	   0.00311048570751
	   0.00309020091496
	Type	L	Zeta-Orbital
	  Te 	1	    1
	   0.13993269592708
	   0.26283062779034
	   0.24957373203123
	   0.16376092423808
	   0.07552903374304
	   0.00799412485500
	  -0.02863783546021
	  -0.04342311174317
	  -0.04106271237459
	  -0.03201887561873
	  -0.01940785090366
	  -0.00981267718750
	  -0.00206835927139
	   0.00076374614490
	   0.00230133490975
	   0.00076632996565
	   0.00042881455240
	  -0.00126741208800
	  -0.00041537033673
	  -0.00118232045082
	   0.00052033793661
	  -0.00010201248180
	   0.00152050840822
	   0.00001018171327
	   0.00122941914677
	  -0.00106747968534
	   0.00062647587256
	  -0.00292703652672
	Type	L	Zeta-Orbital
	  Te 	1	    2
	   0.19195166905861
	  -0.04818749054657
	  -0.28802644112440
	  -0.20747996534521
	  -0.09650718424784
	   0.01469243441102
	   0.06704789333640
	   0.08287492808238
	   0.06752074845741
	   0.05191507844481
	   0.02975470231034
	   0.01576386061045
	   0.00508894205669
	   0.00176319339210
	   0.00139708636913
	   0.00352657041968
	   0.00519947719082
	   0.00223933602179
	  -0.00038968920520
	  -0.00381067096828
	  -0.00399686426986
	  -0.00652363032040
	  -0.00336328068093
	  -0.00324507073228
	   0.00281971685323
	   0.00248449755055
	   0.00862195749927
	   0.00131229627638
	Type	L	Zeta-Orbital
	  Te 	1	    3
	   0.59312624945283
	  -0.41122925985399
	  -0.44044306392515
	   1.14350755707441
	   0.78387877416761
	   0.11309071300982
	  -0.22214608100793
	  -0.09907490758408
	  -0.16905820168781
	  -0.09425419116840
	  -0.09240934442535
	   0.01192889603685
	  -0.01841549345593
	  -0.00209528079952
	  -0.03348886021921
	   0.01146816131429
	   0.00031791752575
	   0.01174815462290
	  -0.03383146434062
	   0.00805533760669
	  -0.00470642894566
	   0.02197635402456
	  -0.00813011008300
	   0.01636003108461
	  -0.01430126811156
	   0.01429714068213
	  -0.02389700376940
	   0.03186236992578
	Type	L	Zeta-Orbital
	  Te 	2	    1
	  -0.01082346751725
	  -0.04942570531273
	  -0.12137183818285
	  -0.21546121843522
	  -0.31410831611237
	  -0.40343634909715
	  -0.47403521966396
	  -0.52159834620333
	  -0.54475935963886
	  -0.54434614110342
	  -0.52214994719548
	  -0.48251080911882
	  -0.42840655413440
	  -0.36601305861599
	  -0.29950781431690
	  -0.23429838397797
	  -0.17393185876996
	  -0.12142505077879
	  -0.07886296563390
	  -0.04677995822584
	  -0.02433048011181
	  -0.01035723106278
	  -0.00275893427552
	   0.00032609226765
	   0.00097866317404
	   0.00038478599100
	  -0.00021601598271
	  -0.00064866271616
	Type	L	Zeta-Orbital
	  Te 	2	    2
	  -0.11023487093386
	  -0.30644450714213
	  -0.36039984700671
	  -0.26201593854352
	  -0.12981148840899
	  -0.01007458012046
	   0.06936373168315
	   0.11788542323494
	   0.14485441222909
	   0.16377407202598
	   0.17095986919649
	   0.17089379373006
	   0.16259865789212
	   0.15051783125515
	   0.13273347606277
	   0.11467313065836
	   0.09441523607292
	   0.07423125291470
	   0.05404281955742
	   0.03770887047753
	   0.02345028241480
	   0.01339845072307
	   0.00504688035826
	   0.00107893894056
	  -0.00181734628584
	  -0.00152965065594
	  -0.00183818853043
	   0.00175455830973
	Type	L	Zeta-Orbital
	  Te 	2	    3
	   0.58956894115694
	   0.62621525163028
	   0.17004286020320
	  -0.63636777735211
	  -0.91318893695736
	  -0.33526757170220
	   0.05539495162303
	   0.07559205894759
	   0.09056921341425
	   0.13082962175136
	   0.18065270699461
	   0.18046613921740
	   0.18626114670918
	   0.18269446100067
	   0.19187127245505
	   0.16150739862657
	   0.14941306567189
	   0.11465872079645
	   0.10079000668742
	   0.06198370855935
	   0.05300730308234
	   0.01469021233999
	   0.01884326032751
	  -0.00942183339514
	   0.00639286819973
	  -0.01688928804726
	   0.01375782101334
	  -0.06194060057279
	Type	L	Zeta-Orbital
	  Te 	3	    1
	  -0.00973587383524
	  -0.27682820046736
	  -0.42663739099623
	  -0.43936569451227
	  -0.34773954596883
	  -0.25340747801857
	  -0.15929295253423
	  -0.11736260540974
	  -0.08711028886594
	  -0.07097158945676
	  -0.04529634704249
	  -0.03470966161847
	  -0.01621729651726
	  -0.01454031603482
	  -0.00476138506281
	  -0.00858887618575
	   0.00319798242876
	  -0.00352347765346
	   0.00450639786463
	  -0.00494109441372
	   0.00491611090362
	  -0.00510686762888
	   0.00591416635290
	  -0.00597618249649
	   0.00658304313449
	  -0.00688500940358
	   0.00073961254964
	  -0.07665391796243
	Type	L	Zeta-Orbital
	  Te 	3	    2
	  -1.36281986749072
	  -0.85965121446219
	   0.00343321585150
	   0.31512138110357
	   0.46443598791642
	   0.17304241194555
	  -0.01715300545859
	  -0.01223446586306
	   0.02458810779877
	   0.04071419226238
	   0.03518156677813
	   0.02834830944007
	   0.00814095285334
	   0.01558181873417
	   0.01082827713781
	   0.02777893735522
	  -0.00095443061085
	   0.01883403153443
	  -0.00992711825192
	   0.01318770195098
	  -0.02070084930530
	   0.01044328235596
	  -0.02565306614978
	   0.01701970484686
	  -0.02263956596176
	   0.02373465246380
	  -0.00686503470379
	   0.25373614447184
</Coefficient>
<Mkb>
Left spillage = 2.4913455342e-04
</Mkb>
