<Coefficient>
	 8 Total number of radial orbitals.
	Type	L	Zeta-Orbital
	  Be 	0	    1
	   0.10070310078026
	   0.17677934437338
	   0.10872241730772
	   0.03122093177072
	  -0.02094810202227
	  -0.04390399256149
	  -0.05625724586048
	  -0.06034245957323
	  -0.06319860325465
	  -0.06298737361100
	  -0.06192407530901
	  -0.05872561775104
	  -0.05605885856492
	  -0.05258710036565
	  -0.04968369767027
	  -0.04633609065150
	  -0.04337982421846
	  -0.03946742941164
	  -0.03564226490685
	  -0.03135762815396
	  -0.02757022863388
	  -0.02340669636383
	  -0.01968139458474
	  -0.01573137203317
	  -0.01244246229327
	  -0.00914528333405
	  -0.00664118098609
	  -0.00416988172130
	  -0.00257325335241
	  -0.00099050195262
	  -0.00027896099218
	Type	L	Zeta-Orbital
	  Be 	0	    2
	  -0.01031623647442
	   0.00549285733701
	   0.07208454710497
	   0.15458049441466
	   0.23024579764231
	   0.29253848080131
	   0.34007893928130
	   0.37386758567616
	   0.39358900069280
	   0.40156018576453
	   0.39823695364699
	   0.38609124548774
	   0.36583260288799
	   0.34035279958968
	   0.30989940981282
	   0.27694605370058
	   0.24249067726541
	   0.20797181066129
	   0.17425280443621
	   0.14276783471002
	   0.11359643009940
	   0.08818122401029
	   0.06592238618044
	   0.04769204163773
	   0.03260648434933
	   0.02137545681180
	   0.01267503497853
	   0.00697676409841
	   0.00285687319873
	   0.00087844466695
	  -0.00058552779635
	Type	L	Zeta-Orbital
	  Be 	0	    3
	  -0.10690842087422
	  -0.14459960204782
	   0.10418714964777
	   0.14061624251887
	   0.07764386831139
	  -0.02042304813284
	  -0.05432609347797
	  -0.07292461901622
	  -0.06418697747129
	  -0.06154316264798
	  -0.05526830159105
	  -0.05915414075587
	  -0.05511589229904
	  -0.05846468438744
	  -0.05573108779683
	  -0.05703495082184
	  -0.05179778638022
	  -0.05305896128962
	  -0.04942690071296
	  -0.05014323544197
	  -0.04279678962916
	  -0.04131098785067
	  -0.03312176814763
	  -0.03141125036107
	  -0.02232514946052
	  -0.02089101017927
	  -0.01181262037219
	  -0.01181455367103
	  -0.00321479924483
	  -0.00549501976847
	   0.00285240904338
	Type	L	Zeta-Orbital
	  Be 	0	    4
	  -0.13538322053713
	   0.05903087053289
	   0.01614917008318
	  -0.06068269923887
	  -0.07831023067636
	  -0.01943901662137
	   0.00674792968440
	   0.02489695627485
	   0.01760112280342
	   0.01301041335708
	   0.00712209694141
	   0.01483895964590
	   0.01339154554416
	   0.01856418281694
	   0.01516142745677
	   0.01593980033778
	   0.00857761829940
	   0.01148656299917
	   0.00775452368007
	   0.01172736847256
	   0.00459396707875
	   0.00802092967823
	   0.00111968674600
	   0.00625008758168
	  -0.00100764199790
	   0.00515101522367
	  -0.00284042191896
	   0.00476035996868
	  -0.00428439628657
	   0.00524885664810
	  -0.00606143000538
	Type	L	Zeta-Orbital
	  Be 	0	    5
	  -0.46392000539607
	   0.27415098303054
	  -0.14930702085913
	  -0.96102535664567
	   0.71093015349195
	   1.36583998252620
	  -0.09102141176316
	  -0.28841645773666
	  -0.35551098488268
	  -0.11967883938020
	  -0.14930417846033
	  -0.08511672848271
	  -0.20851222307156
	  -0.13069330050500
	  -0.16081547715129
	  -0.10796615765086
	  -0.16048315519869
	  -0.09053727553644
	  -0.11019910731604
	  -0.05227168566901
	  -0.07604789149943
	  -0.01194512117702
	  -0.04056046439846
	   0.02063056908185
	  -0.00932306929820
	   0.04125237951916
	  -0.00295690922524
	   0.04880158096840
	  -0.00485987860659
	   0.04366679320109
	  -0.02432748841284
	Type	L	Zeta-Orbital
	  Be 	0	    6
	  -1.23383332937720
	   1.14581804273278
	  -0.65985971786299
	   0.13949087499721
	   0.17616737909933
	  -0.51574292759092
	  -0.52685999208216
	  -0.02308376594037
	   0.26941592498766
	   0.16536550488903
	   0.09515544170155
	   0.15360767275411
	   0.22128192783141
	   0.28548004684457
	   0.27662500055628
	   0.23757158840421
	   0.14932519645798
	   0.17520209054735
	   0.14126699868933
	   0.16728102781462
	   0.08291249383303
	   0.10705902729229
	   0.00935346398651
	   0.06606805287492
	  -0.01961559474290
	   0.05745667251786
	  -0.04487220353956
	   0.05399917272352
	  -0.05716741766716
	   0.07371008782370
	  -0.07181948632729
	Type	L	Zeta-Orbital
	  Be 	1	    1
	  -0.09287870550075
	  -0.19204599127341
	  -0.24283131199542
	  -0.22942188417425
	  -0.18995651170464
	  -0.14489029168629
	  -0.11664434490161
	  -0.09571404584424
	  -0.08166494738999
	  -0.06864858522663
	  -0.05954832431280
	  -0.05054287192985
	  -0.04490880446166
	  -0.03895150678834
	  -0.03465757973074
	  -0.02935322329981
	  -0.02601054716473
	  -0.02142332830490
	  -0.01874868067373
	  -0.01479610644733
	  -0.01281242640245
	  -0.00919544365372
	  -0.00789494971160
	  -0.00484198256951
	  -0.00433893107024
	  -0.00177131341597
	  -0.00208285991615
	   0.00012079538028
	  -0.00098391373732
	   0.00120408797177
	  -0.00137659357784
	Type	L	Zeta-Orbital
	  Be 	1	    2
	   0.34595266002426
	   0.65794182567709
	   0.13593661011239
	  -0.61434107514132
	  -0.70543736655678
	  -0.38891827100537
	  -0.26443642327749
	  -0.23131406547924
	  -0.22351789054566
	  -0.18402027490820
	  -0.14819937869482
	  -0.12383934456653
	  -0.11689887257698
	  -0.09938191310768
	  -0.08841618744023
	  -0.07759010606178
	  -0.07323585831194
	  -0.06057499711078
	  -0.05279499629877
	  -0.04498758195435
	  -0.04119056269328
	  -0.02999521860867
	  -0.02456103979210
	  -0.01565796042837
	  -0.01254361297507
	  -0.00386893133607
	  -0.00236390518431
	   0.00304839761718
	   0.00116213222770
	   0.00720234106222
	   0.00116826308019
</Coefficient>
<Mkb>
Left spillage = 7.9612721873e-04
</Mkb>
