0	0.006630139388431982
1	0.005835587699320182
2	0.005200689460710419
3	0.004637796424047534
4	0.004136418509644814
5	0.0036839924576240043
6	0.0032589928572797923
7	0.0028479155926162112
8	0.002461248893776403
9	0.0021221406873577586
10	0.001846803118612034
11	0.001634755316881695
12	0.0014729228216006686
13	0.0013451489913456373
14	0.0012385723597936238
15	0.0011450400789697645
16	0.0010600970835047921
17	0.0009817146962014243
18	0.0009091779062292527
19	0.0008421261030337187
20	0.0007801055872353715
21	0.0007225994844524996
22	0.0006692260258211223
23	0.0006198554718483834
24	0.0005745755514162622
25	0.0005335724548185823
26	0.0004970124617732113
27	0.0004649634865751631
28	0.0004373476062890567
29	0.00041391793800899066
30	0.0003942715703604114
31	0.0003778995943372692
32	0.0003642557454995852
33	0.00035281819168520446
34	0.0003431276782224331
35	0.00033480109829932237
36	0.00032752974213798926
37	0.00032107216302264426
38	0.0003152471077920262
39	0.00030992688752389956
40	0.00030502892108691474
41	0.0003005041330167806
42	0.00029632380973463755
43	0.0002924684346805854
44	0.0002889213906403991
45	0.0002856679641658803
46	0.00028269754916259533
47	0.0002800057216455869
48	0.0002775934602640951
49	0.0002754627896297689
50	0.00027361039877681835
51	0.00027202211938814414
52	0.0002706709030506435
53	0.0002695193341179247
54	0.00026852563988569167
55	0.0002676506975938152
56	0.0002668634020935151
57	0.0002661428810705686
58	0.00026547765540751555
59	0.000264863016890588
60	0.000264298137269192
61	0.000263783864724221
62	0.000263321355538933
63	0.000262911182602082
64	0.00026255257274970724
65	0.0002622427619694888
66	0.0002619767442744268
67	0.0002617476690161992
68	0.00026154783890618843
69	0.00026136992389859067
70	0.00026120789146784763
71	0.0002610573396074167
72	0.00026091526589652926
73	0.0002607795789326125
74	0.00026064869933743376
75	0.00026052142379259975
76	0.0002603969934185478
77	0.0002602751829956739
78	0.0002601562679498436
79	0.0002600408612074267
80	0.0002599297184793472
81	0.00025982361206128003
82	0.0002597232891804935
83	0.00025962944581153026
84	0.000259542635086762
85	0.000259463097906862
86	0.00025939059281442377
87	0.0002593243389396019
88	0.0002592631391278101
89	0.00025920565254476197
90	0.0002591507041990678
91	0.0002590975044677687
92	0.000259045707654617
93	0.00025899532338155454
94	0.00025894655563997595
95	0.0002588996528660067
96	0.0002588548169462708
97	0.00025881217198867794
98	0.0002587717655221102
99	0.0002587335753585138
100	0.0002586975130838445
101	0.0002586634307047315
102	0.0002586311387949657
103	0.0002586004350668413
104	0.0002585711327223217
105	0.0002585430772088818
106	0.00025851614817499195
107	0.00025849025287682907
108	0.0002584653202645705
109	0.0002584413000127312
110	0.00025841816332013243
111	0.00025839589935064937
112	0.00025837450500999174
113	0.0002583539723239114
114	0.00025833428068941646
115	0.0002583153978846622
116	0.00025829728707209146
117	0.0002582799130210776
118	0.0002582632427396899
119	0.0002582472414857327
120	0.000258231869330284
121	0.00025821708250693914
122	0.000258202839011287
123	0.0002581891040333048
124	0.0002581758512873697
125	0.00025816306033667
126	0.0002581507135464662
127	0.00025813879605058785
128	0.0002581272985801471
129	0.00025811621975194886
130	0.0002581055644906145
131	0.00025809533846774414
132	0.00025808554174566365
133	0.00025807616533653037
134	0.00025806719200947706
135	0.00025805859973810215
136	0.0002580503651485216
137	0.00025804246554156764
138	0.00025803487989648367
139	0.0002580275899154403
140	0.0002580205813646092
141	0.0002580138449073642
142	0.0002580073755259711
143	0.0002580011705502268
144	0.0002579952272824848
145	0.0002579895413399596
146	0.00025798410615058393
147	0.0002579789132728647
148	0.0002579739529998006
149	0.0002579692149629039
150	0.0002579646887288982
151	0.0002579603643524321
152	0.00025795623266426686
153	0.00025795228512575296
154	0.00025794851337604743
155	0.00025794490889804046
156	0.0002579414631652382
157	0.0002579381682436508
158	0.00025793501743106114
159	0.00025793200548041614
160	0.00025792912826609485
161	0.0002579263821368959
162	0.0002579237633376652
163	0.0002579212677367883
164	0.00025791889083011485
165	0.0002579166278656211
166	0.0002579144739601204
167	0.0002579124241922592
168	0.0002579104737043998
169	0.000257908617820706
170	0.0002579068521454974
171	0.0002579051725990717
172	0.0002579035753910651
173	0.00025790205696681393
174	0.00025790061395723535
175	0.00025789924314152803
176	0.000257897941418559
177	0.0002578967057835422
178	0.0002578955333240949
179	0.00025789442123222406
180	0.0002578933668174843
181	0.00025789236749826046
182	0.0002578914207629596
183	0.0002578905241307709
184	0.00025788967514389264
185	0.00025788887140192036
186	0.0002578881106211054
187	0.00025788739067242696
188	0.0002578867095832196
189	0.0002578860655010181
190	0.00025788545665278917
191	0.0002578848813191154
192	0.00025788433783156784
193	0.0002578838245803526
194	0.0002578833400256241
195	0.00025788288270121526
196	0.0002578824512130614
197	0.0002578820442334227
198	0.00025788166049425717
199	0.0002578812987815423
200	0.00025788095793494864
201	0.0002578806368502487
202	0.0002578803344822242
203	0.00025788004984353787
204	0.0002578797819973435
205	0.00025787953004890616
206	0.00025787929314173574
207	0.0002578790704559277
208	0.0002578788612086331
209	0.0002578786646550103
210	0.0002578784800854545
211	0.0002578783068232859
212	0.00025787814422543554
213	0.00025787799168273376
214	0.00025787784862010127
215	0.0002578777144964216
216	0.00025787758880041733
217	0.00025787747104701145
218	0.0002578773607750172
219	0.0002578772575457063
220	0.00025787716094231026
221	0.00025787707056963775
222	0.0002578769860545812
223	0.00025787690704491794
224	0.00025787683320846683
225	0.00025787676423083414
226	0.00025787669981461856
227	0.0002578766396776528
228	0.0002578765835543279
229	0.00025787653119416606
230	0.0002578764823625514
231	0.00025787643683874403
232	0.0002578763944154108
233	0.00025787635489682946
234	0.0002578763180985048
235	0.00025787628384660966
236	0.0002578762519773446
237	0.0002578762223364585
238	0.00025787619477817854
239	0.00025787616916610624
240	0.00025787614537140343
241	0.0002578761232736133
242	0.00025787610275920326
243	0.0002578760837219172
244	0.000257876066062403
245	0.00025787604968723657
246	0.00025787603450888304
247	0.0002578760204457823
248	0.0002578760074210102
249	0.0002578759953629395
250	0.0002578759842043278
251	0.00025787597388228636
252	0.00025787596433826817
253	0.0002578759555171224
254	0.0002578759473674414
255	0.0002578759398411336
256	0.0002578759328935207
257	0.0002578759264829829
258	0.00025787592057040134
259	0.00025787591511912687
260	0.00025787591009592404
261	0.00025787590546886977
262	0.0002578759012085526
263	0.0002578758972877746
264	0.0002578758936810535
265	0.0002578758903649501
266	0.0002578758873171384
267	0.0002578758845172196
268	0.0002578758819465329
269	0.0002578758795871329
270	0.0002578758774229936
271	0.00025787587543862987
272	0.0002578758736201072
273	0.0002578758719543997
274	0.0002578758704295266
275	0.0002578758690340963
276	0.00025787586775782466
277	0.00025787586659100134
278	0.00025787586552505643
279	0.000257875864551492
280	0.000257875863663067
281	0.0002578758628523956
282	0.00025787586211344126
283	0.00025787586143992603
284	0.0002578758608265724
285	0.00025787586026836535
286	0.00025787585976050874
287	0.00025787585929889985
288	0.0002578758588795273
289	0.0002578758584984263
290	0.0002578758581526722
291	0.0002578758578389997
292	0.0002578758575547521
293	0.0002578758572972893
294	0.00025787585706425536
295	0.0002578758568534433
296	0.0002578758566627103
297	0.0002578758564903697
298	0.00025787585633476186
299	0.0002578758561944315
300	0.00025787585606795553
301	0.00025787585595385973
302	0.0002578758558512925
303	0.0002578758557590078
304	0.0002578758556759359
305	0.0002578758556013629
306	0.00025787585553444935
307	0.00025787585547440564
308	0.00025787585542073454
309	0.0002578758553726019
310	0.0002578758553295036
311	0.00025787585529101116
312	0.00025787585525665566
313	0.00025787585522597984
314	0.0002578758551986774
315	0.00025787585517435756
316	0.00025787585515273055
317	0.0002578758551335181
318	0.00025787585511645347
319	0.00025787585510137943
320	0.00025787585508794627
321	0.0002578758550760937
322	0.0002578758550657026
323	0.0002578758550564362
324	0.00025787585504821297
325	0.0002578758550411697
326	0.0002578758550348
327	0.00025787585502915573
328	0.00025787585502442666
329	0.0002578758550201949
330	0.0002578758550164711
331	0.0002578758550133082
332	0.00025787585501049846
333	0.0002578758550080145
334	0.0002578758550058863
335	0.00025787585500395893
336	0.00025787585500252903
337	0.0002578758550010445
338	0.0002578758549999665
339	0.00025787585499902066
340	0.0002578758549981805
341	0.00025787585499738335
342	0.0002578758549968666
343	0.00025787585499625724
344	0.0002578758549957985
345	0.00025787585499538706
346	0.0002578758549951445
347	0.0002578758549948853
348	0.000257875854994656
349	0.00025787585499452653
350	0.00025787585499437995
351	0.0002578758549941602
352	0.0002578758549940546
353	0.0002578758549940448
354	0.00025787585499389965
355	0.0002578758549938664
356	0.00025787585499386674
357	0.00025787585499382945
358	0.0002578758549938333
359	0.00025787585499376277
360	0.00025787585499376385
361	0.00025787585499381627
362	0.0002578758549937813
363	0.00025787585499374233
364	0.00025787585499382245
365	0.0002578758549938189
366	0.00025787585499392236
367	0.00025787585499381063
368	0.0002578758549938105
369	0.0002578758549938427
370	0.0002578758549938306
371	0.00025787585499377957
372	0.00025787585499375843
373	0.0002578758549938943
374	0.0002578758549938935
375	0.0002578758549937419
376	0.00025787585499376044
377	0.00025787585499379014
378	0.00025787585499388664
379	0.000257875854993933
380	0.00025787585499377654
381	0.0002578758549938614
382	0.00025787585499384685
383	0.00025787585499376624
384	0.00025787585499380505
385	0.00025787585499381557
386	0.00025787585499384137
387	0.0002578758549939039
388	0.00025787585499383416
389	0.0002578758549939255
390	0.0002578758549938418
391	0.0002578758549938378
392	0.00025787585499375794
393	0.0002578758549938015
394	0.0002578758549937822
395	0.0002578758549938433
396	0.00025787585499387417
397	0.0002578758549938118
398	0.0002578758549938235
399	0.00025787585499385417
400	0.00025787585499385026
401	0.00025787585499385953
402	0.00025787585499382733
403	0.0002578758549938675
404	0.00025787585499387027
405	0.0002578758549937425
406	0.0002578758549937937
407	0.00025787585499379773
408	0.0002578758549938869
409	0.0002578758549937819
410	0.00025787585499384804
411	0.0002578758549937781
412	0.00025787585499380803
413	0.00025787585499377046
414	0.00025787585499372173
415	0.00025787585499378976
416	0.00025787585499377215
417	0.00025787585499385823
418	0.00025787585499384614
419	0.00025787585499381215
420	0.00025787585499371013
421	0.000257875854993769
422	0.00025787585499374764
423	0.00025787585499379237
424	0.0002578758549937898
425	0.0002578758549938374
426	0.0002578758549938294
427	0.0002578758549938305
428	0.0002578758549938102
429	0.0002578758549938222
430	0.00025787585499378743
431	0.0002578758549938663
432	0.00025787585499373723
433	0.000257875854993886
434	0.000257875854993749
435	0.00025787585499383053
436	0.000257875854993819
437	0.00025787585499383145
438	0.0002578758549937825
439	0.0002578758549939087
440	0.00025787585499371983
441	0.00025787585499370964
442	0.00025787585499373306
443	0.00025787585499387336
444	0.00025787585499384733
445	0.00025787585499368086
446	0.0002578758549937055
447	0.0002578758549937974
448	0.000257875854993826
449	0.00025787585499377816
450	0.0002578758549937848
451	0.0002578758549937188
452	0.0002578758549938293
453	0.0002578758549937778
454	0.00025787585499371647
455	0.0002578758549937139
456	0.00025787585499381096
457	0.00025787585499376526
458	0.00025787585499376347
459	0.00025787585499375046
460	0.0002578758549938599
461	0.0002578758549936909
462	0.0002578758549938172
463	0.0002578758549937068
464	0.0002578758549937626
465	0.0002578758549937
466	0.00025787585499381345
467	0.0002578758549937029
468	0.0002578758549937674
469	0.00025787585499381107
470	0.00025787585499370904
471	0.0002578758549937379
472	0.00025787585499378223
473	0.00025787585499370774
474	0.0002578758549937558
475	0.00025787585499376477
476	0.00025787585499372677
477	0.0002578758549937006
478	0.00025787585499374786
479	0.0002578758549937834
480	0.000257875854993674
481	0.0002578758549937744
482	0.0002578758549935886
483	0.000257875854993675
484	0.00025787585499369576
485	0.00025787585499372303
486	0.00025787585499373414
487	0.0002578758549937854
488	0.0002578758549937388
489	0.0002578758549936449
490	0.0002578758549937248
491	0.00025787585499371143
492	0.00025787585499380147
493	0.00025787585499377437
494	0.0002578758549937954
495	0.0002578758549937673
496	0.0002578758549938524
497	0.0002578758549938044
498	0.0002578758549936844
499	0.0002578758549937542
500	0.0002578758549937745
501	0.0002578758549937205
502	0.00025787585499374607
503	0.00025787585499378277
504	0.00025787585499370384
505	0.0002578758549937372
506	0.0002578758549938183
507	0.00025787585499380917
508	0.00025787585499384034
509	0.00025787585499377464
510	0.0002578758549937817
511	0.00025787585499375556
512	0.0002578758549938311
513	0.0002578758549938106
514	0.00025787585499378787
515	0.00025787585499377876
516	0.0002578758549937607
517	0.00025787585499380716
518	0.0002578758549938459
519	0.0002578758549939503
520	0.0002578758549937784
521	0.0002578758549937392
522	0.00025787585499379047
523	0.0002578758549937739
524	0.000257875854993802
525	0.0002578758549938239
526	0.0002578758549937613
527	0.0002578758549936993
528	0.0002578758549937635
529	0.00025787585499371674
530	0.00025787585499373095
531	0.0002578758549937813
532	0.00025787585499375165
533	0.0002578758549937911
