  0.000000   -0.69476501028811    0.00000000000000  
  0.010000   -0.69497588659073   -0.03964129838163  
  0.020000   -0.69560798575189   -0.07923603803419  
  0.030000   -0.69665972009328   -0.11873776518350  
  0.040000   -0.69812844868492   -0.15810023563415  
  0.050000   -0.70001048512644   -0.19727751873284  
  0.060000   -0.70230110840233   -0.23622410034382  
  0.070000   -0.70499457677228   -0.27489498451331  
  0.080000   -0.70808414464771   -0.31324579350438  
  0.090000   -0.71156208239433   -0.35123286589021  
  0.100000   -0.71541969899083   -0.38881335240115  
  0.110000   -0.71964736746349   -0.42594530922943  
  0.120000   -0.72423455300679   -0.46258778850505  
  0.130000   -0.72916984369104   -0.49870092566742  
  0.140000   -0.73444098364872   -0.53424602346867  
  0.150000   -0.74003490862309   -0.56918563235794  
  0.160000   -0.74593778375430   -0.60348362700902  
  0.170000   -0.75213504347104   -0.63710527876881  
  0.180000   -0.75861143334830   -0.67001732381915  
  0.190000   -0.76535105378585   -0.70218802686090  
  0.200000   -0.77233740535592   -0.73358724014559  
  0.210000   -0.77955343566325   -0.76418645769788  
  0.220000   -0.78698158755622   -0.79395886458938  
  0.230000   -0.79460384852371   -0.82287938114325  
  0.240000   -0.80240180110890   -0.85092470196736  
  0.250000   -0.81035667416863   -0.87807332973295  
  0.260000   -0.81844939480485   -0.90430560363505  
  0.270000   -0.82666064079357   -0.92960372249001  
  0.280000   -0.83497089333564   -0.95395176244520  
  0.290000   -0.84336048995420   -0.97733568929504  
  0.300000   -0.85180967736400   -0.99974336541694  
  0.310000   -0.86029866413926   -1.02116455135985  
  0.320000   -0.86880767300883   -1.04159090213662  
  0.330000   -0.87731699261005   -1.06101595829026  
  0.340000   -0.88580702853585   -1.07943513182187  
  0.350000   -0.89425835351399   -1.09684568708562  
  0.360000   -0.90265175656131   -1.11324671677337  
  0.370000   -0.91096829096136   -1.12863911312761  
  0.380000   -0.91918932091942   -1.14302553453701  
  0.390000   -0.92729656675464   -1.15641036768421  
  0.400000   -0.93527214849640   -1.16879968542900  
  0.410000   -0.94309862775852   -1.18020120062370  
  0.420000   -0.95075904777266   -1.19062421606974  
  0.430000   -0.95823697147052   -1.20007957083568  
  0.440000   -0.96551651751223   -1.20857958316758  
  0.450000   -0.97258239416730   -1.21613799023168  
  0.460000   -0.97941993096338   -1.22276988493785  
  0.470000   -0.98601510802709   -1.22849165009935  
  0.480000   -0.99235458305067   -1.23332089019069  
  0.490000   -0.99842571582756   -1.23727636097020  
  0.500000   -1.00421659030989   -1.24037789723794  
  0.510000   -1.00971603415036   -1.24264633900218  
  0.520000   -1.01491363570083   -1.24410345632945  
  0.530000   -1.01979975844968   -1.24477187315341  
  0.540000   -1.02436555288968   -1.24467499031742  
  0.550000   -1.02860296581785   -1.24383690812374  
  0.560000   -1.03250474707795   -1.24228234865956  
  0.570000   -1.03606445376610   -1.24003657816624  
  0.580000   -1.03927645192847   -1.23712532971323  
  0.590000   -1.04213591578961   -1.23357472643216  
  0.600000   -1.04463882455789   -1.22941120556000  
  0.610000   -1.04678195686340   -1.22466144353214  
  0.620000   -1.04856288289120   -1.21935228235806  
  0.630000   -1.04997995428063   -1.21351065750235  
  0.640000   -1.05103229186855   -1.20716352748419  
  0.650000   -1.05171977136111   -1.20033780539712  
  0.660000   -1.05204300702486   -1.19306029253963  
  0.670000   -1.05200333349422   -1.18535761433500  
  0.680000   -1.05160278579714   -1.17725615870604  
  0.690000   -1.05084407770626   -1.16878201705745  
  0.700000   -1.04973057852666   -1.15996092800493  
  0.710000   -1.04826628843547   -1.15081822397654  
  0.720000   -1.04645581249174   -1.14137878079737  
  0.730000   -1.04430433343756   -1.13166697035478  
  0.740000   -1.04181758341399   -1.12170661642669  
  0.750000   -1.03900181471644   -1.11152095374122  
  0.760000   -1.03586376971558   -1.10113259032124  
  0.770000   -1.03241065007042   -1.09056347315342  
  0.780000   -1.02865008535972   -1.07983485720667  
  0.790000   -1.02459010125804   -1.06896727781114  
  0.800000   -1.02023908738094   -1.05798052639514  
  0.810000   -1.01560576492287   -1.04689362956365  
  0.820000   -1.01069915420876   -1.03572483148921  
  0.830000   -1.00552854227812   -1.02449157957327  
  0.840000   -1.00010345061725   -1.01321051332381  
  0.850000   -0.99443360315181   -1.00189745638341  
  0.860000   -0.98852889460812   -0.99056741163092  
  0.870000   -0.98239935934749   -0.97923455926922  
  0.880000   -0.97605514077299   -0.96791225780186  
  0.890000   -0.96950646140358   -0.95661304779215  
  0.900000   -0.96276359370490   -0.94534865828975  
  0.910000   -0.95583683176085   -0.93413001580213  
  0.920000   -0.94873646386419   -0.92296725568128  
  0.930000   -0.94147274609856   -0.91186973578981  
  0.940000   -0.93405587697817   -0.90084605230513  
  0.950000   -0.92649597320519   -0.88990405751590  
  0.960000   -0.91880304659842   -0.87905087946077  
  0.970000   -0.91098698224059   -0.86829294325684  
  0.980000   -0.90305751788486   -0.85763599396246  
  0.990000   -0.89502422465489   -0.84708512081812  
  1.000000   -0.88689648906603   -0.83664478270787  
  1.010000   -0.87868349638918   -0.82631883468419  
  1.020000   -0.87039421537191   -0.81611055539993  
  1.030000   -0.86203738432587   -0.80602267529220  
  1.040000   -0.85362149858267   -0.79605740536571  
  1.050000   -0.84515479931508   -0.78621646642550  
  1.060000   -0.83664526371416   -0.77650111861278  
  1.070000   -0.82810059650758   -0.76691219110160  
  1.080000   -0.81952822279897   -0.75745011181863  
  1.090000   -0.81093528220310   -0.74811493705369  
  1.100000   -0.80232862424681   -0.73890638083409  
  1.110000   -0.79371480500107   -0.72982384394222  
  1.120000   -0.78510008490537   -0.72086644246203  
  1.130000   -0.77649042774169   -0.71203303574710  
  1.140000   -0.76789150071171   -0.70332225371005  
  1.150000   -0.75930867556770   -0.69473252334059  
  1.160000   -0.75074703074454   -0.68626209436680  
  1.170000   -0.74221135443784   -0.67790906398257  
  1.180000   -0.73370614857100   -0.66967140057152  
  1.190000   -0.72523563359188   -0.66154696636609  
  1.200000   -0.71680375403877   -0.65353353898830  
  1.210000   -0.70841418481365   -0.64562883182694  
  1.220000   -0.70007033810041   -0.63783051321355  
  1.230000   -0.69177537086494   -0.63013622436788  
  1.240000   -0.68353219287399   -0.62254359609089  
  1.250000   -0.67534347516995   -0.61505026419110  
  1.260000   -0.66721165893920   -0.60765388363734  
  1.270000   -0.65913896471240   -0.60035214143831  
  1.280000   -0.65112740183640   -0.59314276825579  
  1.290000   -0.64317877815863   -0.58602354876526  
  1.300000   -0.63529470986667   -0.57899233078369  
  1.310000   -0.62747663142748   -0.57204703319009  
  1.320000   -0.61972580557277   -0.56518565267010  
  1.330000   -0.61204333327964   -0.55840626932060  
  1.340000   -0.60443016369772   -0.55170705115539  
  1.350000   -0.59688710397701   -0.54508625755694  
  1.360000   -0.58941482895318   -0.53854224172313  
  1.370000   -0.58201389065025   -0.53207345216128  
  1.380000   -0.57468472756346   -0.52567843328462  
  1.390000   -0.56742767368826   -0.51935582516889  
  1.400000   -0.56024296726451   -0.51310436252876  
  1.410000   -0.55313075920839   -0.50692287297534  
  1.420000   -0.54609112120738   -0.50081027461714  
  1.430000   -0.53912405345731   -0.49476557306773  
  1.440000   -0.53222949202340   -0.48878785792339  
  1.450000   -0.52540731581058   -0.48287629877425  
  1.460000   -0.51865735313135   -0.47703014081161  
  1.470000   -0.51197938786264   -0.47124870009357  
  1.480000   -0.50537316518604   -0.46553135852960  
  1.490000   -0.49883839690859   -0.45987755864344  
  1.500000   -0.49237476636413   -0.45428679817161  
  1.510000   -0.48598193289789   -0.44875862455280  
  1.520000   -0.47965953593929   -0.44329262936100  
  1.530000   -0.47340719867051   -0.43788844273262  
  1.540000   -0.46722453130035   -0.43254572783492  
  1.550000   -0.46111113395507   -0.42726417542013  
  1.560000   -0.45506659919963   -0.42204349850648  
  1.570000   -0.44909051420442   -0.41688342722383  
  1.580000   -0.44318246257418   -0.41178370385857  
  1.590000   -0.43734202585690   -0.40674407812862  
  1.600000   -0.43156878475180   -0.40176430271588  
  1.610000   -0.42586232003621   -0.39684412908014  
  1.620000   -0.42022221323219   -0.39198330357461  
  1.630000   -0.41464804703394   -0.38718156387994  
  1.640000   -0.40913940551784   -0.38243863576982  
  1.650000   -0.40369587415671   -0.37775423021823  
  1.660000   -0.39831703966038   -0.37312804085473  
  1.670000   -0.39300248966428   -0.36855974177110  
  1.680000   -0.38775181228740   -0.36404898567966  
  1.690000   -0.38256459558099   -0.35959540242049  
  1.700000   -0.37744042688822   -0.35519859781208  
  1.710000   -0.37237889213488   -0.35085815283738  
  1.720000   -0.36737957507011   -0.34657362315472  
  1.730000   -0.36244205647527   -0.34234453892091  
  1.740000   -0.35756591335829   -0.33817040491175  
  1.750000   -0.35275071814932   -0.33405070092358  
  1.760000   -0.34799603791299   -0.32998488243757  
  1.770000   -0.34330143359074   -0.32597238152737  
  1.780000   -0.33866645928580   -0.32201260798960  
  1.790000   -0.33409066160205   -0.31810495067539  
  1.800000   -0.32957357904667   -0.31424877900102  
  1.810000   -0.32511474150499   -0.31044344461462  
  1.820000   -0.32071366979486   -0.30668828319615  
  1.830000   -0.31636987530642   -0.30298261636734  
  1.840000   -0.31208285973176   -0.29932575368876  
  1.850000   -0.30785211488788   -0.29571699472123  
  1.860000   -0.30367712263483   -0.29215563112932  
  1.870000   -0.29955735488999   -0.28864094880555  
  1.880000   -0.29549227373809   -0.28517222999424  
  1.890000   -0.29148133163560   -0.28174875539541  
  1.900000   -0.28752397170702   -0.27836980622988  
  1.910000   -0.28361962812968   -0.27503466624794  
  1.920000   -0.27976772660279   -0.27174262366538  
  1.930000   -0.27596768489563   -0.26849297301192  
  1.940000   -0.27221891346913   -0.26528501687850  
  1.950000   -0.26852081616447   -0.26211806755155  
  1.960000   -0.26487279095158   -0.25899144852372  
  1.970000   -0.26127423073041   -0.25590449587221  
  1.980000   -0.25772452417695   -0.25285655949740  
  1.990000   -0.25422305662619   -0.24984700421611  
  2.000000   -0.25076921098367   -0.24687521070532  
  2.010000   -0.24736236865745   -0.24394057629371  
  2.020000   -0.24400191050215   -0.24104251560004  
  2.030000   -0.24068721776675   -0.23818046101858  
  2.040000   -0.23741767303830   -0.23535386305349  
  2.050000   -0.23419266117345   -0.23256219050517  
  2.060000   -0.23101157021043   -0.22980493051281  
  2.070000   -0.22787379225418   -0.22708158845887  
  2.080000   -0.22477872432784   -0.22439168774180  
  2.090000   -0.22172576918445   -0.22173476942462  
  2.100000   -0.21871433607284   -0.21911039176777  
  2.110000   -0.21574384145258   -0.21651812965532  
  2.120000   -0.21281370965341   -0.21395757392433  
  2.130000   -0.20992337347492   -0.21142833060767  
  2.140000   -0.20707227472329   -0.20893002010106  
  2.150000   -0.20425986468214   -0.20646227626529  
  2.160000   -0.20148560451561   -0.20402474547489  
  2.170000   -0.19874896560202   -0.20161708562461  
  2.180000   -0.19604942979748   -0.19923896510485  
  2.190000   -0.19338648962936   -0.19689006175734  
  2.200000   -0.19075964841990   -0.19457006182194  
  2.210000   -0.18816842034135   -0.19227865888509  
  2.220000   -0.18561233040413   -0.19001555284027  
  2.230000   -0.18309091438039   -0.18778044887007  
  2.240000   -0.18060371866558   -0.18557305645907  
  2.250000   -0.17815030008148   -0.18339308844603  
  2.260000   -0.17573022562416   -0.18124026012328  
  2.270000   -0.17334307216113   -0.17911428839035  
  2.280000   -0.17098842608189   -0.17701489096822  
  2.290000   -0.16866588290679   -0.17494178567973  
  2.300000   -0.16637504685902   -0.17289468980077  
  2.310000   -0.16411553040499   -0.17087331948604  
  2.320000   -0.16188695376819   -0.16887738927256  
  2.330000   -0.15968894442219   -0.16690661166270  
  2.340000   -0.15752113656792   -0.16496069678833  
  2.350000   -0.15538317060086   -0.16303935215618  
  2.360000   -0.15327469257330   -0.16114228247425  
  2.370000   -0.15119535365705   -0.15926918955793  
  2.380000   -0.14914480961152   -0.15741977231391  
  2.390000   -0.14712272026225   -0.15559372679927  
  2.400000   -0.14512874899434   -0.15379074635237  
  2.410000   -0.14316256226529   -0.15201052179160  
  2.420000   -0.14122382914124   -0.15025274167758  
  2.430000   -0.13931222086037   -0.14851709263373  
  2.440000   -0.13742741042685   -0.14680325971981  
  2.450000   -0.13556907223823   -0.14511092685275  
  2.460000   -0.13373688174900   -0.14343977726846  
  2.470000   -0.13193051517238   -0.14178949401855  
  2.480000   -0.13014964922209   -0.14015976049527  
  2.490000   -0.12839396089542   -0.13855026097817  
  2.500000   -0.12666312729857   -0.13696068119583  
  2.510000   -0.12495682551454   -0.13539070889609  
  2.520000   -0.12327473251375   -0.13384003441826  
  2.530000   -0.12161652510687   -0.13230835126095  
  2.540000   -0.11998187993924   -0.13079535663945  
  2.550000   -0.11837047352551   -0.12930075202673  
  2.560000   -0.11678198232317   -0.12782424367255  
  2.570000   -0.11521608284288   -0.12636554309557  
  2.580000   -0.11367245179366   -0.12492436754343  
  2.590000   -0.11215076626028   -0.12350044041686  
  2.600000   -0.11065070391017   -0.12209349165355  
  2.610000   -0.10917194322695   -0.12070325806865  
  2.620000   -0.10771416376742   -0.11932948364904  
  2.630000   -0.10627704643865   -0.11797191979890  
  2.640000   -0.10486027379186   -0.11663032553494  
  2.650000   -0.10346353032943   -0.11530446763005  
  2.660000   -0.10208650282168   -0.11399412070460  
  2.670000   -0.10072888062962   -0.11269906726529  
  2.680000   -0.09939035603035   -0.11141909769194  
  2.690000   -0.09807062454136   -0.11015401017317  
  2.700000   -0.09676938524048   -0.10890361059219  
  2.710000   -0.09548634107813   -0.10766771236471  
  2.720000   -0.09422119917864   -0.10644613623116  
  2.730000   -0.09297367112771   -0.10523871000605  
  2.740000   -0.09174347324318   -0.10404526828732  
  2.750000   -0.09053032682653   -0.10286565212925  
  2.760000   -0.08933395839277   -0.10169970868261  
  2.770000   -0.08815409987660   -0.10054729080589  
  2.780000   -0.08699048881308   -0.09940825665180  
  2.790000   -0.08584286849116   -0.09828246923343  
  2.800000   -0.08471098807898   -0.09716979597432  
  2.810000   -0.08359460271986   -0.09607010824711  
  2.820000   -0.08249347359832   -0.09498328090516  
  2.830000   -0.08140736797597   -0.09390919181163  
  2.840000   -0.08033605919692   -0.09284772137058  
  2.850000   -0.07927932666324   -0.09179875206426  
  2.860000   -0.07823695578082   -0.09076216800087  
  2.870000   -0.07720873787646   -0.08973785447671  
  2.880000   -0.07619447008733   -0.08872569755657  
  2.890000   -0.07519395522405   -0.08772558367584  
  2.900000   -0.07420700160886   -0.08673739926758  
  2.910000   -0.07323342289082   -0.08576103041753  
  2.920000   -0.07227303783982   -0.08479636254959  
  2.930000   -0.07132567012149   -0.08384328014413  
  2.940000   -0.07039114805549   -0.08290166649093  
  2.950000   -0.06946930435923   -0.08197140347832  
  2.960000   -0.06855997587975   -0.08105237141968  
  2.970000   -0.06766300331619   -0.08014444891794  
  2.980000   -0.06677823093542   -0.07924751276860  
  2.990000   -0.06590550628355   -0.07836143790113  
  3.000000   -0.06504467989569   -0.07748609735840  
  3.010000   -0.06419560500685   -0.07662136231334  
  3.020000   -0.06335813726616   -0.07576710212181  
  3.030000   -0.06253213445714   -0.07492318441012  
  3.040000   -0.06171745622609   -0.07408947519551  
  3.050000   -0.06091396382109   -0.07326583903752  
  3.060000   -0.06012151984341   -0.07245213921795  
  3.070000   -0.05933998801352   -0.07164823794684  
  3.080000   -0.05856923295318   -0.07085399659169  
  3.090000   -0.05780911998543   -0.07006927592704  
  3.100000   -0.05705951495364   -0.06929393640125  
  3.110000   -0.05632028406089   -0.06852783841736  
  3.120000   -0.05559129373059   -0.06777084262464  
  3.130000   -0.05487241048906   -0.06702281021761  
  3.140000   -0.05416350087051   -0.06628360323919  
  3.150000   -0.05346443134485   -0.06555308488447  
  3.160000   -0.05277506826814   -0.06483111980214  
  3.170000   -0.05209527785576   -0.06411757439011  
  3.180000   -0.05142492617768   -0.06341231708239  
  3.190000   -0.05076387917542   -0.06271521862424  
  3.200000   -0.05011200269976   -0.06202615233292  
  3.210000   -0.04946916256829   -0.06134499434122  
  3.220000   -0.04883522464167   -0.06067162382173  
  3.230000   -0.04821005491714   -0.06000592318947  
  3.240000   -0.04759351963800   -0.05934777828103  
  3.250000   -0.04698548541729   -0.05869707850876  
  3.260000   -0.04638581937402   -0.05805371698846  
  3.270000   -0.04579438928026   -0.05741759063963  
  3.280000   -0.04521106371697   -0.05678860025749  
  3.290000   -0.04463571223685   -0.05616665055630  
  3.300000   -0.04406820553210   -0.05555165018372  
  3.310000   -0.04350841560521   -0.05494351170647  
  3.320000   -0.04295621594067   -0.05434215156753  
  3.330000   -0.04241148167573   -0.05374749001563  
  3.340000   -0.04187408976826   -0.05315945100799  
  3.350000   -0.04134391915981   -0.05257796208736  
  3.360000   -0.04082085093213   -0.05200295423501  
  3.370000   -0.04030476845539   -0.05143436170109  
  3.380000   -0.03979555752659   -0.05087212181435  
  3.390000   -0.03929310649664   -0.05031617477321  
  3.400000   -0.03879730638473   -0.04976646342033  
  3.410000   -0.03830805097890   -0.04922293300305  
  3.420000   -0.03782523692174   -0.04868553092208  
  3.430000   -0.03734876378025   -0.04815420647099  
  3.440000   -0.03687853409929   -0.04762891056904  
  3.450000   -0.03641445343803   -0.04710959548994  
  3.460000   -0.03595643038902   -0.04659621458922  
  3.470000   -0.03550437657974   -0.04608872203269  
  3.480000   -0.03505820665659   -0.04558707252861  
  3.490000   -0.03461783825152   -0.04509122106603  
  3.500000   -0.03418319193165   -0.04460112266168  
  3.510000   -0.03375419113234   -0.04411673211767  
  3.520000   -0.03333076207442   -0.04363800379214  
  3.530000   -0.03291283366635   -0.04316489138490  
  3.540000   -0.03250033739233   -0.04269734773974  
  3.550000   -0.03209320718738   -0.04223532466522  
  3.560000   -0.03169137930054   -0.04177877277520  
  3.570000   -0.03129479214770   -0.04132764135046  
  3.580000   -0.03090338615517   -0.04088187822230  
  3.590000   -0.03051710359566   -0.04044142967903  
  3.600000   -0.03013588841810   -0.04000624039571  
  3.610000   -0.02975968607295   -0.03957625338766  
  3.620000   -0.02938844333448   -0.03915140998764  
  3.630000   -0.02902210812174   -0.03873164984667  
  3.640000   -0.02866062931978   -0.03831691095808  
  3.650000   -0.02830395660269   -0.03790712970410  
  3.660000   -0.02795204026010   -0.03750224092435  
  3.670000   -0.02760483102854   -0.03710217800515  
  3.680000   -0.02726227992917   -0.03670687298830  
  3.690000   -0.02692433811328   -0.03631625669831  
  3.700000   -0.02659095671674   -0.03593025888616  
  3.710000   -0.02626208672469   -0.03554880838823  
  3.720000   -0.02593767884750   -0.03517183329841  
  3.730000   -0.02561768340893   -0.03479926115162  
  3.740000   -0.02530205024740   -0.03443101911668  
  3.750000   -0.02499072863093   -0.03406703419649  
  3.760000   -0.02468366718649   -0.03370723343348  
  3.770000   -0.02438081384399   -0.03335154411816  
  3.780000   -0.02408211579533   -0.03299989399872  
  3.790000   -0.02378751946855   -0.03265221148945  
  3.800000   -0.02349697051706   -0.03230842587609  
  3.810000   -0.02321041382387   -0.03196846751601  
  3.820000   -0.02292779352040   -0.03163226803122  
  3.830000   -0.02264905301953   -0.03129976049260  
  3.840000   -0.02237413506223   -0.03097087959336  
  3.850000   -0.02210298177720   -0.03064556181034  
  3.860000   -0.02183553475254   -0.03032374555153  
  3.870000   -0.02157173511873   -0.03000537128872  
  3.880000   -0.02131152364170   -0.02969038167382  
  3.890000   -0.02105484082515   -0.02937872163818  
  3.900000   -0.02080162702063   -0.02907033847395  
  3.910000   -0.02055182254445   -0.02876518189693  
  3.920000   -0.02030536779997   -0.02846320409039  
  3.930000   -0.02006220340390   -0.02816435972982  
  3.940000   -0.01982227031548   -0.02786860598836  
  3.950000   -0.01958550996698   -0.02757590252317  
  3.960000   -0.01935186439420   -0.02728621144306  
  3.970000   -0.01912127636576   -0.02699949725783  
  3.980000   -0.01889368950975   -0.02671572681007  
  3.990000   -0.01866904843645   -0.02643486919017  
  4.000000   -0.01844729885603   -0.02615689563566  
  4.010000   -0.01822838768993   -0.02588177941589  
  4.020000   -0.01801226317499   -0.02560949570333  
  4.030000   -0.01779887495915   -0.02534002143296  
  4.040000   -0.01758817418801   -0.02507333515111  
  4.050000   -0.01738011358124   -0.02480941685537  
  4.060000   -0.01717464749839   -0.02454824782718  
  4.070000   -0.01697173199318   -0.02428981045880  
  4.080000   -0.01677132485617   -0.02403408807633  
  4.090000   -0.01657338564511   -0.02378106476054  
  4.100000   -0.01637787570302   -0.02353072516725  
  4.110000   -0.01618475816367   -0.02328305434893  
  4.120000   -0.01599399794466   -0.02303803757927  
  4.130000   -0.01580556172806   -0.02279566018227  
  4.140000   -0.01561941792903   -0.02255590736751  
  4.150000   -0.01543553665262   -0.02231876407297  
  4.160000   -0.01525388963939   -0.02208421481695  
  4.170000   -0.01507445020031   -0.02185224356024  
  4.180000   -0.01489719314169   -0.02162283357983  
  4.190000   -0.01472209468086   -0.02139596735507  
  4.200000   -0.01454913235347   -0.02117162646743  
  4.210000   -0.01437828491342   -0.02094979151435  
  4.220000   -0.01420953222618   -0.02073044203802  
  4.230000   -0.01404285515685   -0.02051355646951  
  4.240000   -0.01387823545375   -0.02029911208847  
  4.250000   -0.01371565562888   -0.02008708499873  
  4.260000   -0.01355509883623   -0.01987745011964  
  4.270000   -0.01339654874917   -0.01967018119317  
  4.280000   -0.01323998943803   -0.01946525080630  
  4.290000   -0.01308540524901   -0.01926263042837  
  4.300000   -0.01293278068554   -0.01906229046274  
  4.310000   -0.01278210029309   -0.01886420031214  
  4.320000   -0.01263334854863   -0.01866832845667  
  4.330000   -0.01248650975544   -0.01847464254374  
  4.340000   -0.01234156794447   -0.01828310948861  
  4.350000   -0.01219850678294   -0.01809369558469  
  4.360000   -0.01205730949091   -0.01790636662200  
  4.370000   -0.01191795876664   -0.01772108801281  
  4.380000   -0.01178043672119   -0.01753782492291  
  4.390000   -0.01164472482284   -0.01735654240710  
  4.400000   -0.01151080385168   -0.01717720554764  
  4.410000   -0.01137865386473   -0.01699977959401  
  4.420000   -0.01124825417166   -0.01682423010266  
  4.430000   -0.01111958332134   -0.01665052307539  
  4.440000   -0.01099261909905   -0.01647862509471  
  4.450000   -0.01086733853441   -0.01630850345518  
  4.460000   -0.01074371791958   -0.01614012628918  
  4.470000   -0.01062173283766   -0.01597346268592  
  4.480000   -0.01050135820062   -0.01580848280267  
  4.490000   -0.01038256829650   -0.01564515796704  
  4.500000   -0.01026533684511   -0.01548346076930  
  4.510000   -0.01014963706159   -0.01532336514406  
  4.520000   -0.01003544172727   -0.01516484644046  
  4.530000   -0.00992272326676   -0.01500788148016  
  4.540000   -0.00981145383063   -0.01485244860286  
  4.550000   -0.00970160538273   -0.01469852769882  
  4.560000   -0.00959314979113   -0.01454610022811  
  4.570000   -0.00948605892190   -0.01439514922667  
  4.580000   -0.00938030473456   -0.01424565929903  
  4.590000   -0.00927585937836   -0.01409761659790  
  4.600000   -0.00917269528835   -0.01395100879096  
  4.610000   -0.00907078528025   -0.01380582501518  
  4.620000   -0.00897010264326   -0.01366205581924  
  4.630000   -0.00887062122981   -0.01351969309467  
  4.640000   -0.00877231554133   -0.01337872999642  
  4.650000   -0.00867516080937   -0.01323916085376  
  4.660000   -0.00857913307116   -0.01310098107235  
  4.670000   -0.00848420923887   -0.01296418702849  
  4.680000   -0.00839036716203   -0.01282877595665  
  4.690000   -0.00829758568244   -0.01269474583140  
  4.700000   -0.00820584468115   -0.01256209524482  
  4.710000   -0.00811512511700   -0.01243082328064  
  4.720000   -0.00802540905645   -0.01230092938634  
  4.730000   -0.00793667969447   -0.01217241324437  
  4.740000   -0.00784892136628   -0.01204527464377  
  4.750000   -0.00776211954995   -0.01191951335333  
  4.760000   -0.00767626085979   -0.01179512899746  
  4.770000   -0.00759133303075   -0.01167212093602  
  4.780000   -0.00750732489398   -0.01155048814900  
  4.790000   -0.00742422634384   -0.01143022912727  
  4.800000   -0.00734202829673   -0.01131134177023  
  4.810000   -0.00726072264222   -0.01119382329124  
  4.820000   -0.00718030218693   -0.01107767013178  
  4.830000   -0.00710076059183   -0.01096287788483  
  4.840000   -0.00702209230350   -0.01084944122820  
  4.850000   -0.00694429248021   -0.01073735386837  
  4.860000   -0.00686735691333   -0.01062660849503  
  4.870000   -0.00679128194509   -0.01051719674688  
  4.880000   -0.00671606438331   -0.01040910918864  
  4.890000   -0.00664170141408   -0.01030233529951  
  4.900000   -0.00656819051315   -0.01019686347283  
  4.910000   -0.00649552935687   -0.01009268102712  
  4.920000   -0.00642371573365   -0.00998977422782  
  4.930000   -0.00635274745659   -0.00988812831977  
  4.940000   -0.00628262227831   -0.00978772756969  
  4.950000   -0.00621333780860   -0.00968855531821  
  4.960000   -0.00614489143571   -0.00959059404090  
  4.970000   -0.00607728025209   -0.00949382541739  
  4.980000   -0.00601050098507   -0.00939823040796  
  4.990000   -0.00594454993321   -0.00930378933664  
  5.000000   -0.00587942290888   -0.00921048198003  
  5.010000   -0.00581511518751   -0.00911828766075  
  5.020000   -0.00575162146397   -0.00902718534463  
  5.030000   -0.00568893581634   -0.00893715374065  
  5.040000   -0.00562705167752   -0.00884817140248  
  5.050000   -0.00556596181468   -0.00876021683075  
  5.060000   -0.00550565831677   -0.00867326857494  
  5.070000   -0.00544613259012   -0.00858730533387  
  5.080000   -0.00538737536211   -0.00850230605385  
  5.090000   -0.00532937669265   -0.00841825002357  
  5.100000   -0.00527212599347   -0.00833511696474  
  5.110000   -0.00521561205485   -0.00825288711770  
  5.120000   -0.00515982307939   -0.00817154132122  
  5.130000   -0.00510474672254   -0.00809106108568  
  5.140000   -0.00505037013933   -0.00801142865910  
  5.150000   -0.00499668003680   -0.00793262708536  
  5.160000   -0.00494366273156   -0.00785464025416  
  5.170000   -0.00489130421182   -0.00777745294231  
  5.180000   -0.00483959020329   -0.00770105084610  
  5.190000   -0.00478850623816   -0.00762542060442  
  5.200000   -0.00473803772657   -0.00755054981265  
  5.210000   -0.00468817002967   -0.00747642702716  
  5.220000   -0.00463888853366   -0.00740304176059  
  5.230000   -0.00459017872399   -0.00733038446809  
  5.240000   -0.00454202625896   -0.00725844652459  
  5.250000   -0.00449441704206   -0.00718722019373  
  5.260000   -0.00444733729216   -0.00711669858856  
  5.270000   -0.00440077361112   -0.00704687562475  
  5.280000   -0.00435471304790   -0.00697774596678  
  5.290000   -0.00430914315867   -0.00690930496766  
  5.300000   -0.00426405206237   -0.00684154860308  
  5.310000   -0.00421942849111   -0.00677447340054  
  5.320000   -0.00417526183498   -0.00670807636433  
  5.330000   -0.00413154218081   -0.00664235489717  
  5.340000   -0.00408826034465   -0.00657730671934  
  5.350000   -0.00404540789747   -0.00651292978625  
  5.360000   -0.00400297718406   -0.00644922220514  
  5.370000   -0.00396096133487   -0.00638618215197  
  5.380000   -0.00391935427071   -0.00632380778926  
  5.390000   -0.00387815070040   -0.00626209718576  
  5.400000   -0.00383734611123   -0.00620104823876  
  5.410000   -0.00379693675261   -0.00614065859983  
  5.420000   -0.00375691961285   -0.00608092560474  
  5.430000   -0.00371729238961   -0.00602184620823  
  5.440000   -0.00367805345402   -0.00596341692433  
  5.450000   -0.00363920180919   -0.00590563377273  
  5.460000   -0.00360073704327   -0.00584849223183  
  5.470000   -0.00356265927772   -0.00579198719878  
  5.480000   -0.00352496911123   -0.00573611295694  
  5.490000   -0.00348766755993   -0.00568086315115  
  5.500000   -0.00345075599445   -0.00562623077080  
  5.510000   -0.00341423607444   -0.00557220814105  
  5.520000   -0.00337810968129   -0.00551878692214  
  5.530000   -0.00334237884964   -0.00546595811672  
  5.540000   -0.00330704569836   -0.00541371208517  
  5.550000   -0.00327211236176   -0.00536203856872  
  5.560000   -0.00323758092156   -0.00531092671998  
  5.570000   -0.00320345334045   -0.00526036514065  
  5.580000   -0.00316973139768   -0.00521034192592  
  5.590000   -0.00313641662754   -0.00516084471519  
  5.600000   -0.00310351026103   -0.00511186074839  
  5.610000   -0.00307101317160   -0.00506337692745  
  5.620000   -0.00303892582512   -0.00501537988224  
  5.630000   -0.00300724823482   -0.00496785604026  
  5.640000   -0.00297597992148   -0.00492079169940  
  5.650000   -0.00294511987926   -0.00487417310300  
  5.660000   -0.00291466654740   -0.00482798651645  
  5.670000   -0.00288461778824   -0.00478221830457  
  5.680000   -0.00285497087142   -0.00473685500894  
  5.690000   -0.00282572246470   -0.00469188342451  
  5.700000   -0.00279686863121   -0.00464729067455  
  5.710000   -0.00276840483322   -0.00460306428340  
  5.720000   -0.00274032594241   -0.00455919224613  
  5.730000   -0.00271262625634   -0.00451566309450  
  5.740000   -0.00268529952107   -0.00447246595857  
  5.750000   -0.00265833895960   -0.00442959062340  
  5.760000   -0.00263173730583   -0.00438702758013  
  5.770000   -0.00260548684366   -0.00434476807119  
  5.780000   -0.00257957945086   -0.00430280412898  
  5.790000   -0.00255400664715   -0.00426112860781  
  5.800000   -0.00252875964609   -0.00421973520873  
  5.810000   -0.00250382941027   -0.00417861849702  
  5.820000   -0.00247920670902   -0.00413777391223  
  5.830000   -0.00245488217839   -0.00409719777067  
  5.840000   -0.00243084638247   -0.00405688726029  
  5.850000   -0.00240708987565   -0.00401684042813  
  5.860000   -0.00238360326508   -0.00397705616035  
  5.870000   -0.00236037727285   -0.00393753415517  
  5.880000   -0.00233740279700   -0.00389827488889  
  5.890000   -0.00231467097113   -0.00385927957544  
  5.900000   -0.00229217322170   -0.00382055011977  
  5.910000   -0.00226990132265   -0.00378208906562  
  5.920000   -0.00224784744676   -0.00374389953814  
  5.930000   -0.00222600421318   -0.00370598518190  
  5.940000   -0.00220436473084   -0.00366835009503  
  5.950000   -0.00218292263716   -0.00363099875988  
  5.960000   -0.00216167213178   -0.00359393597113  
  5.970000   -0.00214060800497   -0.00355716676190  
  5.980000   -0.00211972566052   -0.00352069632856  
  5.990000   -0.00209902113273   -0.00348452995498  
  6.000000   -0.00207849109762   -0.00344867293702  
  6.010000   -0.00205813287801   -0.00341313050776  
  6.020000   -0.00203794444260   -0.00337790776442  
  6.030000   -0.00201792439901   -0.00334300959740  
  6.040000   -0.00199807198095   -0.00330844062234  
  6.050000   -0.00197838702946   -0.00327420511560  
  6.060000   -0.00195886996874   -0.00324030695388  
  6.070000   -0.00193952177654   -0.00320674955845  
  6.080000   -0.00192034394953   -0.00317353584459  
  6.090000   -0.00190133846404   -0.00314066817648  
  6.100000   -0.00188250773250   -0.00310814832816  
  6.110000   -0.00186385455605   -0.00307597745068  
  6.120000   -0.00184538207379   -0.00304415604586  
  6.130000   -0.00182709370913   -0.00301268394676  
  6.140000   -0.00180899311394   -0.00298156030502  
  6.150000   -0.00179108411072   -0.00295078358514  
  6.160000   -0.00177337063376   -0.00292035156571  
  6.170000   -0.00175585666952   -0.00289026134745  
  6.180000   -0.00173854619702   -0.00286050936808  
  6.190000   -0.00172144312873   -0.00283109142365  
  6.200000   -0.00170455125255   -0.00280200269614  
  6.210000   -0.00168787417542   -0.00277323778705  
  6.220000   -0.00167141526915   -0.00274479075658  
  6.230000   -0.00165517761889   -0.00271665516795  
  6.240000   -0.00163916397486   -0.00268882413643  
  6.250000   -0.00162337670762   -0.00266129038249  
  6.260000   -0.00160781776748   -0.00263404628869  
  6.270000   -0.00159248864830   -0.00260708395951  
  6.280000   -0.00157739035604   -0.00258039528370  
  6.290000   -0.00156252338237   -0.00255397199841  
  6.300000   -0.00154788768353   -0.00252780575455  
  6.310000   -0.00153348266468   -0.00250188818261  
  6.320000   -0.00151930716979   -0.00247621095848  
  6.330000   -0.00150535947722   -0.00245076586845  
  6.340000   -0.00149163730090   -0.00242554487288  
  6.350000   -0.00147813779725   -0.00240054016788  
  6.360000   -0.00146485757751   -0.00237574424442  
  6.370000   -0.00145179272556   -0.00235114994432  
  6.380000   -0.00143893882087   -0.00232675051262  
  6.390000   -0.00142629096641   -0.00230253964582  
  6.400000   -0.00141384382124   -0.00227851153550  
  6.410000   -0.00140159163734   -0.00225466090706  
  6.420000   -0.00138952830042   -0.00223098305310  
  6.430000   -0.00137764737423   -0.00220747386126  
  6.440000   -0.00136594214795   -0.00218412983616  
  6.450000   -0.00135440568614   -0.00216094811544  
  6.460000   -0.00134303088080   -0.00213792647962  
  6.470000   -0.00133181050500   -0.00211506335583  
  6.480000   -0.00132073726752   -0.00209235781534  
  6.490000   -0.00130980386810   -0.00206980956502  
  6.500000   -0.00129900305248   -0.00204741893286  
  6.510000   -0.00128832766703   -0.00202518684758  
  6.520000   -0.00127777071221   -0.00200311481283  
  6.530000   -0.00126732539434   -0.00198120487599  
  6.540000   -0.00125698517542   -0.00195945959210  
  6.550000   -0.00124674382016   -0.00193788198320  
  6.560000   -0.00123659544011   -0.00191647549355  
  6.570000   -0.00122653453423   -0.00189524394119  
  6.580000   -0.00121655602574   -0.00187419146622  
  6.590000   -0.00120665529460   -0.00185332247656  
  6.600000   -0.00119682820570   -0.00183264159146  
  6.610000   -0.00118707113215   -0.00181215358349  
  6.620000   -0.00117738097377   -0.00179186331952  
  6.630000   -0.00116775517029   -0.00177177570127  
  6.640000   -0.00115819170953   -0.00175189560600  
  6.650000   -0.00114868913018   -0.00173222782791  
  6.660000   -0.00113924651933   -0.00171277702086  
  6.670000   -0.00112986350480   -0.00169354764279  
  6.680000   -0.00112054024232   -0.00167454390261  
  6.690000   -0.00111127739771   -0.00165576970977  
  6.700000   -0.00110207612427   -0.00163722862724  
  6.710000   -0.00109293803570   -0.00161892382813  
  6.720000   -0.00108386517459   -0.00160085805643  
  6.730000   -0.00107485997716   -0.00158303359216  
  6.740000   -0.00106592523430   -0.00156545222135  
  6.750000   -0.00105706404944   -0.00154811521095  
  6.760000   -0.00104827979374   -0.00153102328892  
  6.770000   -0.00103957605888   -0.00151417662974  
  6.780000   -0.00103095660808   -0.00149757484528  
  6.790000   -0.00102242532575   -0.00148121698126  
  6.800000   -0.00101398616626   -0.00146510151909  
  6.810000   -0.00100564310247   -0.00144922638316  
  6.820000   -0.00099740007427   -0.00143358895346  
  6.830000   -0.00098926093792   -0.00141818608331  
  6.840000   -0.00098122941647   -0.00140301412198  
  6.850000   -0.00097330905184   -0.00138806894203  
  6.860000   -0.00096550315902   -0.00137334597098  
  6.870000   -0.00095781478277   -0.00135884022694  
  6.880000   -0.00095024665732   -0.00134454635802  
  6.890000   -0.00094280116935   -0.00133045868479  
  6.900000   -0.00093548032476   -0.00131657124562  
  6.910000   -0.00092828571931   -0.00130287784436  
  6.920000   -0.00092121851361   -0.00128937209976  
  6.930000   -0.00091427941261   -0.00127604749634  
  6.940000   -0.00090746864973   -0.00126289743600  
  6.950000   -0.00090078597583   -0.00124991529003  
  6.960000   -0.00089423065306   -0.00123709445085  
  6.970000   -0.00088780145375   -0.00122442838316  
  6.980000   -0.00088149666407   -0.00121191067379  
  6.990000   -0.00087531409275   -0.00119953508000  
  7.000000   -0.00086925108445   -0.00118729557559  
  7.010000   -0.00086330453782   -0.00117518639444  
  7.020000   -0.00085747092797   -0.00116320207116  
  7.030000   -0.00085174633312   -0.00115133747835  
  7.040000   -0.00084612646519   -0.00113958786019  
  7.050000   -0.00084060670396   -0.00112794886206  
  7.060000   -0.00083518213449   -0.00111641655591  
  7.070000   -0.00082984758740   -0.00110498746125  
  7.080000   -0.00082459768161   -0.00109365856140  
  7.090000   -0.00081942686911   -0.00108242731507  
  7.100000   -0.00081432948126   -0.00107129166312  
  7.110000   -0.00080929977627   -0.00106025003042  
  7.120000   -0.00080433198729   -0.00104930132288  
  7.130000   -0.00079942037064   -0.00103844491977  
  7.140000   -0.00079455925375   -0.00102768066130  
  7.150000   -0.00078974308231   -0.00101700883174  
  7.160000   -0.00078496646617   -0.00100643013821  
  7.170000   -0.00078022422350   -0.00099594568544  
  7.180000   -0.00077551142286   -0.00098555694672  
  7.190000   -0.00077082342272   -0.00097526573138  
  7.200000   -0.00076615590805   -0.00096507414913  
  7.210000   -0.00076150492358   -0.00095498457170  
  7.220000   -0.00075686690354   -0.00094499959205  
  7.230000   -0.00075223869749   -0.00093512198173  
  7.240000   -0.00074761759194   -0.00092535464663  
  7.250000   -0.00074300132781   -0.00091570058181  
  7.260000   -0.00073838811318   -0.00090616282564  
  7.270000   -0.00073377663165   -0.00089674441381  
  7.280000   -0.00072916604586   -0.00088744833369  
  7.290000   -0.00072455599636   -0.00087827747946  
  7.300000   -0.00071994659586   -0.00086923460841  
  7.310000   -0.00071533841879   -0.00086032229891  
  7.320000   -0.00071073248638   -0.00085154291042  
  7.330000   -0.00070613024746   -0.00084289854588  
  7.340000   -0.00070153355504   -0.00083439101700  
  7.350000   -0.00069694463906   -0.00082602181253  
  7.360000   -0.00069236607550   -0.00081779207008  
  7.370000   -0.00068780075214   -0.00080970255149  
  7.380000   -0.00068325183146   -0.00080175362225  
  7.390000   -0.00067872271083   -0.00079394523488  
  7.400000   -0.00067421698064   -0.00078627691662  
  7.410000   -0.00066973838052   -0.00077874776146  
  7.420000   -0.00066529075438   -0.00077135642659  
  7.430000   -0.00066087800439   -0.00076410113318  
  7.440000   -0.00065650404471   -0.00075697967169  
  7.450000   -0.00065217275505   -0.00074998941140  
  7.460000   -0.00064788793490   -0.00074312731425  
  7.470000   -0.00064365325857   -0.00073638995264  
  7.480000   -0.00063947223163   -0.00072977353123  
  7.490000   -0.00063534814918   -0.00072327391235  
  7.500000   -0.00063128405632   -0.00071688664475  
  7.510000   -0.00062728271118   -0.00071060699556  
  7.520000   -0.00062334655098   -0.00070442998496  
  7.530000   -0.00061947766128   -0.00069835042335  
  7.540000   -0.00061567774891   -0.00069236295053  
  7.550000   -0.00061194811868   -0.00068646207665  
  7.560000   -0.00060828965415   -0.00068064222439  
  7.570000   -0.00060470280272   -0.00067489777206  
  7.580000   -0.00060118756507   -0.00066922309716  
  7.590000   -0.00059774348902   -0.00066361261994  
  7.600000   -0.00059436966807   -0.00065806084670  
  7.610000   -0.00059106474438   -0.00065256241217  
  7.620000   -0.00058782691632   -0.00064711212085  
  7.630000   -0.00058465395043   -0.00064170498664  
  7.640000   -0.00058154319769   -0.00063633627063  
  7.650000   -0.00057849161393   -0.00063100151654  
  7.660000   -0.00057549578422   -0.00062569658358  
  7.670000   -0.00057255195091   -0.00062041767631  
  7.680000   -0.00056965604510   -0.00061516137135  
  7.690000   -0.00056680372118   -0.00060992464069  
  7.700000   -0.00056399039421   -0.00060470487129  
  7.710000   -0.00056121127957   -0.00059949988084  
  7.720000   -0.00055846143473   -0.00059430792971  
  7.730000   -0.00055573580251   -0.00058912772865  
  7.740000   -0.00055302925553   -0.00058395844259  
  7.750000   -0.00055033664138   -0.00057879969018  
  7.760000   -0.00054765282810   -0.00057365153926  
  7.770000   -0.00054497274941   -0.00056851449835  
  7.780000   -0.00054229144943   -0.00056338950413  
  7.790000   -0.00053960412625   -0.00055827790517  
  7.800000   -0.00053690617412   -0.00055318144192  
  7.810000   -0.00053419322367   -0.00054810222344  
  7.820000   -0.00053146117993   -0.00054304270074  
  7.830000   -0.00052870625764   -0.00053800563732  
  7.840000   -0.00052592501360   -0.00053299407702  
  7.850000   -0.00052311437573   -0.00052801130952  
  7.860000   -0.00052027166854   -0.00052306083384  
  7.870000   -0.00051739463472   -0.00051814632024  
  7.880000   -0.00051448145282   -0.00051327157074  
  7.890000   -0.00051153075058   -0.00050844047886  
  7.900000   -0.00050854161406   -0.00050365698866  
  7.910000   -0.00050551359227   -0.00049892505377  
  7.920000   -0.00050244669738   -0.00049424859658  
  7.930000   -0.00049934140055   -0.00048963146807  
  7.940000   -0.00049619862319   -0.00048507740855  
  7.950000   -0.00049301972411   -0.00048059000983  
  7.960000   -0.00048980648236   -0.00047617267900  
  7.970000   -0.00048656107607   -0.00047182860423  
  7.980000   -0.00048328605756   -0.00046756072286  
  7.990000   -0.00047998432486   -0.00046337169215  
  8.000000   -0.00047665908997   -0.00045926386275  
  8.010000   -0.00047331384417   -0.00045523925532  
  8.020000   -0.00046995232072   -0.00045129954043  
  8.030000   -0.00046657845537   -0.00044744602180  
  8.040000   -0.00046319634491   -0.00044367962322  
  8.050000   -0.00045981020443   -0.00044000087898  
  8.060000   -0.00045642432340   -0.00043640992818  
  8.070000   -0.00045304302133   -0.00043290651261  
  8.080000   -0.00044967060309   -0.00042948997855  
  8.090000   -0.00044631131469   -0.00042615928210  
  8.100000   -0.00044296929963   -0.00042291299823  
  8.110000   -0.00043964855653   -0.00041974933325  
  8.120000   -0.00043635289816   -0.00041666614075  
  8.130000   -0.00043308591261   -0.00041366094060  
  8.140000   -0.00042985092660   -0.00041073094102  
  8.150000   -0.00042665097168   -0.00040787306334  
  8.160000   -0.00042348875329   -0.00040508396937  
  8.170000   -0.00042036662321   -0.00040236009082  
  8.180000   -0.00041728655564   -0.00039969766080  
  8.190000   -0.00041425012700   -0.00039709274692  
  8.200000   -0.00041125849986   -0.00039454128557  
  8.210000   -0.00040831241094   -0.00039203911732  
  8.220000   -0.00040541216342   -0.00038958202284  
  8.230000   -0.00040255762368   -0.00038716575914  
  8.240000   -0.00039974822230   -0.00038478609571  
  8.250000   -0.00039698295952   -0.00038243885032  
  8.260000   -0.00039426041498   -0.00038011992402  
  8.270000   -0.00039157876163   -0.00037782533509  
  8.280000   -0.00038893578383   -0.00037555125161  
  8.290000   -0.00038632889919   -0.00037329402237  
  8.300000   -0.00038375518422   -0.00037105020581  
  8.310000   -0.00038121140326   -0.00036881659671  
  8.320000   -0.00037869404069   -0.00036659025048  
  8.330000   -0.00037619933582   -0.00036436850472  
  8.340000   -0.00037372332034   -0.00036214899799  
  8.350000   -0.00037126185776   -0.00035992968546  
  8.360000   -0.00036881068469   -0.00035770885153  
  8.370000   -0.00036636545327   -0.00035548511914  
  8.380000   -0.00036392177461   -0.00035325745573  
  8.390000   -0.00036147526256   -0.00035102517594  
  8.400000   -0.00035902157755   -0.00034878794086  
  8.410000   -0.00035655647004   -0.00034654575403  
  8.420000   -0.00035407582303   -0.00034429895405  
  8.430000   -0.00035157569340   -0.00034204820416  
  8.440000   -0.00034905235147   -0.00033979447858  
  8.450000   -0.00034650231858   -0.00033753904605  
  8.460000   -0.00034392240215   -0.00033528345052  
  8.470000   -0.00034130972800   -0.00033302948937  
  8.480000   -0.00033866176951   -0.00033077918917  
  8.490000   -0.00033597637340   -0.00032853477944  
  8.500000   -0.00033325178186   -0.00032629866448  
  8.510000   -0.00033048665077   -0.00032407339368  
  8.520000   -0.00032768006382   -0.00032186163052  
  8.530000   -0.00032483154251   -0.00031966612053  
  8.540000   -0.00032194105173   -0.00031748965863  
  8.550000   -0.00031900900104   -0.00031533505603  
  8.560000   -0.00031603624151   -0.00031320510710  
  8.570000   -0.00031302405821   -0.00031110255640  
  8.580000   -0.00030997415839   -0.00030903006638  
  8.590000   -0.00030688865550   -0.00030699018575  
  8.600000   -0.00030377004908   -0.00030498531915  
  8.610000   -0.00030062120096   -0.00030301769811  
  8.620000   -0.00029744530768   -0.00030108935373  
  8.630000   -0.00029424586963   -0.00029920209128  
  8.640000   -0.00029102665720   -0.00029735746691  
  8.650000   -0.00028779167405   -0.00029555676680  
  8.660000   -0.00028454511816   -0.00029380098873  
  8.670000   -0.00028129134080   -0.00029209082647  
  8.680000   -0.00027803480394   -0.00029042665696  
  8.690000   -0.00027478003651   -0.00028880853040  
  8.700000   -0.00027153158985   -0.00028723616346  
  8.710000   -0.00026829399294   -0.00028570893549  
  8.720000   -0.00026507170767   -0.00028422588792  
  8.730000   -0.00026186908476   -0.00028278572675  
  8.740000   -0.00025869032061   -0.00028138682806  
  8.750000   -0.00025553941569   -0.00028002724669  
  8.760000   -0.00025242013465   -0.00027870472771  
  8.770000   -0.00024933596879   -0.00027741672086  
  8.780000   -0.00024629010106   -0.00027616039762  
  8.790000   -0.00024328537411   -0.00027493267084  
  8.800000   -0.00024032426153   -0.00027373021675  
  8.810000   -0.00023740884281   -0.00027254949916  
  8.820000   -0.00023454078201   -0.00027138679555  
  8.830000   -0.00023172131060   -0.00027023822496  
  8.840000   -0.00022895121445   -0.00026909977727  
  8.850000   -0.00022623082531   -0.00026796734378  
  8.860000   -0.00022356001669   -0.00026683674867  
  8.870000   -0.00022093820433   -0.00026570378113  
  8.880000   -0.00021836435121   -0.00026456422795  
  8.890000   -0.00021583697709   -0.00026341390610  
  8.900000   -0.00021335417247   -0.00026224869525  
  8.910000   -0.00021091361695   -0.00026106456974  
  8.920000   -0.00020851260168   -0.00025985762989  
  8.930000   -0.00020614805580   -0.00025862413229  
  8.940000   -0.00020381657665   -0.00025736051881  
  8.950000   -0.00020151446338   -0.00025606344415  
  8.960000   -0.00019923775367   -0.00025472980162  
  8.970000   -0.00019698226338   -0.00025335674705  
  8.980000   -0.00019474362844   -0.00025194172043  
  8.990000   -0.00019251734890   -0.00025048246539  
  9.000000   -0.00019029883458   -0.00024897704602  
  9.010000   -0.00018808345182   -0.00024742386123  
  9.020000   -0.00018586657105   -0.00024582165628  
  9.030000   -0.00018364361463   -0.00024416953152  
  9.040000   -0.00018141010444   -0.00024246694821  
  9.050000   -0.00017916170893   -0.00024071373145  
  9.060000   -0.00017689428901   -0.00023891007015  
  9.070000   -0.00017460394242   -0.00023705651398  
  9.080000   -0.00017228704613   -0.00023515396749  
  9.090000   -0.00016994029640   -0.00023320368134  
  9.100000   -0.00016756074596   -0.00023120724072  
  9.110000   -0.00016514583812   -0.00022916655108  
  9.120000   -0.00016269343738   -0.00022708382132  
  9.130000   -0.00016020185618   -0.00022496154458  
  9.140000   -0.00015766987769   -0.00022280247663  
  9.150000   -0.00015509677414   -0.00022060961234  
  9.160000   -0.00015248232075   -0.00021838616014  
  9.170000   -0.00014982680496   -0.00021613551481  
  9.180000   -0.00014713103086   -0.00021386122881  
  9.190000   -0.00014439631880   -0.00021156698236  
  9.200000   -0.00014162450012   -0.00020925655248  
  9.210000   -0.00013881790702   -0.00020693378136  
  9.220000   -0.00013597935768   -0.00020460254409  
  9.230000   -0.00013311213669   -0.00020226671622  
  9.240000   -0.00013021997096   -0.00019993014125  
  9.250000   -0.00012730700136   -0.00019759659844  
  9.260000   -0.00012437775028   -0.00019526977099  
  9.270000   -0.00012143708534   -0.00019295321507  
  9.280000   -0.00011849017975   -0.00019065032970  
  9.290000   -0.00011554246942   -0.00018836432792  
  9.300000   -0.00011259960738   -0.00018609820928  
  9.310000   -0.00010966741593   -0.00018385473402  
  9.320000   -0.00010675183672   -0.00018163639893  
  9.330000   -0.00010385887954   -0.00017944541533  
  9.340000   -0.00010099457000   -0.00017728368908  
  9.350000   -0.00009816489671   -0.00017515280286  
  9.360000   -0.00009537575848   -0.00017305400092  
  9.370000   -0.00009263291187   -0.00017098817627  
  9.380000   -0.00008994191967   -0.00016895586047  
  9.390000   -0.00008730810088   -0.00016695721610  
  9.400000   -0.00008473648236   -0.00016499203186  
  9.410000   -0.00008223175291   -0.00016305972049  
  9.420000   -0.00007979821998   -0.00016115931923  
  9.430000   -0.00007743976956   -0.00015928949311  
  9.440000   -0.00007515982941   -0.00015744854074  
  9.450000   -0.00007296133618   -0.00015563440259  
  9.460000   -0.00007084670658   -0.00015384467165  
  9.470000   -0.00006881781274   -0.00015207660617  
  9.480000   -0.00006687596211   -0.00015032714422  
  9.490000   -0.00006502188189   -0.00014859291971  
  9.500000   -0.00006325570795   -0.00014687027935  
  9.510000   -0.00006157697829   -0.00014515529986  
  9.520000   -0.00005998463070   -0.00014344380458  
  9.530000   -0.00005847700437   -0.00014173137848  
  9.540000   -0.00005705184501   -0.00014001338005  
  9.550000   -0.00005570631266   -0.00013828494861  
  9.560000   -0.00005443699165   -0.00013654100482  
  9.570000   -0.00005323990132   -0.00013477624237  
  9.580000   -0.00005211050669   -0.00013298510803  
  9.590000   -0.00005104372738   -0.00013116176761  
  9.600000   -0.00005003394362   -0.00012930005506  
  9.610000   -0.00004907499772   -0.00012739340275  
  9.620000   -0.00004816018987   -0.00012543475143  
  9.630000   -0.00004728226739   -0.00012341644018  
  9.640000   -0.00004643340730   -0.00012133007873  
  9.650000   -0.00004560519328   -0.00011916640744  
  9.660000   -0.00004478858927   -0.00011691515431  
  9.670000   -0.00004397391439   -0.00011456490289  
  9.680000   -0.00004315082582   -0.00011210299026  
  9.690000   -0.00004230831918   -0.00010951545967  
  9.700000   -0.00004143475862   -0.00010678709736  
  9.710000   -0.00004051795154   -0.00010390158694  
  9.720000   -0.00003954528436   -0.00010084181650  
  9.730000   -0.00003850393697   -0.00009759037176  
  9.740000   -0.00003738119193   -0.00009413024305  
  9.750000   -0.00003616485122   -0.00009044576272  
  9.760000   -0.00003484376689   -0.00008652377326  
  9.770000   -0.00003340848275   -0.00008235500390  
  9.780000   -0.00003185197155   -0.00007793560692  
  9.790000   -0.00003017043739   -0.00007326877459  
  9.800000   -0.00002836413691   -0.00006836632765  
  9.810000   -0.00002643815688   -0.00006325013851  
  9.820000   -0.00002440307214   -0.00005795323228  
  9.830000   -0.00002227539902   -0.00005252039977  
  9.840000   -0.00002007775773   -0.00004700816238  
  9.850000   -0.00001783866426   -0.00004148395318  
  9.860000   -0.00001559189042   -0.00003602442111  
  9.870000   -0.00001337535854   -0.00003071282726  
  9.880000   -0.00001122957560   -0.00002563557757  
  9.890000   -0.00000919565561   -0.00002087802214  
  9.900000   -0.00000731302644   -0.00001651973683  
  9.910000   -0.00000561696168   -0.00001262958049  
  9.920000   -0.00000413611478   -0.00000926088020  
  9.930000   -0.00000289025516   -0.00000644712840  
  9.940000   -0.00000188841063   -0.00000419857310  
  9.950000   -0.00000112760420   -0.00000250004204  
  9.960000   -0.00000059233596   -0.00000131026407  
  9.970000   -0.00000025490413   -0.00000056284155  
  9.980000   -0.00000007658957   -0.00000016889577  
  9.990000   -0.00000000965068   -0.00000002126523  
 10.000000   -0.00000000000000   -0.00000000000000  
