<Coefficient>
	 8 Total number of radial orbitals.
	Type	L	Zeta-Orbital
	  F 	0	    1
	   0.09563952627209
	   0.26696230840380
	   0.37044274358427
	   0.37734279339280
	   0.32091377882466
	   0.24084163158455
	   0.16112982536979
	   0.09407074415918
	   0.04295989655399
	   0.00765176012060
	  -0.01381173460580
	  -0.02429211868957
	  -0.02680432163806
	  -0.02440998436694
	  -0.01933152842787
	  -0.01362860663195
	  -0.00830860891720
	  -0.00427020752705
	  -0.00147594001116
	  -0.00007693651673
	   0.00054034304747
	   0.00032808726333
	Type	L	Zeta-Orbital
	  F 	0	    2
	  -0.19285732698710
	  -0.20212565852340
	  -0.01081904574484
	   0.24452528701088
	   0.31907646873209
	   0.25878961581565
	   0.13971505304825
	   0.05488634916181
	   0.01311527620126
	   0.00590537254272
	  -0.01188895976022
	  -0.01865864736268
	  -0.02624787914711
	  -0.01641156560722
	  -0.01418144792324
	  -0.00219877210876
	  -0.00557137007074
	   0.00342901369263
	  -0.00316090735896
	   0.00471050982943
	  -0.00618252215646
	   0.00760436857492
	Type	L	Zeta-Orbital
	  F 	0	    3
	  -0.29517755001541
	  -0.53376175149946
	   0.65383512337734
	  -0.64677856760859
	  -1.03227597636470
	  -0.88266627182100
	  -0.14222008047796
	   0.15510194537967
	   0.25732343280652
	  -0.00968615998756
	   0.04322919783749
	  -0.00669664505846
	   0.10755943645997
	   0.00386013796389
	   0.07421062924512
	  -0.05294816232894
	   0.04605345229150
	  -0.06539418638873
	   0.05873872965239
	  -0.06772699123170
	   0.09860435203888
	  -0.13145833475707
	Type	L	Zeta-Orbital
	  F 	1	    1
	   0.10032766765543
	   0.25606231517862
	   0.37388796538687
	   0.43668235168769
	   0.46135011873766
	   0.45757991227526
	   0.43798785864634
	   0.40512372679537
	   0.36509989848971
	   0.31754844827767
	   0.26780886795846
	   0.21595885225079
	   0.16779690019692
	   0.12231660724249
	   0.08498847236833
	   0.05328524646544
	   0.03129851059893
	   0.01444123213252
	   0.00627800812309
	   0.00001187427862
	   0.00016691312174
	  -0.00366040520913
	Type	L	Zeta-Orbital
	  F 	1	    2
	  -0.27922243052916
	  -0.27585380715434
	  -0.07565820902291
	   0.14184518680877
	   0.26859808275521
	   0.31969035965130
	   0.27496093753820
	   0.21483115184038
	   0.16008255284939
	   0.13821474761449
	   0.10082831596091
	   0.07590134646481
	   0.03326237466627
	   0.01686345640388
	  -0.01019895872087
	  -0.00874474359908
	  -0.02423480345638
	  -0.00897086917700
	  -0.01914500397865
	   0.00376409891631
	  -0.01181695533085
	   0.03555155915796
	Type	L	Zeta-Orbital
	  F 	1	    3
	  -0.92566083164551
	   0.01518164132231
	   0.84258776923136
	   0.36017491291030
	  -0.35714261480360
	  -0.64349052320768
	  -0.34307671993104
	   0.30926537290674
	   0.48532953898614
	   0.47720673960984
	   0.32754322868220
	   0.31719889883095
	   0.26851456522723
	   0.33486085502382
	   0.24548240972565
	   0.27341957704312
	   0.14609826812328
	   0.14698586130578
	   0.01864402861918
	   0.08245939331276
	  -0.06341999528277
	   0.18777599871298
	Type	L	Zeta-Orbital
	  F 	2	    1
	   0.01386522436831
	   0.25244011438551
	   0.42106107993496
	   0.55650089577757
	   0.62492899142319
	   0.62940636496657
	   0.52181124901494
	   0.38289188110440
	   0.25464462481050
	   0.19110580972675
	   0.13356400045917
	   0.09890061808279
	   0.04965298134632
	   0.02885440525094
	  -0.00035088421416
	   0.00638449199969
	  -0.00557327430355
	   0.01182319742523
	   0.00241589376796
	   0.02214259059460
	   0.00827246858698
	   0.08117886974043
	Type	L	Zeta-Orbital
	  F 	2	    2
	  -0.64182779094322
	  -0.75464272108992
	  -1.01673757700070
	  -0.98137385588863
	  -0.17136164246886
	   0.88478509509463
	   1.39651078437133
	   0.95147184462223
	   0.22135280100760
	  -0.03162234943918
	   0.07326118999012
	   0.26396801553094
	   0.24039026538012
	   0.14998348377322
	   0.00544790886721
	   0.01055875246577
	   0.00854658941530
	   0.04982774801416
	   0.00721557046547
	   0.05388927712099
	  -0.00942384500013
	   0.18131381063198
</Coefficient>
<Mkb>
Left spillage = 2.3349568579e-04
</Mkb>
