0	4.378743344851644
1	3.3828790539948477
2	2.794691653788828
3	2.328367822391448
4	1.9750443297192946
5	1.7043486665123884
6	1.4912719963897738
7	1.318811865268443
8	1.1759028619535017
9	1.0552039485704887
10	0.9516556846648658
11	0.8616590866463263
12	0.7825997435914465
13	0.7125457843178735
14	0.6500414880826664
15	0.5939637500499848
16	0.5434243966247517
17	0.4977057308506323
18	0.4562186979901015
19	0.4184753003958973
20	0.384069359948918
21	0.3526619467846284
22	0.3239694751311559
23	0.2977535464811654
24	0.2738121814496734
25	0.2519722918967311
26	0.2320832814665975
27	0.2140116522476701
28	0.19763649712365952
29	0.182845782670315
30	0.16953336523877702
31	0.15759671708738876
32	0.1469353563820694
33	0.13744996679045587
34	0.1290421597994639
35	0.12161478549271221
36	0.11507265161704647
37	0.10932348298528785
38	0.10427895333038878
39	0.09985564842281835
40	0.09597586222850436
41	0.09256817380819876
42	0.08956779150789981
43	0.0869166787050008
44	0.08456349263232939
45	0.08246337698945495
46	0.0805776518943795
47	0.07887344170530816
48	0.07732327246030885
49	0.07590465720927174
50	0.07459967213133317
51	0.07339451319111474
52	0.07227901633544569
53	0.07124612630105366
54	0.07029130956280429
55	0.06941192256454967
56	0.06860656233041754
57	0.06787443822625573
58	0.06721480802352932
59	0.06662651772475547
60	0.06610767403030281
61	0.06565546330514455
62	0.06526611435243061
63	0.06493498698829099
64	0.06465675657909956
65	0.06442565782732584
66	0.06423574976078464
67	0.0640811677507009
68	0.06395633628948982
69	0.06385612646681571
70	0.06377595266868409
71	0.06371181227162526
72	0.06366027880578123
73	0.06361846266733824
74	0.0635839540546068
75	0.06355476095120371
76	0.06352925153522056
77	0.06350610628822055
78	0.0634842811627752
79	0.06346298009210598
80	0.06344163327162733
81	0.06341987710251996
82	0.06339753229367652
83	0.06337457800926537
84	0.06335112166794853
85	0.06332736559794147
86	0.06330357287929209
87	0.06328003516695625
88	0.06325704506538031
89	0.06323487485137927
90	0.06321376225588336
91	0.06319390289572792
92	0.06317544804767282
93	0.06315850595287685
94	0.06314314479525052
95	0.06312939586158937
96	0.06311725602380769
97	0.06310668939425072
98	0.06309762860574779
99	0.06308997651850307
100	0.06308360919271477
101	0.06307838071092275
102	0.06307412998094075
103	0.06307068913357802
104	0.06306789268857983
105	0.06306558640631302
106	0.0630636347269842
107	0.06306192591680061
108	0.06306037443010745
109	0.06305892046250618
110	0.06305752710802712
111	0.06305617585607862
112	0.0630548613181942
113	0.0630535860499828
114	0.06305235615883022
115	0.06305117811880441
116	0.06305005691823154
117	0.06304899540486103
118	0.06304799451303511
119	0.06304705397739718
120	0.06304617315430275
121	0.06304535166219036
122	0.06304458968140927
123	0.06304388788689023
124	0.06304324709388201
125	0.06304266776013517
126	0.06304214950198725
127	0.06304169075420939
128	0.0630412886486533
129	0.06304093912324585
130	0.06304063721726938
131	0.0630403774732184
132	0.063040154354672
133	0.06303996260182766
134	0.06303979747453556
135	0.06303965486705855
136	0.06303953130985102
137	0.06303942389437267
138	0.06303933016429154
139	0.06303924801118316
140	0.06303917559923133
141	0.06303911132680759
142	0.06303905381848907
143	0.06303900193252841
144	0.06303895476715321
145	0.06303891165327377
146	0.0630388721285982
147	0.0630388358956652
148	0.06303880277159112
149	0.06303877263903569
150	0.0630387454061972
151	0.06303872097982484
152	0.06303869925088867
153	0.0630386800893255
154	0.06303866334293673
155	0.06303864883633165
156	0.06303863636792838
157	0.06303862570562765
158	0.06303861658375122
159	0.06303860870454622
160	0.06303860174678957
161	0.06303859538224597
162	0.06303858929837938
163	0.0630385832237584
164	0.06303857695146041
165	0.06303857035592877
166	0.06303856339992253
167	0.06303855613024972
168	0.06303854866322992
169	0.06303854116271665
170	0.06303853381472703
171	0.06303852680287372
172	0.06303852028814662
173	0.0630385143952113
174	0.0630385092058631
175	0.06303850475884151
176	0.06303850105427354
177	0.06303849806068806
178	0.06303849572273686
179	0.06303849396835483
180	0.06303849271481296
181	0.06303849187369719
182	0.06303849135517292
183	0.0630384910719448
184	0.06303849094309662
185	0.06303849089770337
186	0.06303849087784878
187	0.06303849084060227
188	0.06303849075857516
189	0.06303849061893353
190	0.06303849042103359
191	0.06303849017313673
192	0.06303848988876866
193	0.06303848958333985
194	0.06303848927145911
195	0.06303848896520625
196	0.06303848867334863
197	0.06303848840133917
198	0.06303848815182458
199	0.06303848792535291
200	0.06303848772108271
201	0.0630384875373374
202	0.06303848737199426
203	0.06303848722273024
204	0.06303848708720275
205	0.06303848696320484
206	0.06303848684883848
207	0.06303848674266313
208	0.06303848664381732
209	0.06303848655203509
210	0.06303848646756545
211	0.06303848639098045
212	0.0630384863229273
213	0.0630384862638724
214	0.06303848621389808
215	0.06303848617259891
216	0.06303848613910008
217	0.06303848611216317
218	0.06303848609037178
219	0.06303848607232068
220	0.06303848605677853
221	0.06303848604280464
222	0.0630384860297732
223	0.06303848601736038
224	0.06303848600547289
225	0.0630384859941698
226	0.06303848598358179
227	0.06303848597384881
228	0.06303848596507715
229	0.06303848595731909
230	0.0630384859505671
231	0.0630384859447549
232	0.06303848593976977
233	0.06303848593546292
234	0.06303848593167131
235	0.06303848592822976
236	0.06303848592498887
237	0.06303848592183647
238	0.06303848591870133
239	0.06303848591555573
240	0.06303848591242092
241	0.06303848590934069
242	0.06303848590638023
243	0.0630384859036063
244	0.06303848590107392
245	0.06303848589882004
246	0.06303848589685933
247	0.06303848589519317
248	0.06303848589380293
249	0.06303848589266825
250	0.0630384858917575
251	0.06303848589104184
252	0.06303848589049342
253	0.06303848589007985
254	0.06303848588976914
255	0.06303848588952803
256	0.06303848588932749
257	0.06303848588914003
258	0.06303848588894269
259	0.0630384858887224
260	0.06303848588847216
261	0.06303848588819447
262	0.06303848588789421
263	0.06303848588757985
264	0.06303848588726352
265	0.06303848588695428
266	0.06303848588665821
267	0.06303848588638365
268	0.06303848588613563
269	0.06303848588591551
270	0.0630384858857262
271	0.06303848588556935
272	0.06303848588544339
273	0.06303848588534645
274	0.06303848588527737
275	0.06303848588522967
276	0.06303848588520033
277	0.06303848588518252
278	0.06303848588517305
279	0.06303848588516632
280	0.06303848588515905
281	0.06303848588514926
282	0.06303848588513569
283	0.06303848588511944
284	0.06303848588510029
285	0.06303848588507759
286	0.06303848588505344
287	0.06303848588502974
288	0.06303848588500693
289	0.06303848588498508
290	0.06303848588496416
291	0.06303848588494661
292	0.06303848588493044
293	0.0630384858849166
294	0.06303848588490392
295	0.06303848588489347
296	0.06303848588488489
297	0.0630384858848749
298	0.06303848588486773
299	0.06303848588486083
300	0.06303848588485442
301	0.06303848588484831
302	0.06303848588484373
303	0.06303848588484014
304	0.06303848588483775
305	0.06303848588483432
306	0.06303848588483311
307	0.06303848588483131
308	0.06303848588482963
309	0.06303848588482837
310	0.06303848588482804
311	0.0630384858848269
312	0.0630384858848263
313	0.06303848588482523
314	0.06303848588482405
315	0.0630384858848232
316	0.06303848588482205
317	0.06303848588482175
318	0.0630384858848206
319	0.06303848588482004
320	0.06303848588481979
321	0.06303848588481817
322	0.06303848588481793
323	0.06303848588481699
324	0.06303848588481703
325	0.06303848588481642
326	0.06303848588481621
327	0.06303848588481535
328	0.06303848588481559
329	0.06303848588481427
330	0.06303848588481428
331	0.0630384858848146
332	0.06303848588481421
333	0.06303848588481403
334	0.06303848588481381
335	0.06303848588481392
336	0.063038485884813
337	0.06303848588481382
338	0.06303848588481384
339	0.06303848588481317
340	0.06303848588481319
341	0.06303848588481333
342	0.06303848588481362
343	0.06303848588481338
344	0.0630384858848135
345	0.0630384858848133
346	0.06303848588481317
347	0.06303848588481299
348	0.0630384858848125
349	0.06303848588481327
350	0.06303848588481333
351	0.06303848588481344
352	0.06303848588481302
353	0.06303848588481317
354	0.06303848588481294
355	0.06303848588481326
356	0.06303848588481328
357	0.0630384858848127
358	0.06303848588481283
359	0.06303848588481303
360	0.06303848588481299
361	0.06303848588481259
362	0.06303848588481327
363	0.06303848588481299
364	0.06303848588481273
365	0.0630384858848127
366	0.0630384858848131
367	0.06303848588481374
368	0.06303848588481309
369	0.06303848588481263
370	0.06303848588481308
371	0.06303848588481285
372	0.06303848588481294
373	0.06303848588481269
374	0.06303848588481287
375	0.06303848588481305
376	0.06303848588481263
377	0.06303848588481266
378	0.06303848588481255
379	0.0630384858848134
380	0.06303848588481283
381	0.06303848588481238
382	0.06303848588481295
383	0.06303848588481292
384	0.0630384858848131
385	0.0630384858848135
386	0.0630384858848129
387	0.06303848588481253
388	0.06303848588481263
389	0.06303848588481314
390	0.06303848588481291
391	0.06303848588481296
392	0.06303848588481244
393	0.06303848588481226
394	0.06303848588481294
395	0.063038485884813
396	0.06303848588481288
397	0.06303848588481259
398	0.06303848588481346
399	0.06303848588481308
400	0.06303848588481291
401	0.06303848588481345
402	0.06303848588481194
403	0.06303848588481221
404	0.06303848588481259
405	0.06303848588481219
406	0.06303848588481281
407	0.06303848588481267
408	0.06303848588481256
409	0.06303848588481312
410	0.0630384858848131
411	0.06303848588481248
412	0.06303848588481305
413	0.06303848588481392
414	0.06303848588481352
415	0.063038485884813
416	0.06303848588481323
417	0.06303848588481274
418	0.06303848588481246
419	0.06303848588481215
420	0.06303848588481298
421	0.06303848588481317
422	0.063038485884813
423	0.06303848588481323
424	0.06303848588481273
425	0.0630384858848126
426	0.06303848588481284
427	0.06303848588481287
428	0.06303848588481328
429	0.06303848588481306
430	0.06303848588481312
431	0.06303848588481228
432	0.0630384858848133
433	0.06303848588481195
434	0.06303848588481308
435	0.0630384858848133
436	0.0630384858848125
437	0.06303848588481294
438	0.06303848588481303
439	0.06303848588481242
440	0.06303848588481258
441	0.06303848588481265
442	0.0630384858848132
443	0.06303848588481227
444	0.06303848588481226
445	0.06303848588481276
446	0.06303848588481303
447	0.06303848588481287
448	0.06303848588481324
449	0.06303848588481284
450	0.06303848588481281
451	0.0630384858848133
452	0.06303848588481306
453	0.06303848588481224
