0	2.65924702850935
1	2.447068821622141
2	2.24901441851103
3	2.060858395494548
4	1.883765080542473
5	1.7190558123470805
6	1.5673856173837082
7	1.4290161559412045
8	1.3038751189138549
9	1.1915257756820283
10	1.091177574415437
11	1.0017553184102599
12	0.9219975006779884
13	0.8505518707716239
14	0.7860553152348342
15	0.7272065590947114
16	0.6728404522091385
17	0.6219973751135187
18	0.5739692004727
19	0.5283080373996794
20	0.48480063696891984
21	0.44342237779122906
22	0.4042828939237759
23	0.36756846002060817
24	0.33348338388886406
25	0.3021942322311181
26	0.27378305880394266
27	0.24821761530179942
28	0.22534681175991522
29	0.20492511660804463
30	0.18665876852141516
31	0.17025673485364845
32	0.15546933301939883
33	0.14210590047162489
34	0.13003237804547604
35	0.11915578420016697
36	0.1094039752136477
37	0.10070643041913752
38	0.0929785385405729
39	0.08611142840205278
40	0.0799703929244078
41	0.07440386844417467
42	0.0692613870080545
43	0.06441499407056707
44	0.059776584182167254
45	0.05530514501531083
46	0.05100247411021234
47	0.04690047988648018
48	0.04304519111096034
49	0.039482033479520805
50	0.036245041012447805
51	0.03335071091559093
52	0.030796029988671328
53	0.02855990335022802
54	0.02660724345020879
55	0.02489482802057447
56	0.0233777184972179
57	0.022014857037483217
58	0.020772695851139215
59	0.01962637671655993
60	0.018558797692810377
61	0.01755848258948319
62	0.01661727532297862
63	0.015728574266344077
64	0.014886351432028464
65	0.014084834952934337
66	0.013318608108536877
67	0.012582942599840639
68	0.011874275072892295
69	0.011190734260807298
70	0.010532544217353694
71	0.00990207540139072
72	0.009303388393344337
73	0.008741314689958563
74	0.008220336368203185
75	0.0077436229480408875
76	0.007312498423567493
77	0.006926404547627303
78	0.006583229122040405
79	0.006279785174346471
80	0.00601227108474413
81	0.0057766424774280956
82	0.005568898730481379
83	0.005385296280319325
84	0.005222476773100551
85	0.005077491720635825
86	0.00494773839016199
87	0.0048308689383989665
88	0.004724750888723487
89	0.004627520107689818
90	0.004537699612221261
91	0.0044543062310084276
92	0.004376866926032657
93	0.004305314584804772
94	0.004239795004074861
95	0.0041804545642362585
96	0.004127275531748422
97	0.004079994164190047
98	0.004038100471011613
99	0.0040008966508055625
100	0.003967587217851377
101	0.003937378795375349
102	0.003909571593846034
103	0.0038836253531563648
104	0.0038591851109934633
105	0.003836061975155922
106	0.003814179729228564
107	0.0037935110163497777
108	0.0037740281589047388
109	0.003755682135096326
110	0.003738406803392097
111	0.003722134910714438
112	0.003706812693958525
113	0.003692407092517407
114	0.0036789059025417133
115	0.003666312431360838
116	0.003654634637413283
117	0.0036438691391654766
118	0.0036339841873896913
119	0.003624909132492369
120	0.003616536688376573
121	0.0036087381592587067
122	0.003601385179119339
123	0.0035943692550946876
124	0.003587613377355123
125	0.0035810748606400866
126	0.0035747416047284142
127	0.0035686241771420526
128	0.0035627453981789043
129	0.0035571293083796894
130	0.0035517922750861746
131	0.003546738868857269
132	0.0035419631736992143
133	0.003537453538667328
134	0.0035331974481713907
135	0.003529184068956917
136	0.0035254041492305275
137	0.00352184856322779
138	0.003518507000339381
139	0.0035153675146329783
140	0.003512416861939458
141	0.003509641290102286
142	0.003507027537614088
143	0.0035045638424964216
144	0.003502240668009075
145	0.003500050826266308
146	0.003497988899513289
147	0.003496050218466612
148	0.0034942298813482255
149	0.0034925222148152846
150	0.0034909207720726196
151	0.003489418673488186
152	0.00348800900343254
153	0.0034866850816948356
154	0.0034854405880144377
155	0.003484269601551626
156	0.0034831666041569885
157	0.0034821264605475596
158	0.0034811443931934203
159	0.0034802159980458366
160	0.003479337337308891
161	0.0034785050782775834
162	0.0034777165809478684
163	0.0034769698439353386
164	0.0034762633008917927
165	0.003475595546469621
166	0.0034749650935191126
167	0.0034743702237595166
168	0.0034738089464698063
169	0.003473279059119391
170	0.0034727782947850754
171	0.0034723045158695214
172	0.003471855881580131
173	0.0034714309170655435
174	0.003471028461684778
175	0.003470647539308677
176	0.0034702872244529357
177	0.0034699465584523523
178	0.0034696245279654298
179	0.003469320089443665
180	0.0034690322167686837
181	0.0034687599515434804
182	0.0034685024369770817
183	0.0034682589216405517
184	0.0034680287338087804
185	0.003467811243180846
186	0.0034676058312122253
187	0.0034674118811510108
188	0.003467228784642296
189	0.003467055954982666
190	0.003466892839045485
191	0.0034667389240867525
192	0.0034665937377762993
193	0.0034664568411853255
194	0.003466327817247558
195	0.003466206260002753
196	0.0034660917695653348
197	0.003465983953972838
198	0.0034658824351304516
199	0.0034657868548876704
200	0.003465696878790298
201	0.0034656121970098423
202	0.0034655325228455194
203	0.0034654575893930638
204	0.0034653871452513837
205	0.003465320950630308
206	0.0034652587751344242
207	0.0034652003974614994
208	0.003465145605980658
209	0.0034650941987208234
210	0.003465045982169835
211	0.0034650007696246125
212	0.003464958380391608
213	0.0034649186405205177
214	0.003464881384611243
215	0.003464846457691136
216	0.003464813716369737
217	0.0034647830289530252
218	0.0034647542745058738
219	0.003464727341024033
220	0.003464702123225375
221	0.003464678520746258
222	0.0034646564373232327
223	0.003464635780929302
224	0.003464616464289315
225	0.0034645984052168173
226	0.003464581526587812
227	0.0034645657560550443
228	0.0034645510256113886
229	0.0034645372711018837
230	0.003464524431803224
231	0.0034645124502463986
232	0.003464501272302623
233	0.003464490847347931
234	0.003464481128252713
235	0.003464472071119044
236	0.003464463634863899
237	0.0034644557807780555
238	0.003464448472154104
239	0.003464441674010188
240	0.003464435352963112
241	0.0034644294772602307
242	0.0034644240169258078
243	0.003464418943883903
244	0.003464414231973677
245	0.0034644098568426783
246	0.003464405795782827
247	0.0034644020275768302
248	0.0034643985323729596
249	0.0034643952915927667
250	0.0034643922878546847
251	0.0034643895049050557
252	0.0034643869275510345
253	0.0034643845415825206
254	0.003464382333686027
255	0.003464380291368809
256	0.0034643784029089607
257	0.0034643766573275708
258	0.0034643750443770116
259	0.0034643735545139306
260	0.0034643721788588586
261	0.003464370909154687
262	0.0034643697377131997
263	0.0034643686573774504
264	0.0034643676614745243
265	0.003464366743786475
266	0.0034643658985234822
267	0.0034643651203004827
268	0.003464364404112246
269	0.0034643637453015443
270	0.0034643631395345465
271	0.0034643625827768506
272	0.003464362071277253
273	0.0034643616015530287
274	0.0034643611703745543
275	0.003464360774752615
276	0.0034643604119253425
277	0.0034643600793385263
278	0.003464359774627453
279	0.0034643594955997815
280	0.003464359240220221
281	0.0034643590066009127
282	0.003464358792992728
283	0.0034643585977797166
284	0.0034643584194683852
285	0.003464358256682324
286	0.003464358108149826
287	0.0034643579726971433
288	0.003464357849239087
289	0.0034643577367725006
290	0.0034643576343728858
291	0.0034643575411877734
292	0.0034643574564335268
293	0.0034643573793901213
294	0.0034643573093958526
295	0.0034643572458424986
296	0.003464357188170642
297	0.003464357135866356
298	0.0034643570884580845
299	0.0034643570455122788
300	0.0034643570066330777
301	0.00346435697145775
302	0.0034643569396536344
303	0.003464356910916745
304	0.003464356884968925
305	0.003464356861554781
306	0.003464356840442137
307	0.003464356821416826
308	0.003464356804285476
309	0.003464356788870698
310	0.003464356775010835
311	0.0034643567625584314
312	0.0034643567513790406
313	0.003464356741350883
314	0.003464356732362737
315	0.0034643567243137926
316	0.0034643567171115286
317	0.003464356710672527
318	0.003464356704921532
319	0.003464356699789395
320	0.0034643566952138973
321	0.0034643566911382664
322	0.003464356687511441
323	0.0034643566842866066
324	0.003464356681423045
325	0.0034643566788827946
326	0.0034643566766315234
327	0.003464356674638843
328	0.0034643566728772054
329	0.0034643566713216563
330	0.0034643566699498504
331	0.003464356668741603
332	0.0034643566676784807
333	0.0034643566667453
334	0.003464356665926329
335	0.0034643566652096244
336	0.003464356664582986
337	0.003464356664035221
338	0.0034643566635578797
339	0.0034643566631431186
340	0.003464356662782417
341	0.0034643566624699023
342	0.00346435666219959
343	0.0034643566619662904
344	0.0034643566617654194
345	0.0034643566615932013
346	0.0034643566614450897
347	0.0034643566613190733
348	0.003464356661211284
349	0.003464356661120034
350	0.0034643566610426993
351	0.0034643566609773827
352	0.0034643566609229045
353	0.0034643566608770003
354	0.003464356660838614
355	0.00346435666080706
356	0.003464356660781541
357	0.0034643566607602413
358	0.003464356660742942
359	0.003464356660729609
360	0.003464356660718393
361	0.0034643566607097578
362	0.003464356660703054
363	0.0034643566606982245
364	0.003464356660694472
365	0.0034643566606918402
366	0.0034643566606900444
367	0.003464356660688883
368	0.0034643566606882073
369	0.003464356660687906
370	0.0034643566606879558
371	0.0034643566606884987
372	0.0034643566606884554
373	0.0034643566606895127
374	0.0034643566606900734
375	0.00346435666069076
376	0.0034643566606914157
377	0.0034643566606920133
378	0.003464356660692576
379	0.003464356660692941
380	0.0034643566606929253
381	0.003464356660693425
382	0.0034643566606941704
383	0.0034643566606943664
384	0.003464356660694645
385	0.00346435666069439
386	0.003464356660694578
387	0.003464356660694996
388	0.00346435666069453
389	0.0034643566606943612
390	0.003464356660694317
391	0.003464356660694445
392	0.003464356660693945
393	0.003464356660693543
394	0.0034643566606934423
395	0.003464356660693258
396	0.0034643566606929357
397	0.003464356660692786
398	0.003464356660692347
399	0.0034643566606922215
400	0.003464356660692061
401	0.0034643566606915644
402	0.0034643566606916837
403	0.003464356660691173
404	0.003464356660690974
405	0.003464356660691241
406	0.003464356660690793
407	0.003464356660690437
408	0.0034643566606901224
409	0.003464356660689801
410	0.0034643566606896957
411	0.0034643566606898085
412	0.0034643566606896567
413	0.003464356660689423
414	0.0034643566606889927
415	0.003464356660689299
416	0.0034643566606886787
417	0.0034643566606888444
418	0.003464356660688885
419	0.003464356660688637
420	0.0034643566606886093
