0	0.02084856536143437
1	0.01887405286618946
2	0.0166995757558703
3	0.014514850456698604
4	0.01239729609392145
5	0.010387582778502364
6	0.008566280079759245
7	0.007000708986717457
8	0.0057079661091527355
9	0.004669427450424541
10	0.003853288973451486
11	0.0032254809470584397
12	0.00275279658072226
13	0.0024029987226259347
14	0.002145127560909223
15	0.0019520215705515775
16	0.0018030413005428794
17	0.001684405910858561
18	0.0015877299841661119
19	0.0015082293375864736
20	0.0014432633738660505
21	0.0013912527521337318
22	0.0013508629020567062
23	0.00132040061405549
24	0.0012975956224022694
25	0.001279855559452078
26	0.0012647213881605646
27	0.0012502294348239883
28	0.0012351107666786724
29	0.001218815242148829
30	0.0012013661279673435
31	0.0011831382815832335
32	0.0011646656285112605
33	0.0011465174800207654
34	0.001129240231205103
35	0.0011133295321953062
36	0.0010991907046893554
37	0.0010870937577902554
38	0.0010771546675532526
39	0.001069337638122812
40	0.0010634594925769542
41	0.001059207611907368
42	0.0010561823616330138
43	0.0010539487513557386
44	0.0010520881941555942
45	0.0010502528499544985
46	0.0010482076248911432
47	0.001045841896274671
48	0.0010431586276628572
49	0.0010402524666916488
50	0.0010372733532910605
51	0.0010343812744365074
52	0.0010317124185821522
53	0.001029363441439868
54	0.0010273846374090141
55	0.0010257787815462765
56	0.0010245083747316992
57	0.0010235088463345437
58	0.00102270406790507
59	0.0010220224603978661
60	0.001021408513051611
61	0.001020825477876424
62	0.001020253435831072
63	0.0010196880179769011
64	0.0010191380150053632
65	0.0010186191835371587
66	0.00101814662065363
67	0.0010177293200859278
68	0.001017368577758874
69	0.0010170603092036514
70	0.0010167987963295782
71	0.0010165783681428933
72	0.0010163929037328052
73	0.0010162357028743031
74	0.0010161004974138632
75	0.001015982497163028
76	0.001015878826729596
77	0.001015788164897783
78	0.0010157097200746295
79	0.0010156424730089113
80	0.0010155851484745509
81	0.001015536195007747
82	0.001015493487135344
83	0.001015454293865133
84	0.001015415605042912
85	0.0010153746006204836
86	0.0010153292541123034
87	0.0010152787392003174
88	0.0010152233583638369
89	0.001015164345957666
90	0.001015103701660306
91	0.001015043851153492
92	0.0010149872863841202
93	0.0010149363102949212
94	0.0010148927690192832
95	0.0010148578945648025
96	0.0010148322490899247
97	0.0010148155533018992
98	0.00101480660328889
99	0.0010148035027180687
100	0.001014804038552356
101	0.001014806073253318
102	0.0010148078616077825
103	0.001014808184094106
104	0.0010148064080712914
105	0.0010148024921140014
106	0.001014796819012174
107	0.0010147899756845452
108	0.0010147825854553271
109	0.0010147751610332576
110	0.001014768032248965
111	0.0010147613568274375
112	0.0010147551688963535
113	0.0010147494725404945
114	0.001014744310448734
115	0.001014739760265076
116	0.0010147359161037613
117	0.0010147328588567877
118	0.0010147306214565092
119	0.001014729183779852
120	0.0010147284639466124
121	0.0010147282990572285
122	0.0010147284533408142
123	0.0010147286607835734
124	0.0010147286954127965
125	0.001014728427130416
126	0.0010147278257054094
127	0.0010147269439600795
128	0.0010147258986917846
129	0.001014724835534429
130	0.0010147238851548341
131	0.0010147231274007242
132	0.0010147225805540985
133	0.001014722216459462
134	0.0010147219802601364
135	0.0010147218086347443
136	0.0010147216475604472
137	0.001014721462865369
138	0.00101472124344639
139	0.0010147209975602226
140	0.0010147207434231078
141	0.0010147205006399598
142	0.0010147202845092128
143	0.0010147201026752383
144	0.0010147199541632184
145	0.0010147198308064135
146	0.0010147197225710645
147	0.0010147196233585099
148	0.0010147195317702128
149	0.0010147194486679726
150	0.0010147193755615776
151	0.0010147193140560835
152	0.0010147192650442637
153	0.0010147192274596894
154	0.0010147191982207825
155	0.0010147191735690282
156	0.001014719149976736
157	0.001014719124631996
158	0.0010147190959475306
159	0.001014719063671284
160	0.0010147190288043696
161	0.0010147189932051713
162	0.0010147189590188703
163	0.001014718928284094
164	0.001014718902524544
165	0.0010147188826197774
166	0.001014718868681011
167	0.0010147188599917223
168	0.0010147188553448986
169	0.0010147188533388316
170	0.0010147188525349445
171	0.0010147188517102982
172	0.0010147188501052904
173	0.0010147188475250481
174	0.0010147188440557944
175	0.0010147188397681812
176	0.0010147188347290476
177	0.0010147188290952514
178	0.0010147188231249887
179	0.0010147188171158851
180	0.001014718811340574
181	0.0010147188061116047
182	0.0010147188016959288
183	0.0010147187982706058
184	0.0010147187958378327
185	0.0010147187942445965
186	0.0010147187932547602
187	0.0010147187925723168
188	0.0010147187919450375
189	0.001014718791221721
190	0.0010147187903669528
191	0.0010147187894370942
192	0.001014718788511407
193	0.0010147187876775189
194	0.0010147187869702708
195	0.001014718786387497
196	0.0010147187858771038
197	0.0010147187853974471
198	0.0010147187849254597
199	0.0010147187844640067
200	0.0010147187840258709
201	0.0010147187836178843
202	0.0010147187832517178
203	0.0010147187829295074
204	0.0010147187826477638
205	0.0010147187824024852
206	0.0010147187821843882
207	0.0010147187819954577
208	0.001014718781836251
209	0.0010147187817096818
210	0.001014718781610382
211	0.0010147187815270618
212	0.001014718781452234
213	0.001014718781377669
214	0.0010147187812999344
215	0.0010147187812219584
216	0.0010147187811441814
217	0.0010147187810686852
218	0.0010147187810027334
219	0.0010147187809450952
220	0.0010147187808896532
221	0.001014718780834791
222	0.0010147187807797028
223	0.0010147187807265053
224	0.001014718780676374
225	0.0010147187806374114
226	0.0010147187806078223
227	0.0010147187805947793
228	0.0010147187805889467
229	0.0010147187805865314
230	0.0010147187805840858
231	0.0010147187805775073
232	0.0010147187805666163
233	0.0010147187805501483
234	0.0010147187805341358
235	0.0010147187805159344
236	0.0010147187805005752
237	0.001014718780485582
238	0.0010147187804758781
239	0.0010147187804684433
240	0.0010147187804609758
241	0.0010147187804580445
242	0.0010147187804553876
243	0.0010147187804540386
244	0.0010147187804534015
245	0.0010147187804533488
246	0.001014718780456058
247	0.0010147187804546516
248	0.0010147187804516022
249	0.0010147187804493791
250	0.0010147187804445089
251	0.0010147187804387876
252	0.0010147187804334186
253	0.001014718780430754
254	0.0010147187804290133
255	0.0010147187804245142
256	0.0010147187804260924
257	0.0010147187804254705
258	0.0010147187804256668
259	0.0010147187804254636
260	0.001014718780424784
261	0.001014718780425354
262	0.001014718780425265
263	0.0010147187804268173
264	0.001014718780424689
265	0.0010147187804251127
266	0.0010147187804230688
267	0.0010147187804238063
268	0.0010147187804226843
269	0.0010147187804214633
270	0.0010147187804207792
271	0.0010147187804201404
272	0.0010147187804208453
273	0.0010147187804217454
274	0.0010147187804198652
275	0.0010147187804210077
276	0.001014718780420476
277	0.0010147187804220306
278	0.0010147187804224814
279	0.001014718780420095
280	0.0010147187804208791
281	0.0010147187804196256
282	0.0010147187804211322
283	0.0010147187804225091
284	0.001014718780419466
285	0.0010147187804211563
286	0.00101471878042012
287	0.0010147187804195427
288	0.0010147187804210903
289	0.0010147187804184878
290	0.0010147187804193387
291	0.0010147187804194341
292	0.0010147187804199571
293	0.0010147187804194278
294	0.0010147187804169266
295	0.001014718780419381
296	0.0010147187804204953
297	0.0010147187804184247
298	0.0010147187804192077
299	0.0010147187804185767
300	0.0010147187804210032
301	0.0010147187804193485
302	0.0010147187804190531
303	0.0010147187804197275
304	0.0010147187804200187
305	0.0010147187804183738
306	0.0010147187804180275
307	0.0010147187804200434
308	0.0010147187804193463
309	0.0010147187804192914
310	0.0010147187804214414
311	0.0010147187804194504
312	0.0010147187804203876
313	0.0010147187804197043
314	0.0010147187804182545
315	0.0010147187804190854
316	0.0010147187804182207
317	0.0010147187804205075
318	0.0010147187804209644
319	0.0010147187804196121
320	0.0010147187804203394
321	0.0010147187804184687
322	0.0010147187804187164
323	0.001014718780419941
324	0.0010147187804180632
325	0.0010147187804182257
326	0.0010147187804201369
327	0.0010147187804186327
328	0.0010147187804187855
329	0.0010147187804189356
330	0.001014718780418931
331	0.0010147187804185787
332	0.001014718780420594
333	0.0010147187804189176
334	0.0010147187804190765
335	0.0010147187804184278
336	0.0010147187804197292
337	0.0010147187804185
338	0.0010147187804193714
339	0.001014718780420008
340	0.0010147187804187825
341	0.001014718780419146
342	0.00101471878041726
343	0.0010147187804198524
344	0.001014718780418431
345	0.001014718780416971
