0	0.0023298629459659113
1	0.0022424610279282125
2	0.0021971659737343562
3	0.0021456744005456368
4	0.0021009469557600126
5	0.002067949552279347
6	0.002045492710199421
7	0.0020309335814648138
8	0.0020193697356551774
9	0.0020082096954286486
10	0.0019977105297296705
11	0.001987875631373365
12	0.001978108834354445
13	0.0019685163043720775
14	0.0019595920510527922
15	0.001951201422456314
16	0.0019429558811253696
17	0.0019350217307755125
18	0.001927726224410265
19	0.0019209813006541402
20	0.0019145724784202962
21	0.0019085677223607128
22	0.001903104388677876
23	0.0018980537848470639
24	0.001893168824623126
25	0.0018883770210876426
26	0.0018837063778392616
27	0.0018790790951719433
28	0.0018743617621275873
29	0.0018695310458462272
30	0.0018646664487862036
31	0.001859822813260191
32	0.00185499690883177
33	0.001850204527849791
34	0.0018455132786539747
35	0.0018409838771163542
36	0.001836624619672914
37	0.001832417071238709
38	0.0018283553524369475
39	0.0018244426305555539
40	0.0018206649965404021
41	0.0018169887277701593
42	0.0018133838618997508
43	0.0018098407157159859
44	0.0018063627422674454
45	0.0018029527085703008
46	0.0017996114938464193
47	0.0017963465005572342
48	0.0017931747028852203
49	0.0017901151282529663
50	0.0017871796308158083
51	0.0017843714750148828
52	0.0017816904741323537
53	0.0017791363687542966
54	0.0017767066485958793
55	0.0017743932117072294
56	0.0017721831601274327
57	0.0017700629946932266
58	0.0017680213857877837
59	0.0017660482515135549
60	0.0017641326848857747
61	0.0017622630143055964
62	0.0017604288221040063
63	0.001758622192018958
64	0.0017568368383197766
65	0.0017550665946372934
66	0.0017533051980268292
67	0.0017515472966419966
68	0.0017497891123797688
69	0.0017480279312793463
70	0.0017462612046637914
71	0.0017444863852884994
72	0.0017427015524355465
73	0.0017409059833614568
74	0.0017391001208382408
75	0.0017372852271819834
76	0.001735463267696585
77	0.0017336370700395474
78	0.0017318103407183885
79	0.0017299872620717234
80	0.0017281718727815685
81	0.0017263676330423689
82	0.0017245773213921277
83	0.0017228030836817835
84	0.0017210464220238561
85	0.0017193081183737666
86	0.0017175882249627196
87	0.001715886175662822
88	0.0017142009185711097
89	0.0017125309399344316
90	0.001710874159028954
91	0.0017092277848505726
92	0.0017075882283950276
93	0.0017059510910644885
94	0.0017043111980572952
95	0.00170266266024677
96	0.0017009989913726472
97	0.001699313321015242
98	0.0016975987184343101
99	0.0016958486057270872
100	0.0016940572263902272
101	0.0016922201408729421
102	0.00169033472736436
103	0.0016884006565604768
104	0.0016864202955141985
105	0.0016843989936513094
106	0.0016823452239236505
107	0.0016802705786333099
108	0.0016781896329729968
109	0.0016761196761738084
110	0.0016740802783253548
111	0.0016720926364155813
112	0.0016701786484857799
113	0.0016683597110274783
114	0.0016666553049094882
115	0.0016650815035488017
116	0.0016636495798069387
117	0.0016623648948632837
118	0.0016612262308330656
119	0.001660225689928271
120	0.001659349232688006
121	0.001658577863347471
122	0.0016578893805956594
123	0.0016572605029857158
124	0.0016566690771142138
125	0.0016560960297226177
126	0.0016555267672717546
127	0.0016549518520130966
128	0.0016543669469178555
129	0.0016537721645728224
130	0.0016531710386982193
131	0.0016525693543465855
132	0.0016519740372698717
133	0.0016513922376253515
134	0.001650830669674918
135	0.0016502952033583442
136	0.0016497906598097127
137	0.0016493207448244826
138	0.0016488880598142124
139	0.0016484941494117813
140	0.0016481395671457068
141	0.001647823955121546
142	0.0016475461413214176
143	0.0016473042573021861
144	0.001647095876082518
145	0.0016469181662536912
146	0.0016467680531189338
147	0.0016466423741494495
148	0.0016465380141764668
149	0.0016464520089162528
150	0.0016463816129497367
151	0.0016463243348015246
152	0.001646277948133159
153	0.0016462404877597267
154	0.0016462102384333125
155	0.0016461857207218844
156	0.001646165676365442
157	0.0016461490525963613
158	0.0016461349845507392
159	0.001646122774651416
160	0.0016461118693773245
161	0.0016461018349796764
162	0.00164609233541002
163	0.0016460831147460991
164	0.0016460739856646693
165	0.0016460648230262232
166	0.0016460555597595764
167	0.0016460461819295558
168	0.0016460367204158997
169	0.001646027238633378
170	0.0016460178177781985
171	0.0016460085422111703
172	0.0016459994878298958
173	0.0016459907155064396
174	0.0016459822696677986
175	0.001645974181474692
176	0.0016459664738277524
177	0.0016459591664881872
178	0.001645952279131625
179	0.001645945831740698
180	0.0016459398425214223
181	0.001645934324299663
182	0.0016459292808691877
183	0.001645924704536267
184	0.001645920575663761
185	0.0016459168641431176
186	0.0016459135323527755
187	0.001645910538911517
188	0.0016459078422508696
189	0.0016459054036359496
190	0.0016459031890365384
191	0.001645901169853205
192	0.0016458993227336282
193	0.0016458976286798017
194	0.001645896072031928
195	0.0016458946394769913
196	0.0016458933192382535
197	0.0016458921005892723
198	0.0016458909735742587
199	0.0016458899289905026
200	0.001645888958356381
201	0.0016458880540247247
202	0.0016458872092957855
203	0.0016458864183578534
204	0.001645885676235708
205	0.001645884978779746
206	0.0016458843224873665
207	0.0016458837044094304
208	0.0016458831220371112
209	0.0016458825731855808
210	0.0016458820559140115
211	0.0016458815683931909
212	0.001645881108976298
213	0.0016458806759673756
214	0.0016458802677451851
215	0.0016458798826675526
216	0.0016458795190802892
217	0.0016458791753322444
218	0.0016458788498080591
219	0.0016458785409572147
220	0.001645878247334675
221	0.0016458779676455275
222	0.0016458777007120377
223	0.0016458774455228476
224	0.0016458772012274405
225	0.0016458769670652147
226	0.001645876742406986
227	0.0016458765266544456
228	0.0016458763192921592
229	0.0016458761198605949
230	0.0016458759279348021
231	0.0016458757431472488
232	0.001645875565154201
233	0.0016458753936339334
234	0.001645875228338093
235	0.001645875068980708
236	0.0016458749153130186
237	0.0016458747670511848
238	0.0016458746239016318
239	0.0016458744855802768
240	0.0016458743517809775
241	0.0016458742221925108
242	0.0016458740965211883
243	0.001645873974550698
244	0.0016458738559824006
245	0.0016458737406538045
246	0.0016458736283562136
247	0.001645873518935566
248	0.001645873412248257
249	0.0016458733081579403
250	0.001645873206568432
251	0.0016458731073592703
252	0.0016458730104554824
253	0.001645872915745244
254	0.0016458728231483863
255	0.001645872732565026
256	0.0016458726439200666
257	0.0016458725571393564
258	0.0016458724721219221
259	0.0016458723887864692
260	0.001645872307082805
261	0.0016458722269224943
262	0.0016458721482496895
263	0.001645872070996972
264	0.0016458719951234655
265	0.0016458719205760643
266	0.0016458718473176843
267	0.0016458717753183617
268	0.0016458717045197344
269	0.001645871634908913
270	0.0016458715664553116
271	0.0016458714991144736
272	0.0016458714328920255
273	0.001645871367714318
274	0.0016458713035997254
275	0.0016458712405063114
276	0.0016458711783930383
277	0.001645871117270437
278	0.0016458710570839649
279	0.0016458709978366488
280	0.0016458709394856753
281	0.0016458708820415438
282	0.0016458708254758743
283	0.0016458707697635858
284	0.0016458707148963858
285	0.0016458706608655732
286	0.0016458706076588725
287	0.0016458705552526848
288	0.0016458705036492523
289	0.001645870452811024
290	0.0016458704027547703
291	0.0016458703534374974
292	0.0016458703048688604
293	0.0016458702570446174
294	0.0016458702099267448
295	0.0016458701635278252
296	0.0016458701178219196
297	0.001645870072797449
298	0.0016458700284658417
299	0.0016458699847857936
300	0.0016458699417756517
301	0.0016458698994087208
302	0.0016458698576924944
303	0.0016458698165904586
304	0.0016458697761247655
305	0.0016458697362736398
306	0.0016458696970103454
307	0.0016458696583579642
308	0.0016458696202828853
309	0.001645869582785383
310	0.0016458695458780891
311	0.0016458695095208414
312	0.0016458694737189839
313	0.0016458694384702307
314	0.0016458694037649936
315	0.0016458693695966511
316	0.0016458693359613194
317	0.0016458693028328117
318	0.0016458692702333722
319	0.001645869238137063
320	0.0016458692065311495
321	0.0016458691754216031
322	0.0016458691448117536
323	0.0016458691146665429
324	0.0016458690850218196
325	0.0016458690558262103
326	0.001645869027087298
327	0.0016458689988127918
328	0.001645868970981435
329	0.0016458689435957048
330	0.0016458689166463712
331	0.0016458688901311324
332	0.0016458688640350603
333	0.0016458688383578324
334	0.0016458688130975498
335	0.0016458687882507448
336	0.001645868763786747
337	0.0016458687397496433
338	0.0016458687160754901
339	0.0016458686928021514
340	0.0016458686698941985
341	0.0016458686473701009
342	0.0016458686252231786
343	0.0016458686034238677
344	0.0016458685819922035
345	0.001645868560908192
346	0.0016458685401908736
347	0.001645868519793776
348	0.0016458684997458727
349	0.0016458684800291278
350	0.0016458684606452828
351	0.0016458684415972225
352	0.0016458684228427283
353	0.0016458684044279581
354	0.0016458683863083765
355	0.001645868368495823
356	0.0016458683509871824
357	0.0016458683337787392
358	0.0016458683168551302
359	0.0016458683002242012
360	0.0016458682838727484
361	0.0016458682678117803
362	0.0016458682520154786
363	0.0016458682365017739
364	0.001645868221240381
365	0.0016458682062524632
366	0.0016458681915141212
367	0.0016458681770355414
368	0.0016458681628148657
369	0.0016458681488439695
370	0.001645868135109862
371	0.001645868121606633
372	0.0016458681083588696
373	0.0016458680953272632
374	0.0016458680825365945
375	0.001645868069962136
376	0.0016458680576128969
377	0.0016458680454894856
378	0.0016458680335708934
379	0.0016458680218619218
380	0.0016458680103739166
381	0.0016458679990722814
382	0.00164586798799286
383	0.0016458679771011678
384	0.0016458679664122175
385	0.0016458679559000278
386	0.0016458679455988044
387	0.0016458679354750929
388	0.001645867925530824
389	0.001645867915767802
390	0.001645867906181858
391	0.001645867896769739
392	0.0016458678875341493
393	0.0016458678784643254
394	0.0016458678695690106
395	0.0016458678608240193
396	0.001645867852242704
397	0.001645867843818878
398	0.0016458678355632677
399	0.0016458678274377933
400	0.0016458678194804907
401	0.001645867811669988
402	0.0016458678040001807
403	0.001645867796470219
404	0.0016458677890881961
405	0.001645867781844177
406	0.0016458677747359187
407	0.0016458677677440594
408	0.0016458677609058011
409	0.0016458677541856847
410	0.0016458677475996726
411	0.0016458677411368401
412	0.0016458677347891634
413	0.001645867728564502
414	0.0016458677224634277
415	0.0016458677164789472
416	0.0016458677105991354
417	0.001645867704840905
418	0.0016458676991933493
419	0.0016458676936559015
420	0.001645867688213842
421	0.0016458676828768441
422	0.0016458676776623536
423	0.0016458676725314627
424	0.0016458676675171475
425	0.001645867662586539
426	0.0016458676577523858
427	0.001645867653016623
428	0.0016458676483698553
429	0.0016458676438176187
430	0.0016458676393646201
431	0.001645867634970486
432	0.0016458676306909386
433	0.00164586762647947
434	0.0016458676223509508
435	0.0016458676183144978
436	0.001645867614353516
437	0.0016458676104773955
438	0.0016458676066664426
439	0.001645867602937392
440	0.0016458675992794397
441	0.001645867595695683
442	0.0016458675921927838
443	0.0016458675887549685
444	0.001645867585390112
445	0.0016458675820840204
446	0.0016458675788435858
447	0.0016458675756893316
448	0.001645867572584518
449	0.0016458675695288545
450	0.0016458675665551924
451	0.0016458675636292339
452	0.0016458675607677288
453	0.0016458675579767378
454	0.0016458675552234953
455	0.0016458675525412277
456	0.0016458675499102632
457	0.0016458675473263178
458	0.00164586754479961
459	0.0016458675423334016
460	0.0016458675399077963
461	0.001645867537545128
462	0.0016458675352145555
463	0.00164586753294267
464	0.001645867530720443
465	0.0016458675285309177
466	0.0016458675263956943
467	0.0016458675243052761
468	0.0016458675222658422
469	0.001645867520267133
470	0.001645867518300494
471	0.0016458675163795063
472	0.0016458675145007125
473	0.0016458675126617254
474	0.0016458675108671178
475	0.001645867509106727
476	0.0016458675073721116
477	0.001645867505687972
478	0.0016458675040358695
479	0.0016458675024215248
480	0.0016458675008374265
481	0.0016458674992941465
482	0.0016458674977810784
483	0.001645867496301818
484	0.0016458674948410185
485	0.001645867493422535
486	0.0016458674920447527
487	0.0016458674906836758
488	0.001645867489352293
489	0.0016458674880544789
490	0.0016458674867820492
491	0.0016458674855411469
492	0.0016458674843244459
493	0.0016458674831280522
494	0.001645867481970709
495	0.00164586748083448
496	0.0016458674797181652
497	0.0016458674786359814
498	0.0016458674775668843
499	0.0016458674765218381
500	0.00164586747551182
501	0.0016458674745106487
502	0.0016458674735465905
503	0.0016458674725928274
504	0.0016458674716598736
505	0.0016458674707447347
506	0.0016458674698603818
507	0.0016458674689878608
508	0.001645867468131643
509	0.001645867467299343
510	0.0016458674664919452
511	0.00164586746570547
512	0.0016458674649217362
513	0.0016458674641652163
514	0.001645867463433589
515	0.0016458674626970552
516	0.0016458674619904857
517	0.0016458674613045981
518	0.0016458674606156475
519	0.001645867459959112
520	0.0016458674593202512
521	0.0016458674586870225
522	0.001645867458064637
523	0.0016458674574659246
524	0.0016458674568840944
525	0.00164586745630298
526	0.0016458674557434103
527	0.001645867455186696
528	0.0016458674546617116
529	0.0016458674541371058
530	0.0016458674536218483
531	0.0016458674531176836
532	0.001645867452631815
533	0.0016458674521556377
534	0.0016458674516929472
535	0.0016458674512388537
536	0.0016458674507908414
537	0.001645867450351813
538	0.001645867449934587
539	0.0016458674495205719
540	0.00164586744911762
541	0.0016458674487275088
542	0.0016458674483398887
543	0.00164586744796789
544	0.0016458674475984035
545	0.0016458674472324686
546	0.0016458674468852934
547	0.0016458674465425764
548	0.0016458674462147185
549	0.0016458674458893563
550	0.00164586744558199
551	0.0016458674452590472
552	0.001645867444957928
553	0.001645867444664804
554	0.0016458674443808414
555	0.001645867444095751
556	0.0016458674438205754
557	0.0016458674435493785
558	0.0016458674432930063
559	0.0016458674430321382
560	0.0016458674427819438
561	0.0016458674425493805
562	0.0016458674423067458
563	0.0016458674420756919
564	0.001645867441854565
565	0.0016458674416355477
566	0.0016458674414165347
567	0.0016458674412085377
568	0.0016458674410038867
569	0.0016458674408119161
570	0.001645867440611547
571	0.001645867440426751
572	0.0016458674402392891
573	0.0016458674400597038
574	0.0016458674398819356
575	0.0016458674397053336
576	0.0016458674395373706
577	0.001645867439376936
578	0.0016458674392136232
579	0.00164586743906405
580	0.0016458674389212453
581	0.0016458674387723846
582	0.0016458674386254043
583	0.0016458674384840688
584	0.0016458674383541903
585	0.001645867438208733
586	0.0016458674380823214
587	0.001645867437956107
588	0.001645867437835157
589	0.0016458674377102947
590	0.0016458674375877018
591	0.0016458674374877857
592	0.001645867437371223
593	0.0016458674372623004
594	0.0016458674371640592
595	0.0016458674370617963
596	0.0016458674369606093
597	0.0016458674368603544
598	0.0016458674367594622
599	0.0016458674366683175
600	0.0016458674365823235
601	0.0016458674364803092
602	0.0016458674364023787
603	0.0016458674363227226
604	0.0016458674362392679
605	0.0016458674361576812
606	0.0016458674360859966
607	0.0016458674360128652
608	0.0016458674359366066
609	0.0016458674358610116
610	0.0016458674358008113
611	0.001645867435720738
612	0.0016458674356603735
613	0.0016458674355961985
614	0.0016458674355387666
615	0.0016458674354752412
616	0.0016458674354062164
617	0.0016458674353592262
618	0.0016458674352955527
619	0.0016458674352444651
620	0.0016458674351968888
621	0.0016458674351400783
622	0.0016458674350803416
623	0.0016458674350456155
624	0.001645867434991883
625	0.0016458674349440388
626	0.0016458674348961175
627	0.0016458674348453382
628	0.001645867434815733
629	0.0016458674347618726
630	0.0016458674347346388
631	0.0016458674346911686
632	0.0016458674346473876
633	0.0016458674346187935
634	0.0016458674345754512
635	0.001645867434541658
636	0.001645867434508713
637	0.0016458674344665724
638	0.001645867434439605
639	0.0016458674344084808
640	0.0016458674343856094
641	0.0016458674343495842
642	0.001645867434324888
643	0.0016458674342853105
644	0.0016458674342590292
645	0.0016458674342372565
646	0.0016458674342019715
647	0.0016458674341896403
648	0.0016458674341554304
649	0.0016458674341405652
650	0.0016458674341189464
651	0.0016458674340913814
652	0.001645867434071822
653	0.0016458674340427155
654	0.0016458674340239334
655	0.0016458674340007612
656	0.0016458674339884223
657	0.001645867433970711
658	0.0016458674339417487
659	0.0016458674339251942
660	0.001645867433918744
661	0.001645867433891455
662	0.0016458674338709438
663	0.001645867433856066
664	0.0016458674338484657
665	0.0016458674338285105
666	0.001645867433812852
667	0.0016458674337994585
668	0.0016458674337852934
669	0.0016458674337732919
670	0.0016458674337573712
671	0.0016458674337403334
672	0.0016458674337342127
673	0.0016458674337225493
674	0.0016458674337016244
675	0.001645867433704229
676	0.0016458674336922768
677	0.0016458674336732588
678	0.0016458674336683576
679	0.001645867433657708
680	0.001645867433649058
681	0.0016458674336344442
682	0.0016458674336219798
683	0.0016458674336148511
684	0.0016458674336030353
685	0.0016458674336050862
686	0.0016458674335888847
687	0.0016458674335816327
688	0.001645867433565787
689	0.0016458674335676656
690	0.0016458674335607776
691	0.0016458674335493124
692	0.0016458674335405074
693	0.0016458674335360795
694	0.0016458674335296198
695	0.0016458674335145724
696	0.0016458674335062312
697	0.0016458674335184768
698	0.0016458674335055933
699	0.0016458674334979624
700	0.0016458674334990748
701	0.0016458674334986468
702	0.0016458674334837028
703	0.001645867433478792
704	0.0016458674334798623
705	0.0016458674334705586
706	0.0016458674334647928
707	0.0016458674334685161
708	0.0016458674334521469
709	0.001645867433460307
710	0.0016458674334490382
711	0.0016458674334394838
712	0.0016458674334450915
713	0.0016458674334298283
714	0.0016458674334211124
715	0.0016458674334315546
716	0.001645867433422529
717	0.0016458674334254182
718	0.0016458674334148317
719	0.0016458674334119926
720	0.0016458674334118772
721	0.00164586743340116
722	0.0016458674334042319
723	0.0016458674334086775
724	0.0016458674334053516
725	0.001645867433393591
726	0.00164586743340133
727	0.0016458674333958132
728	0.00164586743338586
729	0.001645867433388149
730	0.0016458674333915974
731	0.001645867433377453
732	0.0016458674333797065
733	0.0016458674333877357
734	0.001645867433381237
735	0.0016458674333758936
736	0.0016458674333756614
737	0.0016458674333741418
738	0.0016458674333651472
739	0.001645867433373971
740	0.0016458674333697618
741	0.0016458674333674759
742	0.0016458674333653554
743	0.0016458674333598273
744	0.0016458674333642358
745	0.0016458674333689781
746	0.001645867433350107
747	0.00164586743335503
748	0.0016458674333586062
749	0.001645867433349859
750	0.0016458674333500974
751	0.0016458674333511589
752	0.001645867433361719
753	0.0016458674333408414
754	0.001645867433350193
755	0.0016458674333471404
756	0.0016458674333461403
757	0.0016458674333440235
758	0.0016458674333389724
759	0.0016458674333493805
760	0.0016458674333440977
761	0.0016458674333455292
762	0.0016458674333391303
763	0.0016458674333367383
764	0.0016458674333355288
765	0.0016458674333456695
766	0.0016458674333385444
767	0.0016458674333440623
768	0.0016458674333315268
769	0.0016458674333436974
770	0.0016458674333382098
771	0.0016458674333438826
772	0.0016458674333293323
773	0.0016458674333342054
774	0.001645867433333789
775	0.0016458674333352447
776	0.0016458674333303986
777	0.0016458674333343706
778	0.0016458674333331969
779	0.001645867433323683
780	0.001645867433331637
781	0.0016458674333402767
782	0.001645867433334459
783	0.0016458674333275376
784	0.0016458674333248535
785	0.0016458674333240824
786	0.0016458674333265197
787	0.0016458674333248056
788	0.0016458674333248867
789	0.001645867433330501
790	0.001645867433326787
791	0.0016458674333262946
792	0.00164586743331592
793	0.0016458674333316489
794	0.0016458674333214246
795	0.0016458674333291608
796	0.0016458674333291136
797	0.00164586743331724
798	0.0016458674333280695
799	0.0016458674333305835
800	0.0016458674333195277
801	0.0016458674333297229
802	0.0016458674333281252
803	0.0016458674333225567
804	0.0016458674333191346
805	0.0016458674333197938
806	0.0016458674333246208
807	0.001645867433322525
808	0.0016458674333244727
809	0.001645867433321428
810	0.001645867433321692
811	0.0016458674333242628
812	0.0016458674333230652
813	0.001645867433319788
814	0.0016458674333201457
815	0.001645867433316579
816	0.0016458674333293386
817	0.0016458674333144142
818	0.0016458674333204052
819	0.0016458674333167025
820	0.0016458674333206542
821	0.0016458674333174658
822	0.0016458674333181985
823	0.00164586743331729
824	0.0016458674333147023
825	0.0016458674333249402
826	0.0016458674333110915
827	0.0016458674333172977
828	0.0016458674333156224
829	0.0016458674333180343
830	0.0016458674333103007
831	0.00164586743332102
832	0.0016458674333231958
833	0.0016458674333153032
834	0.0016458674333318696
835	0.001645867433317888
836	0.0016458674333252718
837	0.0016458674333224574
838	0.0016458674333165598
839	0.0016458674333128004
840	0.0016458674333201576
841	0.0016458674333153516
842	0.0016458674333188416
843	0.001645867433320423
844	0.001645867433311521
845	0.0016458674333208387
846	0.0016458674333163605
847	0.0016458674333178144
848	0.0016458674333180818
849	0.001645867433324427
850	0.001645867433328134
851	0.0016458674333174692
852	0.0016458674333157193
853	0.0016458674333203328
854	0.001645867433320479
855	0.0016458674333262977
856	0.0016458674333164655
857	0.0016458674333209064
858	0.001645867433324494
859	0.001645867433320222
860	0.0016458674333155706
861	0.001645867433318051
862	0.0016458674333151625
863	0.0016458674333209914
864	0.0016458674333145406
865	0.0016458674333170217
866	0.0016458674333298512
867	0.0016458674333160739
868	0.001645867433312558
869	0.0016458674333198237
870	0.0016458674333140796
871	0.0016458674333175054
872	0.0016458674333180452
873	0.0016458674333227133
874	0.0016458674333200982
875	0.0016458674333186066
876	0.0016458674333198649
877	0.0016458674333146503
878	0.0016458674333179625
879	0.0016458674333200455
880	0.0016458674333193616
881	0.001645867433324676
