<Coefficient>
	 3 Total number of radial orbitals.
	Type	L	Zeta-Orbital
	  Rb 	0	    1
	  -0.15127740226707
	   0.25857360823816
	   0.31820245754867
	   0.24083570029334
	   0.08327352510558
	  -0.11569835375778
	  -0.16251742027338
	  -0.44744111254640
	  -0.49326439249877
	  -0.55808656814045
	  -0.47464181797715
	  -0.42603611321320
	  -0.30509960013298
	  -0.23450453779266
	  -0.13641387274065
	  -0.08997315200831
	  -0.03172652975861
	  -0.02019393930011
	   0.00502464086812
	  -0.00210291876173
	   0.00795714122713
	  -0.00437397906984
	   0.00257784029258
	  -0.00703537443341
	   0.00202940980597
	  -0.00533294960204
	   0.00473786004743
	  -0.00328432524616
	Type	L	Zeta-Orbital
	  Rb 	0	    2
	  -0.18143677774553
	   0.29767944900256
	   0.44062294762038
	   0.38679577247440
	   0.31586617484146
	   0.30448015161954
	   0.15824317708734
	   0.37485316356001
	   0.36465541267315
	   0.43767944895294
	   0.34958543043671
	   0.33456909739093
	   0.22258838592918
	   0.18774555452212
	   0.09393667805920
	   0.07606159897265
	   0.01192785513542
	   0.02390990383763
	  -0.01531878675108
	   0.01261232973631
	  -0.01748116081632
	   0.01653144057494
	  -0.01450471766260
	   0.02013140279132
	  -0.01705859093284
	   0.02085913480272
	  -0.02331648591662
	   0.02587077196395
	Type	L	Zeta-Orbital
	  Rb 	1	    1
	   0.58994665345656
	   0.21114390476118
	   0.27978652321966
	   0.16596365586829
	   0.16099509657825
	   0.07186879641064
	   0.06585458591661
	   0.01543562019599
	   0.02128177260946
	  -0.01162085782248
	   0.00343745541381
	  -0.01916311572700
	   0.00195646180155
	  -0.01773317962570
	   0.00715095982142
	  -0.01534338771226
	   0.01218594006482
	  -0.01448643411162
	   0.01547552352123
	  -0.01595599104974
	   0.01777861144977
	  -0.01898764394894
	   0.02044776513216
	  -0.02279324193047
	   0.02476673423463
	  -0.02902054964593
	   0.03556232029341
	  -0.06698885348103
</Coefficient>
<Mkb>
Left spillage = 1.5074694690e+00
</Mkb>
