  0.000000    0.33460687078803    1.14307792878311    0.00000000000000    0.00000000000000    0.00000000000000  
  0.010000    0.33482942429411    1.14238243794024    0.02972626772691    0.04113377509002    0.00023874196803  
  0.020000    0.33549662748048    1.14029725116665    0.05941997122917    0.08220786522715    0.00095420456131  
  0.030000    0.33660710962555    1.13682622252499    0.08904861400697    0.12316276837097    0.00214410304482  
  0.040000    0.33815859043499    1.13197576478753    0.11857983484850    0.16393934739989    0.00380464680711  
  0.050000    0.34014788638822    1.12575483346963    0.14798147507004    0.20447901031174    0.00593056512548  
  0.060000    0.34257091959128    1.11817490454020    0.17722164527173    0.24472388772991    0.00851514292836  
  0.070000    0.34542272910424    1.10924994587246    0.20626879144834    0.28461700684470    0.01155026624937  
  0.080000    0.34869748470208    1.09899638251602    0.23509176029500    0.32410246094245    0.01502647698500  
  0.090000    0.35238850301972    1.08743305588928    0.26365986354862    0.36312557370363    0.01893303648896  
  0.100000    0.35648826602297    1.07458117700815    0.29194294120675    0.40163305748530    0.02325799746155  
  0.110000    0.36098844173907    1.06046427388447    0.31991142346703    0.43957316484235    0.02798828352239  
  0.120000    0.36587990717267    1.04510813324406    0.34753639123166    0.47689583258531    0.03310977579089  
  0.130000    0.37115277332530    1.02854073673090    0.37478963502327    0.51355281772096    0.03860740574061  
  0.140000    0.37679641222912    1.01079219177963    0.40164371216038    0.54949782467381    0.04446525354201  
  0.150000    0.38279948589903    0.99189465735440    0.42807200204338    0.58468662324242    0.05066665106421  
  0.160000    0.38914997710057    0.97188226476671    0.45404875940420    0.61907715680323    0.05719428866907  
  0.170000    0.39583522182511    0.95079103379941    0.47954916537639    0.65262964033637    0.06403032490221  
  0.180000    0.40284194335822    0.92865878437804    0.50454937624542    0.68530664791196    0.07115649816458  
  0.190000    0.41015628782217    0.90552504404344    0.52902656974316    0.71707318934106    0.07855423943554  
  0.200000    0.41776386106874    0.88143095149228    0.55295898875482    0.74789677576264    0.08620478511416  
  0.210000    0.42564976679482    0.85641915646388    0.57632598231139    0.77774747400603    0.09408928904943  
  0.220000    0.43379864574930    0.83053371626247    0.59910804374599    0.80659794963642    0.10218893284272  
  0.230000    0.44219471589744    0.80381998921430    0.62128684589847    0.83442349865947    0.11048503352605  
  0.240000    0.45082181340588    0.77632452536818    0.64284527325889    0.86120206792834    0.11895914774876  
  0.250000    0.45966343431023    0.74809495475631    0.66376745094749    0.88691426436319    0.12759317164107  
  0.260000    0.46870277672544    0.71917987353995    0.68403877043626    0.91154335315764    0.13636943556690  
  0.270000    0.47792278345893    0.68962872837061    0.70364591192531    0.93507524520991    0.14527079302866  
  0.280000    0.48730618488594    0.65949169930287    0.72257686329575    0.95749847407633    0.15428070304401  
  0.290000    0.49683554194738    0.62881958159978    0.74082093557014    0.97880416280231    0.16338330537702  
  0.300000    0.50649328913127    0.59766366677436    0.75836877482111    0.99898598104024    0.17256348807485  
  0.310000    0.51626177730052    0.56607562321373    0.77521237047925    1.01804009291392    0.18180694683357  
  0.320000    0.52612331623185    0.53410737673293    0.79134506000185    1.03596509613576    0.19110023579353  
  0.330000    0.53606021673334    0.50181099140580    0.80676152987559    1.05276195292530    0.20043080944513  
  0.340000    0.54605483221116    0.46923855101891    0.82145781293795    1.06843391331518    0.20978705540783  
  0.350000    0.55608959955972    0.43644204149243    0.83543128201402    1.08298643146371    0.21915831793009  
  0.360000    0.56614707925342    0.40347323460810    0.84868063987835    1.09642707562125    0.22853491204267  
  0.370000    0.57620999452291    0.37038357337986    0.86120590556378    1.10876543242076    0.23790812838349  
  0.380000    0.58626126950333    0.33722405939698    0.87300839705275    1.12001300618066    0.24727022879677  
  0.390000    0.59628406624781    0.30404514246228    0.88409071039977    1.13018311392070    0.25661443289259  
  0.400000    0.60626182050464    0.27089661284012    0.89445669534696    1.13929077679950    0.26593489583405  
  0.410000    0.61617827616289    0.23782749641930    0.90411142750858    1.14735260868415    0.27522667769771  
  0.420000    0.62601751827741    0.20488595308579    0.91306117721371    1.15438670255998    0.28448570482706  
  0.430000    0.63576400459064    0.17211917858860    0.92131337510981    1.16041251548053    0.29370872366971  
  0.440000    0.64540259547558    0.13957331016947    0.92887657464336    1.16545075274539    0.30289324765359  
  0.450000    0.65491858223101    0.10729333621366    0.93576041154678    1.16952325197612    0.31203749771787  
  0.460000    0.66429771366758    0.07532301016442    0.94197556047389    1.17265286773894    0.32114033716744  
  0.470000    0.67352622093020    0.04370476892815    0.94753368893836    1.17486335733698    0.33020120156746  
  0.480000    0.68259084050982    0.01247965598114    0.95244740872173    1.17617926836508    0.33922002443442  
  0.490000    0.69147883540518   -0.01831275062869    0.95673022492922    1.17662582858697    0.34819715951298  
  0.500000    0.70017801440222   -0.04863440520939    0.96039648288194    1.17622883865798    0.35713330045361  
  0.510000    0.70867674944664   -0.07844885612501    0.96346131304455    1.17501456817704    0.36602939872324  
  0.520000    0.71696399109233   -0.10772130213029    0.96594057419674    1.17300965550977    0.37488658059097  
  0.530000    0.72502928201582   -0.13641864322222    0.96785079506504    1.17024101178061    0.38370606403271  
  0.540000    0.73286276859392   -0.16450952591067    0.96920911463952    1.16673572938583    0.39248907639232  
  0.550000    0.74045521054924   -0.19196438283126    0.97003322140581    1.16252099533252    0.40123677362278  
  0.560000    0.74779798867474   -0.21875546664418    0.97034129172913    1.15762400966062    0.40995016190944  
  0.570000    0.75488311065553   -0.24485687818421    0.97015192763054    1.15207190915653    0.41863002244798  
  0.580000    0.76170321501269   -0.27024458884798    0.96948409419968    1.14589169651862    0.42727684011385  
  0.590000    0.76825157319982   -0.29489645722625    0.96835705688949    1.13911017508650    0.43589073671682  
  0.600000    0.77452208988965   -0.31879224000961    0.96679031893982    1.13175388919875    0.44447140948499  
  0.610000    0.78050930149319   -0.34191359721760    0.96480355917595    1.12384907019752    0.45301807536774  
  0.620000    0.78620837295975   -0.36424409182145    0.96241657042639    1.11542158805342    0.46152942168679  
  0.630000    0.79161509291121   -0.38576918385127    0.95964919880145    1.10649690854135    0.47000356359940  
  0.640000    0.79672586716857   -0.40647621909844    0.95652128406948    1.09710005585693    0.47843800876905  
  0.650000    0.80153771073333   -0.42635441254322    0.95305260136221    1.08725558052490    0.48682962956650  
  0.660000    0.80604823829054   -0.44539482665620    0.94926280443382    1.07698753241513    0.49517464304906  
  0.670000    0.81025565330367   -0.46359034474054    0.94517137069008    1.06631943864911    0.50346859888934  
  0.680000    0.81415873577505   -0.48093563949855    0.94079754819477    1.05527428615022    0.51170637534633  
  0.690000    0.81775682874868   -0.49742713702306    0.93616030485013    1.04387450856504    0.51988218329334  
  0.700000    0.82104982363437   -0.51306297642869    0.93127827993629    1.03214197725985    0.52798957823920  
  0.710000    0.82403814443478   -0.52784296535282    0.92616973818258    1.02009799607760    0.53602148020161  
  0.720000    0.82672273095844   -0.54176853156890    0.92085252652930    1.00776329952516    0.54397020121668  
  0.730000    0.82910502110327   -0.55484267096672    0.91534403372490    0.99515805404863    0.55182748019526  
  0.740000    0.83118693229632   -0.56706989216500    0.90966115288755    0.98230186204659    0.55958452476717  
  0.750000    0.83297084217568   -0.57845615803105    0.90382024714459    0.96921376826701    0.56723205968848  
  0.760000    0.83445956860135   -0.58900882439019    0.89783711844653    0.95591226823231    0.57476038132534  
  0.770000    0.83565634908113   -0.59873657621450    0.89172697963509    0.94241531834032    0.58215941767139  
  0.780000    0.83656481969770   -0.60764936158568    0.88550442982756    0.92874034729483    0.58941879330446  
  0.790000    0.83718899362188   -0.61575832373065    0.87918343316141    0.91490426852898    0.59652789864346  
  0.800000    0.83753323929624   -0.62307573143112    0.87277730092564    0.90092349329721    0.60347596282721  
  0.810000    0.83760225837150   -0.62961490810923    0.86629867708669    0.88681394412698    0.61025212950495  
  0.820000    0.83740106347687   -0.63539015989111    0.85975952719918    0.87259106833940    0.61684553480305  
  0.830000    0.83693495590296   -0.64041670294828    0.85317113067334    0.85826985136842    0.62324538671446  
  0.840000    0.83620950327413   -0.64471059041368    0.84654407635389    0.84386482963079    0.62944104514637  
  0.850000    0.83523051728432   -0.64828863916442    0.83988826134730    0.82939010272319    0.63542210185859  
  0.860000    0.83400403156785   -0.65116835675759    0.83321289301813    0.81485934474923    0.64117845952852  
  0.870000    0.83253627977357   -0.65336786879811    0.82652649405871    0.80028581460571    0.64670040919028  
  0.880000    0.83083367390792   -0.65490584700913    0.81983691052103    0.78568236508603    0.65197870531339  
  0.890000    0.82890278300887   -0.65580143826603    0.81315132268505    0.77106145068704    0.65700463781189  
  0.900000    0.82675031220939   -0.65607419484402    0.80647625862423    0.75643513403475    0.66177010030651  
  0.910000    0.82438308224568   -0.65574400611768    0.79981761031580    0.74181509087336    0.66626765400050  
  0.920000    0.82180800946155   -0.65483103193810    0.79318065213220    0.72721261359038    0.67049058657396  
  0.930000    0.81903208635658   -0.65335563789925    0.78657006153932    0.71263861327919    0.67443296555056  
  0.940000    0.81606236272215   -0.65133833269089    0.77998994181785    0.69810362036696    0.67808968564548  
  0.950000    0.81290592740515   -0.64879970772032    0.77344384661630    0.68361778386225    0.68145650966138  
  0.960000    0.80956989073568   -0.64576037916885    0.76693480613723    0.66919086930082    0.68453010256261  
  0.970000    0.80606136765096   -0.64224093263307    0.76046535475309    0.65483225549126    0.68730805842292  
  0.980000    0.80238746154374   -0.63826187048380    0.75403755984413    0.64055093018288    0.68978892001062  
  0.990000    0.79855524885980   -0.63384356205867    0.74765305164789    0.62635548479739    0.69197219084513  
  1.000000    0.79457176446513   -0.62900619678672    0.74131305390929    0.61225410838221    0.69385833963026  
  1.010000    0.79044398779985   -0.62376974032611    0.73501841511977    0.59825458095814    0.69544879704142  
  1.020000    0.78617882983185   -0.61815389377841    0.72876964013623    0.58436426644512    0.69674594491561  
  1.030000    0.78178312082008   -0.61217805602550    0.72256692197300    0.57059010535977    0.69775309796379  
  1.040000    0.77726359889329   -0.60586128921789    0.71641017356466    0.55693860748438    0.69847447819463  
  1.050000    0.77262689944717   -0.59922228742637    0.71029905930299    0.54341584471116    0.69891518230551  
  1.060000    0.76787954535923   -0.59227934845213    0.70423302615810    0.53002744426670    0.69908114236110  
  1.070000    0.76302793801769   -0.58505034877455    0.69821133420192    0.51677858251997    0.69897908014044  
  1.080000    0.75807834915779   -0.57755272160020    0.69223308636104    0.50367397957330    0.69861645559048  
  1.090000    0.75303691349591   -0.56980343796169    0.68629725723633    0.49071789482888    0.69800140987624  
  1.100000    0.74790962214925   -0.56181899080066    0.68040272083744    0.47791412371461    0.69714270356525  
  1.110000    0.74270231682630   -0.55361538195611    0.67454827709232    0.46526599574123    0.69604965052568  
  1.120000    0.73742068477105   -0.54520811196619    0.66873267700458    0.45277637404981    0.69473204815409  
  1.130000    0.73207025444149   -0.53661217258046    0.66295464634453    0.44044765659247    0.69320010457851  
  1.140000    0.72665639190115   -0.52784204186849    0.65721290777375    0.42828177907243    0.69146436350666  
  1.150000    0.72118429790039   -0.51891168180126    0.65150620131712    0.41628021975027    0.68953562740618  
  1.160000    0.71565900562278   -0.50983453817301    0.64583330311071    0.40444400620321    0.68742487971456  
  1.170000    0.71008537906995   -0.50062354272386    0.64019304236893    0.39277372410264    0.68514320678026  
  1.180000    0.70446811205749   -0.49129111731681    0.63458431652867    0.38126952805306    0.68270172023389  
  1.190000    0.69881172779302   -0.48184918001761    0.62900610454355    0.36993115451235    0.68011148047893  
  1.200000    0.69312057900666   -0.47230915292170    0.62345747831541    0.35875793679041    0.67738342197548  
  1.210000    0.68739884860339   -0.46268197156942    0.61793761226511    0.34774882209929    0.67452828096866  
  1.220000    0.68165055080612   -0.45297809578852    0.61244579105842    0.33690239060493    0.67155652628488  
  1.230000    0.67587953275782   -0.44320752180250    0.60698141551652    0.32621687640760    0.66847829378527  
  1.240000    0.67008947655077   -0.43337979544328    0.60154400675351    0.31569019035579    0.66530332502653  
  1.250000    0.66428390165091   -0.42350402630795    0.59613320859611    0.30531994457691    0.66204091063497  
  1.260000    0.65846616768502   -0.41358890270190    0.59074878835172    0.29510347858779    0.65869983885102  
  1.270000    0.65263947755893   -0.40364270721354    0.58539063600268    0.28503788682886    0.65528834964869  
  1.280000    0.64680688087497   -0.39367333277040    0.58005876191377    0.27512004744867    0.65181409477831  
  1.290000    0.64097127761737   -0.38368829903099    0.57475329314961    0.26534665214907    0.64828410402189  
  1.300000    0.63513542207473   -0.37369476897306    0.56947446850625    0.25571423688802    0.64470475788932  
  1.310000    0.62930192696956   -0.36369956554530    0.56422263236850    0.24621921322458    0.64108176692005  
  1.320000    0.62347326776522   -0.35370918825673    0.55899822751028    0.23685790008115    0.63742015769154  
  1.330000    0.61765178712178   -0.34372982958603    0.55380178695998    0.22762655569016    0.63372426557077  
  1.340000    0.61183969947303   -0.33376739110144    0.54863392505694    0.21852140948762    0.62999773418074  
  1.350000    0.60603909569788   -0.32382749919058    0.54349532782700    0.20953869371248    0.62624352149083  
  1.360000    0.60025194786056   -0.31391552030886    0.53838674280711    0.20067467447085    0.62246391237711  
  1.370000    0.59448011399497   -0.30403657566473    0.53330896844876    0.19192568202566    0.61866053743921  
  1.380000    0.58872534290997   -0.29419555526951    0.52826284322954    0.18328814007696    0.61483439780227  
  1.390000    0.58298927899331   -0.28439713128954    0.52324923459999    0.17475859380450    0.61098589557857  
  1.400000    0.57727346699352   -0.27464577064837    0.51826902788998    0.16633373645339    0.60711486961208  
  1.410000    0.57157935676008   -0.26494574683640    0.51332311529502    0.15801043425474    0.60322063608289  
  1.420000    0.56590830792374   -0.25530115089525    0.50841238505789    0.14978574948628    0.59930203350602  
  1.430000    0.56026159450007   -0.24571590155379    0.50353771095534    0.14165696149343    0.59535747162166  
  1.440000    0.55464040940076   -0.23619375450194    0.49869994219290    0.13362158550797    0.59138498364188  
  1.450000    0.54904586883857   -0.22673831079775    0.49389989380366    0.12567738912037    0.58738228129209  
  1.460000    0.54347901661305   -0.21735302441141    0.48913833763870    0.11782240628156    0.58334681206451  
  1.470000    0.53794082826574   -0.20804120891876    0.48441599402863    0.11005494873160    0.57927581808569  
  1.480000    0.53243221509471   -0.19880604336389    0.47973352418628    0.10237361477482    0.57516639599102  
  1.490000    0.52695402801961   -0.18965057731836    0.47509152341124    0.09477729534415    0.57101555719590  
  1.500000    0.52150706129003   -0.18057773517071    0.47049051514752    0.08726517732128    0.56682028795592  
  1.510000    0.51609205603068   -0.17159031968625    0.46593094593491    0.07983674410328    0.56257760861711  
  1.520000    0.51070970361866   -0.16269101488245    0.46141318128534    0.07249177343050    0.55828463147184  
  1.530000    0.50536064888900   -0.15388238826995    0.45693750250462    0.06523033251481    0.55393861665574  
  1.540000    0.50004549316588   -0.14516689251335    0.45250410447050    0.05805277053093    0.54953702554644  
  1.550000    0.49476479711807   -0.13654686656931    0.44811309436757    0.05095970855671    0.54507757115550  
  1.560000    0.48951908343810   -0.12802453636201    0.44376449137009    0.04395202707088    0.54055826503953  
  1.570000    0.48430883934587   -0.11960201505817    0.43945822725439    0.03703085113764    0.53597746029653  
  1.580000    0.47913451891813   -0.11128130300487    0.43519414791343    0.03019753342828    0.53133389025621  
  1.590000    0.47399654524630   -0.10306428739423    0.43097201573764    0.02345363524804    0.52662670252021  
  1.600000    0.46889531242590   -0.09495274171872    0.42679151281832    0.01680090575407    0.52185548805766  
  1.610000    0.46383118738172   -0.08694832508011    0.42265224492213    0.01024125956550    0.51702030511377  
  1.620000    0.45880451153335   -0.07905258141399    0.41855374617902    0.00377675298007    0.51212169774316  
  1.630000    0.45381560230661   -0.07126693868937    0.41449548441941   -0.00259044097670    0.50716070883510  
  1.640000    0.44886475449685   -0.06359270814086    0.41047686709175   -0.00885805843444    0.50213888755399  
  1.650000    0.44395224149063   -0.05603108358749    0.40649724768646   -0.01502377125078    0.49705829117500  
  1.660000    0.43907831635291   -0.04858314088916    0.40255593258935   -0.02108521402663    0.49192148135076  
  1.670000    0.43424321278688   -0.04124983758736    0.39865218828413   -0.02704001131444    0.48673151490052  
  1.680000    0.42944714597449   -0.03403201277306    0.39478524882227   -0.03288580476932    0.48149192926677  
  1.690000    0.42469031330546   -0.02693038721951    0.39095432347667   -0.03862027999534    0.47620672283647  
  1.700000    0.41997289500305   -0.01994556381336    0.38715860449616   -0.04424119284365    0.47088033037342  
  1.710000    0.41529505465505   -0.01307802831218    0.38339727487756   -0.04974639492580    0.46551759385499  
  1.720000    0.41065693965831   -0.00632815045120    0.37966951607401   -0.05513385811432    0.46012372904953  
  1.730000    0.40605868158545    0.00030381458290    0.37597451556027   -0.06040169781391    0.45470428821054  
  1.740000    0.40150039648217    0.00681772429911    0.37231147417837   -0.06554819479910    0.44926511929886  
  1.750000    0.39698218510363    0.01321354666304    0.36867961319086   -0.07057181542928    0.44381232217531  
  1.760000    0.39250413309811    0.01949135747002    0.36507818097327   -0.07547123006820    0.43835220223234  
  1.770000    0.38806631114627    0.02565133733396    0.36150645928174   -0.08024532955332    0.43289122195495  
  1.780000    0.38366877506367    0.03169376830041    0.35796376903802   -0.08489323957925    0.42743595091700  
  1.790000    0.37931156587451    0.03761903009707    0.35444947557913   -0.08941433288044    0.42199301473058  
  1.800000    0.37499470986376    0.04342759603958    0.35096299332602   -0.09380823911930    0.41656904347167  
  1.810000    0.37071821861477    0.04912002861462    0.34750378983176   -0.09807485240845    0.41117062010589  
  1.820000    0.36648208903919    0.05469697476633    0.34407138917713   -0.10221433641821    0.40580422943359  
  1.830000    0.36228630340521    0.06015916091543    0.34066537468847   -0.10622712704349    0.40047620806342  
  1.840000    0.35813082937035    0.06550738774380    0.33728539096007   -0.11011393262765    0.39519269590894  
  1.850000    0.35401562002394    0.07074252477985    0.33393114517079   -0.11387573176333    0.38995958968280  
  1.860000    0.34994061394440    0.07586550482232    0.33060240769202   -0.11751376871335    0.38478249883900  
  1.870000    0.34590573527582    0.08087731824216    0.32729901199125   -0.12102954651650    0.37966670438503  
  1.880000    0.34191089382785    0.08577900720333    0.32402085384289   -0.12442481786465    0.37461712095306  
  1.890000    0.33795598520233    0.09057165984442    0.32076788986485   -0.12770157385743    0.36963826248322  
  1.900000    0.33404089094978    0.09525640446337    0.31754013540587   -0.13086203076045    0.36473421183254  
  1.910000    0.33016547875823    0.09983440374772    0.31433766181518   -0.13390861491044    0.35990859458093  
  1.920000    0.32632960267625    0.10430684909209    0.31116059313177   -0.13684394592707    0.35516455726070  
  1.930000    0.32253310337193    0.10867495504398    0.30800910223604   -0.13967081840603    0.35050475019018  
  1.940000    0.31877580842856    0.11293995391744    0.30488340651158   -0.14239218228073    0.34593131504333  
  1.950000    0.31505753267768    0.11710309061265    0.30178376306909   -0.14501112205088    0.34144587723910  
  1.960000    0.31137807856953    0.12116561767694    0.29871046358846   -0.14753083508545    0.33704954318459  
  1.970000    0.30773723658047    0.12512879064085    0.29566382883804   -0.14995460921425    0.33274290235699  
  1.980000    0.30413478565651    0.12899386365960    0.29264420293273   -0.15228579982739    0.32852603416086  
  1.990000    0.30057049369181    0.13276208548734    0.28965194739439   -0.15452780670434    0.32439851944958  
  2.000000    0.29704411804040    0.13643469580848    0.28668743507949   -0.15668405079524    0.32035945655374  
  2.010000    0.29355540605918    0.14001292194642    0.28375104403912   -0.15875795117496    0.31640748161546  
  2.020000    0.29010409567986    0.14349797596662    0.28084315137670   -0.16075290238729    0.31254079298586  
  2.030000    0.28668991600723    0.14689105218679    0.27796412716787   -0.16267225239031    0.30875717940400  
  2.040000    0.28331258794079    0.15019332510334    0.27511432850546   -0.16451928130660    0.30505405164024  
  2.050000    0.27997182481663    0.15340594773871    0.27229409373076   -0.16629718117195    0.30142847725461  
  2.060000    0.27666733306625    0.15653005041074    0.26950373690928   -0.16800903686502    0.29787721809266  
  2.070000    0.27339881288868    0.15956673992072    0.26674354260642   -0.16965780838692    0.29439677011692  
  2.080000    0.27016595893232    0.16251709915301    0.26401376101445   -0.17124631464522    0.29098340515225  
  2.090000    0.26696846098269    0.16538218707549    0.26131460347810   -0.17277721888067    0.28763321410767  
  2.100000    0.26380600465229    0.16816303912579    0.25864623846166   -0.17425301585758    0.28434215122660  
  2.110000    0.26067827206862    0.17086066796558    0.25600878799520   -0.17567602092058    0.28110607891084  
  2.120000    0.25758494255658    0.17347606458097    0.25340232463230   -0.17704836100106    0.27792081266232  
  2.130000    0.25452569331131    0.17601019970484    0.25082686894629   -0.17837196763695    0.27478216568922  
  2.140000    0.25150020005787    0.17846402553352    0.24828238758582   -0.17964857204897    0.27168599273126  
  2.150000    0.24850813769388    0.18083847770805    0.24576879190510   -0.18087970229603    0.26862823267039  
  2.160000    0.24554918091173    0.18313447752799    0.24328593717762   -0.18206668251163    0.26560494951000  
  2.170000    0.24262300479699    0.18535293436398    0.24083362239647   -0.18321063420286    0.26261237132598  
  2.180000    0.23972928539971    0.18749474823363    0.23841159065825   -0.18431247957310    0.25964692681726  
  2.190000    0.23686770027578    0.18956081250433    0.23601953012148   -0.18537294681023    0.25670527911171  
  2.200000    0.23403792899555    0.19155201668588    0.23365707552478   -0.18639257726307    0.25378435651409  
  2.210000    0.23123965361717    0.19346924927514    0.23132381024455   -0.18737173441066    0.25088137991716  
  2.220000    0.22847255912254    0.19531340061550    0.22901926886637   -0.18831061451259    0.24799388663374  
  2.230000    0.22573633381398    0.19708536573370    0.22674294023952   -0.18920925881216    0.24511975044615  
  2.240000    0.22303066966983    0.19878604711780    0.22449427097929   -0.19006756715056    0.24225719771035  
  2.250000    0.22035526265795    0.20041635740087    0.22227266937756   -0.19088531283717    0.23940481939404  
  2.260000    0.21770981300591    0.20197722191671    0.22007750967822   -0.19166215860980    0.23656157897047  
  2.270000    0.21509402542750    0.20346958109534    0.21790813667088   -0.19239767350963    0.23372681613342  
  2.280000    0.21250760930495    0.20489439266847    0.21576387055321   -0.19309135048778    0.23090024634184  
  2.290000    0.20995027882718    0.20625263365717    0.21364401201030   -0.19374262455462    0.22808195624551  
  2.300000    0.20742175308429    0.20754530211679    0.21154784745738   -0.19435089127951    0.22527239508499  
  2.310000    0.20492175611906    0.20877341861695    0.20947465439123   -0.19491552544617    0.22247236219985  
  2.320000    0.20245001693631    0.20993802743754    0.20742370679492   -0.19543589966966    0.21968299081807  
  2.330000    0.20000626947173    0.21104019746459    0.20539428054050   -0.19591140278234    0.21690572833628  
  2.340000    0.19759025252149    0.21208102277372    0.20338565873473   -0.19634145780040    0.21414231333500  
  2.350000    0.19520170963463    0.21306162289179    0.20139713695395   -0.19672553928836    0.21139474960453  
  2.360000    0.19284038897050    0.21398314273111    0.19942802831599   -0.19706318994612    0.20866527748573  
  2.370000    0.19050604312338    0.21484675219426    0.19747766833880   -0.19735403625282    0.20595634285500  
  2.380000    0.18819842891716    0.21565364545064    0.19554541953834   -0.19759780301225    0.20327056410439  
  2.390000    0.18591730717262    0.21640503988987    0.19363067572124   -0.19779432665686    0.20061069748546  
  2.400000    0.18366244245052    0.21710217476007    0.19173286593117   -0.19794356718129    0.19797960119937  
  2.410000    0.18143360277345    0.21774630950284    0.18985145801180   -0.19804561859091    0.19538019862550  
  2.420000    0.17923055932972    0.21833872179935    0.18798596175331   -0.19810071776675    0.19281544108639  
  2.430000    0.17705308616268    0.21888070534550    0.18613593159420   -0.19810925166516    0.19028827054852  
  2.440000    0.17490095984876    0.21937356737647    0.18430096885445   -0.19807176278764    0.18780158265548  
  2.450000    0.17277395916771    0.21981862596367    0.18248072348146   -0.19798895287461    0.18535819048378  
  2.460000    0.17067186476845    0.22021720710961    0.18067489529509   -0.19786168479491    0.18296078940042  
  2.470000    0.16859445883397    0.22057064166777    0.17888323472339   -0.19769098262152    0.18061192338716  
  2.480000    0.16654152474852    0.22088026211686    0.17710554302570   -0.19747802990232    0.17831395317794  
  2.490000    0.16451284677051    0.22114739921996    0.17534167200532   -0.19722416615295    0.17606902653453  
  2.500000    0.16250820971418    0.22137337860008    0.17359152321881   -0.19693088161680    0.17387905096038  
  2.510000    0.16052739864308    0.22155951726494    0.17185504669427   -0.19659981035436    0.17174566912510  
  2.520000    0.15857019857834    0.22170712011368    0.17013223917566   -0.19623272174066    0.16967023724148  
  2.530000    0.15663639422425    0.22181747645876    0.16842314191501   -0.19583151046545    0.16765380660427  
  2.540000    0.15472576971384    0.22189185659603    0.16672783803879   -0.19539818514501    0.16569710846563  
  2.550000    0.15283810837661    0.22193150845523    0.16504644951871   -0.19493485566835    0.16380054238556  
  2.560000    0.15097319253052    0.22193765436268    0.16337913378117   -0.19444371941222    0.16196416815877  
  2.570000    0.14913080329999    0.22191148794641    0.16172607999279   -0.19392704647055    0.16018770138101  
  2.580000    0.14731072046146    0.22185417121291    0.16008750506263   -0.19338716405260    0.15847051267969  
  2.590000    0.14551272231782    0.22176683182261    0.15846364940419   -0.19282644021221    0.15681163059479  
  2.600000    0.14373658560255    0.22165056058943    0.15685477250229   -0.19224726707586    0.15520974805852  
  2.610000    0.14198208541441    0.22150640922739    0.15526114833182   -0.19165204374205    0.15366323238450  
  2.620000    0.14024899518296    0.22133538836498    0.15368306067619   -0.19104315902631    0.15217013864149  
  2.630000    0.13853708666502    0.22113846584507    0.15212079839417   -0.19042297422737    0.15072822625206  
  2.640000    0.13684612997202    0.22091656532570    0.15057465068392   -0.18979380608849    0.14933497862411  
  2.650000    0.13517589362750    0.22067056519372    0.14904490239268   -0.18915791012537    0.14798762559259  
  2.660000    0.13352614465434    0.22040129780071    0.14753182941955   -0.18851746448732    0.14668316842125  
  2.670000    0.13189664869040    0.22010954902696    0.14603569425800   -0.18787455451236    0.14541840708880  
  2.680000    0.13028717013148    0.21979605817643    0.14455674172227   -0.18723115812895    0.14418996956221  
  2.690000    0.12869747230004    0.21946151820252    0.14309519490031   -0.18658913224793    0.14299434274078  
  2.700000    0.12712731763786    0.21910657626085    0.14165125137280   -0.18595020027745    0.14182790473951  
  2.710000    0.12557646792081    0.21873183458273    0.14022507973506   -0.18531594088187    0.14068695816833  
  2.720000    0.12404468449348    0.21833785165942    0.13881681645512   -0.18468777809251    0.13956776405554  
  2.730000    0.12253172852138    0.21792514372475    0.13742656309782   -0.18406697286382    0.13846657605959  
  2.740000    0.12103736125831    0.21749418652060    0.13605438394047   -0.18345461615388    0.13737967461227  
  2.750000    0.11956134432624    0.21704541732734    0.13470030400190   -0.18285162359233    0.13630340063967  
  2.760000    0.11810344000503    0.21657923723857    0.13336430750194   -0.18225873178252    0.13523418851372  
  2.770000    0.11666341152929    0.21609601365765    0.13204633676413   -0.18167649626816    0.13416859789737  
  2.780000    0.11524102338955    0.21559608299122    0.13074629156976   -0.18110529117799    0.13310334416021  
  2.790000    0.11383604163484    0.21507975351323    0.12946402896668   -0.18054531054496    0.13203532705814  
  2.800000    0.11244823417403    0.21454730837156    0.12819936353168   -0.17999657127971    0.13096165739071  
  2.810000    0.11107737107297    0.21399900870817    0.12695206808060   -0.17945891776181    0.12987968137266  
  2.820000    0.10972322484479    0.21343509686248    0.12572187481593   -0.17893202799606    0.12878700248159  
  2.830000    0.10838557073074    0.21285579962751    0.12450847689692   -0.17841542126574    0.12768150057137  
  2.840000    0.10706418696891    0.21226133152767    0.12331153041360   -0.17790846720029    0.12656134807084  
  2.850000    0.10575885504849    0.21165189808711    0.12213065674147   -0.17741039616088    0.12542502311853  
  2.860000    0.10446935994735    0.21102769905803    0.12096544525039   -0.17692031083486    0.12427131951721  
  2.870000    0.10319549035071    0.21038893157865    0.11981545633747   -0.17643719891839    0.12309935342571  
  2.880000    0.10193703884908    0.20973579323154    0.11868022475083   -0.17595994675651    0.12190856673988  
  2.890000    0.10069380211371    0.20906848497432    0.11755926316822   -0.17548735380075    0.12069872714939  
  2.900000    0.09946558104810    0.20838721391583    0.11645206599226   -0.17501814773708    0.11946992489162  
  2.910000    0.09825218091432    0.20769219591277    0.11535811332192   -0.17455100013115    0.11822256625818  
  2.920000    0.09705341143298    0.20698365796375    0.11427687505848   -0.17408454243314    0.11695736394290  
  2.930000    0.09586908685635    0.20626184037956    0.11320781510317   -0.17361738218212    0.11567532435248  
  2.940000    0.09469902601374    0.20552699871112    0.11215039560261   -0.17314811924835    0.11437773203186  
  2.950000    0.09354305232931    0.20477940541868    0.11110408119860   -0.17267536195275    0.11306613138515  
  2.960000    0.09240099381190    0.20401935126894    0.11006834323843   -0.17219774290449    0.11174230590038  
  2.970000    0.09127268301744    0.20324714644890    0.10904266390304   -0.17171393440185    0.11040825511041  
  2.980000    0.09015795698433    0.20246312138870    0.10802654021097   -0.17122266324609    0.10906616954488  
  2.990000    0.08905665714249    0.20166762728820    0.10701948785821   -0.17072272482543    0.10771840394706  
  3.000000    0.08796862919722    0.20086103634510    0.10602104485525   -0.17021299633369    0.10636744904592  
  3.010000    0.08689372298899    0.20004374168536    0.10503077492555   -0.16969244899820    0.10501590218674  
  3.020000    0.08583179233066    0.19921615699971    0.10404827063190   -0.16916015920161    0.10366643713368  
  3.030000    0.08478269482372    0.19837871589251    0.10307315620036   -0.16861531839450    0.10232177336429  
  3.040000    0.08374629165549    0.19753187095258    0.10210509001458   -0.16805724170797    0.10098464517903  
  3.050000    0.08272244737910    0.19667609255772    0.10114376675693   -0.16748537518928    0.09965777094891  
  3.060000    0.08171102967862    0.19581186742765    0.10018891917649   -0.16689930159763    0.09834382282067  
  3.070000    0.08071190912139    0.19493969694220    0.09924031946813   -0.16629874471212    0.09704539719226  
  3.080000    0.07972495890014    0.19406009524384    0.09829778025058   -0.16568357211915    0.09576498626102  
  3.090000    0.07875005456716    0.19317358714586    0.09736115513589   -0.16505379646199    0.09450495093428  
  3.100000    0.07778707376321    0.19228070586896    0.09643033888678   -0.16440957515068    0.09326749537541  
  3.110000    0.07683589594364    0.19138199063087    0.09550526716252   -0.16375120854630    0.09205464344016  
  3.120000    0.07589640210428    0.19047798411477    0.09458591585835   -0.16307913664849    0.09086821723619  
  3.130000    0.07496847450972    0.18956922984337    0.09367230004731   -0.16239393433036    0.08970981801535  
  3.140000    0.07405199642641    0.18865626948631    0.09276447253769   -0.16169630517924    0.08858080958241  
  3.150000    0.07314685186311    0.18773964012907    0.09186252206287   -0.16098707401534    0.08748230437643  
  3.160000    0.07225292532104    0.18681987153167    0.09096657112409   -0.16026717817358    0.08641515235214  
  3.170000    0.07137010155601    0.18589748340562    0.09007677351016   -0.15953765764565    0.08537993275843  
  3.180000    0.07049826535461    0.18497298273706    0.08919331152116   -0.15879964419046    0.08437694888016  
  3.190000    0.06963730132655    0.18404686118347    0.08831639292621   -0.15805434953100    0.08340622577817  
  3.200000    0.06878709371496    0.18311959257050    0.08744624768774   -0.15730305276417    0.08246751103053  
  3.210000    0.06794752622621    0.18219163051442    0.08658312448708   -0.15654708711742    0.08156027844685  
  3.220000    0.06711848188087    0.18126340619406    0.08572728708797   -0.15578782619197    0.08068373469628  
  3.230000    0.06629984288693    0.18033532629480    0.08487901057587   -0.15502666983695    0.07983682875975  
  3.240000    0.06549149053631    0.17940777114523    0.08403857751235   -0.15426502980141    0.07901826408800  
  3.250000    0.06469330512563    0.17848109306505    0.08320627404416   -0.15350431531320    0.07822651331915  
  3.260000    0.06390516590155    0.17755561494070    0.08238238600706   -0.15274591873305    0.07745983538379  
  3.270000    0.06312695103119    0.17663162904282    0.08156719506417   -0.15199120143121    0.07671629480136  
  3.280000    0.06235853759772    0.17570939609722    0.08076097491815   -0.15124148003060    0.07599378295002  
  3.290000    0.06159980162085    0.17478914461834    0.07996398763549   -0.15049801315628    0.07529004107261  
  3.300000    0.06085061810189    0.17387107051186    0.07917648011988   -0.14976198882478    0.07460268476460  
  3.310000    0.06011086109278    0.17295533694999    0.07839868076987   -0.14903451260029    0.07392922967598  
  3.320000    0.05938040378820    0.17204207452068    0.07763079635396   -0.14831659663559    0.07326711814765  
  3.330000    0.05865911863968    0.17113138164895    0.07687300913396   -0.14760914970656    0.07261374649497  
  3.340000    0.05794687749044    0.17022332528604    0.07612547426467   -0.14691296833830    0.07196649264591  
  3.350000    0.05724355172945    0.16931794185940    0.07538831749491   -0.14622872910917    0.07132274383923  
  3.360000    0.05654901246314    0.16841523847396    0.07466163319194   -0.14555698220696    0.07067992408930  
  3.370000    0.05586313070282    0.16751519435275    0.07394548270763   -0.14489814629805    0.07003552112824  
  3.380000    0.05518577756592    0.16661776250242    0.07323989310128   -0.14425250475698    0.06938711254332  
  3.390000    0.05451682448894    0.16572287158746    0.07254485623041   -0.14362020328963    0.06873239083763  
  3.400000    0.05385614344985    0.16483042799439    0.07186032821666   -0.14300124896895    0.06806918715494  
  3.410000    0.05320360719774    0.16394031806578    0.07118622929048   -0.14239551068785    0.06739549342514  
  3.420000    0.05255908948736    0.16305241048226    0.07052244401406   -0.14180272101898    0.06670948270474  
  3.430000    0.05192246531602    0.16216655876922    0.06986882187839   -0.14122247945752    0.06600952750720  
  3.440000    0.05129361116063    0.16128260390383    0.06922517826617   -0.14065425700851    0.06529421594005  
  3.450000    0.05067240521234    0.16040037699710    0.06859129576910   -0.14009740206699    0.06456236548997  
  3.460000    0.05005872760648    0.15951970202509    0.06796692584383   -0.13955114752647    0.06381303432271  
  3.470000    0.04945246064540    0.15864039858291    0.06735179078828   -0.13901461903860    0.06304552999146  
  3.480000    0.04885348901202    0.15776228463508    0.06674558601601   -0.13848684433582    0.06225941547519  
  3.490000    0.04826169997188    0.15688517923602    0.06614798260413   -0.13796676351831    0.06145451249727  
  3.500000    0.04767698356171    0.15600890519464    0.06555863008698   -0.13745324019699    0.06063090210322  
  3.510000    0.04709923276247    0.15513329165786    0.06497715946584   -0.13694507337611    0.05978892250558  
  3.520000    0.04652834365528    0.15425817658871    0.06440318640257   -0.13644100995210    0.05892916423281  
  3.530000    0.04596421555851    0.15338340911565    0.06383631456354   -0.13593975769927    0.05805246264688  
  3.540000    0.04540675114465    0.15250885173137    0.06327613907880   -0.13543999860865    0.05715988792208  
  3.550000    0.04485585653576    0.15163438232070    0.06272225008021   -0.13494040244343    0.05625273260339  
  3.560000    0.04431144137653    0.15075989599901    0.06217423628209   -0.13443964037223    0.05533249688781  
  3.570000    0.04377341888402    0.14988530674460    0.06163168856703   -0.13393639854184    0.05440087179539  
  3.580000    0.04324170587371    0.14901054881046    0.06109420354029   -0.13342939145165    0.05345972041761  
  3.590000    0.04271622276132    0.14813557790312    0.06056138701619   -0.13291737499502    0.05251105745059  
  3.600000    0.04219689354044    0.14726037211865    0.06003285740095   -0.13239915903621    0.05155702723708  
  3.610000    0.04168364573600    0.14638493262825    0.05950824893787   -0.13187361939734    0.05059988055600  
  3.620000    0.04117641033399    0.14550928410845    0.05898721478176   -0.13133970913570    0.04964195041013  
  3.630000    0.04067512168800    0.14463347491335    0.05846942987208   -0.13079646899989    0.04868562707189  
  3.640000    0.04017971740328    0.14375757698899    0.05795459357594   -0.13024303696166    0.04773333265337  
  3.650000    0.03969013819955    0.14288168553247    0.05744243207477   -0.12967865673036    0.04678749547082  
  3.660000    0.03920632775352    0.14200591840087    0.05693270047132   -0.12910268516743    0.04585052447414  
  3.670000    0.03872823252273    0.14113041527758    0.05642518459648   -0.12851459852995    0.04492478401011  
  3.680000    0.03825580155215    0.14025533660591    0.05591970249845   -0.12791399748430    0.04401256918311  
  3.690000    0.03778898626543    0.13938086230213    0.05541610560058   -0.12730061084380    0.04311608206944  
  3.700000    0.03732774024250    0.13850719026239    0.05491427951698   -0.12667429799727    0.04223740903108  
  3.710000    0.03687201898570    0.13763453467958    0.05441414451916   -0.12603505000889    0.04137849936184  
  3.720000    0.03642177967655    0.13676312418848    0.05391565565031   -0.12538298938322    0.04054114548374  
  3.730000    0.03597698092521    0.13589319985868    0.05341880248723   -0.12471836850300    0.03972696489381  
  3.740000    0.03553758251511    0.13502501305667    0.05292360855402   -0.12404156676051    0.03893738404244  
  3.750000    0.03510354514500    0.13415882319933    0.05243013039480   -0.12335308641680    0.03817362430260  
  3.760000    0.03467483017065    0.13329489542217    0.05193845631626   -0.12265354723550    0.03743669016704  
  3.770000    0.03425139934871    0.13243349818661    0.05144870481439   -0.12194367995058    0.03672735978588  
  3.780000    0.03383321458498    0.13157490085067    0.05096102270259   -0.12122431863870    0.03604617793217  
  3.790000    0.03342023768931    0.13071937122829    0.05047558296166   -0.12049639207794    0.03539345145674  
  3.800000    0.03301243013942    0.12986717316192    0.04999258233466   -0.11976091418441    0.03476924726730  
  3.810000    0.03260975285577    0.12901856413326    0.04951223869246   -0.11901897362756    0.03417339283991  
  3.820000    0.03221216598935    0.12817379293637    0.04903478819769   -0.11827172273267    0.03360547924420  
  3.830000    0.03181962872450    0.12733309743656    0.04856048229707   -0.11752036578615    0.03306486663737  
  3.840000    0.03143209909828    0.12649670243778    0.04808958457357   -0.11676614686461    0.03255069215637  
  3.850000    0.03104953383818    0.12566481767996    0.04762236749118   -0.11601033731333    0.03206188011227  
  3.860000    0.03067188821938    0.12483763598614    0.04715910906610   -0.11525422300264    0.03159715436783  
  3.870000    0.03029911594295    0.12401533157824    0.04670008949882   -0.11449909149263    0.03115505275600  
  3.880000    0.02993116903593    0.12319805857786    0.04624558780157   -0.11374621923707    0.03073394337706  
  3.890000    0.02956799777404    0.12238594970729    0.04579587845594   -0.11299685895640    0.03033204259254  
  3.900000    0.02920955062777    0.12157911520331    0.04535122813475   -0.11225222730765    0.02994743451756  
  3.910000    0.02885577423209    0.12077764195455    0.04491189252144   -0.11151349297549    0.02957809179797  
  3.920000    0.02850661338003    0.11998159287072    0.04447811325938   -0.11078176530407    0.02922189744656  
  3.930000    0.02816201103988    0.11919100648984    0.04405011506179   -0.11005808358305    0.02887666750253  
  3.940000    0.02782190839598    0.11840589682695    0.04362810301129   -0.10934340709461    0.02854017427055  
  3.950000    0.02748624491228    0.11762625346566    0.04321226007623   -0.10863860601968    0.02821016989141  
  3.960000    0.02715495841819    0.11685204189124    0.04280274486816   -0.10794445329277    0.02788440999350  
  3.970000    0.02682798521557    0.11608320406165    0.04239968966293   -0.10726161748467    0.02756067717505  
  3.980000    0.02650526020582    0.11531965921040    0.04200319870438   -0.10659065678178    0.02723680407001  
  3.990000    0.02618671703569    0.11456130487307    0.04161334680725   -0.10593201411904    0.02691069575601  
  4.000000    0.02587228826035    0.11380801812675    0.04123017827244   -0.10528601351184    0.02658035127113  
  4.010000    0.02556190552198    0.11305965702998    0.04085370612460   -0.10465285761967    0.02624388401658  
  4.020000    0.02525549974205    0.11231606224830    0.04048391167873   -0.10403262656178    0.02589954083550  
  4.030000    0.02495300132549    0.11157705884909    0.04012074443905   -0.10342527799220    0.02554571957284  
  4.040000    0.02465434037448    0.11084245824755    0.03976412233005   -0.10283064842851    0.02518098493855  
  4.050000    0.02435944690992    0.11011206028415    0.03941393225594   -0.10224845581629    0.02480408251486  
  4.060000    0.02406825109821    0.10938565541262    0.03907003098193   -0.10167830329828    0.02441395076904  
  4.070000    0.02378068348122    0.10866302697662    0.03873224632683   -0.10111968414539    0.02400973095469  
  4.080000    0.02349667520708    0.10794395355211    0.03840037865379   -0.10057198779475    0.02359077480746  
  4.090000    0.02321615825953    0.10722821133206    0.03807420264284   -0.10003450692922    0.02315664996489  
  4.100000    0.02293906568358    0.10651557652954    0.03775346932599   -0.09950644552187    0.02270714306467  
  4.110000    0.02266533180524    0.10580582777534    0.03743790836303   -0.09898692775993    0.02224226050002  
  4.120000    0.02239489244319    0.10509874848598    0.03712723053395   -0.09847500775348    0.02176222683613  
  4.130000    0.02212768511025    0.10439412917867    0.03682113042149   -0.09796967992688    0.02126748091604  
  4.140000    0.02186364920274    0.10369176971007    0.03651928925575   -0.09746988998394    0.02075866970899  
  4.150000    0.02160272617581    0.10299148141661    0.03622137789089   -0.09697454633267    0.02023663997745  
  4.160000    0.02134485970307    0.10229308913510    0.03592705988311   -0.09648253185079    0.01970242786223  
  4.170000    0.02108999581895    0.10159643308354    0.03563599463765   -0.09599271587028    0.01915724650636  
  4.180000    0.02083808304238    0.10090137058346    0.03534784059252   -0.09550396625746    0.01860247185853  
  4.190000    0.02058907248053    0.10020777760679    0.03506225840582   -0.09501516146413    0.01803962681596  
  4.200000    0.02034291791177    0.09951555013187    0.03477891411411   -0.09452520242654    0.01747036388281  
  4.210000    0.02009957584677    0.09882460529531    0.03449748222914   -0.09403302419029    0.01689644653546  
  4.220000    0.01985900556738    0.09813488232816    0.03421764874162   -0.09353760714296    0.01631972949892  
  4.230000    0.01962116914279    0.09744634326740    0.03393911400108   -0.09303798774030    0.01574213814876  
  4.240000    0.01938603142278    0.09675897343558    0.03366159544280   -0.09253326861737    0.01516564726177  
  4.250000    0.01915356000818    0.09607278168406    0.03338483013410   -0.09202262798285    0.01459225934389  
  4.260000    0.01892372519883    0.09538780039751    0.03310857711440   -0.09150532820205    0.01402398276780  
  4.270000    0.01869649991944    0.09470408525960    0.03283261950548   -0.09098072348297    0.01346280995330  
  4.280000    0.01847185962416    0.09402171478250    0.03255676637100   -0.09044826658902    0.01291069582204  
  4.290000    0.01824978218069    0.09334078960480    0.03228085430688   -0.08990751451233    0.01236953675434  
  4.300000    0.01803024773511    0.09266143156488    0.03200474874681   -0.08935813305223    0.01184115026940  
  4.310000    0.01781323855869    0.09198378255910    0.03172834497039   -0.08879990025495    0.01132725564143  
  4.320000    0.01759873887815    0.09130800319614    0.03145156880435   -0.08823270868236    0.01082945565354  
  4.330000    0.01738673469102    0.09063427126090    0.03117437701046   -0.08765656648959    0.01034921967801  
  4.340000    0.01717721356780    0.08996278000327    0.03089675735693   -0.08707159730356    0.00988786825683  
  4.350000    0.01697016444296    0.08929373626871    0.03061872837357   -0.08647803890696    0.00944655933959  
  4.360000    0.01676557739661    0.08862735848936    0.03034033879399   -0.08587624074414    0.00902627631750  
  4.370000    0.01656344342908    0.08796387455546    0.03006166669142   -0.08526666027756    0.00862781797267  
  4.380000    0.01636375423048    0.08730351958827    0.02978281831783   -0.08464985823526    0.00825179044097  
  4.390000    0.01616650194752    0.08664653363662    0.02950392665917   -0.08402649280055    0.00789860126477  
  4.400000    0.01597167894970    0.08599315931987    0.02922514972217   -0.08339731280665    0.00756845558961  
  4.410000    0.01577927759731    0.08534363944061    0.02894666857115   -0.08276315000804    0.00726135453553  
  4.420000    0.01558929001324    0.08469821459079    0.02866868513562   -0.08212491051057    0.00697709575089  
  4.430000    0.01540170786094    0.08405712077508    0.02839141981173   -0.08148356544985    0.00671527613293  
  4.440000    0.01521652213056    0.08342058707475    0.02811510888291   -0.08084014101569    0.00647529667664  
  4.450000    0.01503372293543    0.08278883337540    0.02784000178651   -0.08019570792632    0.00625636939098  
  4.460000    0.01485329932060    0.08216206818104    0.02756635825502   -0.07955137046170    0.00605752619961  
  4.470000    0.01467523908555    0.08154048653591    0.02729444536162   -0.07890825516952    0.00587762972282  
  4.480000    0.01449952862253    0.08092426807494    0.02702453450052   -0.07826749936053    0.00571538581764  
  4.490000    0.01432615277212    0.08031357522185    0.02675689833347   -0.07763023951157    0.00556935773487  
  4.500000    0.01415509469754    0.07970855155288    0.02649180773382   -0.07699759969579    0.00543798173533  
  4.510000    0.01398633577854    0.07910932034230    0.02622952875958   -0.07637068015844    0.00531958399262  
  4.520000    0.01381985552631    0.07851598330404    0.02597031968651   -0.07575054615534    0.00521239859695  
  4.530000    0.01365563151983    0.07792861954203    0.02571442813175   -0.07513821716784    0.00511458646325  
  4.540000    0.01349363936442    0.07734728471947    0.02546208829713   -0.07453465660433    0.00502425493845  
  4.550000    0.01333385267291    0.07677201045540    0.02521351836038   -0.07394076209273    0.00493947789594  
  4.560000    0.01317624306937    0.07620280395452    0.02496891804078   -0.07335735646254    0.00485831610077  
  4.570000    0.01302078021559    0.07563964787391    0.02472846636367   -0.07278517950746    0.00477883762774  
  4.580000    0.01286743185980    0.07508250042808    0.02449231964663   -0.07222488061157    0.00469913811399  
  4.590000    0.01271616390733    0.07453129573126    0.02426060972732   -0.07167701231296    0.00461736063130  
  4.600000    0.01256694051225    0.07398594437364    0.02403344245079   -0.07114202486907    0.00453171496736  
  4.610000    0.01241972418934    0.07344633422597    0.02381089643121   -0.07062026187754    0.00444049611304  
  4.620000    0.01227447594507    0.07291233146444    0.02359302210015   -0.07011195699536    0.00434210176166  
  4.630000    0.01213115542637    0.07238378180600    0.02337984105062   -0.06961723178805    0.00423504863757  
  4.640000    0.01198972108573    0.07186051194171    0.02317134568288   -0.06913609472877    0.00411798748476  
  4.650000    0.01185013036097    0.07134233115430    0.02296749915514   -0.06866844135539    0.00398971656074  
  4.660000    0.01171233986786    0.07082903310369    0.02276823563886   -0.06821405558198    0.00384919349804  
  4.670000    0.01157630560385    0.07032039776321    0.02257346087558   -0.06777261214899    0.00369554541307  
  4.680000    0.01144198316069    0.06981619348713    0.02238305302870   -0.06734368018509    0.00352807716156  
  4.690000    0.01130932794401    0.06931617918942    0.02219686382097   -0.06692672784212    0.00334627765993  
  4.700000    0.01117829539760    0.06882010661196    0.02201471994536   -0.06652112795370    0.00314982421258  
  4.710000    0.01104884123023    0.06832772266010    0.02183642473422   -0.06612616465777    0.00293858480704  
  4.720000    0.01092092164277    0.06783877178236    0.02166176006900   -0.06574104091342    0.00271261836033  
  4.730000    0.01079449355336    0.06735299837078    0.02149048851040   -0.06536488683346    0.00247217292200  
  4.740000    0.01066951481833    0.06687014915841    0.02132235562662   -0.06499676874582    0.00221768186109  
  4.750000    0.01054594444693    0.06638997558995    0.02115709249524   -0.06463569888979    0.00194975808554  
  4.760000    0.01042374280736    0.06591223614244    0.02099441835269   -0.06428064564645    0.00166918636353  
  4.770000    0.01030287182248    0.06543669857277    0.02083404336367   -0.06393054419760    0.00137691383609  
  4.780000    0.01018329515291    0.06496314207000    0.02067567148187   -0.06358430750319    0.00107403882949  
  4.790000    0.01006497836592    0.06449135929101    0.02051900337207   -0.06324083748407    0.00076179809335  
  4.800000    0.00994788908829    0.06402115825945    0.02036373936372   -0.06289903629518    0.00044155260713  
  4.810000    0.00983199714171    0.06355236410901    0.02020958240515   -0.06255781757326    0.00011477211217  
  4.820000    0.00971727465927    0.06308482065384    0.02005624098813   -0.06221611754388   -0.00021698146049  
  4.830000    0.00960369618190    0.06261839177038    0.01990343201266   -0.06187290587399   -0.00055207148496  
  4.840000    0.00949123873375    0.06215296257693    0.01975088356229   -0.06152719615907   -0.00088880486731  
  4.850000    0.00937988187578    0.06168844039906    0.01959833756185   -0.06117805593786   -0.00122545080669  
  4.860000    0.00926960773687    0.06122475551128    0.01944555228990   -0.06082461613258   -0.00156025988775  
  4.870000    0.00916040102220    0.06076186164747    0.01929230472054   -0.06046607981862   -0.00189148329869  
  4.880000    0.00905224899872    0.06029973627471    0.01913839267041   -0.06010173023472   -0.00221739196884  
  4.890000    0.00894514145776    0.05983838062788    0.01898363672909   -0.05973093795241   -0.00253629542076  
  4.900000    0.00883907065510    0.05937781950428    0.01882788195321   -0.05935316713240   -0.00284656013606  
  4.910000    0.00873403122912    0.05891810082019    0.01867099930710   -0.05896798080493   -0.00314662723977  
  4.920000    0.00863002009756    0.05845929493360    0.01851288683535   -0.05857504512112   -0.00343502931611  
  4.930000    0.00852703633404    0.05800149373951    0.01835347055559   -0.05817413253313   -0.00371040617830  
  4.940000    0.00842508102532    0.05754480954660    0.01819270506247   -0.05776512387182   -0.00397151942705  
  4.950000    0.00832415711078    0.05708937374626    0.01803057383700   -0.05734800930201   -0.00421726564563  
  4.960000    0.00822426920548    0.05663533528673    0.01786708925829   -0.05692288814691   -0.00444668809462  
  4.970000    0.00812542340852    0.05618285896754    0.01770229231788   -0.05648996758493   -0.00465898678585  
  4.980000    0.00802762709857    0.05573212357068    0.01753625203988   -0.05604956023356   -0.00485352683283  
  4.990000    0.00793088871840    0.05528331984708    0.01736906461315   -0.05560208064661   -0.00502984499375  
  5.000000    0.00783521755057    0.05483664837798    0.01720085224475   -0.05514804076172   -0.00518765434251  
  5.010000    0.00774062348623    0.05439231733238    0.01703176174658   -0.05468804434652   -0.00532684702381  
  5.020000    0.00764711678950    0.05395054014256    0.01686196287018   -0.05422278050116   -0.00544749506865  
  5.030000    0.00755470785945    0.05351153312075    0.01669164640682   -0.05375301628540   -0.00554984926757  
  5.040000    0.00746340699208    0.05307551304035    0.01652102207280   -0.05327958854658   -0.00563433611975  
  5.050000    0.00737322414453    0.05264269470578    0.01635031620180   -0.05280339503359   -0.00570155289653  
  5.060000    0.00728416870387    0.05221328853502    0.01617976926812   -0.05232538488866   -0.00575226087806  
  5.070000    0.00719624926254    0.05178749817883    0.01600963326658   -0.05184654861545   -0.00578737684112  
  5.080000    0.00710947340280    0.05136551820042    0.01584016897599   -0.05136790762706   -0.00580796289462  
  5.090000    0.00702384749213    0.05094753183866    0.01567164313450   -0.05089050348178   -0.00581521477683  
  5.100000    0.00693937649163    0.05053370887724    0.01550432555590   -0.05041538691763   -0.00581044874419  
  5.110000    0.00685606377924    0.05012420364119    0.01533848621670   -0.04994360679863   -0.00579508719673  
  5.120000    0.00677391098960    0.04971915314087    0.01517439234382   -0.04947619908662   -0.00577064319776  
  5.130000    0.00669291787196    0.04931867538223    0.01501230553291   -0.04901417595206   -0.00573870405732  
  5.140000    0.00661308216770    0.04892286786052    0.01485247892704   -0.04855851513589   -0.00570091415803  
  5.150000    0.00653439950855    0.04853180625281    0.01469515448461   -0.04811014967168   -0.00565895720989  
  5.160000    0.00645686333657    0.04814554332291    0.01454056036456   -0.04766995807373   -0.00561453812613  
  5.170000    0.00638046484675    0.04776410804994    0.01438890845586   -0.04723875509188   -0.00556936471558  
  5.180000    0.00630519295271    0.04738750499007    0.01424039207651   -0.04681728312794   -0.00552512938872  
  5.190000    0.00623103427592    0.04701571387814    0.01409518386564   -0.04640620440187   -0.00548349107371  
  5.200000    0.00615797315865    0.04664868947411    0.01395343389041   -0.04600609394800   -0.00544605753606  
  5.210000    0.00608599170047    0.04628636165634    0.01381526798714   -0.04561743351324   -0.00541436829065  
  5.220000    0.00601506981802    0.04592863576180    0.01368078635344   -0.04524060641983   -0.00538987828824  
  5.230000    0.00594518532754    0.04557539317049    0.01355006240608   -0.04487589344527   -0.00537394254941  
  5.240000    0.00587631404935    0.04522649212917    0.01342314191595   -0.04452346976174   -0.00536780190886  
  5.250000    0.00580842993342    0.04488176880707    0.01330004242925   -0.04418340296632   -0.00537257002019  
  5.260000    0.00574150520468    0.04454103857401    0.01318075298055   -0.04385565222232   -0.00538922175773  
  5.270000    0.00567551052687    0.04420409748906    0.01306523410080   -0.04354006852040   -0.00541858313663  
  5.280000    0.00561041518332    0.04387072398588    0.01295341812006   -0.04323639605697   -0.00546132285569  
  5.290000    0.00554618727288    0.04354068073888    0.01284520976193   -0.04294427471560   -0.00551794555019  
  5.300000    0.00548279391927    0.04321371669249    0.01274048702338   -0.04266324362624   -0.00558878682298  
  5.310000    0.00542020149167    0.04288956923428    0.01263910233106   -0.04239274576562   -0.00567401010319  
  5.320000    0.00535837583466    0.04256796649106    0.01254088396210   -0.04213213355184   -0.00577360536226  
  5.330000    0.00529728250504    0.04224862972598    0.01244563771491   -0.04188067537576   -0.00588738969672  
  5.340000    0.00523688701354    0.04193127581355    0.01235314881264   -0.04163756300245   -0.00601500976760  
  5.350000    0.00517715506876    0.04161561976858    0.01226318401987   -0.04140191976664   -0.00615594606596  
  5.360000    0.00511805282127    0.04130137730457    0.01217549395079   -0.04117280947845   -0.00630951895505  
  5.370000    0.00505954710532    0.04098826739666    0.01208981554504   -0.04094924594789   -0.00647489642026  
  5.380000    0.00500160567589    0.04067601482405    0.01200587468590   -0.04073020303075   -0.00665110344015  
  5.390000    0.00494419743864    0.04036435266716    0.01192338893385   -0.04051462509264   -0.00683703287456  
  5.400000    0.00488729267071    0.04005302473478    0.01184207034749   -0.04030143778403   -0.00703145774969  
  5.410000    0.00483086322996    0.03974178789747    0.01176162836267   -0.04008955901558   -0.00723304480555  
  5.420000    0.00477488275076    0.03943041430399    0.01168177270045   -0.03987791002134   -0.00744036915760  
  5.430000    0.00471932682429    0.03911869345880    0.01160221627381   -0.03966542639584   -0.00765192991311  
  5.440000    0.00466417316151    0.03880643413981    0.01152267806321   -0.03945106899202   -0.00786616657250  
  5.450000    0.00460940173727    0.03849346613708    0.01144288593154   -0.03923383456770   -0.00808147603818  
  5.460000    0.00455499491396    0.03817964179500    0.01136257934933   -0.03901276607109   -0.00829623004688  
  5.470000    0.00450093754352    0.03786483734200    0.01128151200208   -0.03878696245942   -0.00850879283762  
  5.480000    0.00444721704663    0.03754895399420    0.01119945425307   -0.03855558794939   -0.00871753886499  
  5.490000    0.00439382346833    0.03723191882120    0.01111619543582   -0.03831788060393   -0.00892087036747  
  5.500000    0.00434074950932    0.03691368536496    0.01103154595287   -0.03807316016644   -0.00911723460225  
  5.510000    0.00428799053263    0.03659423400443    0.01094533915887   -0.03782083506128   -0.00930514056207  
  5.520000    0.00423554454535    0.03627357206170    0.01085743300850   -0.03756040848781   -0.00948317499526  
  5.530000    0.00418341215570    0.03595173364733    0.01076771145211   -0.03729148354431   -0.00965001755816  
  5.540000    0.00413159650542    0.03562877924562    0.01067608556442   -0.03701376732813   -0.00980445493851  
  5.550000    0.00408010317841    0.03530479504250    0.01058249439440   -0.03672707396866   -0.00994539379967  
  5.560000    0.00402894008597    0.03497989200170    0.01048690552733   -0.03643132656075   -0.01007187240847  
  5.570000    0.00397811732997    0.03465420469714    0.01038931535286   -0.03612655797717   -0.01018307082392  
  5.580000    0.00392764704499    0.03432788991170    0.01028974903608   -0.03581291055028   -0.01027831953923  
  5.590000    0.00387754322083    0.03400112501521    0.01018826019141   -0.03549063462459   -0.01035710648680  
  5.600000    0.00382782150709    0.03367410613629    0.01008493026239   -0.03516008599336   -0.01041908233313  
  5.610000    0.00377849900154    0.03334704614494    0.00997986761321   -0.03482172224376   -0.01046406400924  
  5.620000    0.00372959402418    0.03302017246471    0.00987320634106   -0.03447609804644   -0.01049203644106  
  5.630000    0.00368112587924    0.03269372473477    0.00976510482097   -0.03412385943593   -0.01050315246358  
  5.640000    0.00363311460717    0.03236795234401    0.00965574399779   -0.03376573713893   -0.01049773092220  
  5.650000    0.00358558072896    0.03204311186046    0.00954532544235   -0.03340253901702   -0.01047625298385  
  5.660000    0.00353854498535    0.03171946438037    0.00943406919144   -0.03303514169973   -0.01043935669982  
  5.670000    0.00349202807314    0.03139727282241    0.00932221139343   -0.03266448149209   -0.01038782988085  
  5.680000    0.00344605038136    0.03107679919287    0.00921000178331   -0.03229154464848   -0.01032260136310  
  5.690000    0.00340063172959    0.03075830184812    0.00909770101282   -0.03191735711097   -0.01024473076057  
  5.700000    0.00335579111113    0.03044203278097    0.00898557786275   -0.03154297381614   -0.01015539681599  
  5.710000    0.00331154644329    0.03012823495722    0.00887390636575   -0.03116946767900   -0.01005588447672  
  5.720000    0.00326791432743    0.02981713972831    0.00876296286916   -0.03079791836585   -0.00994757083612  
  5.730000    0.00322490982090    0.02950896434570    0.00865302306762   -0.03042940097063   -0.00983191009245  
  5.740000    0.00318254622320    0.02920390960130    0.00854435903595   -0.03006497471010   -0.00971041768818  
  5.750000    0.00314083487852    0.02890215761747    0.00843723629279   -0.02970567175370   -0.00958465380093  
  5.760000    0.00309978499648    0.02860386980876    0.00833191092499   -0.02935248630239   -0.00945620636408  
  5.770000    0.00305940349296    0.02830918503588    0.00822862680247   -0.02900636402868   -0.00932667380024  
  5.780000    0.00301969485275    0.02801821797079    0.00812761291229   -0.02866819198671   -0.00919764765344  
  5.790000    0.00298066101517    0.02773105768982    0.00802908083946   -0.02833878909642   -0.00907069530692  
  5.800000    0.00294230128414    0.02744776650962    0.00793322242070   -0.02801889730059   -0.00894734297252  
  5.810000    0.00290461226352    0.02716837907846    0.00784020759559   -0.02770917348672   -0.00882905913454  
  5.820000    0.00286758781863    0.02689290173320    0.00775018247767   -0.02741018225826   -0.00871723862587  
  5.830000    0.00283121906425    0.02662131212951    0.00766326766569   -0.02712238963120   -0.00861318750762  
  5.840000    0.00279549437957    0.02635355915051    0.00757955681304   -0.02684615772308   -0.00851810891449  
  5.850000    0.00276039945005    0.02608956309641    0.00749911547077   -0.02658174049123   -0.00843309001805  
  5.860000    0.00272591733582    0.02582921615498    0.00742198021668   -0.02632928056695   -0.00835909024779  
  5.870000    0.00269202856634    0.02557238314996    0.00734815808035   -0.02608880722113   -0.00829693089649  
  5.880000    0.00265871126048    0.02531890256203    0.00727762627079   -0.02586023548553   -0.00824728622159  
  5.890000    0.00262594127095    0.02506858781433    0.00721033221059   -0.02564336644239   -0.00821067613825  
  5.900000    0.00259369235206    0.02482122881159    0.00714619387705   -0.02543788868310   -0.00818746058262  
  5.910000    0.00256193634924    0.02457659372017    0.00708510044791   -0.02524338092517   -0.00817783560621  
  5.920000    0.00253064340868    0.02433443097328    0.00702691324612   -0.02505931576460   -0.00818183124360  
  5.930000    0.00249978220529    0.02409447148376    0.00697146697504   -0.02488506452960   -0.00819931117680  
  5.940000    0.00246932018689    0.02385643104484    0.00691857123256   -0.02471990319029   -0.00822997420038  
  5.950000    0.00243922383256    0.02362001289711    0.00686801228965   -0.02456301926802   -0.00827335747244  
  5.960000    0.00240945892260    0.02338491043847    0.00681955511639   -0.02441351967820   -0.00832884151705  
  5.970000    0.00237999081789    0.02315081005232    0.00677294563565   -0.02427043943029   -0.00839565692557  
  5.980000    0.00235078474586    0.02291739402793    0.00672791318249   -0.02413275110041   -0.00847289268564  
  5.990000    0.00232180609065    0.02268434354594    0.00668417314520   -0.02399937498342   -0.00855950604968  
  6.000000    0.00229302068458    0.02245134170120    0.00664142976170   -0.02386918982462   -0.00865433383794  
  6.010000    0.00226439509830    0.02221807653471    0.00659937904392   -0.02374104402477   -0.00875610505612  
  6.020000    0.00223589692694    0.02198424404597    0.00655771180073   -0.02361376720722   -0.00886345469321  
  6.030000    0.00220749506947    0.02174955115729    0.00651611672955   -0.02348618203187   -0.00897493855285  
  6.040000    0.00217915999861    0.02151371860177    0.00647428354549   -0.02335711613779   -0.00908904896016  
  6.050000    0.00215086401883    0.02127648370730    0.00643190611662   -0.02322541409467   -0.00920423117682  
  6.060000    0.00212258150980    0.02103760304952    0.00638868557386   -0.02308994924269   -0.00931890034939  
  6.070000    0.00209428915298    0.02079685494821    0.00634433336386   -0.02294963530129   -0.00943145881003  
  6.080000    0.00206596613920    0.02055404178217    0.00629857421399   -0.02280343762881   -0.00954031354501  
  6.090000    0.00203759435494    0.02030899210003    0.00625114897913   -0.02265038401854   -0.00964389364444  
  6.100000    0.00200915854570    0.02006156250545    0.00620181734113   -0.02248957492042   -0.00974066754658  
  6.110000    0.00198064645457    0.01981163929761    0.00615036033309   -0.02232019298324   -0.00982915989232  
  6.120000    0.00195204893456    0.01955913984986    0.00609658266230   -0.02214151181856   -0.00990796780907  
  6.130000    0.00192336003360    0.01930401371175    0.00604031480767   -0.02195290389469   -0.00997577644948  
  6.140000    0.00189457705091    0.01904624342209    0.00598141486941   -0.02175384747773   -0.01003137361795  
  6.150000    0.00186570056436    0.01878584502339    0.00591977015128   -0.02154393254540   -0.01007366332733  
  6.160000    0.00183673442805    0.01852286827066    0.00585529845843   -0.02132286560970   -0.01010167813956  
  6.170000    0.00180768574002    0.01825739653021    0.00578794909609   -0.02109047339460   -0.01011459015648  
  6.180000    0.00177856478015    0.01798954636719    0.00571770355805   -0.02084670532643   -0.01011172054115  
  6.190000    0.00174938491849    0.01771946682322    0.00564457589614   -0.02059163480605   -0.01009254746572  
  6.200000    0.00172016249476    0.01744733838830    0.00556861276555   -0.02032545924366   -0.01005671239789  
  6.210000    0.00169091666973    0.01717337167431    0.00548989314389   -0.02004849884959   -0.01000402465573  
  6.220000    0.00166166924968    0.01689780579978    0.00540852772484   -0.01976119418631   -0.00993446417879  
  6.230000    0.00163244448536    0.01662090649862    0.00532465799099   -0.01946410249932   -0.00984818248202  
  6.240000    0.00160326884687    0.01634296396786    0.00523845497306   -0.01915789285662   -0.00974550177817  
  6.250000    0.00157417077658    0.01606429047213    0.00515011770616   -0.01884334013819   -0.00962691227365  
  6.260000    0.00154518042186    0.01578521772483    0.00505987139686   -0.01852131792868   -0.00949306766201  
  6.270000    0.00151632935005    0.01550609406786    0.00496796531726   -0.01819279037698   -0.00934477885811  
  6.280000    0.00148765024796    0.01522728147423    0.00487467044559   -0.01785880309734   -0.00918300603475  
  6.290000    0.00145917660860    0.01494915239913    0.00478027687497   -0.01752047319581   -0.00900884904130  
  6.300000    0.00143094240767    0.01467208650682    0.00468509101458   -0.01717897851514   -0.00882353630107  
  6.310000    0.00140298177276    0.01439646730180    0.00458943260949   -0.01683554619898   -0.00862841230015  
  6.320000    0.00137532864804    0.01412267869401    0.00449363160736   -0.01649144068350   -0.00842492379560  
  6.330000    0.00134801645747    0.01385110152826    0.00439802490173   -0.01614795123044   -0.00821460488415  
  6.340000    0.00132107776947    0.01358211010865    0.00430295298310   -0.01580637912051   -0.00799906108510  
  6.350000    0.00129454396594    0.01331606874913    0.00420875652980   -0.01546802463010   -0.00777995260134  
  6.360000    0.00126844491875    0.01305332838103    0.00411577297156   -0.01513417391635   -0.00755897693155  
  6.370000    0.00124280867649    0.01279422324797    0.00402433305902   -0.01480608593769   -0.00733785101345  
  6.380000    0.00121766116427    0.01253906771826    0.00393475747234   -0.01448497953641   -0.00711829308333  
  6.390000    0.00119302589941    0.01228815324330    0.00384735350204   -0.01417202080900   -0.00690200444018  
  6.400000    0.00116892372542    0.01204174548974    0.00376241183437   -0.01386831088767   -0.00669065130424  
  6.410000    0.00114537256690    0.01180008167118    0.00368020347264   -0.01357487425230   -0.00648584695866  
  6.420000    0.00112238720729    0.01156336810313    0.00360097682474   -0.01329264768751   -0.00628913436058  
  6.430000    0.00109997909157    0.01133177800279    0.00352495498503   -0.01302246999255   -0.00610196940271  
  6.440000    0.00107815615564    0.01110544955189    0.00345233323730   -0.01276507254430   -0.00592570499996  
  6.450000    0.00105692268339    0.01088448423756    0.00338327680255   -0.01252107080400   -0.00576157616653  
  6.460000    0.00103627919275    0.01066894548183    0.00331791885268   -0.01229095684731   -0.00561068623762  
  6.470000    0.00101622235066    0.01045885756523    0.00325635880778   -0.01207509298440   -0.00547399437722  
  6.480000    0.00099674491714    0.01025420484361    0.00319866093063   -0.01187370652139   -0.00535230449711  
  6.490000    0.00097783571711    0.01005493124981    0.00314485322749   -0.01168688569681   -0.00524625569476  
  6.500000    0.00095947963825    0.00986094006214    0.00309492665862   -0.01151457680567   -0.00515631429642  
  6.510000    0.00094165765186    0.00967209391058    0.00304883465555   -0.01135658249887   -0.00508276756739  
  6.520000    0.00092434685218    0.00948821497757    0.00300649293447   -0.01121256121637   -0.00502571912344  
  6.530000    0.00090752050837    0.00930908533455    0.00296777958598   -0.01108202767791   -0.00498508604395  
  6.540000    0.00089114812119    0.00913444733614    0.00293253541096   -0.01096435431475   -0.00496059764928  
  6.550000    0.00087519547444    0.00896400397393    0.00290056446033   -0.01085877347911   -0.00495179585988  
  6.560000    0.00085962466927    0.00879741906926    0.00287163472268   -0.01076438021665   -0.00495803700330  
  6.570000    0.00084439412682    0.00863431716367    0.00284547888977   -0.01068013533088   -0.00497849487709  
  6.580000    0.00082945854339    0.00847428294701    0.00282179511487   -0.01060486841256   -0.00501216481244  
  6.590000    0.00081476878063    0.00831686005273    0.00280024766621   -0.01053728045614   -0.00505786841755  
  6.600000    0.00080027167379    0.00816154905063    0.00278046736829   -0.01047594564819   -0.00511425861771  
  6.610000    0.00078590974266    0.00800780448825    0.00276205172107   -0.01041931190224   -0.00517982455897  
  6.620000    0.00077162079465    0.00785503087905    0.00274456459616   -0.01036569974611   -0.00525289591726  
  6.630000    0.00075733741766    0.00770257761871    0.00272753543297   -0.01031329926129   -0.00533164617235  
  6.640000    0.00074298637293    0.00754973293763    0.00271045790481   -0.01026016495061   -0.00541409448635  
  6.650000    0.00072848791584    0.00739571717535    0.00269278809772   -0.01020420869242   -0.00549810599350  
  6.660000    0.00071375509590    0.00723967589414    0.00267394235051   -0.01014319134417   -0.00558139058526  
  6.670000    0.00069869311541    0.00708067363202    0.00265329504358   -0.01007471409496   -0.00566150068068  
  6.680000    0.00068319885906    0.00691768941864    0.00263017679623   -0.00999621132978   -0.00573582901505  
  6.690000    0.00066716074110    0.00674961551918    0.00260387372906   -0.00990494753004   -0.00580160815220  
  6.700000    0.00065045904994    0.00657526119753    0.00257362865658   -0.00979802153984   -0.00585591419243  
  6.710000    0.00063296699681    0.00639336355202    0.00253864527077   -0.00967238228682   -0.00589567794483  
  6.720000    0.00061455268963    0.00620260761602    0.00249809652838   -0.00952486063760   -0.00591770755818  
  6.730000    0.00059508224875    0.00600165786411    0.00245113852339   -0.00935222233862   -0.00591872712234  
  6.740000    0.00057442425065    0.00578920295204    0.00239693106709   -0.00915124677271   -0.00589543589819  
  6.750000    0.00055245562251    0.00556401488658    0.00233466596785   -0.00891883538169   -0.00584459243227  
  6.760000    0.00052906901147    0.00532502282763    0.00226360356538   -0.00865215192359   -0.00576312669614  
  6.770000    0.00050418151592    0.00507140036483    0.00218311740806   -0.00834879417264   -0.00564828144127  
  6.780000    0.00047774449650    0.00480266342519    0.00209274607428   -0.00800699324819   -0.00549778113530  
  6.790000    0.00044975399212    0.00451877405552    0.00199225006575   -0.00762583262346   -0.00531002322262  
  6.800000    0.00042026106629    0.00422024334345    0.00188167052133   -0.00720547431430   -0.00508428225178  
  6.810000    0.00038938122416    0.00390822491157    0.00176138533048   -0.00674737523330   -0.00482091301374  
  6.820000    0.00035730189670    0.00358458900132    0.00163215721802   -0.00625447279976   -0.00452153476490  
  6.830000    0.00032428691378    0.00325196643720    0.00149516769801   -0.00573131628715   -0.00418917550199  
  6.840000    0.00029067690937    0.00291375198848    0.00135203062987   -0.00518411973939   -0.00382835378724  
  6.850000    0.00025688473984    0.00257405803182    0.00120477960234   -0.00462071417185   -0.00344507640982  
  6.860000    0.00022338526146    0.00223761206430    0.00105582461800   -0.00405038156717   -0.00304673366730  
  6.870000    0.00019069920189    0.00190959548820    0.00090787556884   -0.00348356094285   -0.00264188043464  
  6.880000    0.00015937135258    0.00159542598370    0.00076383269811   -0.00293142718656   -0.00223990026748  
  6.890000    0.00012994386759    0.00130049133399    0.00062664744207   -0.00240535568052   -0.00185056095619  
  6.900000    0.00010292602646    0.00102984824657    0.00049916044186   -0.00191629882990   -0.00148348219065  
  6.910000    0.00007876234134    0.00078790489806    0.00038392673548   -0.00147411302812   -0.00114754796985  
  6.920000    0.00005780129524    0.00057810995351    0.00028304077204   -0.00108688474447   -0.00085030656045  
  6.930000    0.00004026722575    0.00040267305890    0.00019797553537   -0.00076031077470   -0.00059740765318  
  6.940000    0.00002623786973    0.00026234180103    0.00012945040145   -0.00049718900555   -0.00039212860006  
  6.950000    0.00001562983282    0.00015625761515    0.00007734118673   -0.00029707155997   -0.00023503841034  
  6.960000    0.00000819374558    0.00008190812280    0.00004064315230   -0.00015612182424   -0.00012383934348  
  6.970000    0.00000352014892    0.00003518622998    0.00001749368143   -0.00006720126869   -0.00005341199606  
  6.980000    0.00000105627763    0.00001055762999    0.00000525630427   -0.00002019254038   -0.00001607199022  
  6.990000    0.00000013296765    0.00000132898594    0.00000066221303   -0.00000254399744   -0.00000202658682  
  7.000000   -0.00000000000000    0.00000000000000   -0.00000000000000    0.00000000000000    0.00000000000000  
