---------------------------------------------------------------------------
Element                     Ir
Energy Cutoff(Ry)           100
Radius Cutoff(a.u.)         9
Lmax                        3
Number of Sorbital-->       2
Number of Porbital-->       1
Number of Dorbital-->       1
Number of Forbital-->       0
---------------------------------------------------------------------------
SUMMARY  END

Mesh                        901
dr                          0.01
                Type                   L                   N
                   0                   0                   0
-1.08551259226119e+00  -1.08543663693141e+00  -1.08520882009876e+00  -1.08482928919631e+00  
-1.08429828982227e+00  -1.08361616555414e+00  -1.08278335768744e+00  -1.08180040489804e+00  
-1.08066794282672e+00  -1.07938670358452e+00  -1.07795751517698e+00  -1.07638130084535e+00  
-1.07465907832257e+00  -1.07279195900177e+00  -1.07078114701475e+00  -1.06862793821808e+00  
-1.06633371908413e+00  -1.06389996549468e+00  -1.06132824143439e+00  -1.05862019758191e+00  
-1.05577756979625e+00  -1.05280217749638e+00  -1.04969592193197e+00  -1.04646078434394e+00  
-1.04309882401314e+00  -1.03961217619639e+00  -1.03600304994907e+00  -1.03227372583416e+00  
-1.02842655351781e+00  -1.02446394925219e+00  -1.02038839324673e+00  -1.01620242692951e+00  
-1.01190865010085e+00  -1.00750971798214e+00  -1.00300833816293e+00  -9.98407267450432e-01  
-9.93709308625776e-01  -9.88917307112073e-01  -9.84034147559937e-01  -9.79062750356573e-01  
-9.74006068065139e-01  -9.68867081801581e-01  -9.63648797556634e-01  -9.58354242471139e-01  
-9.52986461073257e-01  -9.47548511486558e-01  -9.42043461618288e-01  -9.36474385337465e-01  
-9.30844358652669e-01  -9.25156455899634e-01  -9.19413745948905e-01  -9.13619288443901e-01  
-9.07776130079812e-01  -9.01887300933736e-01  -8.95955810856373e-01  -8.89984645935535e-01  
-8.83976765041467e-01  -8.77935096463836e-01  -8.71862534649863e-01  -8.65761937052783e-01  
-8.59636121099431e-01  -8.53487861285234e-01  -8.47319886404481e-01  -8.41134876923134e-01  
-8.34935462500904e-01  -8.28724219668666e-01  -8.22503669666651e-01  -8.16276276448161e-01  
-8.10044444852838e-01  -8.03810518952799e-01  -7.97576780574171e-01  -7.91345447995847e-01  
-7.85118674826454e-01  -7.78898549059808e-01  -7.72687092308329e-01  -7.66486259213141e-01  
-7.60297937028830e-01  -7.54123945380102e-01  -7.47966036186868e-01  -7.41825893753607e-01  
-7.35705135018200e-01  -7.29605309954790e-01  -7.23527902124673e-01  -7.17474329368650e-01  
-7.11445944633793e-01  -7.05444036927103e-01  -6.99469832388174e-01  -6.93524495472572e-01  
-6.87609130237378e-01  -6.81724781720093e-01  -6.75872437401887e-01  -6.70053028746074e-01  
-6.64267432802575e-01  -6.58516473869139e-01  -6.52800925200096e-01  -6.47121510753508e-01  
-6.41478906967710e-01  -6.35873744558407e-01  -6.30306610327746e-01  -6.24778048977018e-01  
-6.19288564914995e-01  -6.13838624054225e-01  -6.08428655588043e-01  -6.03059053741426e-01  
-5.97730179489300e-01  -5.92442362236390e-01  -5.87195901453167e-01  -5.81991068262988e-01  
-5.76828106976029e-01  -5.71707236566164e-01  -5.66628652087463e-01  -5.61592526027535e-01  
-5.56599009595474e-01  -5.51648233942682e-01  -5.46740311315386e-01  -5.41875336138165e-01  
-5.37053386028254e-01  -5.32274522740919e-01  -5.27538793046601e-01  -5.22846229540940e-01  
-5.18196851389216e-01  -5.13590665007070e-01  -5.09027664679702e-01  -5.04507833122061e-01  
-5.00031141982771e-01  -4.95597552294784e-01  -4.91207014875932e-01  -4.86859470682707e-01  
-4.82554851120711e-01  -4.78293078315321e-01  -4.74074065346131e-01  -4.69897716448773e-01  
-4.65763927187710e-01  -4.61672584603508e-01  -4.57623567338065e-01  -4.53616745741145e-01  
-4.49651981961438e-01  -4.45729130025229e-01  -4.41848035905586e-01  -4.38008537584776e-01  
-4.34210465112434e-01  -4.30453640661785e-01  -4.26737878585999e-01  -4.23062985476514e-01  
-4.19428760224958e-01  -4.15834994090022e-01  -4.12281470770437e-01  -4.08767966484955e-01  
-4.05294250060003e-01  -4.01860083025493e-01  -3.98465219719013e-01  -3.95109407398469e-01  
-3.91792386363041e-01  -3.88513890082173e-01  -3.85273645332127e-01  -3.82071372339547e-01  
-3.78906784931312e-01  -3.75779590689919e-01  -3.72689491113504e-01  -3.69636181779605e-01  
-3.66619352511682e-01  -3.63638687547459e-01  -3.60693865708077e-01  -3.57784560567147e-01  
-3.54910440618764e-01  -3.52071169443646e-01  -3.49266405872601e-01  -3.46495804146630e-01  
-3.43759014073054e-01  -3.41055681177180e-01  -3.38385446849103e-01  -3.35747948485410e-01  
-3.33142819625645e-01  -3.30569690083527e-01  -3.28028186073078e-01  -3.25517930329911e-01  
-3.23038542228075e-01  -3.20589637893004e-01  -3.18170830311175e-01  -3.15781729437272e-01  
-3.13421942299679e-01  -3.11091073105284e-01  -3.08788723344600e-01  -3.06514491898315e-01  
-3.04267975146425e-01  -3.02048767081116e-01  -2.99856459424637e-01  -2.97690641753346e-01  
-2.95550901629155e-01  -2.93436824739535e-01  -2.91347995047213e-01  -2.89283994950635e-01  
-2.87244405456174e-01  -2.85228806362989e-01  -2.83236776461317e-01  -2.81267893744872e-01  
-2.79321735637887e-01  -2.77397879237181e-01  -2.75495901569496e-01  -2.73615379864174e-01  
-2.71755891841081e-01  -2.69917016013505e-01  -2.68098332005588e-01  -2.66299420883660e-01  
-2.64519865500690e-01  -2.62759250852857e-01  -2.61017164447113e-01  -2.59293196678422e-01  
-2.57586941215205e-01  -2.55897995391386e-01  -2.54225960603281e-01  -2.52570442709481e-01  
-2.50931052431723e-01  -2.49307405754713e-01  -2.47699124322726e-01  -2.46105835830803e-01  
-2.44527174408300e-01  -2.42962780992518e-01  -2.41412303690174e-01  -2.39875398124454e-01  
-2.38351727765455e-01  -2.36840964241893e-01  -2.35342787631984e-01  -2.33856886731573e-01  
-2.32382959297642e-01  -2.30920712265506e-01  -2.29469861938129e-01  -2.28030134146189e-01  
-2.26601264377659e-01  -2.25182997875921e-01  -2.23775089705583e-01  -2.22377304785412e-01  
-2.20989417888021e-01  -2.19611213606149e-01  -2.18242486285638e-01  -2.16883039925410e-01  
-2.15532688045007e-01  -2.14191253520473e-01  -2.12858568389581e-01  -2.11534473627626e-01  
-2.10218818895235e-01  -2.08911462259804e-01  -2.07612269892409e-01  -2.06321115742172e-01  
-2.05037881190239e-01  -2.03762454685675e-01  -2.02494731365686e-01  -2.01234612662702e-01  
-1.99982005900926e-01  -1.98736823885028e-01  -1.97498984483685e-01  -1.96268410210733e-01  
-1.95045027806623e-01  -1.93828767822939e-01  -1.92619564212596e-01  -1.91417353928352e-01  
-1.90222076532123e-01  -1.89033673817509e-01  -1.87852089447797e-01  -1.86677268611581e-01  
-1.85509157697950e-01  -1.84347703993041e-01  -1.83192855399550e-01  -1.82044560180586e-01  
-1.80902766729057e-01  -1.79767423363540e-01  -1.78638478151346e-01  -1.77515878759304e-01  
-1.76399572332487e-01  -1.75289505400921e-01  -1.74185623814066e-01  -1.73087872702600e-01  
-1.71996196466874e-01  -1.70910538791109e-01  -1.69830842682280e-01  -1.68757050532363e-01  
-1.67689104202495e-01  -1.66626945127393e-01  -1.65570514438229e-01  -1.64519753102054e-01  
-1.63474602075691e-01  -1.62435002471980e-01  -1.61400895736128e-01  -1.60372223829905e-01  
-1.59348929421345e-01  -1.58330956077647e-01  -1.57318248458924e-01  -1.56310752510524e-01  
-1.55308415651661e-01  -1.54311186958181e-01  -1.53319017337359e-01  -1.52331859692755e-01  
-1.51349669077248e-01  -1.50372402832529e-01  -1.49400020713486e-01  -1.48432484996065e-01  
-1.47469760567391e-01  -1.46511814997109e-01  -1.45558618589096e-01  -1.44610144412925e-01  
-1.43666368314623e-01  -1.42727268906531e-01  -1.41792827536225e-01  -1.40863028234721e-01  
-1.39937857644340e-01  -1.39017304926856e-01  -1.38101361652699e-01  -1.37190021672199e-01  
-1.36283280970021e-01  -1.35381137504084e-01  -1.34483591030437e-01  -1.33590642915663e-01  
-1.32702295938521e-01  -1.31818554082623e-01  -1.30939422322029e-01  -1.30064906401703e-01  
-1.29195012614814e-01  -1.28329747578901e-01  -1.27469118012913e-01  -1.26613130517116e-01  
-1.25761791357855e-01  -1.24915106259066e-01  -1.24073080202395e-01  -1.23235717237671e-01  
-1.22403020305396e-01  -1.21574991072774e-01  -1.20751629784681e-01  -1.19932935130835e-01  
-1.19118904130255e-01  -1.18309532033930e-01  -1.17504812246463e-01  -1.16704736267250e-01  
-1.15909293651580e-01  -1.15118471991845e-01  -1.14332256918871e-01  -1.13550632123169e-01  
-1.12773579395750e-01  -1.12001078687923e-01  -1.11233108189360e-01  -1.10469644423523e-01  
-1.09710662359373e-01  -1.08956135538164e-01  -1.08206036213972e-01  -1.07460335506475e-01  
-1.06719003564411e-01  -1.05982009738030e-01  -1.05249322758806e-01  -1.04520910924566e-01  
-1.03796742288204e-01  -1.03076784848100e-01  -1.02361006738335e-01  -1.01649376416848e-01  
-1.00941862849687e-01  -1.00238435689532e-01  -9.95390654467853e-02  -9.88437236515429e-02  
-9.81523830049063e-02  -9.74650175181719e-02  -9.67816026385736e-02  -9.61021153603853e-02  
-9.54265343203360e-02  -9.47548398764476e-02  -9.40870141695671e-02  -9.34230411670380e-02  
-9.27629066881248e-02  -9.21065984109900e-02  -9.14541058611935e-02  -9.08054203818695e-02  
-9.01605350859086e-02  -8.95194447906463e-02  -8.88821459357257e-02  -8.82486364849653e-02  
-8.76189158132085e-02  -8.69929845792787e-02  -8.63708445862924e-02  -8.57524986306979e-02  
-8.51379503415169e-02  -8.45272040113508e-02  -8.39202644207925e-02  -8.33171366579393e-02  
-8.27178259347487e-02  -8.21223374019998e-02  -8.15306759646355e-02  -8.09428460992488e-02  
-8.03588516754529e-02  -7.97786957828315e-02  -7.92023805651081e-02  -7.86299070630991e-02  
-7.80612750679257e-02  -7.74964829858594e-02  -7.69355277160586e-02  -7.63784045423277e-02  
-7.58251070398918e-02  -7.52756269980352e-02  -7.47299543592945e-02  -7.41880771757412e-02  
-7.36499815827187e-02  -7.31156517902336e-02  -7.25850700920323e-02  -7.20582168922201e-02  
-7.15350707491200e-02  -7.10156084358962e-02  -7.04998050173146e-02  -6.99876339418573e-02  
-6.94790671482644e-02  -6.89740751854398e-02  -6.84726273445364e-02  -6.79746918019194e-02  
-6.74802357716084e-02  -6.69892256657139e-02  -6.65016272613082e-02  -6.60174058721196e-02  
-6.55365265233911e-02  -6.50589541282271e-02  -6.45846536637361e-02  -6.41135903452920e-02  
-6.36457297972514e-02  -6.31810382185147e-02  -6.27194825413630e-02  -6.22610305820813e-02  
-6.18056511819569e-02  -6.13533143373421e-02  -6.09039913175800e-02  -6.04576547697111e-02  
-6.00142788090119e-02  -5.95738390945557e-02  -5.91363128891316e-02  -5.87016791030155e-02  
-5.82699183212367e-02  -5.78410128141550e-02  -5.74149465313148e-02  -5.69917050787134e-02  
-5.65712756797753e-02  -5.61536471204840e-02  -5.57388096792750e-02  -5.53267550424396e-02  
-5.49174762059273e-02  -5.45109673645642e-02  -5.41072237898262e-02  -5.37062416974110e-02  
-5.33080181059515e-02  -5.29125506882947e-02  -5.25198376168392e-02  -5.21298774044790e-02  
-5.17426687427400e-02  -5.13582103387201e-02  -5.09765007524506e-02  -5.05975382362908e-02  
-5.02213205779427e-02  -4.98478449486362e-02  -4.94771077579795e-02  -4.91091045169050e-02  
-4.87438297100548e-02  -4.83812766788612e-02  -4.80214375164664e-02  -4.76643029755113e-02  
-4.73098623896960e-02  -4.69581036098776e-02  -4.66090129553301e-02  -4.62625751806415e-02  
-4.59187734585721e-02  -4.55775893790387e-02  -4.52390029642365e-02  -4.49029926997516e-02  
-4.45695355813598e-02  -4.42386071770597e-02  -4.39101817037363e-02  -4.35842321177116e-02  
-4.32607302183044e-02  -4.29396467633972e-02  -4.26209515958884e-02  -4.23046137798092e-02  
-4.19906017447865e-02  -4.16788834374568e-02  -4.13694264783682e-02  -4.10621983228551e-02  
-4.07571664243348e-02  -4.04542983984509e-02  -4.01535621864820e-02  -3.98549262164421e-02  
-3.95583595603245e-02  -3.92638320859744e-02  -3.89713146021351e-02  -3.86807789952732e-02  
-3.83921983568725e-02  -3.81055470999786e-02  -3.78208010638782e-02  -3.75379376059165e-02  
-3.72569356795771e-02  -3.69777758980841e-02  -3.67004405829253e-02  -3.64249137968416e-02  
-3.61511813609775e-02  -3.58792308560408e-02  -3.56090516074729e-02  -3.53406346547871e-02  
-3.50739727053823e-02  -3.48090600732912e-02  -3.45458926034643e-02  -3.42844675823331e-02  
-3.40247836355245e-02  -3.37668406137229e-02  -3.35106394677907e-02  -3.32561821143581e-02  
-3.30034712931861e-02  -3.27525104176845e-02  -3.25033034200304e-02  -3.22558545923838e-02  
-3.20101684257345e-02  -3.17662494479350e-02  -3.15241020624795e-02  -3.12837303895835e-02  
-3.10451381110921e-02  -3.08083283207073e-02  -3.05733033809748e-02  -3.03400647883993e-02  
-3.01086130479824e-02  -2.98789475583823e-02  -2.96510665087911e-02  -2.94249667885129e-02  
-2.92006439101011e-02  -2.89780919467795e-02  -2.87573034847394e-02  -2.85382695907519e-02  
-2.83209797953930e-02  -2.81054220920255e-02  -2.78915829515256e-02  -2.76794473525975e-02  
-2.74689988273589e-02  -2.72602195217403e-02  -2.70530902700926e-02  -2.68475906832645e-02  
-2.66436992492746e-02  -2.64413934455896e-02  -2.62406498618998e-02  -2.60414443321885e-02  
-2.58437520747957e-02  -2.56475478391060e-02  -2.54528060574214e-02  -2.52595010005314e-02  
-2.50676069354597e-02  -2.48770982838408e-02  -2.46879497793798e-02  -2.45001366228520e-02  
-2.43136346331283e-02  -2.41284203927466e-02  -2.39444713866044e-02  -2.37617661324153e-02  
-2.35802843016499e-02  -2.34000068297751e-02  -2.32209160147098e-02  -2.30429956025276e-02  
-2.28662308595639e-02  -2.26906086302118e-02  -2.25161173798354e-02  -2.23427472223688e-02  
-2.21704899323200e-02  -2.19993389410508e-02  -2.18292893173538e-02  -2.16603377325028e-02  
-2.14924824101018e-02  -2.13257230612065e-02  -2.11600608053362e-02  -2.09954980781278e-02  
-2.08320385265193e-02  -2.06696868924669e-02  -2.05084488863141e-02  -2.03483310510316e-02  
-2.01893406186383e-02  -2.00314853601863e-02  -1.98747734307622e-02  -1.97192132110006e-02  
-1.95648131466459e-02  -1.94115815877160e-02  -1.92595266288269e-02  -1.91086559522295e-02  
-1.89589766750822e-02  -1.88104952024471e-02  -1.86632170874400e-02  -1.85171468998996e-02  
-1.83722881048574e-02  -1.82286429520012e-02  -1.80862123772135e-02  -1.79449959171562e-02  
-1.78049916377445e-02  -1.76661960772214e-02  -1.75286042044029e-02  -1.73922093925172e-02  
-1.72570034089129e-02  -1.71229764207565e-02  -1.69901170166862e-02  -1.68584122442323e-02  
-1.67278476626650e-02  -1.65984074107787e-02  -1.64700742889779e-02  -1.63428298548882e-02  
-1.62166545315893e-02  -1.60915277274365e-02  -1.59674279663314e-02  -1.58443330271924e-02  
-1.57222200912908e-02  -1.56010658960370e-02  -1.54808468937378e-02  -1.53615394137948e-02  
-1.52431198267799e-02  -1.51255647088015e-02  -1.50088510045696e-02  -1.48929561875801e-02  
-1.47778584158612e-02  -1.46635366817661e-02  -1.45499709543520e-02  -1.44371423129525e-02  
-1.43250330706349e-02  -1.42136268863277e-02  -1.41029088645123e-02  -1.39928656414896e-02  
-1.38834854573603e-02  -1.37747582129948e-02  -1.36666755114104e-02  -1.35592306831244e-02  
-1.34524187952046e-02  -1.33462366438957e-02  -1.32406827308580e-02  -1.31357572232136e-02  
-1.30314618977503e-02  -1.29278000697891e-02  -1.28247765073681e-02  -1.27223973315400e-02  
-1.26206699037145e-02  -1.25196027011050e-02  -1.24192051814554e-02  -1.23194876383287e-02  
-1.22204610483324e-02  -1.21221369117379e-02  -1.20245270880153e-02  -1.19276436278613e-02  
-1.18314986033304e-02  -1.17361039377062e-02  -1.16414712367535e-02  -1.15476116229817e-02  
-1.14545355745272e-02  -1.13622527702195e-02  -1.12707719423417e-02  -1.11801007385250e-02  
-1.10902455941307e-02  -1.10012116163798e-02  -1.09130024813743e-02  -1.08256203450402e-02  
-1.07390657688830e-02  -1.06533376613136e-02  -1.05684332351482e-02  -1.04843479817373e-02  
-1.04010756620146e-02  -1.03186083145998e-02  -1.02369362809202e-02  -1.01560482471578e-02  
-1.00759313026599e-02  -9.99657101429780e-03  -9.91795151609815e-03  -9.84005561332668e-03  
-9.76286490005890e-03  -9.68635988914314e-03  -9.61052015333618e-03  -9.53532447628243e-03  
-9.46075101190723e-03  -9.38677745071135e-03  -9.31338119138080e-03  -9.24053951607174e-03  
-9.16822976768791e-03  -9.09642952744541e-03  -9.02511679100959e-03  -8.95427014149815e-03  
-8.88386891766788e-03  -8.81389337564454e-03  -8.74432484261074e-03  -8.67514586093839e-03  
-8.60634032134005e-03  -8.53789358371269e-03  -8.46979258446182e-03  -8.40202592921849e-03  
-8.33458396999906e-03  -8.26745886600276e-03  -8.20064462739604e-03  -8.13413714159445e-03  
-8.06793418171736e-03  -8.00203539706234e-03  -7.93644228561646e-03  -7.87115814879466e-03  
-7.80618802876654e-03  -7.74153862890100e-03  -7.67721821802207e-03  -7.61323651932736e-03  
-7.54960458497023e-03  -7.48633465744956e-03  -7.42344001908009e-03  -7.36093483093736e-03  
-7.29883396277714e-03  -7.23715281552160e-03  -7.17590713798295e-03  -7.11511283955763e-03  
-7.05478580066939e-03  -6.99494168276941e-03  -6.93559573971431e-03  -6.87676263233650e-03  
-6.81845624800042e-03  -6.76068952689717e-03  -6.70347429677542e-03  -6.64682111773200e-03  
-6.59073913859826e-03  -6.53523596635418e-03  -6.48031754988526e-03  -6.42598807926578e-03  
-6.37224990161064e-03  -6.31910345438423e-03  -6.26654721689327e-03  -6.21457768052087e-03  
-6.16318933808278e-03  -6.11237469250724e-03  -6.06212428485668e-03  -6.01242674152550e-03  
-5.96326884026473e-03  -5.91463559450404e-03  -5.86651035526414e-03  -5.81887492978253e-03  
-5.77170971581119e-03  -5.72499385039132e-03  -5.67870537176593e-03  -5.63282139295894e-03  
-5.58731828543121e-03  -5.54217187111936e-03  -5.49735762107429e-03  -5.45285085884440e-03  
-5.40862696669202e-03  -5.36466159269528e-03  -5.32093085676712e-03  -5.27741155362263e-03  
-5.23408135074325e-03  -5.19091897942212e-03  -5.14790441702951e-03  -5.10501905870875e-03  
-5.06224587680240e-03  -5.01956956641399e-03  -4.97697667563252e-03  -4.93445571908108e-03  
-4.89199727360165e-03  -4.84959405504842e-03  -4.80724097533308e-03  -4.76493517904728e-03  
-4.72267605917402e-03  -4.68046525159459e-03  -4.63830660829451e-03  -4.59620614937126e-03  
-4.55417199414724e-03  -4.51221427188849e-03  -4.47034501282534e-03  -4.42857802035976e-03  
-4.38692872552669e-03  -4.34541402495033e-03  -4.30405210369900e-03  -4.26286224459282e-03  
-4.22186462565650e-03  -4.18108010753160e-03  -4.14053001276886e-03  -4.10023589901107e-03  
-4.06021932814761e-03  -4.02050163357409e-03  -3.98110368772440e-03  -3.94204567205403e-03  
-3.90334685164783e-03  -3.86502535659785e-03  -3.82709797224955e-03  -3.78957994034796e-03  
-3.75248477303007e-03  -3.71582408150423e-03  -3.67960742113568e-03  -3.64384215451939e-03  
-3.60853333396537e-03  -3.57368360465507e-03  -3.53929312954581e-03  -3.50535953690706e-03  
-3.47187789117289e-03  -3.43884068758376e-03  -3.40623787087678e-03  -3.37405687806523e-03  
-3.34228270512596e-03  -3.31089799719448e-03  -3.27988316164785e-03  -3.24921650324162e-03  
-3.21887438025889e-03  -3.18883138042958e-03  -3.15906051518652e-03  -3.12953343064834e-03  
-3.10022063355149e-03  -3.07109173020512e-03  -3.04211567640800e-03  -3.01326103614914e-03  
-2.98449624681859e-03  -2.95578988857492e-03  -2.92711095545982e-03  -2.89842912581518e-03  
-2.86971502954197e-03  -2.84094050975067e-03  -2.81207887638086e-03  -2.78310514942047e-03  
-2.75399628942913e-03  -2.72473141316300e-03  -2.69529199221530e-03  -2.66566203271937e-03  
-2.63582823431499e-03  -2.60578012674730e-03  -2.57551018265418e-03  -2.54501390529697e-03  
-2.51428989020123e-03  -2.48333985989732e-03  -2.45216867118205e-03  -2.42078429456023e-03  
-2.38919776576843e-03  -2.35742310952804e-03  -2.32547723592089e-03  -2.29337981002465e-03  
-2.26115309568507e-03  -2.22882177453633e-03  -2.19641274160687e-03  -2.16395487906334e-03  
-2.13147880984965e-03  -2.09901663316661e-03  -2.06660164391311e-03  -2.03426803836505e-03  
-2.00205060850715e-03  -1.96998442754952e-03  -1.93810452925864e-03  -1.90644558380545e-03  
-1.87504157288536e-03  -1.84392546689190e-03  -1.81312890692922e-03  -1.78268189442677e-03  
-1.75261249107285e-03  -1.72294653171070e-03  -1.69370735274200e-03  -1.66491553845517e-03  
-1.63658868753921e-03  -1.60874120185343e-03  -1.58138409929543e-03  -1.55452485233567e-03  
-1.52816725345659e-03  -1.50231130833226e-03  -1.47695315709022e-03  -1.45208502338409e-03  
-1.42769519024022e-03  -1.40376800068294e-03  -1.38028387994906e-03  -1.35721937462262e-03  
-1.33454720221951e-03  -1.31223630260168e-03  -1.29025188011056e-03  -1.26855542253953e-03  
-1.24710468015719e-03  -1.22585358519460e-03  -1.20475208991998e-03  -1.18374590020391e-03  
-1.16277608209318e-03  -1.14177852230657e-03  -1.12068323084858e-03  -1.09941348629028e-03  
-1.07788484280941e-03  -1.05600404366765e-03  -1.03366791875727e-03  -1.01076238363239e-03  
-9.87161702329239e-04  -9.62728223032582e-04  -9.37312839299140e-04  -9.10756463376454e-04  
-8.82892813897597e-04  -8.53552808674541e-04  -8.22570805260427e-04  -7.89792839569019e-04  
-7.55086871335754e-04  -7.18354854602093e-04  -6.79546218241966e-04  -6.38672080106768e-04  
-5.95819251102406e-04  -5.51162842366183e-04  -5.04976105047093e-04  -4.57636045287331e-04  
-4.09623401333472e-04  -3.61515771386666e-04  -3.13973051949185e-04  -2.67714880309921e-04  
-2.23490442768218e-04  -1.82041761172214e-04  -1.44062333704518e-04  -1.10153697528329e-04  
-8.07830126711661e-05  -5.62450571835143e-05  -3.66320108924730e-05  -2.18140562815587e-05  
-1.14331447248066e-05  -4.91130946312308e-06  -1.47373642927540e-06  -1.85543620550833e-07  
-0.00000000000000e+00  
                Type                   L                   N
                   0                   0                   1
-1.89239492628797e+00  -1.89225976173711e+00  -1.89185427766026e+00  -1.89117850285421e+00  
-1.89023248554594e+00  -1.88901629374073e+00  -1.88753001570921e+00  -1.88577376061256e+00  
-1.88374765926545e+00  -1.88145186503574e+00  -1.87888655488008e+00  -1.87605193051407e+00  
-1.87294821971575e+00  -1.86957567776064e+00  -1.86593458898660e+00  -1.86202526848634e+00  
-1.85784806392506e+00  -1.85340335748076e+00  -1.84869156790387e+00  -1.84371315269308e+00  
-1.83846861038347e+00  -1.83295848294286e+00  -1.82718335827185e+00  -1.82114387280256e+00  
-1.81484071419068e+00  -1.80827462409507e+00  -1.80144640103846e+00  -1.79435690334262e+00  
-1.78700705213072e+00  -1.77939783438906e+00  -1.77153030608013e+00  -1.76340559529820e+00  
-1.75502490545840e+00  -1.74638951850953e+00  -1.73750079816087e+00  -1.72836019311209e+00  
-1.71896924027588e+00  -1.70932956798166e+00  -1.69944289914902e+00  -1.68931105441890e+00  
-1.67893595523040e+00  -1.66831962683070e+00  -1.65746420120562e+00  -1.64637191991799e+00  
-1.63504513684097e+00  -1.62348632077352e+00  -1.61169805792504e+00  -1.59968305425645e+00  
-1.58744413766498e+00  -1.57498426000012e+00  -1.56230649889865e+00  -1.54941405942649e+00  
-1.53631027551617e+00  -1.52299861118840e+00  -1.50948266154727e+00  -1.49576615353896e+00  
-1.48185294646432e+00  -1.46774703223659e+00  -1.45345253537603e+00  -1.43897371273411e+00  
-1.42431495294073e+00  -1.40948077556873e+00  -1.39447583001085e+00  -1.37930489406536e+00  
-1.36397287222740e+00  -1.34848479368411e+00  -1.33284581001280e+00  -1.31706119258208e+00  
-1.30113632965743e+00  -1.28507672321334e+00  -1.26888798545530e+00  -1.25257583505621e+00  
-1.23614609311253e+00  -1.21960467882673e+00  -1.20295760492346e+00  -1.18621097280807e+00  
-1.16937096747683e+00  -1.15244385218940e+00  -1.13543596291466e+00  -1.11835370256215e+00  
-1.10120353501216e+00  -1.08399197895789e+00  -1.06672560157434e+00  -1.04941101202877e+00  
-1.03205485484838e+00  -1.01466380316126e+00  -9.97244551827163e-01  -9.79803810474961e-01  
-9.62348296463988e-01  -9.44884727786647e-01  -9.27419815929864e-01  -9.09960258713018e-01  
-8.92512733119984e-01  -8.75083888142868e-01  -8.57680337654880e-01  -8.40308653329579e-01  
-8.22975357623449e-01  -8.05686916838436e-01  -7.88449734280684e-01  -7.71270143531224e-01  
-7.54154401843877e-01  -7.37108683685061e-01  -7.20139074429575e-01  -7.03251564225763e-01  
-6.86452042042771e-01  -6.69746289911872e-01  -6.53139977373060e-01  -6.36638656137311e-01  
-6.20247754974107e-01  -6.03972574832966e-01  -5.87818284206877e-01  -5.71789914744681e-01  
-5.55892357118563e-01  -5.40130357151980e-01  -5.24508512212464e-01  -5.09031267872910e-01  
-4.93702914844106e-01  -4.78527586180452e-01  -4.63509254759995e-01  -4.48651731039159e-01  
-4.33958661081760e-01  -4.19433524861196e-01  -4.05079634834001e-01  -3.90900134782291e-01  
-3.76897998922013e-01  -3.63076031273297e-01  -3.49436865288703e-01  -3.35982963734593e-01  
-3.22716618820426e-01  -3.09639952570315e-01  -2.96754917430813e-01  -2.84063297108516e-01  
-2.71566707630784e-01  -2.59266598622573e-01  -2.47164254792158e-01  -2.35260797618305e-01  
-2.23557187231279e-01  -2.12054224479949e-01  -2.00752553177123e-01  -1.89652662515191e-01  
-1.78754889644072e-01  -1.68059422403470e-01  -1.57566302201393e-01  -1.47275427030949e-01  
-1.37186554617443e-01  -1.27299305687834e-01  -1.17613167354710e-01  -1.08127496606986e-01  
-9.88415238996173e-02  -8.97543568347229e-02  -8.08649839266046e-02  -7.21722784432469e-02  
-6.36750023169945e-02  -5.53718101172061e-02  -4.72612530777909e-02  -3.93417831726380e-02  
-3.16117572320572e-02  -2.40694410934459e-02  -1.67130137794982e-02  -9.54057169736819e-03  
-2.55013285228836e-03  4.26035893076502e-03  1.08930297836824e-02  1.73500715763490e-02  
2.36337377084515e-02  2.97463389180432e-02  3.56902391128732e-02  4.14678512304068e-02  
4.70816331323808e-02  5.25340835396629e-02  5.78277380130958e-02  6.29651649859180e-02  
6.79489618532628e-02  7.27817511241295e-02  7.74661766411183e-02  8.20048998730990e-02  
8.64005962858527e-02  9.06559517955930e-02  9.47736593101124e-02  9.87564153621424e-02  
1.02606916839331e-01  1.06327857815049e-01  1.09921926484035e-01  1.13391802206651e-01  
1.16740152665287e-01  1.19969631136221e-01  1.23082873879914e-01  1.26082497652506e-01  
1.28971097340915e-01  1.31751243723672e-01  1.34425481359271e-01  1.36996326603488e-01  
1.39466265756769e-01  1.41837753342428e-01  1.44113210516021e-01  1.46295023605911e-01  
1.48385542784632e-01  1.50387080870299e-01  1.52301912256916e-01  1.54132271972075e-01  
1.55880354860124e-01  1.57548314888554e-01  1.59138264574957e-01  1.60652274531568e-01  
1.62092373124057e-01  1.63460546240912e-01  1.64758737169435e-01  1.65988846574088e-01  
1.67152732572641e-01  1.68252210905322e-01  1.69289055191962e-01  1.70264997271886e-01  
1.71181727621151e-01  1.72040895841578e-01  1.72844111215892e-01  1.73592943323204e-01  
1.74288922709003e-01  1.74933541603778e-01  1.75528254684433e-01  1.76074479872622e-01  
1.76573599164259e-01  1.77026959484492e-01  1.77435873562589e-01  1.77801620821297e-01  
1.78125448275451e-01  1.78408571434758e-01  1.78652175205956e-01  1.78857414789765e-01  
1.79025416568318e-01  1.79157278979067e-01  1.79254073371430e-01  1.79316844842803e-01  
1.79346613050857e-01  1.79344372999389e-01  1.79311095795371e-01  1.79247729375150e-01  
1.79155199198131e-01  1.79034408906639e-01  1.78886240950975e-01  1.78711557179058e-01  
1.78511199390359e-01  1.78285989854182e-01  1.78036731792641e-01  1.77764209828995e-01  
1.77469190402287e-01  1.77152422149485e-01  1.76814636256583e-01  1.76456546780339e-01  
1.76078850942519e-01  1.75682229398700e-01  1.75267346483833e-01  1.74834850436899e-01  
1.74385373607077e-01  1.73919532643917e-01  1.73437928674086e-01  1.72941147467219e-01  
1.72429759593465e-01  1.71904320575234e-01  1.71365371035626e-01  1.70813436845939e-01  
1.70249029274536e-01  1.69672645139258e-01  1.69084766965405e-01  1.68485863151151e-01  
1.67876388142104e-01  1.67256782616519e-01  1.66627473682459e-01  1.65988875088036e-01  
1.65341387445594e-01  1.64685398470507e-01  1.64021283235042e-01  1.63349404437489e-01  
1.62670112686557e-01  1.61983746800818e-01  1.61290634122740e-01  1.60591090846672e-01  
1.59885422359939e-01  1.59173923596008e-01  1.58456879398529e-01  1.57734564894889e-01  
1.57007245877778e-01  1.56275179193136e-01  1.55538613132760e-01  1.54797787829734e-01  
1.54052935654819e-01  1.53304281611833e-01  1.52552043730106e-01  1.51796433451999e-01  
1.51037656013557e-01  1.50275910816382e-01  1.49511391788838e-01  1.48744287734819e-01  
1.47974782668361e-01  1.47203056132520e-01  1.46429283501024e-01  1.45653636261394e-01  
1.44876282278322e-01  1.44097386036312e-01  1.43317108860718e-01  1.42535609116529e-01  
1.41753042384400e-01  1.40969561613654e-01  1.40185317252156e-01  1.39400457353144e-01  
1.38615127659320e-01  1.37829471664670e-01  1.37043630654678e-01  1.36257743725772e-01  
1.35471947785006e-01  1.34686377531163e-01  1.33901165418559e-01  1.33116441605035e-01  
1.32332333885678e-01  1.31548967613956e-01  1.30766465612030e-01  1.29984948072071e-01  
1.29204532450478e-01  1.28425333356921e-01  1.27647462440140e-01  1.26871028272467e-01  
1.26096136234971e-01  1.25322888405124e-01  1.24551383448830e-01  1.23781716518561e-01  
1.23013979159296e-01  1.22248259223814e-01  1.21484640798824e-01  1.20723204143232e-01  
1.19964025639747e-01  1.19207177760857e-01  1.18452729050039e-01  1.17700744118922e-01  
1.16951283660924e-01  1.16204404481713e-01  1.15460159546688e-01  1.14718598045448e-01  
1.13979765473084e-01  1.13243703727923e-01  1.12510451225204e-01  1.11780043025974e-01  
1.11052510980372e-01  1.10327883884277e-01  1.09606187648207e-01  1.08887445477179e-01  
1.08171678060182e-01  1.07458903767764e-01  1.06749138856201e-01  1.06042397676601e-01  
1.05338692887283e-01  1.04638035667720e-01  1.03940435932307e-01  1.03245902542243e-01  
1.02554443513800e-01  1.01866066221306e-01  1.01180777593219e-01  1.00498584299717e-01  
9.98194929303220e-02  9.91435101601802e-02  9.84706429036958e-02  9.78008984543743e-02  
9.71342846098338e-02  9.64708097810968e-02  9.58104830854198e-02  9.51533144220720e-02  
9.44993145306403e-02  9.38484950315951e-02  9.32008684490254e-02  9.25564482156110e-02  
9.19152486600732e-02  9.12772849775016e-02  9.06425731831188e-02  9.00111300501931e-02  
8.93829730329596e-02  8.87581201755427e-02  8.81365900080030e-02  8.75184014307476e-02  
8.69035735886426e-02  8.62921257362636e-02  8.56840770957901e-02  8.50794467091149e-02  
8.44782532857866e-02  8.38805150484312e-02  8.32862495773168e-02  8.26954736557229e-02  
8.21082031177577e-02  8.15244527002384e-02  8.09442359001954e-02  8.03675648395028e-02  
7.97944501380602e-02  7.92249007968578e-02  7.86589240921556e-02  7.80965254818945e-02  
7.75377085253278e-02  7.69824748167338e-02  7.64308239339227e-02  7.58827534021069e-02  
7.53382586735496e-02  7.47973331232502e-02  7.42599680607650e-02  7.37261527581077e-02  
7.31958744935089e-02  7.26691186106684e-02  7.21458685929724e-02  7.16261061520140e-02  
7.11098113296039e-02  7.05969626123432e-02  7.00875370576941e-02  6.95815104303863e-02  
6.90788573478924e-02  6.85795514336218e-02  6.80835654764086e-02  6.75908715948124e-02  
6.71014414047072e-02  6.66152461886025e-02  6.61322570651287e-02  6.56524451571175e-02  
6.51757817567348e-02  6.47022384861346e-02  6.42317874521755e-02  6.37644013937763e-02  
6.33000538205819e-02  6.28387191416815e-02  6.23803727832311e-02  6.19249912939371e-02  
6.14725524374755e-02  6.10230352710542e-02  6.05764202094581e-02  6.01326890740590e-02  
5.96918251264196e-02  5.92538130862681e-02  5.88186391337753e-02  5.83862908962140e-02  
5.79567574192335e-02  5.75300291231271e-02  5.71060977446207e-02  5.66849562648418e-02  
5.62665988242651e-02  5.58510206255521e-02  5.54382178253205e-02  5.50281874159792e-02  
5.46209270988610e-02  5.42164351499662e-02  5.38147102796959e-02  5.34157514880136e-02  
5.30195579165085e-02  5.26261286988649e-02  5.22354628112515e-02  5.18475589241423e-02  
5.14624152570637e-02  5.10800294377276e-02  5.07003983669688e-02  5.03235180908401e-02  
4.99493836811508e-02  4.95779891256437e-02  4.92093272289128e-02  4.88433895250584e-02  
4.84801662029519e-02  4.81196460448679e-02  4.77618163791007e-02  4.74066630470498e-02  
4.70541703851142e-02  4.67043212215901e-02  4.63570968886212e-02  4.60124772491005e-02  
4.56704407382797e-02  4.53309644196968e-02  4.49940240548923e-02  4.46595941862532e-02  
4.43276482321917e-02  4.39981585937511e-02  4.36710967716150e-02  4.33464334924006e-02  
4.30241388430206e-02  4.27041824118297e-02  4.23865334351929e-02  4.20711609480764e-02  
4.17580339372083e-02  4.14471214953443e-02  4.11383929751548e-02  4.08318181412587e-02  
4.05273673189452e-02  4.02250115381608e-02  3.99247226713800e-02  3.96264735640424e-02  
3.93302381563097e-02  3.90359915949792e-02  3.87437103344887e-02  3.84533722260506e-02  
3.81649565940693e-02  3.78784442991215e-02  3.75938177869023e-02  3.73110611226855e-02  
3.70301600109750e-02  3.67511018001776e-02  3.64738754722649e-02  3.61984716175411e-02  
3.59248823947708e-02  3.56531014770721e-02  3.53831239841047e-02  3.51149464012246e-02  
3.48485664863971e-02  3.45839831657757e-02  3.43211964189685e-02  3.40602071551077e-02  
3.38010170809242e-02  3.35436285621126e-02  3.32880444793255e-02  3.30342680801956e-02  
3.27823028288149e-02  3.25321522541257e-02  3.22838197986891e-02  3.20373086692869e-02  
3.17926216907988e-02  3.15497611647611e-02  3.13087287339654e-02  3.10695252543998e-02  
3.08321506757583e-02  3.05966039316649e-02  3.03628828406594e-02  3.01309840188894e-02  
2.99009028053381e-02  2.96726332002957e-02  2.94461678176526e-02  2.92214978514579e-02  
2.89986130570506e-02  2.87775017469240e-02  2.85581508013491e-02  2.83405456936286e-02  
2.81246705297229e-02  2.79105081018404e-02  2.76980399554558e-02  2.74872464690845e-02  
2.72781069460247e-02  2.70705997171539e-02  2.68647022537680e-02  2.66603912893488e-02  
2.64576429490615e-02  2.62564328857082e-02  2.60567364208012e-02  2.58585286893725e-02  
2.56617847870951e-02  2.54664799182764e-02  2.52725895432676e-02  2.50800895238477e-02  
2.48889562651530e-02  2.46991668527616e-02  2.45106991835861e-02  2.43235320892918e-02  
2.41376454510269e-02  2.39530203043369e-02  2.37696389332315e-02  2.35874849524770e-02  
2.34065433773007e-02  2.32268006798190e-02  2.30482448316252e-02  2.28708653321129e-02  
2.26946532222461e-02  2.25196010836282e-02  2.23457030228681e-02  2.21729546413819e-02  
2.20013529909121e-02  2.18308965151838e-02  2.16615849782547e-02  2.14934193802429e-02  
2.13264018612426e-02  2.11605355943503e-02  2.09958246688328e-02  2.08322739645653e-02  
2.06698890189505e-02  2.05086758876089e-02  2.03486410001867e-02  2.01897910126815e-02  
2.00321326577163e-02  1.98756725942189e-02  1.97204172579665e-02  1.95663727144511e-02  
1.94135445154994e-02  1.92619375610478e-02  1.91115559674212e-02  1.89624029434067e-02  
1.88144806753370e-02  1.86677902223139e-02  1.85223314226020e-02  1.83781028121229e-02  
1.82351015558553e-02  1.80933233928301e-02  1.79527625952729e-02  1.78134119423164e-02  
1.76752627085572e-02  1.75383046675957e-02  1.74025261105471e-02  1.72679138793712e-02  
1.71344534147204e-02  1.70021288178711e-02  1.68709229261577e-02  1.67408174012084e-02  
1.66117928291446e-02  1.64838288318013e-02  1.63569041879068e-02  1.62309969630720e-02  
1.61060846473435e-02  1.59821442990082e-02  1.58591526932680e-02  1.57370864743587e-02  
1.56159223096473e-02  1.54956370442259e-02  1.53762078545080e-02  1.52576123993421e-02  
1.51398289671823e-02  1.50228366178836e-02  1.49066153177489e-02  1.47911460665081e-02  
1.46764110149927e-02  1.45623935723519e-02  1.44490785017582e-02  1.43364520036586e-02  
1.42245017857464e-02  1.41132171189533e-02  1.40025888789002e-02  1.38926095723766e-02  
1.37832733485708e-02  1.36745759949126e-02  1.35665149175424e-02  1.34590891065666e-02  
1.33522990864103e-02  1.32461468517148e-02  1.31406357893784e-02  1.30357705874621e-02  
1.29315571318207e-02  1.28280023914318e-02  1.27251142935107e-02  1.26229015895975e-02  
1.25213737138942e-02  1.24205406352044e-02  1.23204127038960e-02  1.22210004953538e-02  
1.21223146514310e-02  1.20243657214267e-02  1.19271640041268e-02  1.18307193924377e-02  
1.17350412221218e-02  1.16401381261048e-02  1.15460178957789e-02  1.14526873506560e-02  
1.13601522176536e-02  1.12684170212002e-02  1.11774849852508e-02  1.10873579481868e-02  
1.09980362914543e-02  1.09095188826648e-02  1.08218030337435e-02  1.07348844745662e-02  
1.06487573423801e-02  1.05634141871483e-02  1.04788459928089e-02  1.03950422142812e-02  
1.03119908299042e-02  1.02296784088377e-02  1.01480901928155e-02  1.00672101914957e-02  
9.98702129052224e-03  9.90750537128658e-03  9.82864344126141e-03  9.75041577367316e-03  
9.67280205518718e-03  9.59578154019691e-03  9.51933321024117e-03  9.44343593701895e-03  
9.36806864743176e-03  9.29321048905876e-03  9.21884099446072e-03  9.14494024271433e-03  
9.07148901660048e-03  8.99846895390530e-03  8.92586269134499e-03  8.85365399969158e-03  
8.78182790875522e-03  8.71037082097234e-03  8.63927061245378e-03  8.56851672046385e-03  
8.49810021642647e-03  8.42801386369244e-03  8.35825215944483e-03  8.28881136026683e-03  
8.21968949105704e-03  8.15088633713014e-03  8.08240341950557e-03  8.01424395354695e-03  
7.94641279127460e-03  7.87891634783370e-03  7.81176251275239e-03  7.74496054677306e-03  
7.67852096518369e-03  7.61245540870575e-03  7.54677650312258e-03  7.48149770894247e-03  
7.41663316249238e-03  7.35219750992727e-03  7.28820573571343e-03  7.22467298720275e-03  
7.16161439696232e-03  7.09904490455044e-03  7.03697907944253e-03  6.97543094680981e-03  
6.91441381783099e-03  6.85394012618388e-03  6.79402127231145e-03  6.73466747698957e-03  
6.67588764564331e-03  6.61768924476220e-03  6.56007819165478e-03  6.50305875866442e-03  
6.44663349283183e-03  6.39080315185090e-03  6.33556665701203e-03  6.28092106366639e-03  
6.22686154958500e-03  6.17338142141393e-03  6.12047213925711e-03  6.06812335924637e-03  
6.01632299378568e-03  5.96505728898715e-03  5.91431091865097e-03  5.86406709397862e-03  
5.81430768805898e-03  5.76501337401693e-03  5.71616377558122e-03  5.66773762870404e-03  
5.61971295275014e-03  5.57206722967635e-03  5.52477758953858e-03  5.47782100059020e-03  
5.43117446218899e-03  5.38481519868647e-03  5.33872085245871e-03  5.29286967423321e-03  
5.24724070888112e-03  5.20181397487847e-03  5.15657063568686e-03  5.11149316137221e-03  
5.06656547886163e-03  5.02177310933702e-03  4.97710329137391e-03  4.93254508856532e-03  
4.88808948050363e-03  4.84372943614665e-03  4.79945996875394e-03  4.75527817174652e-03  
4.71118323502076e-03  4.66717644142717e-03  4.62326114330828e-03  4.57944271918084e-03  
4.53572851082954e-03  4.49212774126959e-03  4.44865141421541e-03  4.40531219587219e-03  
4.36212428003745e-03  4.31910323766325e-03  4.27626585218219e-03  4.23362994204484e-03  
4.19121417204316e-03  4.14903785511163e-03  4.10712074639896e-03  4.06548283148695e-03  
4.02414411070171e-03  3.98312438151324e-03  3.94244302104923e-03  3.90211877076564e-03  
3.86216952530921e-03  3.82261212758315e-03  3.78346217198505e-03  3.74473381772482e-03  
3.70643961404971e-03  3.66859033910830e-03  3.63119485407242e-03  3.59425997400318e-03  
3.55779035681020e-03  3.52178841149009e-03  3.48625422666395e-03  3.45118552025661e-03  
3.41657761096636e-03  3.38242341198436e-03  3.34871344721841e-03  3.31543589007064e-03  
3.28257662461527e-03  3.25011932881194e-03  3.21804557918819e-03  3.18633497622261e-03  
3.15496528946427e-03  3.12391262123661e-03  3.09315158759610e-03  3.06265551504446e-03  
3.03239665134226e-03  3.00234638862667e-03  2.97247549690929e-03  2.94275436592425e-03  
2.91315325319799e-03  2.88364253614400e-03  2.85419296592829e-03  2.82477592081554e-03  
2.79536365669634e-03  2.76592955249545e-03  2.73644834819412e-03  2.70689637324307e-03  
2.67725176321113e-03  2.64749466260403e-03  2.61760741189075e-03  2.58757471690297e-03  
2.55738379891262e-03  2.52702452385313e-03  2.49648950932014e-03  2.46577420817497e-03  
2.43487696777317e-03  2.40379906404619e-03  2.37254470988180e-03  2.34112103747168e-03  
2.30953805452106e-03  2.27780857444563e-03  2.24594812091017e-03  2.21397480729316e-03  
2.18190919188532e-03  2.14977410985047e-03  2.11759448318883e-03  2.08539711014446e-03  
2.05321043569145e-03  2.02106430491004e-03  1.98898970122894e-03  1.95701847165593e-03  
1.92518304125054e-03  1.89351611920275e-03  1.86205039897288e-03  1.83081825501919e-03  
1.79985143868817e-03  1.76918077586890e-03  1.73883586901814e-03  1.70884480614198e-03  
1.67923387927827e-03  1.65002731495636e-03  1.62124701901921e-03  1.59291233807396e-03  
1.56503983969189e-03  1.53764311329982e-03  1.51073259349369e-03  1.48431540724574e-03  
1.45839524617024e-03  1.43297226463189e-03  1.40804300401982e-03  1.38360034293237e-03  
1.35963347229762e-03  1.33612789355609e-03  1.31306543690708e-03  1.29042429523300e-03  
1.26817906762534e-03  1.24630080441906e-03  1.22475704331397e-03  1.20351182357186e-03  
1.18252566256540e-03  1.16175547635728e-03  1.14115442387067e-03  1.12067165311534e-03  
1.10025192856256e-03  1.07983512200588e-03  1.05935555614142e-03  1.03874120174062e-03  
1.01791274671604e-03  9.96782579385467e-04  9.75253759098452e-04  9.53219084592267e-04  
9.30560412353337e-04  9.07148420832250e-04  8.82843056940068e-04  8.57494932555584e-04  
8.30947953076799e-04  8.03043448778604e-04  7.73626034325178e-04  7.42551334976698e-04  
7.09695585397237e-04  6.74966928622087e-04  6.38318024843703e-04  5.99759335628646e-04  
5.59372199984074e-04  5.17320592335156e-04  4.73860281916158e-04  4.29344033083757e-04  
3.84221528696717e-04  3.39032888231781e-04  2.94394999886128e-04  2.50980385138088e-04  
2.09488938222175e-04  1.70613584013353e-04  1.35001609936248e-04  1.03214072327925e-04  
7.56861729030033e-05  5.26917709701040e-05  3.43151838625988e-05  2.04331013092902e-05  
1.07088035641203e-05  4.59997009634270e-06  1.38027308316772e-06  1.73773572847398e-07  
-0.00000000000000e+00  
                Type                   L                   N
                   0                   1                   0
0.00000000000000e+00  -2.81353748011569e-02  -5.62537177165663e-02  -8.43380136197090e-02  
-1.12371280882672e-01  -1.40336588075839e-01  -1.68217070608089e-01  -1.95995947287727e-01  
-2.23656536784441e-01  -2.51182273972641e-01  -2.78556726136625e-01  -3.05763609018119e-01  
-3.32786802686840e-01  -3.59610367214902e-01  -3.86218558135996e-01  -4.12595841670475e-01  
-4.38726909697662e-01  -4.64596694456894e-01  -4.90190382959082e-01  -5.15493431090788e-01  
-5.40491577393136e-01  -5.65170856498144e-01  -5.89517612205431e-01  -6.13518510182582e-01  
-6.37160550272857e-01  -6.60431078394341e-01  -6.83317798015065e-01  -7.05808781189112e-01  
-7.27892479139224e-01  -7.49557732371941e-01  -7.70793780311905e-01  -7.91590270442498e-01  
-8.11937266940676e-01  -8.31825258794460e-01  -8.51245167392269e-01  -8.70188353573972e-01  
-8.88646624134297e-01  -9.06612237770008e-01  -9.24077910463050e-01  -9.41036820292709e-01  
-9.57482611670679e-01  -9.73409398993786e-01  -9.88811769710061e-01  -1.00368478679473e+00  
-1.01802399063368e+00  -1.03182540031277e+00  -1.04508551431263e+00  -1.05780131060918e+00  
-1.06997024618136e+00  -1.08159025592851e+00  -1.09265975100076e+00  -1.10317761654684e+00  
-1.11314320888478e+00  -1.12255635210179e+00  -1.13141733409077e+00  -1.13972690203190e+00  
-1.14748625732842e+00  -1.15469705000709e+00  -1.16136137259441e+00  -1.16748175348073e+00  
-1.17306114978527e+00  -1.17810293973588e+00  -1.18261091457815e+00  -1.18658927002942e+00  
-1.19004259729384e+00  -1.19297587365548e+00  -1.19539445266699e+00  -1.19730405395220e+00  
-1.19871075264140e+00  -1.19962096845879e+00  -1.20004145448189e+00  -1.19997928559342e+00  
-1.19944184664626e+00  -1.19843682036276e+00  -1.19697217498971e+00  -1.19505615173073e+00  
-1.19269725197800e+00  -1.18990422436531e+00  -1.18668605166459e+00  -1.18305193754822e+00  
-1.17901129323917e+00  -1.17457372407131e+00  -1.16974901598174e+00  -1.16454712195726e+00  
-1.15897814845650e+00  -1.15305234182941e+00  -1.14678007475509e+00  -1.14017183271894e+00  
-1.13323820054969e+00  -1.12598984903626e+00  -1.11843752164424e+00  -1.11059202135109e+00  
-1.10246419761877e+00  -1.09406493352193e+00  -1.08540513304910e+00  -1.07649570859411e+00  
-1.06734756865369e+00  -1.05797160574733e+00  -1.04837868457417e+00  -1.03857963042136e+00  
-1.02858521783759e+00  -1.01840615958463e+00  -1.00805309587921e+00  -9.97536583936690e-01  
-9.86867087827307e-01  -9.76054968654976e-01  -9.65110475067998e-01  -9.54043734110165e-01  
-9.42864742420083e-01  -9.31583357785754e-01  -9.20209291060738e-01  -9.08752098447492e-01  
-8.97221174152737e-01  -8.85625743419002e-01  -8.73974855935770e-01  -8.62277379632981e-01  
-8.50541994858919e-01  -8.38777188943870e-01  -8.26991251150251e-01  -8.15192268009271e-01  
-8.03388119043550e-01  -7.91586472874473e-01  -7.79794783712500e-01  -7.68020288228007e-01  
-7.56270002799692e-01  -7.44550721136997e-01  -7.32869012272467e-01  -7.21231218919430e-01  
-7.09643456189875e-01  -6.98111610666899e-01  -6.86641339825638e-01  -6.75238071796096e-01  
-6.63907005460889e-01  -6.52653110880461e-01  -6.41481130037917e-01  -6.30395577895250e-01  
-6.19400743752354e-01  -6.08500692899825e-01  -5.97699268556281e-01  -5.87000094080537e-01  
-5.76406575448727e-01  -5.65921903986140e-01  -5.55549059343306e-01  -5.45290812705586e-01  
-5.35149730225336e-01  -5.25128176665470e-01  -5.15228319243082e-01  -5.05452131661630e-01  
-4.95801398320010e-01  -4.86277718686764e-01  -4.76882511827529e-01  -4.67617021073784e-01  
-4.58482318820883e-01  -4.49479311443322e-01  -4.40608744315187e-01  -4.31871206923754e-01  
-4.23267138064217e-01  -4.14796831103611e-01  -4.06460439302069e-01  -3.98257981179656e-01  
-3.90189345917171e-01  -3.82254298779445e-01  -3.74452486549860e-01  -3.66783442965009e-01  
-3.59246594138657e-01  -3.51841263964390e-01  -3.44566679486646e-01  -3.37421976230089e-01  
-3.30406203477625e-01  -3.23518329487682e-01  -3.16757246641754e-01  -3.10121776513557e-01  
-3.03610674851580e-01  -2.97222636467194e-01  -2.90956300020923e-01  -2.84810252699933e-01  
-2.78783034780240e-01  -2.72873144067603e-01  -2.67079040211565e-01  -2.61399148887585e-01  
-2.55831865842674e-01  -2.50375560800502e-01  -2.45028581222382e-01  -2.39789255921103e-01  
-2.34655898525048e-01  -2.29626810790548e-01  -2.24700285760949e-01  -2.19874610771311e-01  
-2.15148070298216e-01  -2.10518948654567e-01  -2.05985532529798e-01  -2.01546113376320e-01  
-1.97198989643497e-01  -1.92942468860875e-01  -1.88774869572775e-01  -1.84694523126779e-01  
-1.80699775318995e-01  -1.76788987899343e-01  -1.72960539940431e-01  -1.69212829073891e-01  
-1.65544272598348e-01  -1.61953308463420e-01  -1.58438396134401e-01  -1.54998017342480e-01  
-1.51630676725527e-01  -1.48334902364624e-01  -1.45109246221647e-01  -1.41952284483327e-01  
-1.38862617817233e-01  -1.35838871545238e-01  -1.32879695739998e-01  -1.29983765249984e-01  
-1.27149779658588e-01  -1.24376463182750e-01  -1.21662564516507e-01  -1.19006856624729e-01  
-1.16408136492227e-01  -1.13865224833251e-01  -1.11376965766264e-01  -1.08942226458681e-01  
-1.06559896746095e-01  -1.04228888730308e-01  -1.01948136360255e-01  -9.97165949997096e-02  
-9.75332409854052e-02  -9.53970711789794e-02  -9.33071025158997e-02  -9.12623715542771e-02  
-8.92619340262199e-02  -8.73048643941365e-02  -8.53902554141292e-02  -8.35172177083840e-02  
-8.16848793482068e-02  -7.98923854491170e-02  -7.81388977791742e-02  -7.64235943814857e-02  
-7.47456692116234e-02  -7.31043317904678e-02  -7.14988068728017e-02  -6.99283341317821e-02  
-6.83921678592524e-02  -6.68895766816844e-02  -6.54198432914019e-02  -6.39822641925921e-02  
-6.25761494614969e-02  -6.12008225200675e-02  -5.98556199222708e-02  -5.85398911521628e-02  
-5.72529984327765e-02  -5.59943165448221e-02  -5.47632326541660e-02  -5.35591461470238e-02  
-5.23814684718017e-02  -5.12296229865134e-02  -5.01030448107236e-02  -4.90011806809819e-02  
-4.79234888087569e-02  -4.68694387399136e-02  -4.58385112148382e-02  -4.48301980283664e-02  
-4.38440018887435e-02  -4.28794362749103e-02  -4.19360252914901e-02  -4.10133035209302e-02  
-4.01108158723294e-02  -3.92281174265783e-02  -3.83647732775096e-02  -3.75203583688553e-02  
-3.66944573268807e-02  -3.58866642886538e-02  -3.50965827259883e-02  -3.43238252651709e-02  
-3.35680135026626e-02  -3.28287778170278e-02  -3.21057571774098e-02  -3.13985989489301e-02  
-3.07069586954388e-02  -3.00304999800937e-02  -2.93688941642772e-02  -2.87218202054022e-02  
-2.80889644541764e-02  -2.74700204519170e-02  -2.68646887285184e-02  -2.62726766016831e-02  
-2.56936979780201e-02  -2.51274731566111e-02  -2.45737286356310e-02  -2.40321969225832e-02  
-2.35026163486953e-02  -2.29847308879778e-02  -2.24782899814225e-02  -2.19830483667754e-02  
-2.14987659142709e-02  -2.10252074686744e-02  -2.05621426979279e-02  -2.01093459486410e-02  
-1.96665961086198e-02  -1.92336764765705e-02  -1.88103746390609e-02  -1.83964823547701e-02  
-1.79917954460006e-02  -1.75961136973806e-02  -1.72092407616251e-02  -1.68309840721863e-02  
-1.64611547625703e-02  -1.60995675920566e-02  -1.57460408775220e-02  -1.54003964310258e-02  
-1.50624595027909e-02  -1.47320587291799e-02  -1.44090260852485e-02  -1.40931968414332e-02  
-1.37844095239218e-02  -1.34825058782409e-02  -1.31873308355923e-02  -1.28987324814688e-02  
-1.26165620260813e-02  -1.23406737761421e-02  -1.20709251075570e-02  -1.18071764385968e-02  
-1.15492912031385e-02  -1.12971358235913e-02  -1.10505796831447e-02  -1.08094950970101e-02  
-1.05737572823554e-02  -1.03432443266672e-02  -1.01178371543109e-02  -9.89741949109300e-03  
-9.68187782667266e-03  -9.47110137470099e-03  -9.26498203061050e-03  -9.06341432701193e-03  
-8.86629538669334e-03  -8.67352487325484e-03  -8.48500493944198e-03  -8.30064017328305e-03  
-8.12033754215606e-03  -7.94400633495073e-03  -7.77155810250852e-03  -7.60290659655589e-03  
-7.43796770735925e-03  -7.27665940035508e-03  -7.11890165201906e-03  -6.96461638525052e-03  
-6.81372740456025e-03  -6.66616033134867e-03  -6.52184253957043e-03  -6.38070309207171e-03  
-6.24267267789241e-03  -6.10768355080521e-03  -5.97566946936512e-03  -5.84656563871971e-03  
-5.72030865442234e-03  -5.59683644846557e-03  -5.47608823773642e-03  -5.35800447507164e-03  
-5.24252680306478e-03  -5.12959801075545e-03  -5.01916199330223e-03  -4.91116371471485e-03  
-4.80554917369294e-03  -4.70226537259182e-03  -4.60126028950864e-03  -4.50248285345251e-03  
-4.40588292253909e-03  -4.31141126512361e-03  -4.21901954375941e-03  -4.12866030185077e-03  
-4.04028695284261e-03  -3.95385377177524e-03  -3.86931588901002e-03  -3.78662928592037e-03  
-3.70575079232808e-03  -3.62663808545296e-03  -3.54924969013921e-03  -3.47354498011245e-03  
-3.39948418002104e-03  -3.32702836801393e-03  -3.25613947860754e-03  -3.18678030560293e-03  
-3.11891450481596e-03  -3.05250659639576e-03  -2.98752196651741e-03  -2.92392686824744e-03  
-2.86168842139452e-03  -2.80077461117855e-03  -2.74115428556334e-03  -2.68279715112487e-03  
-2.62567376733874e-03  -2.56975553920279e-03  -2.51501470812019e-03  -2.46142434100230e-03  
-2.40895831756490e-03  -2.35759131581666e-03  -2.30729879576264e-03  -2.25805698136218e-03  
-2.20984284080722e-03  -2.16263406520031e-03  -2.11640904573723e-03  -2.07114684951021e-03  
-2.02682719406714e-03  -1.98343042087580e-03  -1.94093746785353e-03  -1.89932984113447e-03  
-1.85858958625439e-03  -1.81869925894149e-03  -1.77964189570228e-03  -1.74140098440015e-03  
-1.70396043501900e-03  -1.66730455080545e-03  -1.63141799998082e-03  -1.59628578820635e-03  
-1.56189323197710e-03  -1.52822593311519e-03  -1.49526975451720e-03  -1.46301079730114e-03  
-1.43143537948385e-03  -1.40053001630587e-03  -1.37028140230236e-03  -1.34067639520472e-03  
-1.31170200173832e-03  -1.28334536536323e-03  -1.25559375598858e-03  -1.22843456167037e-03  
-1.20185528228489e-03  -1.17584352515236e-03  -1.15038700256633e-03  -1.12547353116827e-03  
-1.10109103308964e-03  -1.07722753876793e-03  -1.05387119133025e-03  -1.03101025242234e-03  
-1.00863310935141e-03  -9.86728283398647e-04  -9.65284439151125e-04  -9.44290394690596e-04  
-9.23735132476663e-04  -9.03607810754645e-04  -8.83897775314997e-04  -8.64594571434494e-04  
-8.45687955827081e-04  -8.27167908436674e-04  -8.09024643908297e-04  -7.91248622580567e-04  
-7.73830560848923e-04  -7.56761440759422e-04  -7.40032518701847e-04  -7.23635333082816e-04  
-7.07561710873218e-04  -6.91803772935091e-04  -6.76353938050257e-04  -6.61204925584624e-04  
-6.46349756741531e-04  -6.31781754368056e-04  -6.17494541298446e-04  -6.03482037231126e-04  
-5.89738454154161e-04  -5.76258290346391e-04  -5.63036322998340e-04  -5.50067599511129e-04  
-5.37347427542627e-04  -5.24871363885037e-04  -5.12635202268429e-04  -5.00634960196759e-04  
-4.88866864927630e-04  -4.77327338721323e-04  -4.66012983485639e-04  -4.54920564951632e-04  
-4.44046996517255e-04  -4.33389322899441e-04  -4.22944703735178e-04  -4.12710397271296e-04  
-4.02683744282167e-04  -3.92862152349121e-04  -3.83243080631437e-04  -3.73824025253587e-04  
-3.64602505424399e-04  -3.55576050397124e-04  -3.46742187368580e-04  -3.38098430406401e-04  
-3.29642270481168e-04  -3.21371166670295e-04  -3.13282538585553e-04  -3.05373760065254e-04  
-2.97642154159987e-04  -2.90084989423920e-04  -2.82699477515071e-04  -2.75482772091595e-04  
-2.68431968979558e-04  -2.61544107575995e-04  -2.54816173436981e-04  -2.48245101992409e-04  
-2.41827783314612e-04  -2.35561067862521e-04  -2.29441773110433e-04  -2.23466690966001e-04  
-2.17632595872615e-04  -2.11936253487425e-04  -2.06374429821344e-04  -2.00943900724735e-04  
-1.95641461599445e-04  -1.90463937217575e-04  -1.85408191529230e-04  -1.80471137341259e-04  
-1.75649745752847e-04  -1.70941055237155e-04  -1.66342180267215e-04  -1.61850319382004e-04  
-1.57462762606268e-04  -1.53176898137871e-04  -1.48990218227911e-04  -1.44900324189341e-04  
-1.40904930478683e-04  -1.37001867805238e-04  -1.33189085236210e-04  -1.29464651272126e-04  
-1.25826753884312e-04  -1.22273699512656e-04  -1.18803911034823e-04  -1.15415924730242e-04  
-1.12108386270262e-04  -1.08880045778061e-04  -1.05729752011058e-04  -1.02656445727348e-04  
-9.96591523052533e-05  -9.67369736947840e-05  -9.38890797841458e-05  -9.11146992704378e-05  
-8.84131101309262e-05  -8.57836297912504e-05  -8.32256050913018e-05  -8.07384021529560e-05  
-7.83213962502312e-05  -7.59739617862926e-05  -7.36954624758086e-05  -7.14852418330043e-05  
-6.93426140579296e-05  -6.72668554111334e-05  -6.52571961624242e-05  -6.33128131898261e-05  
-6.14328232999708e-05  -5.96162773346883e-05  -5.78621551162409e-05  -5.61693612788183e-05  
-5.45367220222559e-05  -5.29629828152519e-05  -5.14468070647087e-05  -4.99867757602862e-05  
-4.85813880896125e-05  -4.72290630129685e-05  -4.59281417761121e-05  -4.46768913281479e-05  
-4.34735086064756e-05  -4.23161256384885e-05  -4.12028154048171e-05  -4.01315983996702e-05  
-3.91004498177981e-05  -3.81073072929955e-05  -3.71500791060301e-05  -3.62266527774712e-05  
-3.53349039571177e-05  -3.44727055189642e-05  -3.36379367704478e-05  -3.28284926823260e-05  
-3.20422930494464e-05  -3.12772914902456e-05  -3.05314841983122e-05  -2.98029183601306e-05  
-2.90897001601161e-05  -2.83900022961767e-05  -2.77020709361450e-05  -2.70242320511381e-05  
-2.63548970700912e-05  -2.56925678045757e-05  -2.50358406040224e-05  -2.43834097069452e-05  
-2.37340697636589e-05  -2.30867175151186e-05  -2.24403526195793e-05  -2.17940776297618e-05  
-2.11470971292267e-05  -2.04987160485867e-05  -1.98483371861812e-05  -1.91954579701073e-05  
-1.85396665038414e-05  -1.78806369426066e-05  -1.72181242589298e-05  -1.65519584578907e-05  
-1.58820383077423e-05  -1.52083246588670e-05  -1.45308334239599e-05  -1.38496282983010e-05  
-1.31648132987075e-05  -1.24765252013174e-05  -1.17849259608849e-05  -1.10901951904360e-05  
-1.03925227804265e-05  -9.69210173448577e-06  -8.98912129649478e-06  -8.28376043714920e-06  
-7.57618176788798e-06  -6.86652594171668e-06  -6.15490659579246e-06  -5.44140588601695e-06  
-4.72607065418511e-06  -4.00890926447477e-06  -3.28988913580780e-06  -2.56893499138580e-06  
-1.84592783734128e-06  -1.12070467529129e-06  -3.93058945830731e-07  3.37258307953010e-07  
1.07053657557800e-06  1.80710333873573e-06  2.54732088750753e-06  3.29158253402197e-06  
4.04030826728632e-06  4.79393990279762e-06  5.55293578159197e-06  6.31776508053504e-06  
7.08890179843232e-06  7.86681848654763e-06  8.65197979204156e-06  9.44483588971381e-06  
1.02458158711100e-05  1.10553211673658e-05  1.18737190767352e-05  1.27013364684642e-05  
1.35384537323950e-05  1.43852990403770e-05  1.52420429826659e-05  1.61087936386521e-05  
1.69855921355319e-05  1.78724087438962e-05  1.87691395557011e-05  1.96756037787012e-05  
2.05915416814052e-05  2.15166132110457e-05  2.24503973022477e-05  2.33923918875362e-05  
2.43420146116950e-05  2.52986042463051e-05  2.62614227947264e-05  2.72296582673993e-05  
2.82024281048286e-05  2.91787832168160e-05  3.01577126002486e-05  3.11381484939637e-05  
3.21189720222283e-05  3.30990192740662e-05  3.40770877640487e-05  3.50519432114992e-05  
3.60223265776844e-05  3.69869612953748e-05  3.79445606241065e-05  3.88938350630100e-05  
3.98334997553342e-05  4.07622818167531e-05  4.16789275206803e-05  4.25822092788394e-05  
4.34709323540262e-05  4.43439412468503e-05  4.52001257023767e-05  4.60384262861536e-05  
4.68578394832450e-05  4.76574222801041e-05  4.84362961943571e-05  4.91936507213758e-05  
4.99287461776825e-05  5.06409159206319e-05  5.13295679345808e-05  5.19941857812442e-05  
5.26343289141233e-05  5.32496323653997e-05  5.38398058212637e-05  5.44046321063265e-05  
5.49439651016623e-05  5.54577271304732e-05  5.59459058462251e-05  5.64085506671469e-05  
5.68457687994994e-05  5.72577209019012e-05  5.76446164407119e-05  5.80067087932703e-05  
5.83442901539553e-05  5.86576863019379e-05  5.89472512899508e-05  5.92133621125022e-05  
5.94564134111343e-05  5.96768122748225e-05  5.98749731917093e-05  6.00513132024643e-05  
6.02062473092697e-05  6.03401841842616e-05  6.04535222224743e-05  6.05466459773727e-05  
6.06199230124735e-05  6.06737011999882e-05  6.07083064893604e-05  6.07240411638459e-05  
6.07211825987143e-05  6.06999825288165e-05  6.06606668253351e-05  6.06034357788754e-05  
6.05284648783211e-05  6.04359060695599e-05  6.03258894748703e-05  6.01985255442067e-05  
6.00539076115787e-05  5.98921148184948e-05  5.97132153659840e-05  5.95172700546331e-05  
5.93043360640275e-05  5.90744709256400e-05  5.88277366381386e-05  5.85642038726194e-05  
5.82839562161005e-05  5.79870943997225e-05  5.76737404591370e-05  5.73440417732156e-05  
5.69981749332133e-05  5.66363493908809e-05  5.62588108401387e-05  5.58658442884234e-05  
5.54577767769802e-05  5.50349797146643e-05  5.45978707904204e-05  5.41469154393432e-05  
5.36826278369122e-05  5.32055714044585e-05  5.27163588115127e-05  5.22156514690292e-05  
5.17041585089985e-05  5.11826352568445e-05  5.06518812002697e-05  5.01127374730671e-05  
4.95660838702485e-05  4.90128354175478e-05  4.84539385264768e-05  4.78903667654087e-05  
4.73231162843794e-05  4.67532009336631e-05  4.61816471212931e-05  4.56094884538874e-05  
4.50377602109528e-05  4.44674937031119e-05  4.38997105649473e-05  4.33354170366761e-05  
4.27755982858328e-05  4.22212128221814e-05  4.16731870567622e-05  4.11324100558471e-05  
4.05997285370150e-05  4.00759421535119e-05  3.95617991104479e-05  3.90579921512339e-05  
3.85651549502720e-05  3.80838589457565e-05  3.76146106367161e-05  3.71578493709236e-05  
3.67139456384009e-05  3.62831998872201e-05  3.58658418660499e-05  3.54620304988097e-05  
3.50718542889725e-05  3.46953322450798e-05  3.43324153156618e-05  3.39829883167959e-05  
3.36468723295499e-05  3.33238275421994e-05  3.30135565047497e-05  3.27157077639728e-05  
3.24298798399497e-05  3.21556255028882e-05  3.18924563083679e-05  3.16398473451449e-05  
3.13972421479198e-05  3.11640577271152e-05  3.09396896671815e-05  3.07235172447275e-05  
3.05149085166502e-05  3.03132253316013e-05  3.01178282172116e-05  2.99280811006197e-05  
2.97433558173138e-05  2.95630363701327e-05  2.93865229017380e-05  2.92132353476541e-05  
2.90426167392039e-05  2.88741361324944e-05  2.87072911419344e-05  2.85416100619387e-05  
2.83766535636006e-05  2.82120159612426e-05  2.80473260444573e-05  2.78822474792148e-05  
2.77164787840499e-05  2.75497528932265e-05  2.73818363230027e-05  2.72125279608414e-05  
2.70416575019873e-05  2.68690835605244e-05  2.66946914870024e-05  2.65183909266009e-05  
2.63401131531323e-05  2.61598082205472e-05  2.59774419703022e-05  2.57929929367743e-05  
2.56064491952044e-05  2.54178051933284e-05  2.52270586105933e-05  2.50342072872801e-05  
2.48392462647742e-05  2.46421649759469e-05  2.44429446246072e-05  2.42415557884953e-05  
2.40379562782127e-05  2.38320892820527e-05  2.36238818220767e-05  2.34132435437693e-05  
2.32000658570190e-05  2.29842214427813e-05  2.27655641344206e-05  2.25439291784949e-05  
2.23191338766047e-05  2.20909786024744e-05  2.18592481863071e-05  2.16237136542483e-05  
2.13841343032038e-05  2.11402600918675e-05  2.08918343208117e-05  2.06385965731552e-05  
2.03802858830006e-05  2.01166440964524e-05  1.98474193866736e-05  1.95723698831999e-05  
1.92912673726029e-05  1.90039010273933e-05  1.87100811184736e-05  1.84096426659950e-05  
1.81024489834414e-05  1.77883950699091e-05  1.74674108056860e-05  1.71394639083117e-05  
1.68045626047432e-05  1.64627579784185e-05  1.61141459488664e-05  1.57588688425972e-05  
1.53971165120705e-05  1.50291269599614e-05  1.46551864215601e-05  1.42756288549983e-05  
1.38908347850304e-05  1.35012294410596e-05  1.31072801236151e-05  1.27094927334756e-05  
1.23084073967903e-05  1.19045931281242e-05  1.14986414913065e-05  1.10911592493811e-05  
1.06827600457258e-05  1.02740552287818e-05  9.86564402876904e-06  9.45810340984663e-06  
9.05197806315752e-06  8.64777114985873e-06  8.24593655206846e-06  7.84687351335934e-06  
7.45092462993294e-06  7.05837815791212e-06  6.66947551174473e-06  6.28442461235944e-06  
5.90341938708181e-06  5.52666523907210e-06  5.15440969056162e-06  4.78697672148905e-06  
4.42480262012238e-06  4.06847052695218e-06  3.71874036866430e-06  3.37657064820225e-06  
3.04312864270258e-06  2.71978603188077e-06  2.40809782216895e-06  2.10976362495138e-06  
1.82657177957266e-06  1.56032836117855e-06  1.31277459598246e-06  1.08549745263886e-06  
8.79839028728926e-07  6.96810680664962e-07  5.37017610049147e-07  4.00598837616244e-07  
2.87186267726734e-07  1.95885032455686e-07  1.25275702426543e-07  7.34374599380356e-08  
3.79901215365429e-08  1.61520819505338e-08  4.81086592058578e-09  6.02975564062729e-10  
-0.00000000000000e+00  
                Type                   L                   N
                   0                   2                   0
0.00000000000000e+00  1.90380561234197e-04  7.61300855243075e-04  1.71209693347368e-03  
3.04166295085076e-03  4.74845227216722e-03  6.83047902622950e-03  9.28532011285522e-03  
1.21101176691340e-02  1.53015820025700e-02  1.88559949998066e-02  2.27692140205672e-02  
2.70366762872171e-02  3.16534037809397e-02  3.66140086559108e-02  4.19126991830382e-02  
4.75432862347965e-02  5.34991903224194e-02  5.97734491962129e-02  6.63587260190143e-02  
7.32473181218423e-02  8.04311663495728e-02  8.79018650030196e-02  9.56506723821301e-02  
1.03668521933107e-01  1.11946034000167e-01  1.20473528180352e-01  1.29241036277343e-01  
1.38238315847574e-01  1.47454864329200e-01  1.56879933741563e-01  1.66502545939802e-01  
1.76311508406231e-01  1.86295430556960e-01  1.96442740539136e-01  2.06741702491061e-01  
2.17180434234324e-01  2.27746925364120e-01  2.38429055700923e-01  2.49214614063907e-01  
2.60091317323800e-01  2.71046829690350e-01  2.82068782187259e-01  2.93144792265296e-01  
3.04262483502478e-01  3.15409505338516e-01  3.26573552789415e-01  3.37742386087024e-01  
3.48903850187565e-01  3.60045894092726e-01  3.71156589926724e-01  3.82224151712986e-01  
3.93236953794539e-01  4.04183548843102e-01  4.15052685402986e-01  4.25833324917430e-01  
4.36514658186777e-01  4.47086121210012e-01  4.57537410363554e-01  4.67858496873886e-01  
4.78039640543515e-01  4.88071402692920e-01  4.97944658284541e-01  5.07650607198415e-01  
5.17180784632815e-01  5.26527070607169e-01  5.35681698548472e-01  5.44637262946574e-01  
5.53386726067806e-01  5.61923423720649e-01  5.70241070071278e-01  5.78333761511017e-01  
5.86195979581789e-01  5.93822592969694e-01  6.01208858580715e-01  6.08350421716341e-01  
6.15243315370447e-01  6.21883958672212e-01  6.28269154503045e-01  6.34396086318418e-01  
6.40262314208270e-01  6.45865770232071e-01  6.51204753066795e-01  6.56277922007984e-01  
6.61084290365608e-01  6.65623218297777e-01  6.69894405126282e-01  6.73897881178662e-01  
6.77633999201796e-01  6.81103425392168e-01  6.84307130087616e-01  6.87246378164943e-01  
6.89922719186936e-01  6.92337977341253e-01  6.94494241212419e-01  6.96393853426533e-01  
6.98039400206648e-01  6.99433700874779e-01  7.00579797334444e-01  7.01480943565388e-01  
7.02140595159760e-01  7.02562398926584e-01  7.02750182588827e-01  7.02707944594773e-01  
7.02439844062843e-01  7.01950190876393e-01  7.01243435942454e-01  7.00324161625875e-01  
6.99197072367884e-01  6.97866985495725e-01  6.96338822227814e-01  6.94617598876745e-01  
6.92708418250537e-01  6.90616461250713e-01  6.88346978664217e-01  6.85905283144727e-01  
6.83296741377729e-01  6.80526766422677e-01  6.77600810224765e-01  6.74524356288227e-01  
6.71302912502715e-01  6.67942004114083e-01  6.64447166830971e-01  6.60823940058773e-01  
6.57077860252988e-01  6.53214454384538e-01  6.49239233510401e-01  6.45157686443774e-01  
6.40975273519064e-01  6.36697420448135e-01  6.32329512265501e-01  6.27876887361514e-01  
6.23344831603983e-01  6.18738572550129e-01  6.14063273752238e-01  6.09324029161859e-01  
6.04525857638860e-01  5.99673697573044e-01  5.94772401627441e-01  5.89826731613625e-01  
5.84841353510631e-01  5.79820832640126e-01  5.74769629011420e-01  5.69692092850747e-01  
5.64592460329880e-01  5.59474849509651e-01  5.54343256514275e-01  5.49201551952500e-01  
5.44053477601563e-01  5.38902643369719e-01  5.33752524552644e-01  5.28606459398421e-01  
5.23467646995011e-01  5.18339145493109e-01  5.13223870676127e-01  5.08124594887721e-01  
5.03043946325773e-01  4.97984408710117e-01  4.92948321329518e-01  4.87937879471551e-01  
4.82955135237012e-01  4.78001998738459e-01  4.73080239680338e-01  4.68191489315960e-01  
4.63337242774423e-01  4.58518861748366e-01  4.53737577531216e-01  4.48994494390499e-01  
4.44290593261646e-01  4.39626735744721e-01  4.35003668384584e-01  4.30422027213181e-01  
4.25882342530983e-01  4.21385043903078e-01  4.16930465344020e-01  4.12518850664405e-01  
4.08150358951086e-01  4.03825070152179e-01  3.99542990737403e-01  3.95304059403899e-01  
3.91108152797558e-01  3.86955091219891e-01  3.82844644290803e-01  3.78776536538100e-01  
3.74750452885313e-01  3.70766044010314e-01  3.66822931548373e-01  3.62920713114616e-01  
3.59058967122364e-01  3.55237257375536e-01  3.51455137415113e-01  3.47712154601699e-01  
3.44007853918285e-01  3.40341781479561e-01  3.36713487736459e-01  3.33122530366934e-01  
3.29568476846486e-01  3.26050906694329e-01  3.22569413393617e-01  3.19123605986562e-01  
3.15713110347729e-01  3.12337570141109e-01  3.08996647468923e-01  3.05690023222240e-01  
3.02417397145635e-01  2.99178487630027e-01  2.95973031249669e-01  2.92800782060922e-01  
2.89661510681892e-01  2.86555003173368e-01  2.83481059742527e-01  2.80439493291857e-01  
2.77430127836381e-01  2.74452796812803e-01  2.71507341304441e-01  2.68593608205895e-01  
2.65711448351226e-01  2.62860714629107e-01  2.60041260107798e-01  2.57252936192092e-01  
2.54495590833406e-01  2.51769066813100e-01  2.49073200117822e-01  2.46407818424256e-01  
2.43772739709083e-01  2.41167770998293e-01  2.38592707268221e-01  2.36047330508773e-01  
2.33531408957442e-01  2.31044696510669e-01  2.28586932317169e-01  2.26157840555765e-01  
2.23757130398324e-01  2.21384496156383e-01  2.19039617608130e-01  2.16722160500571e-01  
2.14431777219891e-01  2.12168107621371e-01  2.09930780008641e-01  2.07719412250601e-01  
2.05533613023041e-01  2.03372983160845e-01  2.01237117105647e-01  1.99125604433002e-01  
1.97038031442452e-01  1.94973982793401e-01  1.92933043169415e-01  1.90914798953426e-01  
1.88918839896389e-01  1.86944760762164e-01  1.84992162931829e-01  1.83060655951159e-01  
1.81149859005775e-01  1.79259402309338e-01  1.77388928391174e-01  1.75538093270879e-01  
1.73706567508709e-01  1.71894037121928e-01  1.70100204358736e-01  1.68324788322933e-01  
1.66567525444034e-01  1.64828169789186e-01  1.63106493214880e-01  1.61402285358068e-01  
1.59715353467968e-01  1.58045522081426e-01  1.56392632546276e-01  1.54756542398642e-01  
1.53137124601560e-01  1.51534266653668e-01  1.49947869577915e-01  1.48377846801420e-01  
1.46824122938616e-01  1.45286632490680e-01  1.43765318475024e-01  1.42260130999200e-01  
1.40771025794050e-01  1.39297962721195e-01  1.37840904270133e-01  1.36399814060188e-01  
1.34974655362384e-01  1.33565389656014e-01  1.32171975234192e-01  1.30794365872088e-01  
1.29432509570796e-01  1.28086347388924e-01  1.26755812373023e-01  1.25440828596869e-01  
1.24141310318443e-01  1.22857161262211e-01  1.21588274032939e-01  1.20334529665938e-01  
1.19095797317190e-01  1.17871934095357e-01  1.16662785036242e-01  1.15468183218799e-01  
1.14287950020356e-01  1.13121895507336e-01  1.11969818956384e-01  1.10831509499542e-01  
1.09706746885867e-01  1.08595302350792e-01  1.07496939583445e-01  1.06411415781264e-01  
1.05338482780381e-01  1.04277888249579e-01  1.03229376935057e-01  1.02192691942800e-01  
1.01167576045042e-01  1.00153772997179e-01  9.91510288514479e-02  9.81590932538044e-02  
9.71777207107100e-02  9.62066718129056e-02  9.52457144037786e-02  9.42946246805697e-02  
9.33531882174157e-02  9.24212009000953e-02  9.14984697632961e-02  9.05848137222760e-02  
8.96800641919090e-02  8.87840655873008e-02  8.78966757013904e-02  8.70177659562426e-02  
8.61472215260318e-02  8.52849413310449e-02  8.44308379033384e-02  8.35848371259968e-02  
8.27468778492084e-02  8.19169113876127e-02  8.10949009045610e-02  8.02808206900455e-02  
7.94746553401010e-02  7.86763988464459e-02  7.78860536059873e-02  7.71036293605885e-02  
7.63291420781448e-02  7.55626127865510e-02  7.48040663725691e-02  7.40535303578900e-02  
7.33110336648567e-02  7.25766053843544e-02  7.18502735582865e-02  7.11320639888426e-02  
7.04219990864322e-02  6.97200967677006e-02  6.90263694144785e-02  6.83408229038434e-02  
6.76634557186954e-02  6.69942581473856e-02  6.63332115799878e-02  6.56802879077843e-02  
6.50354490314572e-02  6.43986464823437e-02  6.37698211599446e-02  6.31489031876805e-02  
6.25358118876801e-02  6.19304558741690e-02  6.13327332638325e-02  6.07425320003417e-02  
6.01597302890885e-02  5.95841971370784e-02  5.90157929918844e-02  5.84543704725950e-02  
5.78997751847837e-02  5.73518466107212e-02  5.68104190653274e-02  5.62753227077385e-02  
5.57463845978549e-02  5.52234297868253e-02  5.47062824301381e-02  5.41947669118116e-02  
5.36887089681246e-02  5.31879367993824e-02  5.26922821584004e-02  5.22015814046712e-02  
5.17156765135867e-02  5.12344160305989e-02  5.07576559608019e-02  5.02852605851327e-02  
4.98171031951646e-02  4.93530667393432e-02  4.88930443744428e-02  4.84369399170177e-02  
4.79846681906650e-02  4.75361552659934e-02  4.70913385912999e-02  4.66501670130768e-02  
4.62126006865973e-02  4.57786108779434e-02  4.53481796599400e-02  4.49212995055267e-02  
4.44979727831247e-02  4.40782111595342e-02  4.36620349168142e-02  4.32494721904388e-02  
4.28405581367961e-02  4.24353340387763e-02  4.20338463587863e-02  4.16361457490209e-02  
4.12422860292129e-02  4.08523231423662e-02  4.04663140991581e-02  4.00843159217588e-02  
3.97063845977790e-02  3.93325740549026e-02  3.89629351665055e-02  3.85975147982000e-02  
3.82363549047834e-02  3.78794916865144e-02  3.75269548129983e-02  3.71787667222356e-02  
3.68349420015923e-02  3.64954868565821e-02  3.61603986724366e-02  3.58296656724668e-02  
3.55032666762198e-02  3.51811709594038e-02  3.48633382165076e-02  3.45497186259920e-02  
3.42402530168878e-02  3.39348731346002e-02  3.36335020027266e-02  3.33360543767223e-02  
3.30424372843349e-02  3.27525506468623e-02  3.24662879744953e-02  3.21835371282713e-02  
3.19041811405276e-02  3.16280990851716e-02  3.13551669886220e-02  3.10852587718911e-02  
3.08182472140090e-02  3.05540049268054e-02  3.02924053309987e-02  3.00333236235652e-02  
2.97766377264950e-02  2.95222292072708e-02  2.92699841617373e-02  2.90197940504485e-02  
2.87715564800929e-02  2.85251759221963e-02  2.82805643619666e-02  2.80376418708969e-02  
2.77963370975419e-02  2.75565876717449e-02  2.73183405184941e-02  2.70815520785305e-02  
2.68461884337884e-02  2.66122253367365e-02  2.63796481436696e-02  2.61484516529872e-02  
2.59186398504587e-02  2.56902255644231e-02  2.54632300347779e-02  2.52376824004817e-02  
2.50136191111091e-02  2.47910832687529e-02  2.45701239072575e-02  2.43507952163856e-02  
2.41331557190479e-02  2.39172674101849e-02  2.37031948662435e-02  2.34910043344612e-02  
2.32807628113468e-02  2.30725371198154e-02  2.28663929944225e-02  2.26623941840211e-02  
2.24606015809515e-02  2.22610723855748e-02  2.20638593145619e-02  2.18690098608761e-02  
2.16765656128257e-02  2.14865616389378e-02  2.12990259446993e-02  2.11139790064607e-02  
2.09314333869859e-02  2.07513934362795e-02  2.05738550804390e-02  2.03988057003663e-02  
2.02262241012472e-02  2.00560805727750e-02  1.98883370391629e-02  1.97229472970777e-02  
1.95598573387268e-02  1.93990057564720e-02  1.92403242245218e-02  1.90837380524710e-02  
1.89291668047486e-02  1.87765249793705e-02  1.86257227388121e-02  1.84766666853047e-02  
1.83292606724271e-02  1.81834066445227e-02  1.80390054952109e-02  1.78959579360949e-02  
1.77541653666933e-02  1.76135307366374e-02  1.74739593912859e-02  1.73353598921026e-02  
1.71976448034348e-02  1.70607314376951e-02  1.69245425514022e-02  1.67890069850663e-02  
1.66540602404972e-02  1.65196449897788e-02  1.63857115108688e-02  1.62522180455520e-02  
1.61191310762813e-02  1.59864255192891e-02  1.58540848322080e-02  1.57221010353323e-02  
1.55904746465303e-02  1.54592145307092e-02  1.53283376656039e-02  1.51978688265149e-02  
1.50678401934446e-02  1.49382908848632e-02  1.48092664230812e-02  1.46808181368857e-02  
1.45530025077288e-02  1.44258804663161e-02  1.42995166469309e-02  1.41739786072425e-02  
1.40493360216812e-02  1.39256598567051e-02  1.38030215364527e-02  1.36814921073440e-02  
1.35611414101842e-02  1.34420372682186e-02  1.33242446994050e-02  1.32078251608951e-02  
1.30928358333643e-02  1.29793289524032e-02  1.28673511936752e-02  1.27569431179823e-02  
1.26481386817443e-02  1.25409648177127e-02  1.24354410900105e-02  1.23315794268093e-02  
1.22293839331558e-02  1.21288507856298e-02  1.20299682096685e-02  1.19327165395476e-02  
1.18370683601586e-02  1.17429887288831e-02  1.16504354750549e-02  1.15593595737042e-02  
1.14697055895274e-02  1.13814121863208e-02  1.12944126964495e-02  1.12086357443272e-02  
1.11240059173448e-02  1.10404444772078e-02  1.09578701042592e-02  1.08761996670321e-02  
1.07953490090488e-02  1.07152337447178e-02  1.06357700561132e-02  1.05568754824323e-02  
1.04784696940204e-02  1.04004752430342e-02  1.03228182830741e-02  1.02454292504530e-02  
1.01682435001821e-02  1.00912018902379e-02  1.00142513082189e-02  9.93734513511064e-03  
9.86044364153319e-03  9.78351431255462e-03  9.70653209789176e-03  9.62947958510052e-03  
9.55234709415027e-03  9.47513269259119e-03  9.39784213134178e-03  9.32048870193750e-03  
9.24309301689050e-03  9.16568271559406e-03  9.08829209896658e-03  9.01096169675674e-03  
8.93373777211206e-03  8.85667176865153e-03  8.77981970585976e-03  8.70324152914038e-03  
8.62700042131796e-03  8.55116208276155e-03  8.47579398760591e-03  8.40096462378225e-03  
8.32674272471486e-03  8.25319650061380e-03  8.18039287727709e-03  8.10839675022692e-03  
8.03727026182604e-03  7.96707210877143e-03  7.89785688703393e-03  7.82967448091285e-03  
7.76256950240745e-03  7.69658078657759e-03  7.63174094797904e-03  7.56807600261819e-03  
7.50560505919305e-03  7.44434008266146e-03  7.38428573243248e-03  7.32543927670127e-03  
7.26779058366425e-03  7.21132218955654e-03  7.15600944266538e-03  7.10182072169110e-03  
7.04871772606694e-03  6.99665583511307e-03  6.94558453219387e-03  6.89544788939267e-03  
6.84618510759460e-03  6.79773110631498e-03  6.75001715710379e-03  6.70297155392053e-03  
6.65652031350586e-03  6.61058789847739e-03  6.56509795565790e-03  6.51997406199858e-03  
6.47514047039481e-03  6.43052284770708e-03  6.38604899739092e-03  6.34164955931193e-03  
6.29725867956851e-03  6.25281464346401e-03  6.20826046516453e-03  6.16354442802770e-03  
6.11862057011333e-03  6.07344910995302e-03  6.02799680828259e-03  5.98223726210572e-03  
5.93615112815914e-03  5.88972627358334e-03  5.84295785235188e-03  5.79584830678370e-03  
5.74840729423151e-03  5.70065153981256e-03  5.65260461680713e-03  5.60429665709407e-03  
5.55576399470904e-03  5.50704874629653e-03  5.45819833287174e-03  5.40926494790779e-03  
5.36030497730703e-03  5.31137837730954e-03  5.26254801681176e-03  5.21387899092871e-03  
5.16543791292402e-03  5.11729219184019e-03  5.06950930330619e-03  5.02215606105520e-03  
4.97529789667319e-03  4.92899815500421e-03  4.88331741246627e-03  4.83831282529085e-03  
4.79403751438003e-03  4.75053999309113e-03  4.70786364381053e-03  4.66604624866694e-03  
4.62511957917283e-03  4.58510904896838e-03  4.54603343318871e-03  4.50790465728455e-03  
4.47072765740562e-03  4.43450031371955e-03  4.39921345728194e-03  4.36485095031698e-03  
4.33138983900745e-03  4.29880057715138e-03  4.26704731830551e-03  4.23608827333796e-03  
4.20587612963606e-03  4.17635852758281e-03  4.14747858932879e-03  4.11917549435008e-03  
4.09138509580130e-03  4.06404057126116e-03  4.03707310111064e-03  4.01041256750806e-03  
3.98398826671513e-03  3.95772962739194e-03  3.93156692742661e-03  3.90543200187718e-03  
3.87925893470593e-03  3.85298472715047e-03  3.82654993582365e-03  3.79989927394905e-03  
3.77298216952044e-03  3.74575327462101e-03  3.71817292064331e-03  3.69020751471148e-03  
3.66182987321434e-03  3.63301948900766e-03  3.60376272952933e-03  3.57405296378434e-03  
3.54389061688927e-03  3.51328315161571e-03  3.48224497712231e-03  3.45079728581825e-03  
3.41896782003952e-03  3.38679057094738e-03  3.35430541275029e-03  3.32155767602545e-03  
3.28859766453845e-03  3.25548012054259e-03  3.22226364407572e-03  3.18901007224011e-03  
3.15578382487081e-03  3.12265122333991e-03  3.08967978952623e-03  3.05693753218279e-03  
3.02449222806806e-03  2.99241070526057e-03  2.96075813605885e-03  2.92959734676790e-03  
2.89898815150615e-03  2.86898671691857e-03  2.83964496436705e-03  2.81101001578517e-03  
2.78312368893706e-03  2.75602204731515e-03  2.72973500934759e-03  2.70428602098263e-03  
2.67969179506076e-03  2.65596212020500e-03  2.63309974124031e-03  2.61110031242135e-03  
2.58995242399688e-03  2.56963770188396e-03  2.55013097947404e-03  2.53140053984693e-03  
2.51340842594487e-03  2.49611081555570e-03  2.47945845728445e-03  2.46339716306273e-03  
2.44786835215893e-03  2.43280964111578e-03  2.41815547356817e-03  2.40383778347218e-03  
2.38978668493224e-03  2.37593118152720e-03  2.36219988783094e-03  2.34852175569012e-03  
2.33482679776163e-03  2.32104680083527e-03  2.30711602156054e-03  2.29297185737042e-03  
2.27855548563942e-03  2.26381246443332e-03  2.24869328859051e-03  2.23315389532981e-03  
2.21715611408724e-03  2.20066805585177e-03  2.18366443788454e-03  2.16612684036404e-03  
2.14804389219406e-03  2.12941138393526e-03  2.11023230656576e-03  2.09051681553796e-03  
2.07028212036323e-03  2.04955230072324e-03  2.02835805086282e-03  2.00673635475788e-03  
1.98473009527016e-03  1.96238760118219e-03  1.93976213665158e-03  1.91691133822637e-03  
1.89389660510919e-03  1.87078244885108e-03  1.84763580908704e-03  1.82452534228500e-03  
1.80152069077716e-03  1.77869173955716e-03  1.75610786847482e-03  1.73383720752104e-03  
1.71194590288731e-03  1.69049740139189e-03  1.66955176069565e-03  1.64916499248932e-03  
1.62938844551202e-03  1.61026823487777e-03  1.59184472372671e-03  1.57415206270402e-03  
1.55721779219280e-03  1.54106251160377e-03  1.52569961934887e-03  1.51113512642157e-03  
1.49736754576232e-03  1.48438785882015e-03  1.47217955994528e-03  1.46071877845148e-03  
1.44997447740037e-03  1.43990872737224e-03  1.43047705272471e-03  1.42162884708903e-03  
1.41330785414627e-03  1.40545270904101e-03  1.39799753516780e-03  1.39087259047372e-03  
1.38400495690671e-03  1.37731926617364e-03  1.37073845457731e-03  1.36418453938241e-03  
1.35757940891416e-03  1.35084561841692e-03  1.34390718361978e-03  1.33669036393744e-03  
1.32912442731142e-03  1.32114238884683e-03  1.31268171562841e-03  1.30368499041189e-03  
1.29410052726218e-03  1.28388293266826e-03  1.27299360617834e-03  1.26140117518100e-03  
1.24908185909197e-03  1.23601975889127e-03  1.22220706868327e-03  1.20764420671230e-03  
1.19233986406315e-03  1.17631097008062e-03  1.15958257437149e-03  1.14218764607828e-03  
1.12416679193750e-03  1.10556789545135e-03  1.08644568028805e-03  1.06686120179663e-03  
1.04688127124531e-03  1.02657781808210e-03  1.00602719614990e-03  9.85309440369645e-04  
9.64507480921705e-04  9.43706322407814e-04  9.22992195852269e-04  9.02451691704769e-04  
8.82170882229577e-04  8.62234441807809e-04  8.42724773731380e-04  8.23721152043607e-04  
8.05298886858045e-04  7.87528521383547e-04  7.70475068586202e-04  7.54197295029199e-04  
7.38747058945914e-04  7.24168709014194e-04  7.10498549601994e-04  6.97764377432742e-04  
6.85985093654548e-04  6.75170394167873e-04  6.65320539729988e-04  6.56426205788375e-04  
6.48468410129277e-04  6.41418514237845e-04  6.35238291695182e-04  6.29880053973394e-04  
6.25286820648495e-04  6.21392517424614e-04  6.18122181642973e-04  6.15392151477735e-04  
6.13110212320934e-04  6.11175672703040e-04  6.09479343464672e-04  6.07903399049439e-04  
6.06321110107938e-04  6.04596453535072e-04  6.02583630829977e-04  6.00126558993561e-04  
5.97058439873572e-04  5.93201562375127e-04  5.88367543932344e-04  5.82358267626343e-04  
5.74967811613894e-04  5.65985688432164e-04  5.55201702211809e-04  5.42412680792358e-04  
5.27431237683369e-04  5.10096560075615e-04  4.90287004085368e-04  4.67934015730632e-04  
4.43036604141695e-04  4.15675300567161e-04  3.86024280052541e-04  3.54360145189721e-04  
3.21065816830906e-04  2.86628083375262e-04  2.51627653652793e-04  2.16721044505602e-04  
1.82614293943362e-04  1.50029277960988e-04  1.19664251506562e-04  9.21510392364203e-05  
6.80119668763826e-05  4.76200494478412e-05  3.11660561598846e-05  1.86358029261533e-05  
9.80037429819892e-06  4.22098737611733e-06  1.26896827868110e-06  1.59943100210434e-07  
-0.00000000000000e+00  
