<Coefficient>
	 14 Total number of radial orbitals.
	Type	L	Zeta-Orbital
	  Zr 	0	    1
	   0.13573061179908
	   0.19508008417295
	   0.22877892832517
	   0.22307910440328
	   0.17960377782636
	   0.11058818945805
	   0.05135885351956
	   0.00872250795377
	  -0.01016688943276
	  -0.01622055165246
	  -0.01149245395071
	  -0.00717300366403
	  -0.00139314435036
	  -0.00076882689888
	   0.00127878735067
	  -0.00106874942855
	   0.00044667357808
	  -0.00194583427779
	   0.00067220715068
	  -0.00169279652266
	   0.00150951122267
	  -0.00161382691903
	   0.00201369942909
	  -0.00224348449314
	   0.00320342975469
	Type	L	Zeta-Orbital
	  Zr 	0	    2
	  -0.18049804367033
	   0.00549387309240
	   0.15388210639314
	   0.19071469148157
	   0.14094812186339
	   0.09033723258933
	   0.03724218578841
	   0.00664114430093
	  -0.01565105021320
	  -0.01828032417904
	  -0.01981341184497
	  -0.01086336127283
	  -0.00873836851656
	  -0.00031492949038
	  -0.00226883199549
	   0.00363454081721
	  -0.00176376913047
	   0.00380693813652
	  -0.00300913012093
	   0.00382288961520
	  -0.00408562063084
	   0.00447802135375
	  -0.00509270877805
	   0.00601849951916
	  -0.00847228554938
	Type	L	Zeta-Orbital
	  Zr 	0	    3
	  -0.14691396712646
	   0.19199930680931
	   0.01006190146166
	  -0.21147061841957
	  -0.12240273136543
	  -0.04140600513550
	  -0.02628342886643
	  -0.16662459495860
	  -0.31244886239444
	  -0.35501985993975
	  -0.31226542784066
	  -0.24384549048319
	  -0.15025345263633
	  -0.07479887847164
	  -0.00562464556378
	   0.02133231377408
	   0.02367643484725
	   0.02119329255463
	   0.01221166478863
	   0.00801882152518
	  -0.00214912191052
	  -0.00209196139305
	  -0.00305679413199
	   0.00386156880834
	  -0.00071452580765
	Type	L	Zeta-Orbital
	  Zr 	0	    4
	  -0.18443707095896
	   0.10764269000876
	   0.04161693112268
	  -0.06214128694100
	  -0.05535188852691
	  -0.08564731275416
	  -0.02161298398638
	   0.05149963522371
	   0.15042834680151
	   0.15920193033860
	   0.14910851204060
	   0.10733678372510
	   0.06642694486273
	   0.02895245785205
	   0.00167515150722
	  -0.00883073723970
	  -0.01137856549028
	  -0.00706620356567
	  -0.00684279958655
	   0.00034474922577
	  -0.00306795662276
	   0.00485394872708
	  -0.00406217199400
	   0.00533030609205
	  -0.00916789481758
	Type	L	Zeta-Orbital
	  Zr 	0	    5
	   0.41025497554413
	  -0.44824179002743
	   0.26860759343525
	   0.16504486062123
	  -0.89954471884114
	  -0.17366062508719
	   0.03771077312439
	   0.18959911182822
	  -0.33189911014701
	  -0.24466599336368
	  -0.25805266391086
	  -0.12922255540792
	  -0.08225044817345
	   0.02909623913659
	  -0.00039138914956
	   0.03485275940883
	  -0.01868106404504
	   0.02832332511346
	  -0.01909520229125
	   0.01264824630209
	  -0.00671658532716
	   0.02726327508012
	  -0.00756353905251
	   0.00692136253360
	  -0.02675756649689
	Type	L	Zeta-Orbital
	  Zr 	0	    6
	  -0.15662096844505
	   0.38136456240756
	  -0.03287227276283
	  -0.18146557723788
	   0.28321260732491
	   0.48624848513132
	   0.67049120592753
	   0.03701853347684
	  -0.07342670924872
	  -0.10134827317107
	   0.02338896342970
	  -0.02059374456602
	   0.01721377743691
	  -0.01495128858605
	   0.03418528438963
	  -0.00208648014627
	   0.00116773958092
	  -0.02218183404481
	   0.00856839257262
	  -0.00277741875897
	   0.01338760797553
	  -0.01012958667988
	   0.00649020531207
	  -0.00533625201115
	   0.00583566562267
	Type	L	Zeta-Orbital
	  Zr 	1	    1
	  -0.06453469999715
	  -0.21308556651480
	  -0.35306758209900
	  -0.42264798284321
	  -0.41025623893541
	  -0.34577862338294
	  -0.25676988589476
	  -0.16791149452314
	  -0.09162122254052
	  -0.03499116213675
	   0.00189535476660
	   0.02105988673320
	   0.02774983934634
	   0.02570243311345
	   0.01993789292390
	   0.01254374562865
	   0.00652458325583
	   0.00183466708435
	  -0.00032235699716
	  -0.00137606173124
	  -0.00075566399259
	  -0.00036090725876
	   0.00076026671878
	   0.00077139737976
	   0.00153816513760
	Type	L	Zeta-Orbital
	  Zr 	1	    2
	  -0.26878599575501
	  -0.07505513734346
	   0.08100572182560
	   0.18309486311924
	   0.16891910492428
	   0.15187788283091
	   0.10418441745365
	   0.07345967883168
	   0.03382146470878
	   0.01964130491238
	  -0.00391209175355
	  -0.00292607845705
	  -0.01588450410640
	  -0.00448117084920
	  -0.01312188194589
	   0.00134098788113
	  -0.00918285994308
	   0.00654510192123
	  -0.00751008798920
	   0.00961028553693
	  -0.00871984774661
	   0.01133124737073
	  -0.01215991773424
	   0.01575323707337
	  -0.03639922187533
	Type	L	Zeta-Orbital
	  Zr 	1	    3
	  -0.73606120262093
	   0.81197852300015
	   1.16356802498383
	   0.22623232061559
	  -0.16859118749175
	  -0.21587956823196
	   0.02508926047915
	  -0.06017638529062
	  -0.11138730894966
	  -0.12608383503030
	  -0.05865844444267
	  -0.03097177235559
	  -0.00396961462217
	  -0.00737087958742
	  -0.00117292324592
	  -0.00357014443260
	  -0.00347952492051
	   0.00085979154804
	  -0.01145069756351
	  -0.00828412970150
	  -0.02951344780082
	  -0.00864606130784
	  -0.03273910268410
	  -0.00421066519771
	  -0.05580679565770
	Type	L	Zeta-Orbital
	  Zr 	2	    1
	  -0.19111368551307
	  -0.28790679635328
	  -0.36162638729884
	  -0.34402311390445
	  -0.32726275244619
	  -0.27167704459216
	  -0.23123458929492
	  -0.17211765192475
	  -0.13552061014788
	  -0.08817327039673
	  -0.06581839717290
	  -0.03361033774421
	  -0.02595139533101
	  -0.00558134792771
	  -0.00889507753919
	   0.00518068447158
	  -0.00456523995152
	   0.00720013040985
	  -0.00578902363676
	   0.00738503712850
	  -0.00761175319487
	   0.00829550250937
	  -0.00956502638536
	   0.00986531082462
	  -0.05812051740302
	Type	L	Zeta-Orbital
	  Zr 	2	    2
	  -0.36404799240210
	  -0.03602173038231
	   0.03854949632080
	   0.16048270285534
	   0.15453858809916
	   0.14222274808661
	   0.10111249752979
	   0.08054807114487
	   0.04868506459223
	   0.04671215024946
	   0.01836441110841
	   0.02377662453782
	  -0.00128549421889
	   0.01339580180809
	  -0.01265880063848
	   0.00956611383867
	  -0.01803950123823
	   0.01105059369189
	  -0.01975967037865
	   0.01660088916261
	  -0.02123476184920
	   0.02181376595481
	  -0.02594773423945
	   0.02712205065831
	  -0.15781304483377
	Type	L	Zeta-Orbital
	  Zr 	2	    3
	   0.38804194911380
	  -1.14695145701544
	   0.19000705951288
	  -0.05347948074872
	   0.29906352099315
	   0.06021272609972
	   0.12341580601237
	  -0.07099449851766
	   0.08976523312678
	  -0.06453889018377
	   0.06979727775845
	  -0.06752962539501
	   0.08828243253254
	  -0.07502944839138
	   0.09445344703445
	  -0.10210646486217
	   0.09643199009592
	  -0.11307234257728
	   0.12055744244106
	  -0.13046771069977
	   0.14209699794003
	  -0.15824285829314
	   0.17989138558526
	  -0.19187274218335
	   1.07748421429772
	Type	L	Zeta-Orbital
	  Zr 	3	    1
	  -0.00158601774860
	  -0.38875705097445
	  -0.39615081039525
	  -0.50014227342091
	  -0.44501186017607
	  -0.37040012092909
	  -0.24826040574917
	  -0.20936303314978
	  -0.14100974465195
	  -0.12521857140041
	  -0.07150419128277
	  -0.07210759489802
	  -0.02460871431743
	  -0.03861584278819
	   0.00043759816180
	  -0.02632137776227
	   0.01348512324936
	  -0.01948753303880
	   0.01883358523566
	  -0.02241481332124
	   0.02273722572126
	  -0.02209153718382
	   0.01933991232376
	   0.02671584592410
	   0.37312222342407
	Type	L	Zeta-Orbital
	  Zr 	3	    2
	   1.34509464435984
	  -0.48525360340018
	   0.11511684703576
	   0.12436432398130
	   0.37207570595493
	   0.11932879058469
	   0.09998780512046
	  -0.02815894215751
	   0.10126903106450
	  -0.06190785061406
	   0.08709201072535
	  -0.06889475682672
	   0.10147734063276
	  -0.09577261751803
	   0.10432967935695
	  -0.10862133928034
	   0.12026000621387
	  -0.13033799409595
	   0.13981825129752
	  -0.14541015878443
	   0.15642347302111
	  -0.16332178736795
	   0.14809211939300
	   0.17569218388336
	   2.61154992263852
</Coefficient>
<Mkb>
Left spillage = 2.8491092745e-03
</Mkb>
