0	0.00028222419743350246
1	0.00026469904615025074
2	0.0002490977818526343
3	0.0002346528867068786
4	0.00022120487243789425
5	0.00020863896157169472
6	0.00019700911807417275
7	0.00018633341244678276
8	0.00017660382252622102
9	0.00016792276887823214
10	0.0001605784287566717
11	0.00015496044394158387
12	0.00015111392753479469
13	0.00014866767196943992
14	0.00014720402238737064
15	0.00014639348973942916
16	0.0001459750738327748
17	0.00014575575921422026
18	0.00014560757744105205
19	0.00014545209463045708
20	0.00014524545640178432
21	0.0001449685282932611
22	0.0001446199810358332
23	0.0001442103688294936
24	0.00014375679001383938
25	0.00014327814593344897
26	0.00014279185442972507
27	0.00014231244562990861
28	0.00014185128552041172
29	0.00014141634227536257
30	0.00014101183609830105
31	0.00014063848651499404
32	0.00014029443234619366
33	0.0001399759643107229
34	0.00013967782044678297
35	0.00013939378337260748
36	0.00013911790216366866
37	0.00013884564936055097
38	0.00013857430255111166
39	0.00013830267545092274
40	0.0001380306863121217
41	0.00013775889460673627
42	0.0001374879117923289
43	0.0001372177828230855
44	0.0001369475932810006
45	0.00013667545230124434
46	0.00013639886109836926
47	0.00013611539459076641
48	0.00013582339920339758
49	0.0001355222563663732
50	0.0001352121088523633
51	0.0001348934582079397
52	0.00013456699064992193
53	0.00013423352787753353
54	0.00013389395038938617
55	0.00013354922973367214
56	0.0001332006293163967
57	0.00013284989714508553
58	0.00013249947747661332
59	0.00013215298053047012
60	0.00013181579054770865
61	0.00013149533582521852
62	0.00013120070872051846
63	0.0001309415785857701
64	0.00013072646922746722
65	0.00013056074851443508
66	0.00013044497907130904
67	0.00013037430103950568
68	0.00013033921403211968
69	0.00013032751650770937
70	0.0001303266343087495
71	0.00013032564341875744
72	0.00013031662155742614
73	0.00013029509334762946
74	0.0001302596347289861
75	0.00013021103781213467
76	0.00013015131921927507
77	0.00013008278648004575
78	0.00013000749832409975
79	0.0001299271146701485
80	0.00012984288937329213
81	0.000129755772362846
82	0.0001296666131791263
83	0.00012957636667354863
84	0.00012948618790803966
85	0.000129397352768651
86	0.00012931104742252596
87	0.00012922815075928104
88	0.00012914913952344023
89	0.00012907405257947866
90	0.00012900259078402418
91	0.00012893442615151605
92	0.0001288695447918811
93	0.00012880850535472368
94	0.00012875238465403672
95	0.00012870243553623044
96	0.00012865963903749476
97	0.00012862426894001713
98	0.00012859561833894272
99	0.0001285720782824952
100	0.00012855167585981304
101	0.0001285328652299566
102	0.00012851509274499902
103	0.00012849889559922846
104	0.00012848539807854567
105	0.0001284754951483481
106	0.00012846924018830325
107	0.00012846583909863576
108	0.0001284641026147598
109	0.00012846298946840796
110	0.00012846196365373915
111	0.00012846105486053345
112	0.00012846062861366692
113	0.00012846098512390205
114	0.00012846205822372847
115	0.00012846339679019916
116	0.00012846441730922847
117	0.00012846473406134178
118	0.00012846434020297897
119	0.00012846351778238106
120	0.00012846259555165146
121	0.00012846174915072698
122	0.00012846095588680794
123	0.00012846007543005717
124	0.0001284589815784622
125	0.0001284576601951227
126	0.00012845622375227776
127	0.00012845483905982166
128	0.00012845363832158694
129	0.000128452668501639
130	0.00012845189286920332
131	0.000128451233271956
132	0.00012845062041127417
133	0.00012845001790137887
134	0.00012844942391067858
135	0.00012844886030545237
136	0.00012844835456647487
137	0.00012844792235165654
138	0.00012844756197701878
139	0.000128447259884193
140	0.00012844700111166638
141	0.000128446777974701
142	0.00012844659344282553
143	0.00012844645595069254
144	0.00012844637052799538
145	0.00012844633214644855
146	0.0001284463251060076
147	0.00012844632879933473
148	0.00012844632721169534
149	0.0001284463149118446
150	0.00012844629601539467
151	0.0001284462776487805
152	0.00012844626417345524
153	0.0001284462545810549
154	0.0001284462443467657
155	0.00012844622921951313
156	0.0001284462079199041
157	0.00012844618249041942
158	0.00012844615701465765
159	0.0001284461350303567
160	0.00012844611770673937
161	0.00012844610361750124
162	0.0001284460900616443
163	0.00012844607457931454
164	0.00012844605613099473
165	0.0001284460350335712
166	0.00012844601274206359
167	0.00012844599087698358
168	0.0001284459705899445
169	0.00012844595224419355
170	0.00012844593555199485
171	0.00012844592020138176
172	0.00012844590630445266
173	0.00012844589420065274
174	0.0001284458843824139
175	0.00012844587724732156
176	0.00012844587256452447
177	0.0001284458697576246
178	0.00012844586802018262
179	0.0001284458666507527
180	0.00012844586533444798
181	0.00012844586415756116
182	0.00012844586336092475
183	0.00012844586298974142
184	0.0001284458629567999
185	0.00012844586286381526
186	0.0001284458625849578
187	0.00012844586210655483
188	0.00012844586163928152
189	0.0001284458614099366
190	0.00012844586144418392
191	0.0001284458615374191
192	0.00012844586141681498
193	0.00012844586099497771
194	0.00012844586024460247
195	0.00012844585938391807
196	0.0001284458585552719
197	0.00012844585784265242
198	0.0001284458571601209
199	0.00012844585645145913
200	0.0001284458556917409
201	0.00012844585496171005
202	0.0001284458542737103
203	0.00012844585370102736
204	0.00012844585326318844
205	0.00012844585290689784
206	0.0001284458526103953
207	0.00012844585229630537
208	0.00012844585200284415
209	0.00012844585184104278
210	0.00012844585172206547
211	0.0001284458516792888
212	0.00012844585168004095
213	0.0001284458516923642
214	0.0001284458516871284
215	0.000128445851671224
216	0.00012844585169098744
217	0.00012844585168968583
218	0.00012844585170118452
219	0.00012844585170702414
220	0.00012844585169494608
221	0.00012844585168130527
222	0.00012844585165720055
223	0.00012844585163057076
224	0.00012844585159936986
225	0.00012844585158989233
226	0.000128445851547675
227	0.00012844585156250625
228	0.00012844585152211956
229	0.00012844585147047763
230	0.00012844585143811035
231	0.0001284458514024806
232	0.0001284458513982589
233	0.00012844585138034928
234	0.00012844585134173214
235	0.00012844585132404233
236	0.0001284458512910695
237	0.00012844585129248928
238	0.00012844585129679183
239	0.0001284458512821117
240	0.00012844585128739928
241	0.00012844585127551086
242	0.00012844585127173472
243	0.00012844585128111223
244	0.00012844585126919918
245	0.0001284458512665281
246	0.0001284458512568529
247	0.0001284458512689133
248	0.0001284458512761168
249	0.00012844585127157554
250	0.00012844585127611235
251	0.00012844585125076737
252	0.0001284458512654242
253	0.0001284458512636066
254	0.00012844585124703226
255	0.00012844585125396845
256	0.00012844585127240598
257	0.00012844585126441593
258	0.000128445851265401
259	0.0001284458512789767
260	0.00012844585124516624
261	0.00012844585124625993
262	0.00012844585127049917
263	0.00012844585125394402
264	0.00012844585126246276
265	0.00012844585125281784
266	0.00012844585124703587
267	0.00012844585126156862
268	0.00012844585123803412
269	0.00012844585125100497
270	0.00012844585125598962
271	0.00012844585126412574
272	0.00012844585123182134
273	0.00012844585126135425
274	0.00012844585125438947
275	0.00012844585124530133
276	0.00012844585124271822
277	0.00012844585125901224
278	0.00012844585125280846
279	0.00012844585125633745
280	0.00012844585124788848
281	0.00012844585124259966
282	0.00012844585125981417
283	0.00012844585126449762
284	0.00012844585123450132
285	0.00012844585123853892
286	0.00012844585125405835
287	0.00012844585125051643
288	0.00012844585125150134
289	0.0001284458512417132
290	0.00012844585125968726
291	0.00012844585124677723
292	0.0001284458512455885
293	0.0001284458512627816
294	0.00012844585124158463
295	0.00012844585124844712
296	0.00012844585124089004
297	0.00012844585125401507
298	0.00012844585124420962
299	0.0001284458512506463
300	0.00012844585126129478
301	0.00012844585127223636
302	0.00012844585124374333
303	0.00012844585123786793
304	0.00012844585126761218
305	0.00012844585123515946
306	0.00012844585125469418
307	0.00012844585127724453
308	0.0001284458512764047
309	0.00012844585130493606
310	0.00012844585137524716
311	0.00012844585150302486
312	0.0001284458518500239
313	0.0001284458527149696
314	0.00012844585493590346
315	0.00012844586056246683
316	0.00012844587501523183
317	0.0001284459122214128
318	0.00012844600608988158
319	0.00012844622530562127
320	0.00012844663665282654
321	0.0001284470385507521
322	0.00012844677798373933
323	0.00012844600747483618
