<Coefficient>
	 11 Total number of radial orbitals.
	Type	L	Zeta-Orbital
	  Sn 	0	    1
	   0.06150160829842
	   0.23402668656569
	   0.13068433293693
	   0.04164263022168
	  -0.02959082792646
	  -0.05080529447999
	  -0.06397630001329
	  -0.05191875468529
	  -0.04008270724332
	  -0.02224051874920
	  -0.01174386874616
	  -0.00107707411461
	   0.00174889614204
	   0.00507192458251
	   0.00255373730130
	   0.00253798591053
	  -0.00165136885743
	  -0.00098207660883
	  -0.00393352662502
	  -0.00152358109970
	  -0.00361641813137
	  -0.00001217275359
	  -0.00218560628200
	   0.00158158019527
	  -0.00154708223233
	   0.00216785655722
	  -0.00181138001037
	   0.00232128881756
	  -0.00251848322566
	   0.00259219383034
	  -0.00328941990089
	Type	L	Zeta-Orbital
	  Sn 	0	    2
	  -0.11360738980328
	   0.13603043949278
	  -0.07878598832823
	  -0.02594282592929
	   0.04304571015352
	   0.14113432581633
	   0.13980596728887
	   0.13654533762629
	   0.09368980220803
	   0.06345057312261
	   0.02297961281418
	   0.00578484252129
	  -0.01302295380492
	  -0.00989051913262
	  -0.01251380057326
	  -0.00018594764036
	  -0.00135917499702
	   0.01052504058670
	   0.00514545728583
	   0.01305248259699
	   0.00223855246026
	   0.00927674888848
	  -0.00320692019588
	   0.00590101686104
	  -0.00680190183950
	   0.00544769629571
	  -0.00759030995134
	   0.00749033034478
	  -0.00828497089058
	   0.00957848948823
	  -0.01060686558268
	Type	L	Zeta-Orbital
	  Sn 	0	    3
	   0.61764063449020
	   0.30904173780031
	  -0.17548537653559
	  -0.12800797433438
	   0.15068850954823
	   0.38114735585390
	   0.44914784707315
	   0.38575559410534
	   0.27279344813138
	   0.15623440141663
	   0.06070774765479
	  -0.00444559636684
	  -0.03513530180564
	  -0.04173491736004
	  -0.02597179356028
	  -0.00796079044556
	   0.01439637109476
	   0.02314516109936
	   0.03313138954499
	   0.02674594455021
	   0.02585578041679
	   0.01168544150574
	   0.01015279733737
	  -0.00294253870208
	   0.00191585911448
	  -0.00693532710334
	   0.00293182680020
	  -0.00607678289802
	   0.00622224628258
	  -0.00555507817084
	   0.00862695142025
	Type	L	Zeta-Orbital
	  Sn 	1	    1
	   0.13720526639309
	   0.22338257374112
	   0.16602785155441
	   0.10101514293715
	   0.04434357750802
	   0.00473614499047
	  -0.01522084550681
	  -0.01950947182147
	  -0.01685870007709
	  -0.01039098282558
	  -0.00409546822235
	   0.00081601377403
	   0.00292170185476
	   0.00278878817707
	   0.00148956107550
	  -0.00033723231174
	  -0.00170858226540
	  -0.00243491986672
	  -0.00207848043485
	  -0.00166034710067
	  -0.00062996393128
	  -0.00025445739339
	   0.00036535864214
	   0.00011520978452
	   0.00037610960795
	  -0.00022431712513
	   0.00013175220394
	  -0.00034601899156
	   0.00024231913174
	  -0.00039847271919
	   0.00063205554056
	Type	L	Zeta-Orbital
	  Sn 	1	    2
	  -0.09326988808428
	  -0.02905887713285
	   0.35979095858832
	   0.28329810943405
	   0.14505145200054
	   0.00715962450413
	  -0.04991103232285
	  -0.08746352285112
	  -0.06128332559442
	  -0.03886823306918
	  -0.00154067335377
	   0.00809726736643
	   0.02145236936615
	   0.01139657345087
	   0.00746980056888
	  -0.00887953602842
	  -0.00846414065796
	  -0.01745862073732
	  -0.00979078702900
	  -0.01201730427855
	  -0.00031465621122
	  -0.00409997100564
	   0.00545363664236
	  -0.00263908329104
	   0.00515861421965
	  -0.00446296695739
	   0.00468132075590
	  -0.00652573669098
	   0.00581933225879
	  -0.00697690616948
	   0.01166518731918
	Type	L	Zeta-Orbital
	  Sn 	1	    3
	  -0.41565779305446
	   0.31353635535854
	  -0.41232380090129
	  -0.08547938317590
	  -0.03941508116429
	   0.00782860475160
	  -0.06675276134375
	   0.06781348483279
	   0.08560104960680
	   0.12234107615483
	   0.04597870704656
	   0.05686158666748
	  -0.00566203936097
	   0.00836988087744
	  -0.03271858204780
	   0.00244559158463
	  -0.03812033232540
	   0.00629510304426
	  -0.02392671411914
	   0.02207430705776
	  -0.02318419399423
	   0.02532003100411
	  -0.02528119290356
	   0.02998176583759
	  -0.02928269667763
	   0.03143481061201
	  -0.03663265920888
	   0.03977120266023
	  -0.04409317272563
	   0.05085146849500
	  -0.08253107693405
	Type	L	Zeta-Orbital
	  Sn 	2	    1
	   0.00932304362405
	   0.04763914203978
	   0.10945302685924
	   0.19010158666797
	   0.26779988822944
	   0.33830362169179
	   0.39172892829534
	   0.42978759101927
	   0.44826160960994
	   0.45255662739401
	   0.44058838160472
	   0.41726027832959
	   0.38277126291882
	   0.34209937307425
	   0.29524024947657
	   0.24818514911702
	   0.20029440522105
	   0.15685939797242
	   0.11661203580048
	   0.08336232733618
	   0.05535879663638
	   0.03510077893059
	   0.01936082510699
	   0.01006641115246
	   0.00336340977553
	   0.00117054356570
	  -0.00081040528074
	   0.00000396367578
	  -0.00075069532419
	   0.00090385674608
	  -0.00164878443462
	Type	L	Zeta-Orbital
	  Sn 	2	    2
	   0.09305653579575
	   0.28952643241260
	   0.27099904939279
	   0.19912805901904
	   0.09091890358333
	  -0.00355632710884
	  -0.08052423736665
	  -0.11470798193680
	  -0.13475642929004
	  -0.14284284227523
	  -0.14968259763034
	  -0.14528638721126
	  -0.14207195304597
	  -0.13141557375692
	  -0.12307620457456
	  -0.10674323493410
	  -0.09494691368372
	  -0.07679544812813
	  -0.06565452279732
	  -0.04826162013543
	  -0.03873092947624
	  -0.02379417328757
	  -0.01895764657777
	  -0.00757657107308
	  -0.00711258162625
	   0.00100471909111
	  -0.00250693532775
	   0.00426480559408
	  -0.00249442437060
	   0.00521444307691
	  -0.01242430844885
	Type	L	Zeta-Orbital
	  Sn 	2	    3
	   0.63550723024397
	   0.55970069873885
	  -0.55870454310990
	  -0.87804715506056
	  -0.89540797562794
	  -0.61333619612351
	  -0.22107065068609
	   0.13542800222246
	   0.19753112769481
	   0.21728006195269
	   0.23525406224267
	   0.27806395304795
	   0.28499905225280
	   0.30491043539397
	   0.29727677481700
	   0.30184935663494
	   0.28110448780257
	   0.26682274702290
	   0.21834758755971
	   0.18667099200282
	   0.13884652818533
	   0.11331102404416
	   0.06752450570120
	   0.05027919730897
	   0.01479991515457
	   0.01343117599510
	  -0.01031776685103
	   0.00277858500310
	  -0.01686712339017
	   0.00863406704238
	  -0.03508517262814
	Type	L	Zeta-Orbital
	  Sn 	3	    1
	  -0.06515708520785
	  -0.29427595724112
	  -0.28367571555445
	  -0.32704494597157
	  -0.31011280757902
	  -0.24281931214519
	  -0.13883693628257
	  -0.09720080110947
	  -0.07153027446838
	  -0.06170846601830
	  -0.04176441207445
	  -0.03831273337544
	  -0.02337919958227
	  -0.02151808947223
	  -0.00782220889403
	  -0.01023833699766
	  -0.00018108656958
	  -0.00688270013941
	   0.00389738307763
	  -0.00299989110917
	   0.00618700893217
	  -0.00475502231459
	   0.00541334146206
	  -0.00599131806263
	   0.00601072195224
	  -0.00699307113485
	   0.00659354500984
	  -0.00789848626396
	   0.00839444186721
	  -0.00604784091373
	   0.07101668779449
	Type	L	Zeta-Orbital
	  Sn 	3	    2
	   0.82495212802706
	   0.93756794755843
	   0.14045663195683
	  -0.38720302793633
	  -0.66039069965580
	  -0.91472527213105
	  -0.82088410313354
	  -0.48080118460315
	  -0.29566883558664
	  -0.27392188612377
	  -0.21678255402396
	  -0.16641908049871
	  -0.12411515139101
	  -0.10085939118195
	  -0.06696549346819
	  -0.05882117242391
	  -0.02592554482939
	  -0.00729849868775
	   0.00830547858247
	  -0.01202057070358
	  -0.00030551142739
	  -0.00459199081318
	   0.00980734011190
	  -0.00593211434645
	   0.00457378101964
	  -0.00920027788450
	   0.00766394660874
	  -0.01108012611426
	   0.00962875263145
	  -0.01359900274554
	   0.03943092561884
</Coefficient>
<Mkb>
Left spillage = 1.9724565365e-04
</Mkb>
