<Coefficient>
	 4 Total number of radial orbitals.
	Type	L	Zeta-Orbital
	  Ba 	0	    1
	   0.55774366713129
	   0.50608592782178
	   0.24771385407354
	   0.09462893751039
	   0.08674775423727
	   0.05453647300707
	   0.00083085801878
	  -0.05713129707988
	  -0.07848508770668
	  -0.08825812982059
	  -0.07169846223688
	  -0.05906576089474
	  -0.03776671276950
	  -0.02365221098181
	  -0.00274029891031
	   0.00030673050004
	   0.00743617544031
	   0.00103770534222
	   0.00366686332887
	  -0.00430614561084
	   0.00034004970135
	  -0.00706344622489
	  -0.00028050954703
	  -0.00604087227454
	   0.00257339677194
	  -0.00471538353843
	   0.00469702080496
	  -0.00449454832874
	   0.00514481788390
	  -0.00507072276450
	   0.00567551399656
	  -0.00631147611421
	   0.00661584230676
	  -0.00720347766000
	   0.00780038325385
	  -0.00879917414768
	   0.01097820864904
	  -0.01996709278336
	Type	L	Zeta-Orbital
	  Ba 	0	    2
	  -0.09260184703578
	   0.08449569103272
	   0.30176112880577
	   0.40014569397335
	   0.34836366495255
	   0.24449832304257
	   0.12689562713474
	   0.02651458084940
	  -0.04905706723701
	  -0.08992606868347
	  -0.10544139473659
	  -0.09652436060593
	  -0.07805496088880
	  -0.05481919036472
	  -0.03626846466249
	  -0.01868012980226
	  -0.00886875795776
	  -0.00093770528124
	   0.00028072741276
	   0.00238475205996
	  -0.00005502351832
	   0.00126231060005
	  -0.00119276697707
	   0.00066367261154
	  -0.00155212749555
	   0.00113085107222
	  -0.00141227700657
	   0.00156292867351
	  -0.00138952870537
	   0.00165905683553
	  -0.00173950799833
	   0.00188710312971
	  -0.00210484935444
	   0.00218045202464
	  -0.00241098429275
	   0.00274277835502
	  -0.00335531870524
	   0.00619138009628
	Type	L	Zeta-Orbital
	  Ba 	1	    1
	  -0.05798735277279
	  -0.20190925488102
	  -0.36003886860010
	  -0.45774168768990
	  -0.47192719409650
	  -0.42207975435102
	  -0.33206150115505
	  -0.23372985977421
	  -0.14306269135003
	  -0.07014817248903
	  -0.01953966245278
	   0.00975618690900
	   0.02236262155475
	   0.02366492915340
	   0.01932812619470
	   0.01259416294197
	   0.00645482900095
	   0.00181528223025
	  -0.00045760487194
	  -0.00116847820119
	  -0.00067746347560
	  -0.00001255254201
	   0.00074949586500
	   0.00096792750386
	   0.00104101666446
	   0.00065632260581
	   0.00041849496924
	   0.00001384842063
	  -0.00003284563825
	  -0.00020986374519
	  -0.00003689966191
	  -0.00010518607614
	   0.00010151728261
	  -0.00003538285391
	   0.00013741805803
	  -0.00008741629548
	   0.00011918088960
	  -0.00047749574420
	Type	L	Zeta-Orbital
	  Ba 	2	    1
	  -0.27604828923939
	  -0.46180546801888
	  -0.55275948552415
	  -0.53456447406167
	  -0.47461865213768
	  -0.39024727454256
	  -0.30544501123078
	  -0.22409299125042
	  -0.15834797971867
	  -0.09761238580677
	  -0.05406278741618
	  -0.01899579776481
	  -0.00444739311751
	   0.00591023717336
	   0.00476049903151
	   0.01071714261319
	   0.00665644144410
	   0.00730172665777
	   0.00069076539976
	   0.00268086109498
	  -0.00177159858835
	   0.00242204404185
	  -0.00238708286468
	   0.00246154685663
	  -0.00250716051340
	   0.00303578927474
	  -0.00273730720034
	   0.00320314873002
	  -0.00319141555322
	   0.00349791201306
	  -0.00376017105221
	   0.00385808041529
	  -0.00420198752724
	   0.00432589304544
	  -0.00472463472746
	   0.00484780070800
	  -0.00125959091913
	   0.05423948536137
</Coefficient>
<Mkb>
Left spillage = 9.6466471763e-03
</Mkb>
